/*--------------------------------*- C++ -*----------------------------------*\
  =========                 |
  \\      /  F ield         | OpenFOAM: The Open Source CFD Toolbox
   \\    /   O peration     | Website:  https://openfoam.org
    \\  /    A nd           | Version:  7
     \\/     M anipulation  |
\*---------------------------------------------------------------------------*/
FoamFile
{
    version     2.0;
    format      ascii;
    class       volScalarField;
    location    "0.9";
    object      T;
}
// * * * * * * * * * * * * * * * * * * * * * * * * * * * * * * * * * * * * * //

dimensions      [0 0 0 1 0 0 0];

internalField   nonuniform List<scalar> 
10000
(
0.5
0.0669146
-0.0353169
-0.0277115
-0.00789976
0.00112931
0.00220711
0.000963794
3.88563e-05
-0.000206219
-0.000130475
-2.60559e-05
1.76156e-05
1.74837e-05
6.08561e-06
-9.06071e-07
-2.20759e-06
-1.13469e-06
-1.06163e-07
2.47859e-07
1.87024e-07
4.9395e-08
-2.13888e-08
-2.77866e-08
-1.17496e-08
4.15034e-10
3.66278e-09
2.25287e-09
3.96249e-10
-4.00522e-10
-3.77204e-10
-1.28468e-10
2.72483e-11
5.58372e-11
2.85372e-11
2.14233e-12
-7.093e-12
-5.30845e-12
-1.37604e-12
6.83546e-13
8.64618e-13
3.65827e-13
-1.85488e-14
-1.22706e-13
-7.57045e-14
-1.30558e-14
1.42833e-14
1.34365e-14
4.56344e-15
-1.08716e-15
-2.14538e-15
-1.11533e-15
-8.37509e-17
3.15138e-16
2.86371e-16
1.53248e-16
6.61084e-17
2.90158e-17
5.33366e-18
-2.2703e-17
-4.94737e-17
-6.31045e-17
-5.85439e-17
-3.98605e-17
-1.59209e-17
4.85882e-18
1.7605e-17
2.15011e-17
1.86307e-17
1.22727e-17
5.45826e-18
1.61808e-19
-2.86366e-18
-3.80913e-18
-3.35731e-18
-2.27156e-18
-1.13903e-18
-2.82284e-19
2.08624e-19
3.89317e-19
3.72824e-19
2.68046e-19
1.50729e-19
5.93257e-20
4.069e-21
-2.05171e-20
-2.53324e-20
-2.05385e-20
-1.30855e-20
-6.59085e-21
-2.26024e-21
2.76484e-23
8.92309e-22
9.73627e-22
7.36904e-22
4.47552e-22
2.1947e-22
7.70705e-23
6.64324e-24
-2.70968e-23
0.933085
0.5
0.14482
-0.0139075
-0.0411718
-0.0230289
-0.00507433
0.00215701
0.00250723
0.00101071
-9.38734e-08
-0.000255324
-0.000158213
-3.18213e-05
2.20241e-05
2.24005e-05
8.17946e-06
-9.48178e-07
-2.86443e-06
-1.56602e-06
-2.00131e-07
3.13491e-07
2.58847e-07
7.77035e-08
-2.39625e-08
-3.79444e-08
-1.77304e-08
-5.20299e-10
4.83208e-09
3.30976e-09
7.47241e-10
-4.84999e-10
-5.38962e-10
-2.10525e-10
2.14979e-11
7.6803e-11
4.4227e-11
6.23632e-12
-9.12446e-12
-7.90475e-12
-2.489e-12
7.31474e-13
1.23561e-12
5.98791e-13
2.37405e-14
-1.65621e-13
-1.17266e-13
-2.76295e-14
1.73449e-14
1.99982e-14
7.99894e-15
-8.97075e-16
-3.23996e-15
-2.11066e-15
-6.04354e-16
1.45313e-16
3.0017e-16
2.79363e-16
2.82913e-16
3.0166e-16
2.73158e-16
1.78296e-16
4.87244e-17
-6.73315e-17
-1.36151e-16
-1.49792e-16
-1.21064e-16
-7.19153e-17
-2.28823e-17
1.29256e-17
3.10891e-17
3.38838e-17
2.69716e-17
1.63611e-17
6.5036e-18
-3.34651e-19
-3.76125e-18
-4.51467e-18
-3.71875e-18
-2.37177e-18
-1.12027e-18
-2.50464e-19
2.08213e-19
3.56431e-19
3.26366e-19
2.26621e-19
1.24167e-19
4.8551e-20
4.75894e-21
-1.40392e-20
-1.76351e-20
-1.42311e-20
-9.04266e-21
-4.60763e-21
-1.69021e-21
-1.52221e-22
4.47863e-22
5.38443e-22
4.24007e-22
2.30202e-22
1.03532
0.85518
0.5
0.182448
0.00830364
-0.0419281
-0.032441
-0.0120093
3.84408e-05
0.00307766
0.00201936
0.000522644
-0.000189734
-0.000261936
-0.000118925
-6.07707e-06
2.86043e-05
2.02421e-05
5.19525e-06
-2.29056e-06
-2.95623e-06
-1.27806e-06
8.46554e-09
3.71768e-07
2.40892e-07
5.03709e-08
-3.68802e-08
-3.89006e-08
-1.47958e-08
1.67178e-09
5.45504e-09
3.1046e-09
4.35545e-10
-6.33136e-10
-5.48229e-10
-1.74177e-10
4.83609e-11
8.41877e-11
4.13499e-11
2.16017e-12
-1.1009e-11
-7.96971e-12
-1.97739e-12
1.09386e-12
1.3273e-12
5.52683e-13
-3.46094e-14
-1.91094e-13
-1.16821e-13
-1.94253e-14
2.3107e-14
2.17949e-14
7.75598e-15
-1.5188e-15
-3.74338e-15
-2.63156e-15
-1.29005e-15
-6.38333e-16
-3.79012e-16
-1.13262e-16
2.43697e-16
5.59668e-16
6.96712e-16
6.22031e-16
4.01476e-16
1.3985e-16
-7.44681e-17
-1.96509e-16
-2.24745e-16
-1.85835e-16
-1.15869e-16
-4.58334e-17
5.64763e-18
3.28438e-17
3.92545e-17
3.26329e-17
2.08439e-17
9.51988e-18
1.46383e-18
-2.80865e-18
-4.09536e-18
-3.61666e-18
-2.44596e-18
-1.27702e-18
-4.26493e-19
5.25677e-20
2.4068e-19
2.54054e-19
1.90982e-19
1.13937e-19
5.24964e-20
1.42314e-20
-4.3676e-21
-1.02191e-20
-9.59503e-21
-6.71601e-21
-3.80782e-21
-1.70058e-21
-4.99875e-22
2.08475e-22
1.02771
1.01391
0.817552
0.5
0.206389
0.0268058
-0.0388677
-0.0384381
-0.0184166
-0.00302402
0.00284105
0.00282245
0.00118552
4.2633e-05
-0.000296282
-0.000211922
-6.02234e-05
1.88442e-05
2.95095e-05
1.43558e-05
1.17969e-06
-3.31264e-06
-2.541e-06
-7.3481e-07
2.46588e-07
3.7721e-07
1.7883e-07
8.57306e-09
-4.67553e-08
-3.3615e-08
-8.56666e-09
4.24374e-09
5.36576e-09
2.31171e-09
-5.87231e-11
-7.29434e-10
-4.68781e-10
-9.40045e-11
7.80718e-11
8.04024e-11
3.01652e-11
-4.11811e-12
-1.18724e-11
-6.69114e-12
-8.75691e-13
1.44548e-12
1.23347e-12
3.85478e-13
-1.18207e-13
-1.97148e-13
-9.59316e-14
-3.32903e-15
2.84044e-14
2.16389e-14
7.23477e-15
-9.19937e-16
-2.78503e-15
-2.33503e-15
-2.00875e-15
-2.0851e-15
-2.00743e-15
-1.44413e-15
-5.29393e-16
3.75325e-16
9.68004e-16
1.14075e-15
9.64263e-16
6.00772e-16
2.1544e-16
-7.86979e-17
-2.36876e-16
-2.70363e-16
-2.21268e-16
-1.37675e-16
-5.69755e-17
5.98649e-19
3.03986e-17
3.76952e-17
3.15401e-17
2.03266e-17
9.66857e-18
2.15828e-18
-1.84288e-18
-3.14722e-18
-2.88314e-18
-1.99875e-18
-1.08743e-18
-4.14528e-19
-2.63938e-20
1.37543e-19
1.65349e-19
1.31132e-19
8.20243e-20
4.07992e-20
1.40735e-20
2.76292e-22
-4.85081e-21
-5.35331e-21
-4.07782e-21
-2.12012e-21
1.0079
1.04117
0.991696
0.793611
0.5
0.223365
0.042154
-0.0343031
-0.0421139
-0.0239644
-0.00647534
0.00197761
0.00332499
0.00186777
0.000400612
-0.000245072
-0.000285991
-0.000129611
-8.12739e-06
3.15022e-05
2.39228e-05
7.25577e-06
-1.97863e-06
-3.44893e-06
-1.76137e-06
-1.8454e-07
3.9124e-07
3.18273e-07
9.93709e-08
-2.70434e-08
-4.76358e-08
-2.40385e-08
-2.00424e-09
5.81838e-09
4.51192e-09
1.29237e-09
-4.84176e-10
-7.13816e-10
-3.342e-10
-9.51052e-12
9.45107e-11
6.64245e-11
1.60472e-11
-9.35073e-12
-1.11616e-11
-4.66482e-12
2.59648e-13
1.59623e-12
9.94054e-13
1.79722e-13
-1.85335e-13
-1.82096e-13
-6.72358e-14
1.07627e-14
2.99058e-14
2.02692e-14
8.39625e-15
2.79209e-15
1.25766e-15
1.89268e-16
-1.60968e-15
-3.42624e-15
-4.26705e-15
-3.80237e-15
-2.40283e-15
-7.38889e-16
6.1123e-16
1.35524e-15
1.4895e-15
1.19551e-15
7.13748e-16
2.47293e-16
-8.50343e-17
-2.50679e-16
-2.77715e-16
-2.20991e-16
-1.34346e-16
-5.52409e-17
-1.31233e-18
2.54142e-17
3.15463e-17
2.61129e-17
1.67093e-17
8.03383e-18
2.05494e-18
-1.09171e-18
-2.1414e-18
-2.00476e-18
-1.40634e-18
-7.81815e-19
-3.19316e-19
-4.99606e-20
6.82827e-20
9.47772e-20
7.86593e-20
5.09111e-20
2.65953e-20
1.03469e-20
1.78549e-21
-2.6946e-21
0.998871
1.02303
1.04193
0.973194
0.776635
0.5
0.236308
0.0551561
-0.0291433
-0.0442026
-0.0286476
-0.0100134
0.000663016
0.00351519
0.00249279
0.000838178
-0.000110139
-0.000325109
-0.00020245
-4.98925e-05
2.37007e-05
3.12705e-05
1.49634e-05
1.26022e-06
-3.52123e-06
-2.80623e-06
-8.96015e-07
2.13495e-07
4.11962e-07
2.18731e-07
2.6977e-08
-4.67862e-08
-3.99564e-08
-1.32132e-08
2.98683e-09
5.99819e-09
3.17653e-09
3.49637e-10
-7.21182e-10
-5.94782e-10
-1.85005e-10
5.48486e-11
9.32948e-11
4.65281e-11
3.12938e-12
-1.20505e-11
-9.11042e-12
-2.48622e-12
1.10338e-12
1.50856e-12
6.82243e-13
-4.37233e-15
-2.18615e-13
-1.5421e-13
-4.38751e-14
1.40517e-14
2.3545e-14
1.61816e-14
1.08706e-14
1.00192e-14
9.53671e-15
6.6624e-15
1.81711e-15
-2.96312e-15
-5.93493e-15
-6.52226e-15
-5.20336e-15
-2.9586e-15
-7.36859e-16
8.52946e-16
1.61105e-15
1.65429e-15
1.25848e-15
7.12828e-16
2.28336e-16
-9.20225e-17
-2.37182e-16
-2.5044e-16
-1.91876e-16
-1.1284e-16
-4.51065e-17
-1.24189e-18
1.93725e-17
2.357e-17
1.91474e-17
1.2087e-17
5.80811e-18
1.59289e-18
-5.86992e-19
-1.31756e-18
-1.25232e-18
-8.8431e-19
-4.98354e-19
-2.12892e-19
-4.58902e-20
2.93168e-20
4.89798e-20
4.24956e-20
2.86652e-20
1.25934e-20
0.997793
1.00507
1.03244
1.03887
0.957846
0.763692
0.5
0.246668
0.0663827
-0.0238073
-0.0451887
-0.0325522
-0.0134733
-0.000959178
0.00341734
0.00301639
0.00131432
9.733e-05
-0.000320961
-0.000268331
-0.000102053
5.40097e-06
3.42592e-05
2.29965e-05
6.2179e-06
-2.43292e-06
-3.56994e-06
-1.78399e-06
-1.83405e-07
4.05355e-07
3.37003e-07
1.12392e-07
-2.33436e-08
-4.9923e-08
-2.74106e-08
-3.82702e-09
5.6432e-09
5.03276e-09
1.74445e-09
-3.29807e-10
-7.55153e-10
-4.1639e-10
-5.49398e-11
8.92644e-11
7.7686e-11
2.57633e-11
-6.16306e-12
-1.20783e-11
-6.33935e-12
-6.09763e-13
1.53877e-12
1.24381e-12
3.78397e-13
-1.27827e-13
-2.14351e-13
-1.23165e-13
-3.57153e-14
-5.75427e-16
3.77874e-15
4.44331e-15
1.05363e-14
1.80799e-14
2.11196e-14
1.7686e-14
9.85662e-15
1.25961e-15
-5.17313e-15
-8.1754e-15
-8.01904e-15
-5.85779e-15
-3.02529e-15
-5.50369e-16
1.04005e-15
1.68238e-15
1.60841e-15
1.15374e-15
6.13845e-16
1.74387e-16
-9.38321e-17
-2.02171e-16
-2.01513e-16
-1.47962e-16
-8.38025e-17
-3.22236e-17
-5.28704e-19
1.35391e-17
1.59679e-17
1.26876e-17
7.88294e-18
3.76904e-18
1.07952e-18
-2.85936e-19
-7.42971e-19
-7.15304e-19
-5.07446e-19
-2.88879e-19
-1.27607e-19
-3.28699e-20
9.92172e-21
2.60067e-20
0.999036
0.997843
1.01201
1.03844
1.0343
0.944844
0.753332
0.5
0.255249
0.0762288
-0.0184971
-0.0453946
-0.0357829
-0.0167686
-0.00277966
0.00306919
0.00341666
0.00179625
0.000362307
-0.000271062
-0.000319196
-0.000159502
-2.26983e-05
3.14482e-05
3.00039e-05
1.24139e-05
-5.01571e-08
-3.78026e-06
-2.69448e-06
-7.81473e-07
2.58291e-07
4.1876e-07
2.17163e-07
2.5954e-08
-4.75585e-08
-4.11123e-08
-1.42496e-08
2.56399e-09
6.11199e-09
3.45909e-09
5.34283e-10
-6.84859e-10
-6.35995e-10
-2.2959e-10
3.6187e-11
9.51497e-11
5.4359e-11
8.18932e-12
-1.10579e-11
-1.01062e-11
-3.52793e-12
7.07002e-13
1.59758e-12
9.06963e-13
1.52821e-13
-1.65582e-13
-1.69569e-13
-9.03595e-14
-4.37034e-14
-3.51547e-14
-3.407e-14
-2.17998e-14
5.74712e-17
2.07925e-14
3.18726e-14
3.12914e-14
2.23142e-14
1.02195e-14
-4.35034e-16
-7.13279e-15
-9.4608e-15
-8.44459e-15
-5.6817e-15
-2.63488e-15
-2.47694e-16
1.12306e-15
1.56445e-15
1.38756e-15
9.3459e-16
4.63321e-16
1.11209e-16
-8.64688e-17
-1.56049e-16
-1.46391e-16
-1.02887e-16
-5.60475e-17
-2.06241e-17
5.78736e-20
8.71673e-18
9.91982e-18
7.70319e-18
4.7094e-18
2.23746e-18
6.61461e-19
-1.24877e-19
-3.87551e-19
-3.78048e-19
-2.69052e-19
-1.57009e-19
-5.17689e-20
0.999961
0.997493
0.999962
1.01842
1.04211
1.02914
0.933617
0.744751
0.5
0.262537
0.0849758
-0.0133115
-0.0450396
-0.0384394
-0.0198576
-0.00471768
0.00251112
0.00368607
0.00225945
0.000669094
-0.000176905
-0.000349474
-0.000217239
-5.89605e-05
2.2113e-05
3.47796e-05
1.91931e-05
3.57793e-06
-3.2318e-06
-3.45354e-06
-1.52336e-06
-4.80473e-08
4.29811e-07
3.2249e-07
9.90302e-08
-2.79562e-08
-5.00298e-08
-2.68177e-08
-3.61799e-09
5.65286e-09
5.07188e-09
1.82066e-09
-2.81013e-10
-7.53964e-10
-4.38922e-10
-7.38661e-11
8.34918e-11
8.06089e-11
3.01581e-11
-3.96229e-12
-1.20624e-11
-7.14097e-12
-1.21719e-12
1.3873e-12
1.38565e-12
5.97255e-13
5.19673e-14
-1.02074e-13
-7.40838e-14
-4.25791e-14
-5.478e-14
-8.16714e-14
-8.8809e-14
-6.68726e-14
-2.78156e-14
1.03902e-14
3.5118e-14
4.26665e-14
3.63875e-14
2.28592e-14
8.49138e-15
-2.44272e-15
-8.30453e-15
-9.56056e-15
-7.80358e-15
-4.81565e-15
-1.95708e-15
5.54388e-17
1.07431e-15
1.3034e-15
1.07192e-15
6.76655e-16
3.10563e-16
5.86707e-17
-7.11098e-17
-1.09689e-16
-9.69656e-17
-6.5291e-17
-3.42255e-17
-1.20273e-17
3.18268e-19
5.19514e-18
5.7013e-18
4.32984e-18
2.60683e-18
1.23095e-18
3.7369e-19
-4.78888e-20
-1.87205e-19
-1.86436e-19
1.00021
0.998989
0.996922
1.00302
1.02396
1.0442
1.02381
0.923771
0.737463
0.5
0.268847
0.0928295
-0.00829713
-0.0442768
-0.0406094
-0.0227243
-0.00671456
0.00178129
0.00382595
0.00268654
0.001003
-4.24486e-05
-0.000355818
-0.000270828
-0.000101219
6.15712e-06
3.63676e-05
2.58328e-05
8.25193e-06
-1.80508e-06
-3.89324e-06
-2.32337e-06
-5.09073e-07
3.42821e-07
4.06035e-07
1.88693e-07
1.12936e-08
-4.98814e-08
-3.9188e-08
-1.2636e-08
3.05689e-09
6.05568e-09
3.34644e-09
4.99756e-10
-6.78143e-10
-6.30921e-10
-2.33955e-10
3.05763e-11
9.35894e-11
5.59621e-11
1.01169e-11
-1.03152e-11
-1.04132e-11
-4.15515e-12
2.68541e-13
1.47078e-12
1.00683e-12
3.66084e-13
8.36083e-14
6.43962e-14
8.66837e-14
4.56847e-14
-4.22028e-14
-1.19694e-13
-1.48972e-13
-1.27376e-13
-7.53696e-14
-1.85814e-14
2.43186e-14
4.5681e-14
4.72405e-14
3.59852e-14
1.99806e-14
5.50018e-15
-4.15364e-15
-8.43229e-15
-8.55503e-15
-6.38488e-15
-3.58863e-15
-1.23087e-15
2.59836e-16
9.12154e-16
9.78467e-16
7.47903e-16
4.42434e-16
1.86923e-16
2.4348e-17
-5.23557e-17
-7.06697e-17
-5.90729e-17
-3.8188e-17
-1.92934e-17
-6.47429e-18
3.38169e-19
2.88068e-18
3.05376e-18
2.27179e-18
1.34695e-18
6.47011e-19
1.00744e-19
1.00013
1
0.997981
0.997159
1.00648
1.02865
1.04519
1.0185
0.915024
0.731153
0.5
0.274394
0.0999444
-0.00347339
-0.0432147
-0.0423674
-0.025367
-0.00872811
0.000913719
0.00384278
0.00306586
0.00135109
0.000126998
-0.000336704
-0.000316604
-0.000147094
-1.60181e-05
3.41025e-05
3.16251e-05
1.36644e-05
5.30393e-07
-3.87081e-06
-3.0801e-06
-1.09846e-06
1.40984e-07
4.45232e-07
2.83651e-07
6.95991e-08
-3.71387e-08
-4.8494e-08
-2.35641e-08
-1.97186e-09
5.87408e-09
4.81587e-09
1.6213e-09
-3.35463e-10
-7.40126e-10
-4.20858e-10
-6.8533e-11
8.2053e-11
7.91801e-11
3.03583e-11
-3.24062e-12
-1.18257e-11
-7.51085e-12
-1.84971e-12
8.20576e-13
1.04175e-12
5.0823e-13
1.91053e-13
2.03945e-13
3.09472e-13
3.17835e-13
1.99448e-13
2.55354e-14
-1.20587e-13
-1.93073e-13
-1.89855e-13
-1.36329e-13
-6.53935e-14
-3.43311e-15
3.56381e-14
4.98967e-14
4.53483e-14
3.09944e-14
1.49241e-14
2.27105e-15
-5.06056e-15
-7.54542e-15
-6.81965e-15
-4.65394e-15
-2.36363e-15
-6.41782e-16
3.34318e-16
6.91857e-16
6.66421e-16
4.75313e-16
2.63757e-16
1.01959e-16
6.35879e-18
-3.48216e-17
-4.20152e-17
-3.33575e-17
-2.07597e-17
-1.0131e-17
-3.25094e-18
2.5467e-19
1.49317e-18
1.54152e-18
1.02793e-18
1.00003
1.00026
0.999477
0.997178
0.998022
1.01001
1.03255
1.04539
1.01331
0.90717
0.725606
0.5
0.279329
0.106439
0.00115474
-0.041932
-0.0437761
-0.0277924
-0.0107283
-6.2262e-05
0.00374582
0.00339021
0.00170247
0.000325544
-0.000292008
-0.000351728
-0.000194215
-4.36511e-05
2.76072e-05
3.59344e-05
1.94425e-05
3.72374e-06
-3.28056e-06
-3.68834e-06
-1.77217e-06
-1.80246e-07
4.20168e-07
3.69979e-07
1.43349e-07
-9.59764e-09
-5.17625e-08
-3.49115e-08
-9.34237e-09
4.07852e-09
5.86108e-09
2.96269e-09
3.09571e-10
-6.99282e-10
-5.97043e-10
-2.08969e-10
3.69233e-11
9.15548e-11
5.38519e-11
9.95672e-12
-9.61167e-12
-1.00349e-11
-4.4669e-12
-5.36166e-13
5.16478e-13
1.89583e-13
-1.31412e-13
-2.09279e-14
3.17221e-13
5.72544e-13
5.9805e-13
4.25108e-13
1.69356e-13
-5.84867e-14
-1.96222e-13
-2.33791e-13
-1.9617e-13
-1.21722e-13
-4.5117e-14
1.17835e-14
4.14933e-14
4.73936e-14
3.82545e-14
2.333e-14
9.37799e-15
-2.38896e-16
-4.9894e-15
-5.9898e-15
-4.87173e-15
-3.04236e-15
-1.38252e-15
-2.59742e-16
3.08785e-16
4.73038e-16
4.14934e-16
2.77417e-16
1.4461e-16
5.07796e-17
-8.9955e-19
-2.11323e-17
-2.3204e-17
-1.75805e-17
-1.0566e-17
-4.98495e-18
-1.59357e-18
5.3327e-19
0.999982
1.00016
1.00019
0.998814
0.996675
0.999337
1.01347
1.03578
1.04504
1.0083
0.900056
0.720671
0.5
0.283765
0.112406
0.00559006
-0.0404869
-0.0448875
-0.0300111
-0.0126941
-0.0011218
0.00354557
0.00365566
0.00204819
0.000547226
-0.000222631
-0.000374148
-0.000240368
-7.5744e-05
1.67653e-05
3.82309e-05
2.51857e-05
7.65639e-06
-2.05941e-06
-4.049e-06
-2.47373e-06
-6.13084e-07
3.15741e-07
4.32726e-07
2.26279e-07
3.32724e-08
-4.63187e-08
-4.47952e-08
-1.85529e-08
3.90506e-10
6.09476e-09
4.32726e-09
1.24241e-09
-4.51834e-10
-7.15406e-10
-3.75116e-10
-4.64436e-11
8.41212e-11
7.53808e-11
2.84416e-11
-2.44733e-12
-1.01171e-11
-6.39751e-12
-1.84588e-12
-1.18841e-13
-4.0627e-13
-9.8284e-13
-9.64617e-13
-3.95691e-13
2.97795e-13
7.61186e-13
8.72051e-13
6.973e-13
3.85264e-13
7.66421e-14
-1.40696e-13
-2.39221e-13
-2.36839e-13
-1.73859e-13
-9.21244e-14
-2.18527e-14
2.26862e-14
4.07614e-14
3.9551e-14
2.84721e-14
1.53386e-14
4.78277e-15
-1.58826e-15
-4.1749e-15
-4.25205e-15
-3.14128e-15
-1.79656e-15
-7.20148e-16
-6.06594e-17
2.3529e-16
2.94381e-16
2.37994e-16
1.49847e-16
7.3486e-17
2.32241e-17
-2.66266e-18
-1.18141e-17
-1.19681e-17
-8.79779e-18
-4.24656e-18
0.999983
1.00003
1.00026
0.999957
0.998132
0.996485
1.00096
1.01677
1.03844
1.04428
1.00347
0.893561
0.716235
0.5
0.287787
0.11792
0.00983944
-0.0389223
-0.0457452
-0.0320359
-0.0146108
-0.00224409
0.00325288
0.00386074
0.00238115
0.000786327
-0.00013018
-0.000382519
-0.00028358
-0.000111168
1.68149e-06
3.81078e-05
3.04963e-05
1.21584e-05
-1.87578e-07
-4.07657e-06
-3.1397e-06
-1.13857e-06
1.23036e-07
4.5745e-07
3.10103e-07
9.02055e-08
-3.01282e-08
-5.11535e-08
-2.87229e-08
-5.24111e-09
5.16569e-09
5.46332e-09
2.39359e-09
3.69694e-11
-7.25585e-10
-5.41099e-10
-1.66239e-10
4.88181e-11
8.76327e-11
4.89055e-11
9.3436e-12
-6.85109e-12
-6.46458e-12
-1.89221e-12
3.63215e-13
-1.66867e-13
-1.57658e-12
-2.32156e-12
-2.00897e-12
-1.03005e-12
3.34197e-14
7.75672e-13
1.06101e-12
9.59893e-13
6.39472e-13
2.70917e-13
-2.51005e-14
-1.95334e-13
-2.43721e-13
-2.07633e-13
-1.33182e-13
-5.77479e-14
-2.50081e-15
2.68021e-14
3.45376e-14
2.91713e-14
1.8769e-14
8.79002e-15
1.77459e-15
-1.91181e-15
-3.04933e-15
-2.72399e-15
-1.84258e-15
-9.64998e-16
-3.3361e-16
1.81837e-17
1.56079e-16
1.68296e-16
1.26671e-16
7.54353e-17
3.48571e-17
9.76555e-18
-2.15272e-18
-6.95558e-18
0.999994
0.999978
1.00012
1.0003
0.999599
0.997507
0.996583
1.00278
1.01986
1.04061
1.04321
0.998845
0.887594
0.712213
0.5
0.291459
0.123039
0.0139117
-0.0372711
-0.0463857
-0.0338802
-0.0164687
-0.00341188
0.00287833
0.00400571
0.00269582
0.00103755
-1.67195e-05
-0.000376094
-0.000322165
-0.000148743
-1.73631e-05
3.52842e-05
3.50019e-05
1.7025e-05
2.3144e-06
-3.70406e-06
-3.70485e-06
-1.72852e-06
-1.6006e-07
4.31511e-07
3.8528e-07
1.58213e-07
-2.04541e-09
-5.19696e-08
-3.86689e-08
-1.26124e-08
2.80925e-09
6.09232e-09
3.64131e-09
7.71744e-10
-5.80828e-10
-6.72319e-10
-3.122e-10
-1.89103e-11
8.26915e-11
6.56358e-11
2.28267e-11
-1.52029e-12
-5.09289e-12
-3.81174e-13
3.02178e-12
2.56812e-12
-6.80288e-14
-2.54112e-12
-3.59556e-12
-3.19003e-12
-1.93341e-12
-5.26259e-13
5.45975e-13
1.08897e-12
1.14284e-12
8.76838e-13
4.88286e-13
1.32832e-13
-1.05655e-13
-2.1145e-13
-2.13648e-13
-1.58411e-13
-8.762e-14
-2.82179e-14
8.94703e-15
2.47046e-14
2.5614e-14
1.91485e-14
1.10092e-14
4.358e-15
2.28527e-16
-1.63175e-15
-1.98336e-15
-1.58947e-15
-9.90798e-16
-4.74374e-16
-1.3613e-16
3.55004e-17
9.27656e-17
8.91422e-17
6.29074e-17
3.62267e-17
1.0996e-17
1
0.999978
1.00001
1.00021
1.00025
0.999162
0.996984
0.996931
1.00472
1.02272
1.04237
1.04193
0.99441
0.88208
0.708541
0.5
0.294834
0.127814
0.0178165
-0.035558
-0.0468395
-0.0355575
-0.0182615
-0.00461091
0.00243196
0.00409206
0.00298801
0.00129613
0.000115423
-0.000354624
-0.00035473
-0.000187304
-3.99542e-05
2.95993e-05
3.83716e-05
2.20318e-05
5.39077e-06
-2.88567e-06
-4.10654e-06
-2.34794e-06
-5.28881e-07
3.45069e-07
4.41811e-07
2.32813e-07
3.80407e-08
-4.54778e-08
-4.70098e-08
-2.12656e-08
-1.11299e-09
5.93983e-09
4.81989e-09
1.72146e-09
-2.45321e-10
-7.28436e-10
-4.64118e-10
-1.16533e-10
5.55496e-11
7.28854e-11
3.34233e-11
2.07723e-12
-5.65482e-12
8.11709e-14
6.61407e-12
8.18416e-12
5.26851e-12
7.62799e-13
-2.85748e-12
-4.51725e-12
-4.32873e-12
-3.00244e-12
-1.33911e-12
6.40154e-14
9.13299e-13
1.18761e-12
1.03936e-12
6.81813e-13
3.01384e-13
1.26688e-14
-1.4585e-13
-1.90408e-13
-1.62613e-13
-1.05252e-13
-4.88902e-14
-8.64389e-15
1.26606e-14
1.90942e-14
1.6846e-14
1.12741e-14
5.76903e-15
1.82738e-15
-3.40369e-16
-1.15015e-15
-1.16655e-15
-8.52166e-16
-4.91923e-16
-2.14465e-16
-4.75696e-17
2.94745e-17
5.03537e-17
4.2388e-17
1
0.999992
0.999971
1.00006
1.00029
1.00011
0.998686
0.996583
0.997489
1.00671
1.02537
1.04378
1.04049
0.990161
0.876961
0.705166
0.5
0.297951
0.132283
0.0215636
-0.0338022
-0.0471324
-0.0370806
-0.0199854
-0.00582946
0.00192307
0.00412207
0.00325471
0.00155785
0.0002638
-0.000318255
-0.000380175
-0.000225738
-6.55836e-05
2.10018e-05
4.03256e-05
2.69479e-05
8.95689e-06
-1.59756e-06
-4.28826e-06
-2.9575e-06
-9.72493e-07
1.91739e-07
4.69999e-07
3.08361e-07
8.91629e-08
-3.0336e-08
-5.22862e-08
-3.05162e-08
-6.58737e-09
4.76558e-09
5.73203e-09
2.81603e-09
2.97147e-10
-6.69515e-10
-5.9311e-10
-2.31884e-10
8.56864e-12
6.97184e-11
3.91407e-11
5.79816e-13
-1.31916e-11
-6.454e-12
5.76895e-12
1.32129e-11
1.34263e-11
8.7497e-12
2.67792e-12
-2.21433e-12
-4.81371e-12
-5.18515e-12
-4.04376e-12
-2.27444e-12
-6.05476e-13
5.44221e-13
1.06927e-12
1.08622e-12
8.09302e-13
4.45408e-13
1.34858e-13
-6.14678e-14
-1.44215e-13
-1.46476e-13
-1.08216e-13
-6.09222e-14
-2.24796e-14
1.14371e-15
1.14142e-14
1.28287e-14
9.94323e-15
5.99886e-15
2.70481e-15
6.04689e-16
-4.14348e-16
-7.07881e-16
-6.28089e-16
-4.2316e-16
-2.26607e-16
-9.19908e-17
3.94958e-18
1
1
0.99998
0.999981
1.00013
1.00033
0.999903
0.998204
0.996314
0.998219
1.00873
1.02779
1.04489
1.03892
0.986088
0.872186
0.702049
0.5
0.300845
0.136483
0.0251626
-0.0320184
-0.0472861
-0.0384617
-0.0216386
-0.00705794
0.0013602
0.00409858
0.0034938
0.00181902
0.00042595
-0.000267441
-0.000397667
-0.000263018
-9.36835e-05
9.53536e-06
4.06398e-05
3.15468e-05
1.2906e-05
1.62695e-07
-4.20216e-06
-3.51595e-06
-1.47456e-06
-3.10587e-08
4.61102e-07
3.78447e-07
1.4932e-07
-5.75191e-09
-5.30813e-08
-3.94969e-08
-1.34354e-08
2.39132e-09
6.16476e-09
3.94564e-09
1.03324e-09
-4.66938e-10
-6.68998e-10
-3.45969e-10
-4.73496e-11
6.41493e-11
4.65387e-11
-2.44701e-12
-2.87447e-11
-2.55074e-11
-7.64088e-12
9.47754e-12
1.82816e-11
1.836e-11
1.28964e-11
5.66521e-12
-5.34429e-13
-4.31907e-12
-5.53936e-12
-4.8358e-12
-3.1514e-12
-1.34164e-12
4.42573e-14
8.05418e-13
1.00673e-12
8.46374e-13
5.37441e-13
2.36748e-13
2.37587e-14
-8.63116e-14
-1.15544e-13
-9.7997e-14
-6.34123e-14
-3.06298e-14
-7.79888e-15
4.25228e-15
8.24282e-15
7.66482e-15
5.32237e-15
2.90326e-15
1.13068e-15
1.15845e-16
-3.13002e-16
-3.91239e-16
-3.15961e-16
-1.6833e-16
1
1
0.999995
0.99997
1.00001
1.0002
1.00032
0.999638
0.997741
0.996174
0.999086
1.01073
1.03001
1.04575
1.03727
0.982184
0.867717
0.699155
0.5
0.303542
0.14044
0.0286225
-0.0302183
-0.0473191
-0.0397121
-0.0232206
-0.00828853
0.000751047
0.00402473
0.00370393
0.00207651
0.00059947
-0.000202868
-0.000406618
-0.000298222
-0.000123655
-4.67632e-06
3.91468e-05
3.56146e-05
1.71156e-05
2.37783e-06
-3.81077e-06
-3.98233e-06
-2.0144e-06
-3.22034e-07
4.07863e-07
4.36301e-07
2.15593e-07
2.84395e-08
-4.81301e-08
-4.72146e-08
-2.13112e-08
-1.27195e-09
5.9119e-09
4.96727e-09
1.91333e-09
-1.16565e-10
-6.74338e-10
-4.44734e-10
-1.00647e-10
7.0015e-11
7.24875e-11
9.30045e-12
-4.12154e-11
-5.38303e-11
-3.78306e-11
-1.20195e-11
9.53229e-12
2.09102e-11
2.23636e-11
1.71932e-11
9.34149e-12
1.98717e-12
-3.0425e-12
-5.27152e-12
-5.20241e-12
-3.79559e-12
-2.00441e-12
-4.91557e-13
4.49125e-13
8.21433e-13
7.92076e-13
5.64901e-13
3.0173e-13
9.4158e-14
-2.88729e-14
-7.77882e-14
-7.88156e-14
-5.78347e-14
-3.29039e-14
-1.32051e-14
-1.26345e-15
4.05276e-15
5.11803e-15
4.1388e-15
2.60666e-15
1.28425e-15
4.1474e-16
-2.59092e-17
-2.2554e-16
1
1
1
0.999986
0.999968
1.00005
1.00027
1.00027
0.999331
0.997313
0.996157
1.00006
1.01269
1.03204
1.04639
1.03556
0.978436
0.863517
0.696458
0.5
0.306067
0.144179
0.0319521
-0.0284107
-0.0472471
-0.0408424
-0.0247318
-0.00951485
0.000102559
0.00390383
0.00388439
0.00232765
0.000782063
-0.000125388
-0.000406654
-0.000330536
-0.00015489
-2.1445e-05
3.57346e-05
3.89561e-05
2.14541e-05
5.01315e-06
-3.08783e-06
-4.31774e-06
-2.56818e-06
-6.76185e-07
3.04892e-07
4.75188e-07
2.84306e-07
7.1743e-08
-3.64165e-08
-5.26126e-08
-2.9709e-08
-6.19693e-09
4.80646e-09
5.72598e-09
2.85801e-09
3.5596e-10
-6.17534e-10
-5.36463e-10
-1.57399e-10
9.12249e-11
1.33896e-10
6.1615e-11
-2.39316e-11
-7.12773e-11
-7.5102e-11
-5.19068e-11
-2.07519e-11
5.319e-12
2.05552e-11
2.47529e-11
2.08965e-11
1.30727e-11
4.93205e-12
-1.17821e-12
-4.40536e-12
-5.06741e-12
-4.09028e-12
-2.47582e-12
-9.65134e-13
7.05484e-14
5.72797e-13
6.66017e-13
5.31345e-13
3.24057e-13
1.40176e-13
1.84605e-14
-4.09488e-14
-5.58774e-14
-4.70661e-14
-3.04465e-14
-1.51509e-14
-4.6904e-15
8.45226e-16
2.82648e-15
2.82749e-15
2.0419e-15
1.19737e-15
3.69127e-16
1
1
1
0.999999
0.999976
0.999976
1.0001
1.00032
1.00018
0.998997
0.996934
0.996254
1.00112
1.01461
1.03388
1.04684
1.0338
0.974837
0.85956
0.693933
0.5
0.308436
0.147722
0.0351593
-0.0266028
-0.0470838
-0.0418621
-0.0261734
-0.0107318
-0.000579061
0.00373921
0.00403491
0.00257022
0.000971575
-3.59692e-05
-0.000397589
-0.000359261
-0.000186791
-4.05324e-05
3.03429e-05
4.13993e-05
2.57856e-05
8.01928e-06
-2.01859e-06
-4.48692e-06
-3.11006e-06
-1.08514e-06
1.48914e-07
4.88768e-07
3.5122e-07
1.23006e-07
-1.72575e-08
-5.46457e-08
-3.79872e-08
-1.22211e-08
2.7589e-09
6.09349e-09
3.78777e-09
9.12743e-10
-5.28312e-10
-6.5989e-10
-2.59825e-10
9.73565e-11
2.23225e-10
1.70581e-10
5.47531e-11
-4.22594e-11
-9.00205e-11
-9.25773e-11
-6.75881e-11
-3.32379e-11
-2.68631e-12
1.71877e-11
2.50286e-11
2.32899e-11
1.61714e-11
7.77788e-12
9.47818e-13
-3.09941e-12
-4.47084e-12
-4.00389e-12
-2.68982e-12
-1.30223e-12
-2.64317e-13
3.1043e-13
4.9968e-13
4.52527e-13
3.08137e-13
1.59497e-13
5.04496e-14
-1.06345e-14
-3.37995e-14
-3.42721e-14
-2.50606e-14
-1.44137e-14
-6.1638e-15
-1.19296e-15
1.08082e-15
1.66321e-15
1.3469e-15
1
1
1
1
0.999993
0.999969
0.999995
1.00016
1.00035
1.00004
0.998649
0.99661
0.996454
1.00224
1.01647
1.03556
1.04713
1.03202
0.971377
0.855821
0.691564
0.5
0.310668
0.151087
0.0382517
-0.0248
-0.0468406
-0.0427801
-0.0275469
-0.0119352
-0.00128828
0.0035342
0.00415565
0.00280238
0.00116601
6.43519e-05
-0.000379392
-0.000383812
-0.000218782
-6.16627e-05
2.29581e-05
4.27974e-05
2.99747e-05
1.1335e-05
-5.9948e-07
-4.45927e-06
-3.61335e-06
-1.53759e-06
-6.11207e-08
4.71396e-07
4.11739e-07
1.8045e-07
9.62053e-09
-5.23732e-08
-4.54245e-08
-1.90576e-08
-2.20225e-10
6.009e-09
4.67099e-09
1.55062e-09
-4.19383e-10
-8.61315e-10
-4.82609e-10
9.16462e-12
2.81456e-10
3.11152e-10
2.03542e-10
6.5238e-11
-4.16251e-11
-9.68407e-11
-1.05401e-10
-8.30901e-11
-4.75259e-11
-1.31244e-11
1.13396e-11
2.30732e-11
2.3916e-11
1.8095e-11
1.00424e-11
2.97071e-12
-1.59469e-12
-3.54618e-12
-3.58743e-12
-2.64191e-12
-1.46775e-12
-5.0975e-13
7.72218e-14
3.26119e-13
3.49811e-13
2.65053e-13
1.55789e-13
6.63528e-14
1.04352e-14
-1.567e-14
-2.20551e-14
-1.85611e-14
-1.2053e-14
-6.15458e-15
-2.24841e-15
4.24966e-16
1
1
1
1
1
0.999985
0.999966
1.00002
1.00022
1.00036
0.999873
0.998298
0.996344
0.996747
1.00341
1.01826
1.03708
1.04729
1.03022
0.968048
0.852278
0.689332
0.5
0.312776
0.154289
0.0412361
-0.0230068
-0.0465277
-0.0436044
-0.0288545
-0.0131217
-0.0020202
0.00329203
0.00424704
0.00302265
0.00136354
0.0001745
-0.000352164
-0.000403711
-0.000250322
-8.45349e-05
1.36085e-05
4.30305e-05
3.38904e-05
1.48899e-05
1.16251e-06
-4.2097e-06
-4.05146e-06
-2.01983e-06
-3.24011e-07
4.18387e-07
4.61132e-07
2.41741e-07
4.40237e-08
-4.50662e-08
-5.13196e-08
-2.63602e-08
-4.04902e-09
5.48372e-09
5.55762e-09
2.35759e-09
-2.18486e-10
-1.12972e-09
-8.84905e-10
-2.78791e-10
1.94501e-10
3.93363e-10
3.74142e-10
2.45526e-10
9.59605e-11
-2.3376e-11
-9.24614e-11
-1.1225e-10
-9.58502e-11
-6.10482e-11
-2.41525e-11
3.99601e-12
1.92088e-11
2.26986e-11
1.85773e-11
1.14008e-11
4.58189e-12
-1.43722e-13
-2.47326e-12
-2.94836e-12
-2.37935e-12
-1.4668e-12
-6.47109e-13
-9.93814e-14
1.71777e-13
2.43734e-13
2.08175e-13
1.36146e-13
6.87601e-14
2.21632e-14
-2.8253e-15
-1.204e-14
-1.23355e-14
-9.17431e-15
-4.36717e-15
1
1
1
1
1
0.999999
0.999977
0.999969
1.00006
1.00027
1.00034
0.999674
0.997952
0.996139
0.997122
1.00461
1.01999
1.03846
1.04732
1.02841
0.964841
0.848913
0.687224
0.5
0.314771
0.157342
0.0441189
-0.0212264
-0.0461536
-0.0443425
-0.0300982
-0.0142888
-0.00277045
0.0030158
0.00430973
0.00322985
0.00156249
0.000293389
-0.000316114
-0.000418577
-0.000280908
-0.000108832
2.3583e-06
4.2005e-05
3.74091e-05
1.86074e-05
3.25082e-06
-3.71908e-06
-4.39885e-06
-2.51633e-06
-6.36372e-07
3.26243e-07
4.94785e-07
3.0412e-07
8.5291e-08
-3.22929e-08
-5.5109e-08
-3.38449e-08
-8.68038e-09
4.52328e-09
6.54296e-09
3.52478e-09
2.8771e-10
-1.31229e-09
-1.41967e-09
-8.22548e-10
-1.60218e-10
2.76044e-10
4.47303e-10
4.24273e-10
2.97491e-10
1.4173e-10
7.56542e-12
-7.86788e-11
-1.1211e-10
-1.03534e-10
-7.14129e-11
-3.39231e-11
-3.64231e-12
1.41059e-11
1.99306e-11
1.76603e-11
1.17417e-11
5.59446e-12
1.05185e-12
-1.42711e-12
-2.21437e-12
-1.97932e-12
-1.33444e-12
-6.8256e-13
-2.09623e-13
5.23342e-14
1.49635e-13
1.49486e-13
1.08433e-13
6.19279e-14
2.62156e-14
4.82091e-15
-4.76333e-15
-7.66432e-15
1
1
1
1
1
1
0.999994
0.99997
0.999978
1.0001
1.00032
1.00029
0.999453
0.997619
0.995994
0.997568
1.00583
1.02164
1.03971
1.04725
1.0266
0.961748
0.845711
0.685229
0.5
0.316664
0.160259
0.0469061
-0.0194615
-0.0457261
-0.045001
-0.0312804
-0.0154344
-0.0035352
0.00270848
0.00434457
0.00342307
0.00176139
0.000419943
-0.000271537
-0.000428126
-0.00031008
-0.000134231
-1.0698e-05
3.96535e-05
4.04166e-05
2.24071e-05
5.6404e-06
-2.97445e-06
-4.63172e-06
-3.01026e-06
-9.92778e-07
1.92835e-07
5.0849e-07
3.64636e-07
1.32411e-07
-1.39026e-08
-5.64279e-08
-4.14064e-08
-1.42583e-08
2.95813e-09
7.61801e-09
5.24848e-09
1.42538e-09
-1.07442e-09
-1.84494e-09
-1.52025e-09
-8.13937e-10
-1.61979e-10
2.67404e-10
4.59525e-10
4.64287e-10
3.51975e-10
1.9296e-10
4.455e-11
-5.81914e-11
-1.04901e-10
-1.04797e-10
-7.70103e-11
-4.10036e-11
-1.04419e-11
8.5926e-12
1.61556e-11
1.5636e-11
1.11564e-11
5.96368e-12
1.87701e-12
-5.3972e-13
-1.50043e-12
-1.52476e-12
-1.12035e-12
-6.38964e-13
-2.58451e-13
-2.74277e-14
7.59807e-14
9.74378e-14
7.93298e-14
5.01997e-14
2.55642e-14
4.47086e-15
1
1
1
1
1
1
1
0.999988
0.999965
0.999994
1.00015
1.00035
1.00022
0.999214
0.997304
0.995908
0.998077
1.00706
1.02322
1.04084
1.04708
1.0248
0.958764
0.842658
0.683336
0.5
0.318465
0.16305
0.0496032
-0.0177142
-0.0452515
-0.0455862
-0.0324034
-0.016557
-0.00431106
0.00237287
0.00435251
0.00360162
0.00195888
0.000553114
-0.000218795
-0.000432155
-0.000337425
-0.000160408
-2.54409e-05
3.59334e-05
4.28101e-05
2.62066e-05
8.29893e-06
-1.96905e-06
-4.72872e-06
-3.48418e-06
-1.38602e-06
1.7495e-08
4.98714e-07
4.20448e-07
1.84288e-07
1.01702e-08
-5.49975e-08
-4.91065e-08
-2.12132e-08
2.55743e-10
8.43149e-09
7.49825e-09
3.45938e-09
1.4333e-11
-1.71851e-09
-2.03625e-09
-1.59382e-09
-9.0687e-10
-2.66169e-10
1.9662e-10
4.42458e-10
4.90523e-10
3.98203e-10
2.3935e-10
8.08512e-11
-3.42792e-11
-9.16999e-11
-9.95974e-11
-7.72949e-11
-4.46286e-11
-1.55708e-11
3.44688e-12
1.20024e-11
1.29344e-11
9.87812e-12
5.76641e-12
2.30827e-12
1.17408e-13
-8.88049e-13
-1.08547e-12
-8.74261e-13
-5.46047e-13
-2.59829e-13
-7.10419e-14
2.49372e-14
5.6374e-14
5.38227e-14
3.31825e-14
1
1
1
1
1
1
1
1
0.999981
0.999964
1.00002
1.00019
1.00037
1.00013
0.998962
0.997012
0.995878
0.99864
1.00829
1.02473
1.04186
1.04684
1.02301
0.955881
0.839741
0.681535
0.5
0.32018
0.165724
0.0522152
-0.015986
-0.0447357
-0.0461036
-0.0334697
-0.0176553
-0.00509503
0.00201159
0.00433459
0.00376502
0.0021538
0.000691889
-0.000158302
-0.000430534
-0.000362578
-0.000187044
-4.17309e-05
3.08247e-05
4.44991e-05
2.99242e-05
1.11881e-05
-7.02196e-07
-4.67151e-06
-3.92068e-06
-1.80756e-06
-1.99116e-07
4.62712e-07
4.69082e-07
2.40073e-07
4.02796e-08
-5.02645e-08
-5.68937e-08
-3.01261e-08
-4.51689e-09
8.09655e-09
9.72747e-09
6.28636e-09
2.2275e-09
-5.51886e-10
-1.84568e-09
-2.07681e-09
-1.70856e-09
-1.0815e-09
-4.28965e-10
9.34335e-11
4.04324e-10
4.97597e-10
4.26691e-10
2.72698e-10
1.10944e-10
-1.03018e-11
-7.45025e-11
-8.906e-11
-7.27348e-11
-4.47448e-11
-1.86206e-11
-7.60726e-13
8.03398e-12
1.00036e-11
8.20135e-12
5.15567e-12
2.39458e-12
5.30937e-13
-4.18598e-13
-7.08102e-13
-6.35896e-13
-4.32131e-13
-2.30867e-13
-8.65349e-14
-6.94058e-15
3.42101e-14
1
1
1
1
1
1
1
1
0.999996
0.999974
0.999966
1.00004
1.00024
1.00038
1.00002
0.998704
0.996745
0.995901
0.999249
1.00951
1.02617
1.04278
1.04653
1.02123
0.953094
0.83695
0.67982
0.5
0.321818
0.168292
0.0547468
-0.0142781
-0.0441837
-0.0465584
-0.0344817
-0.0187287
-0.00588449
0.00162712
0.00429193
0.00391295
0.00234509
0.0008353
-9.05101e-05
-0.000423203
-0.000385216
-0.000213831
-5.94132e-05
2.43286e-05
4.54058e-05
3.34797e-05
1.42648e-05
8.21089e-07
-4.44518e-06
-4.30313e-06
-2.2482e-06
-4.55468e-07
3.98286e-07
5.08391e-07
2.99337e-07
7.74409e-08
-4.08737e-08
-6.40263e-08
-4.12312e-08
-1.23856e-08
5.2573e-09
1.0717e-08
9.12885e-09
5.32418e-09
1.8708e-09
-4.55026e-10
-1.691e-09
-2.07629e-09
-1.85822e-09
-1.28467e-09
-6.02393e-10
-1.7205e-11
3.51049e-10
4.82267e-10
4.32113e-10
2.88421e-10
1.31283e-10
1.08532e-11
-5.57215e-11
-7.50445e-11
-6.45198e-11
-4.188e-11
-1.96031e-11
-3.73836e-12
4.64993e-12
7.21702e-12
6.40844e-12
4.3099e-12
2.22671e-12
7.30479e-13
-9.80818e-14
-4.14681e-13
-4.3069e-13
-3.18617e-13
-1.90658e-13
-5.94161e-14
1
1
1
1
1
1
1
1
1
0.999992
0.999968
0.999972
1.00008
1.00028
1.00038
0.999885
0.998442
0.996506
0.995975
0.999897
1.01073
1.02755
1.0436
1.04615
1.01946
0.950397
0.834276
0.678182
0.5
0.323384
0.170759
0.0572023
-0.0125913
-0.0435999
-0.0469552
-0.0354416
-0.0197763
-0.00667712
0.00122177
0.00422567
0.00404522
0.00253184
0.00098243
-1.58973e-05
-0.000410155
-0.000405066
-0.000240475
-7.8322e-05
1.64653e-05
4.54659e-05
3.67969e-05
1.74828e-05
2.59076e-06
-4.03833e-06
-4.61628e-06
-2.69881e-06
-7.49934e-07
3.03055e-07
5.35961e-07
3.61718e-07
1.23331e-07
-2.42927e-08
-6.8402e-08
-5.36179e-08
-2.37367e-08
-1.4001e-09
8.78819e-09
1.04627e-08
8.27093e-09
5.12085e-09
2.23817e-09
1.10911e-11
-1.43304e-09
-2.06865e-09
-1.99882e-09
-1.45975e-09
-7.47826e-10
-1.17375e-10
2.88111e-10
4.45273e-10
4.14131e-10
2.85805e-10
1.40533e-10
2.71984e-11
-3.76307e-11
-5.96183e-11
-5.41696e-11
-3.69108e-11
-1.88513e-11
-5.46035e-12
2.05357e-12
4.82402e-12
4.7202e-12
3.3916e-12
1.9067e-12
7.68726e-13
9.18806e-14
-2.07003e-13
-2.71556e-13
-2.04768e-13
1
1
1
1
1
1
1
1
1
1
0.999986
0.999964
0.999983
1.00011
1.00032
1.00035
0.999736
0.998181
0.996296
0.996096
1.00058
1.01194
1.02885
1.04434
1.04573
1.01771
0.947785
0.831708
0.676616
0.5
0.324883
0.173133
0.0595858
-0.0109263
-0.0429883
-0.0472984
-0.0363518
-0.020798
-0.0074709
0.000797665
0.00413694
0.00416179
0.00271326
0.00113242
6.50418e-05
-0.000391436
-0.000421893
-0.000266697
-9.8284e-05
7.27117e-06
4.46283e-05
3.98042e-05
2.07942e-05
4.59289e-06
-3.44257e-06
-4.84618e-06
-3.15074e-06
-1.08152e-06
1.73426e-07
5.47911e-07
4.25796e-07
1.79491e-07
2.91719e-09
-6.62619e-08
-6.44833e-08
-3.7343e-08
-1.22004e-08
2.52158e-09
8.40116e-09
9.29027e-09
7.9169e-09
5.5989e-09
2.98478e-09
5.81666e-10
-1.17209e-09
-2.0428e-09
-2.08224e-09
-1.5654e-09
-8.41771e-10
-1.96167e-10
2.21295e-10
3.91168e-10
3.76601e-10
2.67298e-10
1.39322e-10
3.78322e-11
-2.19482e-11
-4.46094e-11
-4.31685e-11
-3.08147e-11
-1.68748e-11
-6.09803e-12
2.72796e-13
2.94287e-12
3.27541e-12
2.52285e-12
1.52544e-12
7.02296e-13
1.90432e-13
-1.29225e-13
1
1
1
1
1
1
1
1
1
1
0.999999
0.999981
0.999962
0.999998
1.00015
1.00035
1.00032
0.999574
0.997923
0.996116
0.996261
1.00129
1.01312
1.0301
1.045
1.04525
1.01599
0.945253
0.829241
0.675117
0.5
0.326321
0.17542
0.061901
-0.00928346
-0.0423523
-0.0475919
-0.0372146
-0.0217935
-0.00826406
0.000356807
0.00402691
0.00426271
0.00288868
0.00128446
0.000151804
-0.000367134
-0.000435506
-0.000292236
-0.000119122
-3.20286e-06
4.28545e-05
4.24361e-05
2.41512e-05
6.81129e-06
-2.65121e-06
-4.97926e-06
-3.59527e-06
-1.44991e-06
3.86201e-09
5.37504e-07
4.87302e-07
2.45557e-07
4.3753e-08
-5.28413e-08
-6.90265e-08
-4.96442e-08
-2.54165e-08
-8.14121e-09
1.59044e-09
6.41216e-09
8.31126e-09
8.14597e-09
6.40673e-09
3.76891e-09
1.07998e-09
-9.46093e-10
-1.97456e-09
-2.07723e-09
-1.58286e-09
-8.76015e-10
-2.48688e-10
1.56392e-10
3.26861e-10
3.259e-10
2.373e-10
1.29668e-10
4.28674e-11
-9.64441e-12
-3.1333e-11
-3.27116e-11
-2.44706e-11
-1.42189e-11
-5.92896e-12
-7.8842e-13
1.58339e-12
2.13454e-12
1.77514e-12
1.16896e-12
4.47257e-13
1
1
1
1
1
1
1
1
1
1
1
0.999996
0.999975
0.999962
1.00002
1.00019
1.00038
1.00027
0.999401
0.997672
0.995965
0.996466
1.00202
1.01429
1.03128
1.04559
1.04474
1.01428
0.942798
0.826867
0.673679
0.5
0.327702
0.177627
0.0641514
-0.00766299
-0.041695
-0.0478393
-0.0380319
-0.0227629
-0.00905505
-9.89656e-05
0.00389672
0.00434809
0.0030575
0.00143779
0.000243887
-0.000337372
-0.00044575
-0.000316852
-0.000140659
-1.48949e-05
4.01173e-05
4.46327e-05
2.75068e-05
9.22907e-06
-1.65729e-06
-5.00017e-06
-4.02149e-06
-1.85388e-06
-2.12536e-07
4.94532e-07
5.37427e-07
3.16905e-07
9.83473e-08
-2.43154e-08
-6.15618e-08
-5.49378e-08
-3.66911e-08
-2.08522e-08
-9.61941e-09
-1.51282e-09
4.37701e-09
7.86887e-09
8.6765e-09
7.16569e-09
4.35197e-09
1.421e-09
-7.57824e-10
-1.84794e-09
-1.97654e-09
-1.51447e-09
-8.54486e-10
-2.74757e-10
9.83896e-11
2.59765e-10
2.69095e-10
2.00877e-10
1.14293e-10
4.31692e-11
-9.6531e-13
-2.05081e-11
-2.35866e-11
-1.85402e-11
-1.13597e-11
-5.25357e-12
-1.29091e-12
6.83307e-13
1.30094e-12
1.13273e-12
1
1
1
1
1
1
1
1
1
1
1
1
0.999992
0.99997
0.999965
1.00004
1.00023
1.0004
1.0002
0.999218
0.99743
0.995844
0.996708
1.00277
1.01543
1.0324
1.0461
1.04418
1.01259
0.940414
0.82458
0.672298
0.5
0.329029
0.179757
0.0663401
-0.00606503
-0.041019
-0.0480439
-0.038806
-0.0237061
-0.0098425
-0.000567948
0.00374749
0.00441815
0.00321926
0.00159173
0.000340789
-0.000302302
-0.000452505
-0.000340325
-0.000162718
-2.77349e-05
3.63981e-05
4.63388e-05
3.08146e-05
1.1829e-05
-4.521e-07
-4.88914e-06
-4.41292e-06
-2.28777e-06
-4.81186e-07
4.06739e-07
5.6252e-07
3.82831e-07
1.61192e-07
1.92186e-08
-3.80288e-08
-4.6979e-08
-3.95948e-08
-3.05164e-08
-2.22509e-08
-1.36703e-08
-4.73865e-09
2.99737e-09
7.83537e-09
9.14885e-09
7.60817e-09
4.62172e-09
1.58842e-09
-5.97752e-10
-1.6632e-09
-1.79383e-09
-1.3774e-09
-7.88819e-10
-2.77513e-10
5.07238e-11
1.96252e-10
2.12488e-10
1.62717e-10
9.59871e-11
4.00107e-11
4.39945e-12
-1.23222e-11
-1.6174e-11
-1.34287e-11
-8.64868e-12
-4.32865e-12
-1.46151e-12
4.84944e-13
1
1
1
1
1
1
1
1
1
1
1
1
1
0.999988
0.999965
0.99997
1.00007
1.00026
1.00041
1.00013
0.999028
0.997198
0.995753
0.996984
1.00354
1.01656
1.03347
1.04656
1.0436
1.01093
0.938099
0.822373
0.670971
0.5
0.330308
0.181815
0.0684703
-0.00448957
-0.0403267
-0.0482087
-0.0395387
-0.0246235
-0.0106253
-0.00104857
0.00358031
0.00447314
0.00337353
0.00174564
0.000442019
-0.000262102
-0.000455682
-0.000362453
-0.00018513
-4.16482e-05
3.1684e-05
4.75004e-05
3.40259e-05
1.45916e-05
9.74225e-07
-4.62049e-06
-4.74387e-06
-2.73642e-06
-8.00713e-07
2.64182e-07
5.46587e-07
4.26814e-07
2.1944e-07
7.07748e-08
6.49386e-10
-2.19384e-08
-2.76632e-08
-3.02275e-08
-3.06509e-08
-2.65592e-08
-1.77848e-08
-6.98339e-09
2.35642e-09
7.914e-09
9.2965e-09
7.61849e-09
4.57055e-09
1.60593e-09
-4.57125e-10
-1.43498e-09
-1.55552e-09
-1.19603e-09
-6.94005e-10
-2.62071e-10
1.49363e-11
1.40755e-10
1.60748e-10
1.26483e-10
7.71508e-11
3.47482e-11
7.08925e-12
-6.5765e-12
-1.05263e-11
-9.29528e-12
-6.39839e-12
-2.63873e-12
1
1
1
1
1
1
1
1
1
1
1
1
1
1
0.999983
0.999962
0.999979
1.00009
1.0003
1.00041
1.00004
0.998834
0.996977
0.99569
0.997292
1.00431
1.01766
1.03448
1.04696
1.04299
1.00928
0.935849
0.820243
0.669692
0.5
0.33154
0.183807
0.0705446
-0.00293652
-0.0396204
-0.0483365
-0.040232
-0.0255153
-0.0114023
-0.00153937
0.00339625
0.00451337
0.00351998
0.00189892
0.000547101
-0.000216964
-0.000455217
-0.000383054
-0.000207727
-5.65571e-05
2.59639e-05
4.80599e-05
3.70834e-05
1.74888e-05
2.62807e-06
-4.16468e-06
-4.97818e-06
-3.17075e-06
-1.15638e-06
6.62931e-08
4.77238e-07
4.3024e-07
2.53971e-07
1.15175e-07
4.56783e-08
1.81023e-08
2.38068e-09
-1.36267e-08
-2.77537e-08
-3.42409e-08
-3.09272e-08
-2.04789e-08
-7.94414e-09
2.22795e-09
7.8425e-09
9.00627e-09
7.21149e-09
4.25684e-09
1.51369e-09
-3.32335e-10
-1.18574e-09
-1.29189e-09
-9.95355e-10
-5.84937e-10
-2.34306e-10
-9.19628e-12
9.55447e-11
1.16651e-10
9.45567e-11
5.95482e-11
2.85816e-11
7.8591e-12
-2.85312e-12
-6.49068e-12
-5.93608e-12
1
1
1
1
1
1
1
1
1
1
1
1
1
1
0.999998
0.999978
0.99996
0.99999
1.00012
1.00033
1.0004
0.999936
0.998636
0.99677
0.995655
0.997627
1.0051
1.01873
1.03544
1.0473
1.04235
1.00766
0.93366
0.818185
0.66846
0.5
0.332728
0.185735
0.0725657
-0.00140572
-0.0389019
-0.0484299
-0.0408876
-0.0263818
-0.0121727
-0.00203902
0.00319633
0.00453917
0.00365835
0.00205104
0.00065557
-0.000167095
-0.000451069
-0.000401955
-0.000230343
-7.23789e-05
1.92284e-05
4.79525e-05
3.99152e-05
2.04754e-05
4.50262e-06
-3.49618e-06
-5.07323e-06
-3.54702e-06
-1.51512e-06
-1.70351e-07
3.54249e-07
3.79822e-07
2.44345e-07
1.31034e-07
7.96943e-08
6.25926e-08
4.72417e-08
2.18241e-08
-7.6026e-09
-2.9832e-08
-3.82533e-08
-3.35508e-08
-2.12584e-08
-7.80698e-09
2.31915e-09
7.48201e-09
8.30282e-09
6.48425e-09
3.76758e-09
1.35313e-09
-2.24057e-10
-9.38616e-10
-1.03015e-09
-7.96506e-10
-4.74165e-10
-1.99874e-10
-2.32004e-11
6.10199e-11
8.12546e-11
6.81023e-11
4.42587e-11
2.23828e-11
7.68795e-12
-2.42023e-12
1
1
1
1
1
1
1
1
1
1
1
1
1
1
1
0.999995
0.999973
0.999959
1
1.00015
1.00036
1.00038
0.999826
0.998438
0.996577
0.995647
0.997988
1.00588
1.01978
1.03635
1.04759
1.04169
1.00607
0.93153
0.816193
0.667272
0.5
0.333876
0.187604
0.074536
0.000103054
-0.0381728
-0.0484913
-0.0415074
-0.0272235
-0.0129357
-0.00254628
0.00298154
0.00455091
0.00378842
0.0022015
0.000766981
-0.000112709
-0.000443206
-0.000418992
-0.000252807
-8.90191e-05
1.14749e-05
4.71075e-05
4.24295e-05
2.34783e-05
6.56422e-06
-2.60766e-06
-4.99146e-06
-3.81334e-06
-1.82597e-06
-4.07107e-07
1.98002e-07
2.772e-07
1.77371e-07
9.67959e-08
7.96649e-08
9.25322e-08
9.50132e-08
7.17867e-08
3.15331e-08
-8.01861e-09
-3.33741e-08
-4.06065e-08
-3.37677e-08
-2.03096e-08
-6.954e-09
2.40471e-09
6.82085e-09
7.29788e-09
5.56658e-09
3.19083e-09
1.15932e-09
-1.3458e-10
-7.12285e-10
-7.90482e-10
-6.14561e-10
-3.70816e-10
-1.63543e-10
-2.93118e-11
3.62499e-11
5.43373e-11
4.72416e-11
3.2272e-11
1.30676e-11
1
1
1
1
1
1
1
1
1
1
1
1
1
1
1
1
0.999991
0.999968
0.999961
1.00002
1.00019
1.00038
1.00035
0.999707
0.998239
0.996398
0.995665
0.998373
1.00668
1.0208
1.03721
1.04784
1.04102
1.00449
0.929455
0.814265
0.666124
0.5
0.334986
0.189416
0.0764578
0.00159005
-0.0374349
-0.0485229
-0.0420928
-0.0280408
-0.0136908
-0.00306002
0.00275283
0.00454898
0.00391003
0.00234986
0.000880897
-5.40272e-05
-0.000431611
-0.000433996
-0.000274927
-0.000106356
2.72162e-06
4.54586e-05
4.45184e-05
2.63917e-05
8.73929e-06
-1.52793e-06
-4.71909e-06
-3.92498e-06
-2.02933e-06
-5.85345e-07
5.37464e-08
1.47425e-07
5.71792e-08
-1.80011e-11
2.36877e-08
8.41373e-08
1.25906e-07
1.2362e-07
8.45836e-08
3.21508e-08
-1.17776e-08
-3.59883e-08
-4.04311e-08
-3.17644e-08
-1.81488e-08
-5.7666e-09
2.36799e-09
5.93447e-09
6.13567e-09
4.58362e-09
2.59971e-09
9.5843e-10
-6.54797e-11
-5.18557e-10
-5.84874e-10
-4.58245e-10
-2.80456e-10
-1.28846e-10
-2.99266e-11
1.95547e-11
3.50362e-11
3.00405e-11
1
1
1
1
1
1
1
1
1
1
1
1
1
1
1
1
1
0.999987
0.999964
0.999964
1.00004
1.00022
1.0004
1.00032
0.99958
0.998041
0.996235
0.995708
0.998778
1.00747
1.02179
1.03803
1.04804
1.04033
1.00294
0.927434
0.812396
0.665014
0.5
0.336059
0.191175
0.0783333
0.00305557
-0.0366893
-0.0485266
-0.0426456
-0.0288341
-0.0144372
-0.00357919
0.00251111
0.00453378
0.00402304
0.00249567
0.000996888
8.71501e-06
-0.000416278
-0.000446795
-0.000296483
-0.000124225
-6.96868e-06
4.29666e-05
4.60745e-05
2.90836e-05
1.09089e-05
-3.37597e-07
-4.28784e-06
-3.86718e-06
-2.07586e-06
-6.38449e-07
-1.24017e-08
4.20438e-08
-8.68879e-08
-1.52895e-07
-9.96108e-08
1.60034e-08
1.16433e-07
1.57713e-07
1.38869e-07
8.52446e-08
2.6808e-08
-1.60542e-08
-3.64608e-08
-3.78286e-08
-2.81784e-08
-1.53546e-08
-4.53092e-09
2.18604e-09
4.93558e-09
4.95125e-09
3.63436e-09
2.04604e-09
7.67926e-10
-1.64656e-11
-3.6232e-10
-4.1797e-10
-3.30836e-10
-2.05577e-10
-9.7849e-11
-2.83836e-11
1.67645e-11
1
1
1
1
1
1
1
1
1
1
1
1
1
1
1
1
1
1
0.999983
0.999961
0.99997
1.00006
1.00025
1.00042
1.00027
0.999447
0.997846
0.996087
0.995774
0.999202
1.00826
1.02276
1.03881
1.04821
1.03962
1.00141
0.925464
0.810584
0.663941
0.5
0.337099
0.192883
0.0801645
0.00449993
-0.0359374
-0.0485045
-0.0431671
-0.0296039
-0.0151745
-0.00410281
0.00225726
0.00450573
0.00412735
0.00263853
0.00111451
7.52501e-05
-0.000397227
-0.000457214
-0.00031722
-0.000142396
-1.74606e-05
3.96541e-05
4.70238e-05
3.14193e-05
1.29191e-05
8.26363e-07
-3.792e-06
-3.67949e-06
-1.95232e-06
-5.13682e-07
7.20812e-08
3.31692e-08
-1.98647e-07
-3.29498e-07
-2.81875e-07
-1.21873e-07
4.65104e-08
1.51891e-07
1.75862e-07
1.39183e-07
7.69474e-08
1.89322e-08
-1.90671e-08
-3.46247e-08
-3.3457e-08
-2.37638e-08
-1.24122e-08
-3.41744e-09
1.89304e-09
3.93404e-09
3.8473e-09
2.78407e-09
1.56052e-09
5.98066e-10
1.46559e-11
-2.42916e-10
-2.88943e-10
-2.31252e-10
-1.48953e-10
-5.34744e-11
1
1
1
1
1
1
1
1
1
1
1
1
1
1
1
1
1
1
0.999998
0.999979
0.999959
0.999977
1.00008
1.00028
1.00043
1.00022
0.999308
0.997655
0.995955
0.995863
0.999643
1.00906
1.02371
1.03954
1.04834
1.0389
0.999897
0.923542
0.808825
0.662901
0.5
0.338106
0.194544
0.0819532
0.00592348
-0.0351802
-0.0484581
-0.0436588
-0.0303508
-0.0159024
-0.00462997
0.00199214
0.00446523
0.00422288
0.00277803
0.00123328
0.000145252
-0.000374538
-0.000465113
-0.000336866
-0.000160575
-2.85222e-05
3.56442e-05
4.73717e-05
3.33052e-05
1.46127e-05
1.78562e-06
-3.39102e-06
-3.47289e-06
-1.70723e-06
-1.99739e-07
3.62386e-07
1.97207e-07
-2.02689e-07
-4.71583e-07
-4.8955e-07
-3.20015e-07
-9.23254e-08
8.80768e-08
1.75522e-07
1.77232e-07
1.27659e-07
6.38318e-08
1.11133e-08
-2.01307e-08
-3.09746e-08
-2.81501e-08
-1.91795e-08
-9.65463e-09
-2.5003e-09
1.54458e-09
3.0137e-09
2.88688e-09
2.06614e-09
1.15636e-09
4.53636e-10
3.1331e-11
-1.55892e-10
-1.95143e-10
-1.44087e-10
1
1
1
1
1
1
1
1
1
1
1
1
1
1
1
1
1
1
1
0.999995
0.999974
0.999957
0.999986
1.00011
1.00031
1.00043
1.00016
0.999165
0.997468
0.995838
0.995973
1.0001
1.00984
1.02462
1.04023
1.04843
1.03817
0.99841
0.921667
0.807117
0.661894
0.5
0.339084
0.196158
0.0837012
0.00732657
-0.0344187
-0.0483891
-0.044122
-0.0310752
-0.0166204
-0.00515981
0.00171659
0.00441277
0.0043096
0.00291376
0.00135268
0.000218298
-0.000348397
-0.000470423
-0.000355168
-0.000178421
-3.98209e-05
3.11906e-05
4.7252e-05
3.47454e-05
1.58823e-05
2.35976e-06
-3.28954e-06
-3.42957e-06
-1.46663e-06
2.47871e-07
8.68516e-07
5.90465e-07
-2.15936e-08
-5.03808e-07
-6.65192e-07
-5.45464e-07
-2.90202e-07
-4.05852e-08
1.22243e-07
1.82025e-07
1.64449e-07
1.09077e-07
4.94519e-08
4.79965e-09
-1.93526e-08
-2.62711e-08
-2.2661e-08
-1.48948e-08
-7.26598e-09
-1.78974e-09
1.19317e-09
2.2247e-09
2.09708e-09
1.48889e-09
8.34266e-10
3.34954e-10
4.15483e-11
-1.21728e-10
1
1
1
1
1
1
1
1
1
1
1
1
1
1
1
1
1
1
1
1
0.999992
0.99997
0.999957
0.999998
1.00013
1.00034
1.00043
1.00009
0.999018
0.997287
0.995737
0.996103
1.00057
1.01063
1.02552
1.04089
1.04849
1.03743
0.996944
0.919836
0.805456
0.660916
0.5
0.340032
0.19773
0.0854102
0.00870957
-0.0336539
-0.0482991
-0.0445581
-0.0317777
-0.0173282
-0.0056915
0.00143148
0.00434884
0.00438751
0.00304531
0.00147211
0.000293844
-0.000319151
-0.000473232
-0.00037197
-0.00019561
-5.0954e-05
2.66802e-05
4.6961e-05
3.58986e-05
1.67357e-05
2.42728e-06
-3.69169e-06
-3.77826e-06
-1.43067e-06
6.93309e-07
1.53154e-06
1.2224e-06
4.00259e-07
-3.50958e-07
-7.3688e-07
-7.44177e-07
-5.16291e-07
-2.24441e-07
1.07356e-08
1.40626e-07
1.72856e-07
1.42596e-07
8.79328e-08
3.61739e-08
4.72007e-10
-1.72518e-08
-2.12532e-08
-1.75388e-08
-1.11796e-08
-5.31396e-09
-1.26214e-09
8.76232e-10
1.58622e-09
1.47814e-09
1.04203e-09
5.9923e-10
1.57965e-10
1
1
1
1
1
1
1
1
1
1
1
1
1
1
1
1
1
1
1
1
1
0.999989
0.999966
0.999958
1.00001
1.00016
1.00036
1.00042
1.00002
0.998868
0.997111
0.995652
0.996253
1.00105
1.0114
1.02638
1.04151
1.04852
1.03669
0.9955
0.918047
0.803842
0.659968
0.5
0.340953
0.19926
0.0870818
0.0100729
-0.0328866
-0.0481895
-0.0449683
-0.0324589
-0.0180256
-0.00622419
0.00113775
0.00427407
0.00445675
0.00317237
0.00159096
0.000371204
-0.000287357
-0.000473855
-0.00038731
-0.000211925
-6.15248e-05
2.25932e-05
4.69578e-05
3.7114e-05
1.73579e-05
1.99698e-06
-4.73469e-06
-4.74395e-06
-1.8451e-06
9.27109e-07
2.213e-06
2.03454e-06
1.0722e-06
3.9887e-08
-6.34597e-07
-8.50442e-07
-7.21926e-07
-4.35889e-07
-1.50023e-07
4.91781e-08
1.42574e-07
1.52794e-07
1.16863e-07
6.75145e-08
2.51868e-08
-2.01121e-09
-1.44491e-08
-1.64854e-08
-1.31042e-08
-8.13915e-09
-3.78976e-09
-8.81467e-10
6.13834e-10
1.09279e-09
1.02563e-09
6.2056e-10
1
1
1
1
1
1
1
1
1
1
1
1
1
1
1
1
1
1
1
1
1
1
0.999985
0.999963
0.99996
1.00003
1.00019
1.00039
1.00041
0.999935
0.998716
0.996942
0.995582
0.99642
1.00154
1.01217
1.02722
1.04209
1.04853
1.03594
0.994077
0.916299
0.80227
0.659046
0.5
0.341849
0.200751
0.0887175
0.0114169
-0.0321175
-0.0480617
-0.045354
-0.0331193
-0.0187123
-0.00675704
0.000836422
0.00418928
0.00451765
0.00329473
0.00170864
0.000449594
-0.000253801
-0.000472908
-0.000401527
-0.000227388
-7.12638e-05
1.94086e-05
4.78128e-05
3.89276e-05
1.81466e-05
1.27116e-06
-6.41511e-06
-6.47914e-06
-2.94874e-06
6.97058e-07
2.70435e-06
2.89301e-06
1.93947e-06
6.77923e-07
-3.09965e-07
-8.01738e-07
-8.49495e-07
-6.32837e-07
-3.36275e-07
-8.43188e-08
7.09735e-08
1.3177e-07
1.27271e-07
9.13008e-08
4.97306e-08
1.67989e-08
-3.08292e-09
-1.14791e-08
-1.23139e-08
-9.48374e-09
-5.76461e-09
-2.64297e-09
-6.10509e-10
4.03825e-10
7.74059e-10
1
1
1
1
1
1
1
1
1
1
1
1
1
1
1
1
1
1
1
1
1
1
0.999999
0.999981
0.99996
0.999964
1.00004
1.00021
1.00041
1.00039
0.999848
0.998562
0.996781
0.995527
0.996604
1.00204
1.01294
1.02804
1.04265
1.0485
1.03518
0.992673
0.91459
0.80074
0.658151
0.5
0.34272
0.202205
0.0903188
0.012742
-0.0313473
-0.047917
-0.0457163
-0.0337597
-0.0193882
-0.00728925
0.00052864
0.0040955
0.00457085
0.00341251
0.00182475
0.000528225
-0.000219447
-0.000471328
-0.000415347
-0.000242391
-8.01803e-05
1.74624e-05
5.00989e-05
4.20001e-05
1.97021e-05
6.7842e-07
-8.52748e-06
-8.99135e-06
-4.90561e-06
-2.39496e-07
2.75867e-06
3.59994e-06
2.87872e-06
1.51433e-06
2.45785e-07
-5.55599e-07
-8.45355e-07
-7.66684e-07
-5.12937e-07
-2.4013e-07
-3.50771e-08
7.78755e-08
1.13326e-07
1.00822e-07
6.84534e-08
3.53469e-08
1.07917e-08
-3.23286e-09
-8.71226e-09
-8.88968e-09
-6.66818e-09
-3.97468e-09
-1.8534e-09
-1.03563e-10
1
1
1
1
1
1
1
1
1
1
1
1
1
1
1
1
1
1
1
1
1
1
1
0.999997
0.999978
0.999957
0.999969
1.00006
1.00024
1.00042
1.00037
0.999756
0.998408
0.996626
0.995487
0.996804
1.00255
1.01369
1.02883
1.04317
1.04846
1.03442
0.991291
0.912918
0.799249
0.65728
0.5
0.343567
0.203623
0.0918871
0.0140486
-0.0305767
-0.0477568
-0.0460568
-0.034381
-0.0200533
-0.00782002
0.000215665
0.00399408
0.00461741
0.00352626
0.00193921
0.000606483
-0.000185314
-0.000470314
-0.000429908
-0.000257794
-8.87121e-05
1.67774e-05
5.4233e-05
4.69964e-05
2.27577e-05
8.57516e-07
-1.06362e-05
-1.20863e-05
-7.73675e-06
-2.05148e-06
2.14038e-06
3.92433e-06
3.71041e-06
2.44028e-06
9.90907e-07
-1.04061e-07
-6.73678e-07
-7.93109e-07
-6.40461e-07
-3.90001e-07
-1.59711e-07
-3.18431e-09
7.41082e-08
9.19315e-08
7.64968e-08
4.95161e-08
2.43591e-08
6.71145e-09
-2.87868e-09
-6.35296e-09
-6.21049e-09
-4.64051e-09
-2.16889e-09
1
1
1
1
1
1
1
1
1
1
1
1
1
1
1
1
1
1
1
1
1
1
1
1
0.999994
0.999974
0.999956
0.999976
1.00008
1.00027
1.00044
1.00034
0.999659
0.998254
0.99648
0.995461
0.997018
1.00306
1.01444
1.0296
1.04366
1.04839
1.03365
0.989927
0.911283
0.797795
0.656432
0.5
0.344393
0.205007
0.093424
0.0153374
-0.0298063
-0.0475826
-0.0463771
-0.0349843
-0.020708
-0.00834878
-0.000101198
0.00388668
0.00465893
0.00363714
0.00205257
0.000684175
-0.000152247
-0.000471169
-0.000446688
-0.000274947
-9.78329e-05
1.69015e-05
6.02949e-05
5.44184e-05
2.80522e-05
2.58254e-06
-1.20971e-05
-1.53454e-05
-1.12699e-05
-4.7727e-06
6.83511e-07
3.64753e-06
4.22758e-06
3.29945e-06
1.83305e-06
5.18421e-07
-3.27622e-07
-6.83018e-07
-6.83506e-07
-5.02812e-07
-2.80888e-07
-9.90331e-08
1.42162e-08
6.42167e-08
7.10158e-08
5.58962e-08
3.47055e-08
1.63423e-08
4.06113e-09
-2.31579e-09
-4.50003e-09
-4.00447e-09
1
1
1
1
1
1
1
1
1
1
1
1
1
1
1
1
1
1
1
1
1
1
1
1
1
0.999992
0.99997
0.999955
0.999984
1.0001
1.00029
1.00045
1.0003
0.999558
0.998101
0.996342
0.995449
0.997247
1.00358
1.01517
1.03035
1.04412
1.0483
1.03289
0.988584
0.909682
0.796377
0.655606
0.499999
0.345197
0.20636
0.094931
0.016609
-0.0290366
-0.0473958
-0.0466791
-0.0355712
-0.021353
-0.00887532
-0.000420762
0.00377515
0.00469751
0.00374706
0.00216616
0.000761822
-0.000120615
-0.000475031
-0.000467317
-0.000295609
-0.000109073
1.67985e-05
6.78613e-05
6.44199e-05
3.61605e-05
6.63391e-06
-1.21337e-05
-1.81513e-05
-1.51233e-05
-8.25912e-06
-1.65517e-06
2.61395e-06
4.23571e-06
3.91368e-06
2.64115e-06
1.23619e-06
1.65231e-07
-4.30863e-07
-6.19298e-07
-5.51313e-07
-3.74878e-07
-1.9298e-07
-5.6965e-08
2.12774e-08
5.19207e-08
5.2606e-08
3.95076e-08
2.36563e-08
1.06923e-08
2.52845e-09
-2.56912e-09
1
1
1
1
1
1
1
1
1
1
1
1
1
1
1
1
1
1
1
1
1
1
1
1
1
1
0.999989
0.999967
0.999955
0.999993
1.00012
1.00032
1.00045
1.00026
0.999453
0.997949
0.996212
0.995451
0.997489
1.0041
1.0159
1.03108
1.04456
1.04819
1.03212
0.987259
0.908114
0.794993
0.654801
0.499998
0.345982
0.207682
0.0964099
0.0178642
-0.0282681
-0.0471981
-0.0469651
-0.036144
-0.02199
-0.00940005
-0.00074223
0.00366135
0.00473568
0.00385873
0.00228231
0.000840935
-8.99644e-05
-0.000482516
-0.000493268
-0.000321732
-0.000124419
1.4834e-05
7.59004e-05
7.66451e-05
4.73135e-05
1.36342e-05
-9.96292e-06
-1.9763e-05
-1.87326e-05
-1.21782e-05
-4.76141e-06
7.75432e-07
3.5954e-06
4.11673e-06
3.26747e-06
1.94314e-06
7.44863e-07
-5.81372e-08
-4.43585e-07
-5.18285e-07
-4.21321e-07
-2.67458e-07
-1.27143e-07
-2.99552e-08
2.19545e-08
3.97363e-08
3.75749e-08
2.70602e-08
1.60537e-08
4.65954e-09
1
1
1
1
1
1
1
1
1
1
1
1
1
1
1
1
1
1
1
1
1
1
1
1
1
1
1
0.999986
0.999963
0.999955
1
1.00014
1.00034
1.00046
1.00022
0.999344
0.997798
0.99609
0.995466
0.997743
1.00463
1.01662
1.03178
1.04497
1.04806
1.03135
0.985953
0.906578
0.793641
0.654015
0.499997
0.346748
0.208976
0.0978629
0.0191044
-0.0275007
-0.046991
-0.0472376
-0.0367057
-0.0226215
-0.00992443
-0.00106558
0.00354678
0.00477614
0.00397547
0.00240434
0.000924216
-5.86937e-05
-0.000493333
-0.000525471
-0.000355127
-0.000146085
8.88468e-06
8.2766e-05
9.01307e-05
6.12464e-05
2.38795e-05
-4.94759e-06
-1.94321e-05
-2.14223e-05
-1.60363e-05
-8.35739e-06
-1.78159e-06
2.25805e-06
3.78885e-06
3.57508e-06
2.52085e-06
1.32804e-06
3.88912e-07
-1.72727e-07
-4.00656e-07
-4.07625e-07
-3.07701e-07
-1.83671e-07
-8.06629e-08
-1.38921e-08
1.93346e-08
2.90058e-08
2.63505e-08
1.56084e-08
1
1
1
1
1
1
1
1
1
1
1
1
1
1
1
1
1
1
1
1
1
1
1
1
1
1
1
0.999999
0.999983
0.99996
0.999957
1.00001
1.00016
1.00036
1.00046
1.00017
0.999233
0.99765
0.995977
0.995494
0.998008
1.00516
1.01733
1.03246
1.04535
1.04792
1.03058
0.984666
0.905072
0.792318
0.653247
0.499995
0.347496
0.210244
0.0992925
0.0203315
-0.0267343
-0.0467761
-0.0474998
-0.0372602
-0.0232512
-0.0104513
-0.00139203
0.0034321
0.00482127
0.00410094
0.00253645
0.0010156
-2.38367e-05
-0.000505928
-0.000563891
-0.000397055
-0.000176167
-3.42237e-06
8.63127e-05
0.000103308
7.71129e-05
3.72028e-05
3.2516e-06
-1.65405e-05
-2.25096e-05
-1.92431e-05
-1.20282e-05
-4.83365e-06
2.86268e-07
2.88464e-06
3.46516e-06
2.86045e-06
1.82289e-06
8.46919e-07
1.58589e-07
-2.10613e-07
-3.31701e-07
-3.0479e-07
-2.16138e-07
-1.21976e-07
-4.94452e-08
-5.11258e-09
1.54498e-08
2.06097e-08
1
1
1
1
1
1
1
1
1
1
1
1
1
1
1
1
1
1
1
1
1
1
1
1
1
1
1
1
0.999997
0.999979
0.999958
0.99996
1.00003
1.00019
1.00038
1.00045
1.00011
0.999119
0.997504
0.995873
0.995535
0.998284
1.00569
1.01803
1.03312
1.04571
1.04776
1.02981
0.983396
0.903595
0.791024
0.652495
0.499992
0.348228
0.211489
0.100702
0.0215483
-0.0259677
-0.0465544
-0.047755
-0.0378122
-0.0238843
-0.0109852
-0.00172459
0.00331648
0.00487256
0.00423861
0.00268334
0.00112008
1.89803e-05
-0.000517255
-0.000607163
-0.000447798
-0.000216223
-2.4364e-05
8.41343e-05
0.000114121
9.34941e-05
5.29014e-05
1.45572e-05
-1.0732e-05
-2.14236e-05
-2.12016e-05
-1.52778e-05
-8.04441e-06
-2.1462e-06
1.44769e-06
2.89782e-06
2.88326e-06
2.14556e-06
1.24667e-06
5.03428e-07
2.64646e-08
-2.02453e-07
-2.57397e-07
-2.18414e-07
-1.46772e-07
-7.85065e-08
-3.02859e-08
5.40741e-09
1
1
1
1
1
1
1
1
1
1
1
1
1
1
1
1
1
1
1
1
1
1
1
1
0.999999
1
1
1
1
0.999995
0.999976
0.999955
0.999964
1.00004
1.00021
1.0004
1.00044
1.00005
0.999003
0.997361
0.995777
0.995588
0.99857
1.00622
1.01871
1.03376
1.04605
1.04758
1.02904
0.982145
0.902145
0.789755
0.651756
0.499986
0.348946
0.212715
0.102097
0.0227589
-0.0251985
-0.0463264
-0.0480063
-0.0383673
-0.0245278
-0.0115327
-0.00206848
0.00319703
0.0049299
0.004391
0.00284958
0.00124328
7.53409e-05
-0.000522741
-0.000652366
-0.000506292
-0.000266854
-5.57158e-05
7.3896e-05
0.000120254
0.000108512
6.97511e-05
2.84161e-05
-2.01219e-06
-1.78161e-05
-2.14079e-05
-1.76042e-05
-1.10117e-05
-4.77563e-06
-3.91008e-07
1.90237e-06
2.55611e-06
2.23554e-06
1.52551e-06
8.1108e-07
2.76698e-07
-3.80214e-08
-1.71901e-07
-1.89768e-07
-1.50625e-07
-9.85841e-08
-3.68776e-08
1
1
1
1
1
1
1
1
1
1
1
1
1
1
1
1
1
1
1
1
1
1
1
1
1
1
1
1
1
1
0.999993
0.999973
0.999954
0.999968
1.00006
1.00023
1.00042
1.00043
0.999991
0.998885
0.997221
0.995691
0.995652
0.998864
1.00676
1.01939
1.03438
1.04637
1.0474
1.02828
0.980911
0.90072
0.788507
0.651028
0.499978
0.34965
0.213927
0.103482
0.0239692
-0.0244228
-0.0460911
-0.0482565
-0.0389312
-0.0251894
-0.0121026
-0.00243147
0.00306818
0.00499078
0.0045589
0.00303881
0.00139079
0.000151581
-0.000516502
-0.000694996
-0.000569916
-0.000327359
-9.83549e-05
5.37134e-05
0.000119436
0.000120042
8.61128e-05
4.38173e-05
9.20537e-06
-1.16426e-05
-1.95413e-05
-1.85806e-05
-1.33284e-05
-7.28656e-06
-2.43088e-06
5.74849e-07
1.89808e-06
2.06647e-06
1.63839e-06
1.03606e-06
5.03892e-07
1.37727e-07
-6.10476e-08
-1.34295e-07
-1.3586e-07
-8.91269e-08
1
1
1
1
1
1
1
1
1
1
1
1
1
1
1
1
1
1
1
1
1
1
1
1
1
1
1
1
1
1
1
0.999991
0.999969
0.999952
0.999974
1.00007
1.00025
1.00043
1.00042
0.999924
0.998766
0.997086
0.995613
0.995728
0.999166
1.00729
1.02005
1.03498
1.04667
1.0472
1.02752
0.979694
0.899316
0.787277
0.650306
0.499964
0.350344
0.215129
0.104866
0.0251874
-0.0236341
-0.0458456
-0.0485069
-0.0395097
-0.025878
-0.0127053
-0.00282394
0.00292135
0.0050497
0.00474054
0.0032529
0.00156735
0.000254093
-0.000491818
-0.00072919
-0.000634474
-0.000395535
-0.000151942
2.25146e-05
0.000109788
0.000125982
0.000100119
5.93871e-05
2.21184e-05
-3.19702e-06
-1.55281e-05
-1.79266e-05
-1.46468e-05
-9.3599e-06
-4.432e-06
-9.36453e-07
9.77797e-07
1.65045e-06
1.5652e-06
1.14577e-06
6.75883e-07
2.99574e-07
5.88109e-08
-6.12578e-08
-1.0264e-07
1
1
1
1
1
1
1
1
1
1
1
1
1
1
1
1
1
1
1
1
1
1
1
1
1
1
1
1
1
1
1
1
0.999988
0.999966
0.999952
0.999981
1.00009
1.00028
1.00045
1.0004
0.999854
0.998646
0.996954
0.995545
0.995815
0.999475
1.00782
1.0207
1.03556
1.04696
1.047
1.02676
0.978492
0.89793
0.786059
0.649586
0.499944
0.351029
0.216328
0.106258
0.0264247
-0.0228228
-0.045584
-0.0487565
-0.0401069
-0.0266024
-0.0133525
-0.00325859
0.00274491
0.0050978
0.00493092
0.00349103
0.00177586
0.000388461
-0.000441836
-0.000748207
-0.000694427
-0.000467676
-0.000214747
-1.96776e-05
9.01398e-05
0.000124559
0.000109911
7.35499e-05
3.56186e-05
6.90723e-06
-9.56688e-06
-1.55566e-05
-1.47323e-05
-1.07217e-05
-6.15181e-06
-2.45416e-06
-9.79003e-08
1.03541e-06
1.31343e-06
1.12544e-06
7.69859e-07
4.24619e-07
1.75486e-07
-1.57803e-08
1
1
1
1
1
1
1
1
1
1
1
1
1
1
1
1
1
1
1
1
1
1
1
1
1
1
1
0.999999
1
1
1
1.00001
1
0.999985
0.999963
0.999952
0.999988
1.00011
1.0003
1.00046
1.00037
0.99978
0.998526
0.996828
0.995487
0.995911
0.999788
1.00834
1.02134
1.03612
1.04723
1.0468
1.02602
0.977303
0.896555
0.784844
0.648861
0.499914
0.351708
0.217534
0.107673
0.0276956
-0.0219755
-0.0452965
-0.0490012
-0.0407247
-0.0273701
-0.0140562
-0.00374971
0.00252449
0.00512276
0.00512137
0.00374902
0.00201659
0.000558534
-0.000360416
-0.000745102
-0.000743346
-0.000538795
-0.000283654
-7.15963e-05
6.02721e-05
0.000114595
0.000113893
8.47277e-05
4.84252e-05
1.78064e-05
-2.11085e-06
-1.15979e-05
-1.35001e-05
-1.11837e-05
-7.38145e-06
-3.79914e-06
-1.20131e-06
2.96467e-07
9.15828e-07
9.79901e-07
7.73588e-07
5.09086e-07
1.94816e-07
1
1
1
1
1
1
1
1
1
1
1
1
1
1
1
1
1
1
1
1
1
1
1
1
1
1
1
1
0.999999
1
1
1
1
0.999999
0.999982
0.99996
0.999953
0.999997
1.00012
1.00032
1.00047
1.00035
0.999703
0.998407
0.996708
0.995437
0.996016
1.0001
1.00886
1.02196
1.03668
1.04749
1.04659
1.02528
0.976124
0.895184
0.783623
0.648121
0.49987
0.352383
0.218755
0.109124
0.0290186
-0.0210742
-0.0449688
-0.0492322
-0.0413614
-0.0281864
-0.0148273
-0.00431207
0.00224383
0.00510927
0.00529961
0.00401895
0.0022864
0.000765578
-0.000243029
-0.000713541
-0.000774552
-0.000603043
-0.000354372
-0.000130746
2.10395e-05
9.57123e-05
0.000110958
9.15472e-05
5.92475e-05
2.84947e-05
6.18828e-06
-6.37469e-06
-1.1027e-05
-1.06697e-05
-7.97534e-06
-4.81691e-06
-2.20369e-06
-4.76734e-07
4.24365e-07
7.28902e-07
7.04603e-07
4.50519e-07
1
1
1
1
1
1
1
1
1
1
1
1
1
1
1
1
1
1
1
1
1
1
1
1
1
1
1
1
1
0.999999
1
1
1
1
0.999997
0.999979
0.999957
0.999954
1.00001
1.00014
1.00034
1.00047
1.00032
0.999624
0.99829
0.996594
0.995396
0.996125
1.00042
1.00937
1.02258
1.03722
1.04776
1.0464
1.02455
0.974948
0.893805
0.782381
0.647355
0.499805
0.353057
0.220003
0.11063
0.0304159
-0.0200962
-0.044581
-0.0494354
-0.0420102
-0.0290521
-0.0156739
-0.00495945
0.00188595
0.00503984
0.0054501
0.00428912
0.00257845
0.00100762
-8.7549e-05
-0.00064862
-0.000781855
-0.000654294
-0.000421808
-0.000193585
-2.56468e-05
6.84324e-05
0.000100648
9.30209e-05
6.69499e-05
3.79525e-05
1.45654e-05
-3.64292e-07
-7.53836e-06
-9.2229e-06
-7.86936e-06
-5.39849e-06
-2.9939e-06
-1.1938e-06
-1.00421e-07
4.13273e-07
5.43869e-07
1
1
1
1
1
1
1
1
1
1
1
1
1
1
1
1
1
1
1
1
1
1
1
1
1
1
1
1
1
1
0.999999
1
1
1
1
0.999995
0.999976
0.999955
0.999957
1.00002
1.00016
1.00036
1.00047
1.00028
0.999545
0.998177
0.996487
0.995361
0.996237
1.00073
1.00988
1.02319
1.03777
1.04803
1.04621
1.02383
0.973767
0.892402
0.781101
0.646547
0.499712
0.353732
0.22129
0.112212
0.0319135
-0.0190138
-0.0441075
-0.0495903
-0.042658
-0.0299628
-0.0166
-0.00570294
0.00143479
0.00489613
0.00555503
0.00454458
0.00288221
0.00127913
0.000105144
-0.000547599
-0.000760302
-0.000686794
-0.00048058
-0.000255856
-7.69793e-05
3.41539e-05
8.3234e-05
8.8676e-05
7.06932e-05
4.52742e-05
2.22404e-05
5.86822e-06
-3.374e-06
-6.99546e-06
-7.08571e-06
-5.49287e-06
-3.49324e-06
-1.77423e-06
-6.15372e-07
2.06199e-07
1
1
1
1
1
1
1
1
1
1
1
1
1
1
1
1
1
1
1
1
1
1
1
1
1
1
1
1
1
1
0.999999
0.999999
1
1
1.00001
1
0.999993
0.999973
0.999954
0.999961
1.00003
1.00018
1.00037
1.00047
1.00025
0.999468
0.998069
0.996386
0.995329
0.996347
1.00103
1.01038
1.02379
1.03832
1.04832
1.04604
1.02311
0.972566
0.890953
0.779758
0.645677
0.499578
0.354408
0.222628
0.113893
0.0335406
-0.0177948
-0.043517
-0.04967
-0.043285
-0.0309073
-0.0176038
-0.00654916
0.000876964
0.00466058
0.00559557
0.00476799
0.00318389
0.00157103
0.000330875
-0.00041043
-0.000706811
-0.000695816
-0.000525578
-0.000313017
-0.000129531
-4.97873e-06
5.9696e-05
7.86127e-05
7.0034e-05
4.97762e-05
2.85151e-05
1.17438e-05
1.06011e-06
-4.22328e-06
-5.72448e-06
-5.11105e-06
-3.65505e-06
-2.21594e-06
-7.08208e-07
1
1
1
1
1
1
1
1
1
1
1
1
1
1
1
1
1
1
1
1
1
1
1
1
1
1
1
1
1
1
1
0.999999
1
1
1
1.00001
1
0.999991
0.99997
0.999953
0.999966
1.00004
1.0002
1.00038
1.00046
1.00021
0.999394
0.997966
0.996287
0.995295
0.996449
1.00133
1.01087
1.02441
1.0389
1.04864
1.04589
1.02239
0.971324
0.889431
0.778323
0.644719
0.499389
0.355081
0.224028
0.115694
0.0353283
-0.0164036
-0.042773
-0.0496412
-0.0438637
-0.0318668
-0.018676
-0.00749867
0.000203514
0.00431815
0.00555351
0.00494092
0.00346737
0.00187122
0.000582239
-0.000240003
-0.000620634
-0.000678203
-0.00055251
-0.000360712
-0.000179608
-4.63021e-05
3.16149e-05
6.34871e-05
6.49671e-05
5.10707e-05
3.28531e-05
1.67404e-05
5.34584e-06
-1.19034e-06
-3.94719e-06
-4.30547e-06
-3.56172e-06
-1.97971e-06
1
1
1
1
1
1
1
1
1
1
1
1
1
1
1
1
1
1
1
1
1
1
1
1
1
1
1
1
1
1
1
1
0.999999
1
1
1
1.00001
1
0.999988
0.999968
0.999954
0.999972
1.00005
1.00021
1.00039
1.00046
1.00018
0.999325
0.997867
0.996188
0.995252
0.996538
1.00162
1.01137
1.02506
1.03952
1.049
1.04577
1.02164
0.970013
0.887798
0.776756
0.643641
0.499123
0.355745
0.225497
0.117636
0.0373076
-0.0148025
-0.0418355
-0.0494647
-0.0443601
-0.0328147
-0.0197995
-0.00854467
-0.000588455
0.00385809
0.00541296
0.00504537
0.00371539
0.00216532
0.000849018
-4.20783e-05
-0.000503557
-0.000632752
-0.000558362
-0.000395218
-0.000223637
-8.69172e-05
9.92798e-07
4.44258e-05
5.59117e-05
4.90967e-05
3.49337e-05
2.04514e-05
9.10439e-06
1.80774e-06
-1.93794e-06
-3.2454e-06
-2.87241e-06
1
1
1
1
1
1
1
1
1
1
1
1
1
1
1
1
1
1
1
1
1
1
1
1
1
1
1
1
1
1
1
1
1
0.999999
1
1
1
1
0.999999
0.999986
0.999967
0.999955
0.999978
1.00006
1.00022
1.0004
1.00045
1.00015
0.999261
0.997769
0.996081
0.995193
0.99661
1.0019
1.01189
1.02574
1.04019
1.0494
1.04565
1.02085
0.968593
0.886005
0.775009
0.642401
0.498751
0.356389
0.22704
0.119738
0.0395079
-0.012954
-0.0406624
-0.0490977
-0.0447339
-0.0337169
-0.0209493
-0.00967234
-0.0014946
0.00327547
0.00516199
0.0050654
0.00391096
0.00243783
0.00111892
0.000175088
-0.000359838
-0.000560383
-0.000541708
-0.000413816
-0.000258515
-0.000123991
-2.99673e-05
2.2888e-05
4.36453e-05
4.41085e-05
3.46738e-05
2.26235e-05
1.20371e-05
4.50086e-06
1.23301e-07
-2.2643e-06
1
1
1
1
1
1
1
1
1
1
1
1
1
1
1
1
1
1
1
1
1
1
1
1
1
1
1
1
1
1
1
1
1
0.999999
1
1
1
1
1
0.999998
0.999984
0.999966
0.999957
0.999982
1.00007
1.00023
1.00041
1.00046
1.00013
0.999202
0.997666
0.995957
0.995111
0.996667
1.00219
1.01245
1.0265
1.04095
1.04986
1.04553
1.01998
0.967011
0.883992
0.773022
0.640949
0.498239
0.356992
0.228653
0.122012
0.041954
-0.0108236
-0.0392121
-0.0484955
-0.0449408
-0.0345333
-0.0220925
-0.0108587
-0.00250269
0.00257223
0.00479407
0.0049886
0.00403878
0.00267334
0.00137857
0.000401392
-0.000195877
-0.000464075
-0.000502842
-0.000415044
-0.000281913
-0.000155037
-5.90938e-05
4.97077e-07
2.92001e-05
3.66264e-05
3.22183e-05
2.31759e-05
1.39262e-05
6.8537e-06
8.24859e-07
1
1
1
1
1
1
1
1
1
1
1
1
1
1
1
1
1
1
1
1
1
1
1
1
1
1
1
1
1
1
1
1
1
1
0.999999
1
1
1
1
1
0.999997
0.999984
0.999967
0.999959
0.999985
1.00008
1.00024
1.00042
1.00047
1.00012
0.999144
0.99755
0.995806
0.995001
0.996711
1.0025
1.01307
1.02735
1.04179
1.05037
1.04537
1.01897
0.965198
0.881682
0.770722
0.639223
0.497539
0.357525
0.230326
0.124461
0.0446633
-0.00838206
-0.0374468
-0.047614
-0.0449346
-0.0352193
-0.0231901
-0.0120732
-0.00359265
0.00175776
0.00430897
0.00480736
0.00408664
0.00285785
0.00161455
0.00062571
-1.96771e-05
-0.000348595
-0.000443728
-0.000398791
-0.000292456
-0.000178138
-8.44585e-05
-2.11325e-05
1.37391e-05
2.73597e-05
2.79128e-05
2.21323e-05
1.50522e-05
6.39249e-06
1
1
1
1
1
1
1
1
1
1
1
1
1
1
1
1
1
1
1
1
1
1
1
1
1
1
1
1
1
1
1
1
1
1
1
1
1
1
1
1
1
0.999996
0.999985
0.999968
0.999959
0.999984
1.00008
1.00025
1.00044
1.00049
1.00011
0.999078
0.997408
0.995619
0.994861
0.996757
1.00286
1.01379
1.02832
1.04273
1.05091
1.04514
1.01776
0.963067
0.878984
0.768023
0.637149
0.496595
0.357951
0.232034
0.127079
0.0476436
-0.00560911
-0.0353348
-0.0464133
-0.0446702
-0.0357287
-0.0241989
-0.0132794
-0.00473723
0.0008488
0.00371328
0.00451972
0.00404647
0.0029799
0.00181455
0.000836812
0.000159849
-0.000220053
-0.000367778
-0.000366264
-0.000289813
-0.000192092
-0.000104545
-4.05528e-05
-1.57337e-06
1.71292e-05
2.21641e-05
2.0152e-05
1.26513e-05
1
1
1
1
1
1
1
1
1
1
1
1
1
1
1
1
1
1
1
1
1
1
1
1
1
1
1
1
1
1
1
1
1
1
1
1
1
1
1
1
1
1
0.999997
0.999986
0.999968
0.999955
0.999979
1.00008
1.00027
1.00048
1.00052
1.0001
0.998995
0.997231
0.99539
0.994699
0.996826
1.0033
1.01464
1.02943
1.04377
1.05144
1.04476
1.01625
0.960512
0.87579
0.764826
0.634643
0.495338
0.358216
0.233745
0.129847
0.0508899
-0.00249565
-0.0328544
-0.0448605
-0.0441064
-0.0360163
-0.0250737
-0.0144365
-0.00590337
-0.00013127
0.00302023
0.00412969
0.00391503
0.00303149
0.0019683
0.00102427
0.000333624
-8.53498e-05
-0.000279497
-0.000319808
-0.000274659
-0.000196476
-0.000118359
-5.66074e-05
-1.56736e-05
6.70265e-06
1.58316e-05
1.58159e-05
1
1
1
1
1
1
1
1
1
1
1
1
1
1
1
1
1
1
1
1
1
1
1
1
1
1
1
1
1
1
1
1
1
1
1
1
1
1
1
1
1
1
1
0.999999
0.999988
0.999966
0.999948
0.999971
1.00008
1.00029
1.00052
1.00056
1.00009
0.998881
0.997006
0.995119
0.994529
0.996947
1.00386
1.01565
1.03069
1.04489
1.05191
1.04414
1.01432
0.957404
0.871975
0.761017
0.631606
0.493689
0.358259
0.235409
0.132731
0.0543832
0.000953613
-0.0299959
-0.0429326
-0.0432094
-0.0360407
-0.0257705
-0.0155021
-0.00705411
-0.00115373
0.00224904
0.00364717
0.00369425
0.00300867
0.00206831
0.00117924
0.000493136
4.84227e-05
-0.000184054
-0.000262637
-0.000248542
-0.000191617
-0.000125469
-6.85097e-05
-2.76884e-05
-3.34084e-06
1.09993e-05
1
1
1
1
1
1
1
1
1
1
1
1
1
1
1
1
1
1
1
1
1
1
1
1
1
1
1
1
1
1
1
1
1
1
1
1
1
1
1
1
1
1
1
1
1
0.999988
0.99996
0.999937
0.999963
1.00009
1.00033
1.00058
1.0006
1.00006
0.998724
0.996727
0.994813
0.994376
0.99716
1.00459
1.01685
1.0321
1.04604
1.05223
1.04315
1.01184
0.953597
0.867397
0.756468
0.62793
0.491556
0.358004
0.236967
0.135683
0.0580888
0.00471859
-0.026764
-0.0406191
-0.0419554
-0.0357678
-0.026249
-0.0164344
-0.00815078
-0.00218625
0.00142368
0.00308725
0.00339105
0.00291179
0.00211041
0.0012951
0.00063107
0.000174551
-8.68149e-05
-0.000198501
-0.000213682
-0.000178492
-0.000126012
-7.5733e-05
-3.79974e-05
-5.61023e-06
1
1
1
1
1
1
1
1
1
1
1
1
1
1
1
1
1
1
1
1
1
1
1
1
1
1
1
1
1
1
1
1
1
1
1
1
1
1
1
1
1
0.999999
0.999999
1
1.00001
1.00001
0.999986
0.99995
0.999922
0.999956
1.00011
1.00039
1.00065
1.00064
0.999996
0.998512
0.996395
0.99449
0.994277
0.99751
1.0055
1.01825
1.03363
1.04714
1.05227
1.04166
1.00863
0.948924
0.861901
0.751042
0.623496
0.488839
0.357365
0.238343
0.138639
0.0619562
0.00876301
-0.023179
-0.0379239
-0.0403324
-0.0351728
-0.0264755
-0.0171954
-0.00915542
-0.0031949
0.0005714
0.00246919
0.00301675
0.0027453
0.00209386
0.00136778
0.000741791
0.000287196
7.09549e-06
-0.00013134
-0.000172713
-0.000158626
-0.000120293
-8.01947e-05
-3.37402e-05
1
1
1
1
1
1
1
1
1
1
1
1
1
1
1
1
1
1
1
1
1
1
1
1
1
1
1
1
1
1
1
1
1
1
1
1
1
1
1
1
1
0.999999
0.999998
1
1.00001
1.00001
1.00001
0.99998
0.999935
0.999905
0.999956
1.00015
1.00046
1.00073
1.00066
0.999886
0.998241
0.996021
0.994181
0.994275
0.998038
1.00664
1.01983
1.03521
1.04808
1.05189
1.03947
1.00451
0.943199
0.85532
0.744595
0.618181
0.48543
0.356246
0.239452
0.141525
0.0659198
0.0130346
-0.0192775
-0.0348662
-0.0383426
-0.0342426
-0.0264249
-0.0177527
-0.0100331
-0.00414627
-0.000279099
0.00181509
0.00258624
0.00251735
0.00202127
0.00139596
0.000821639
0.00038176
9.31662e-05
-6.49379e-05
-0.000128503
-0.000133432
-0.000111817
-6.63223e-05
1
1
1
1
1
1
1
1
1
1
1
1
1
1
1
1
1
1
1
1
1
1
1
1
1
1
1
1
1
1
1
1
1
1
1
1
1
1
1
1
1
1
0.999998
0.999997
1
1.00001
1.00002
1.00001
0.99997
0.999916
0.99989
0.999966
1.0002
1.00054
1.00081
1.00065
0.99972
0.997912
0.995624
0.993922
0.994415
0.998782
1.00801
1.02156
1.03675
1.0487
1.0509
1.03637
0.999258
0.936229
0.847482
0.736978
0.611858
0.481218
0.354546
0.240199
0.144252
0.069901
0.0174663
-0.0151113
-0.0314804
-0.0360023
-0.0329765
-0.0260827
-0.0180819
-0.0107539
-0.00500949
-0.00109943
0.00114842
0.00211684
0.002239
0.00189819
0.00138092
0.000869033
0.000455115
0.000167792
-2.73062e-06
-8.34033e-05
-0.000107126
-8.86246e-05
1
1
1
1
1
1
1
1
1
1
1
1
1
1
1
1
1
1
1
1
1
1
1
1
1
1
1
1
1
1
1
1
1
1
1
1
1
1
1
1
1
1
0.999999
0.999996
0.999997
1
1.00001
1.00002
1
0.999955
0.999894
0.999879
0.999989
1.00026
1.00063
1.00086
1.00059
0.999496
0.997539
0.995237
0.993759
0.99474
0.99976
1.00958
1.02334
1.03811
1.04883
1.04906
1.03214
0.992657
0.92781
0.838214
0.728045
0.6044
0.476091
0.352162
0.240487
0.146726
0.0738102
0.0219788
-0.0107462
-0.0278154
-0.0333421
-0.0313873
-0.025446
-0.0181679
-0.011295
-0.00575796
-0.00186324
0.000492466
0.00162707
0.00192334
0.00173255
0.00132626
0.000884394
0.000505688
0.000228398
5.26707e-05
-4.04098e-05
-8.06285e-05
1
1
1
1
1
1
1
1
1
1
1
1
1
1
1
1
1
1
1
1
1
1
1
1
1
1
1
1
1
1
1
1
1
1
1
1
1
1
1
1
1
1
1
0.999997
0.999995
0.999998
1.00001
1.00002
1.00002
0.999995
0.999935
0.999873
0.999877
1.00003
1.00035
1.00072
1.0009
1.00049
0.999218
0.997143
0.994898
0.993735
0.995278
1.00096
1.01128
1.02506
1.03909
1.04821
1.04612
1.02651
0.984472
0.917741
0.827349
0.71766
0.595693
0.469944
0.348992
0.240213
0.148845
0.0775514
0.0264832
-0.00625887
-0.0239324
-0.0304052
-0.0295003
-0.0245233
-0.0180055
-0.0116411
-0.00637079
-0.00254765
-0.00013102
0.00113541
0.00158453
0.00153393
0.00123744
0.000869907
0.00053344
0.00027318
0.000102169
-2.32081e-05
1
1
1
1
1
1
1
1
1
1
1
1
1
1
1
1
1
1
1
1
1
1
1
1
1
1
1
1
1
1
1
1
1
1
1
1
1
1
1
1
1
1
1
0.999999
0.999996
0.999994
1
1.00001
1.00003
1.00002
0.999981
0.999912
0.999854
0.999886
1.00008
1.00044
1.00081
1.00089
1.00033
0.998901
0.996757
0.994648
0.993884
0.996034
1.00235
1.01301
1.02653
1.03946
1.04659
1.04181
1.01922
0.974471
0.905831
0.814733
0.705698
0.585631
0.462681
0.344943
0.239283
0.150512
0.0810254
0.0308851
-0.0017343
-0.0199024
-0.0272462
-0.027352
-0.0233343
-0.0175996
-0.0117858
-0.0068337
-0.00313441
-0.000703021
0.000659244
0.00123679
0.0013128
0.00112121
0.000829355
0.000538483
0.000309502
9.27215e-05
1
1
1
1
1
1
1
1
1
1
1
1
1
1
1
1
1
1
1
1
1
1
1
1
1
1
1
1
1
1
1
1
1
1
1
1
1
1
1
1
1
1
1
1
0.999997
0.999994
0.999995
1
1.00002
1.00003
1.00002
0.999963
0.999887
0.999841
0.999907
1.00015
1.00053
1.00087
1.00086
1.00014
0.998567
0.996414
0.99452
0.994218
0.996979
1.00381
1.0146
1.02752
1.03894
1.04366
1.03582
1.01
0.962433
0.891907
0.800234
0.692056
0.574129
0.454224
0.339933
0.237607
0.151632
0.0841349
0.0350887
0.00273847
-0.0158031
-0.023928
-0.0249888
-0.0219085
-0.0169645
-0.0117308
-0.00713941
-0.00361057
-0.00120813
0.000213874
0.000893576
0.00107974
0.000985379
0.000765434
0.000535831
0.000256457
1
1
1
1
1
1
1
1
1
1
1
1
1
1
1
1
1
1
1
1
1
1
1
1
1
1
1
1
1
1
1
1
1
1
1
1
1
1
1
1
1
1
1
1
0.999999
0.999996
0.999993
0.999997
1.00001
1.00003
1.00003
1.00001
0.99994
0.999862
0.999835
0.999942
1.00023
1.00062
1.00092
1.00078
0.999914
0.998243
0.996145
0.994533
0.994722
0.998037
1.00522
1.01583
1.02776
1.03721
1.0391
1.02787
0.998616
0.948158
0.875819
0.783747
0.676661
0.561127
0.444514
0.333897
0.23511
0.15212
0.0867886
0.0390011
0.00707016
-0.0117153
-0.0205186
-0.022464
-0.0202837
-0.016123
-0.011486
-0.00728759
-0.00396885
-0.00163514
-0.000188137
0.000566761
0.000845222
0.000835096
0.00069935
0.000430629
1
1
1
1
1
1
1
1
1
1
1
1
1
1
1
1
1
1
1
1
1
1
1
1
1
1
1
1
1
1
1
1
1
1
1
1
1
1
1
1
1
1
1
1
1
0.999998
0.999994
0.999993
1
1.00002
1.00003
1.00003
0.999989
0.999913
0.999839
0.999839
0.999991
1.00031
1.00071
1.00094
1.00068
0.99968
0.997952
0.995966
0.994675
0.995334
0.999081
1.00637
1.01643
1.02692
1.03395
1.03258
1.01766
0.984822
0.93148
0.857459
0.765204
0.65947
0.546592
0.433515
0.32679
0.231736
0.151906
0.0889057
0.0425364
0.0111752
-0.00771903
-0.0170886
-0.0198352
-0.0185034
-0.0151047
-0.011068
-0.00728436
-0.00420749
-0.00197721
-0.000537483
0.000266664
0.000615777
0.000692726
0.000550806
1
1
1
1
1
1
1
1
1
1
1
1
1
1
1
1
1
1
1
1
1
1
1
1
1
1
1
1
1
1
1
1
1
1
1
1
1
1
1
1
1
1
1
1
1
0.999999
0.999996
0.999993
0.999995
1.00001
1.00002
1.00004
1.00002
0.999966
0.999884
0.999821
0.999857
1.00006
1.00041
1.0008
1.00095
1.00057
0.999452
0.997707
0.995869
0.994897
0.995943
0.999925
1.007
1.01609
1.02465
1.02879
1.02379
1.00493
0.968429
0.912272
0.836756
0.744577
0.640476
0.530525
0.421223
0.318593
0.227446
0.150935
0.0904195
0.0456194
0.0149754
-0.00389029
-0.0137073
-0.0171619
-0.0166147
-0.0139438
-0.0104993
-0.00714144
-0.00432986
-0.00223187
-0.000827865
-6.51685e-07
0.00040634
0.00053414
1
1
1
1
1
1
1
1
1
1
1
1
1
1
1
1
1
1
1
1
1
1
1
1
1
1
1
1
1
1
1
1
1
1
1
1
1
1
1
1
1
1
1
1
1
1
0.999998
0.999994
0.999993
0.999999
1.00001
1.00003
1.00003
1.00001
0.999938
0.999854
0.999813
0.999891
1.00014
1.00052
1.00088
1.00095
1.00045
0.999237
0.997497
0.99581
0.995101
0.996381
1.00033
1.00679
1.01444
1.02059
1.02139
1.01243
0.989466
0.94929
0.890458
0.813691
0.721884
0.619716
0.512963
0.407662
0.309311
0.222226
0.149174
0.09128
0.0481887
0.018403
-0.000297932
-0.01044
-0.0145021
-0.0146662
-0.0126779
-0.0098059
-0.00687501
-0.00434375
-0.00240068
-0.00105567
-0.000238641
0.000297434
1
1
1
1
1
1
1
1
1
1
1
1
1
1
1
1
1
1
1
1
1
1
1
1
1
1
1
1
1
1
1
1
1
1
1
1
1
1
1
1
1
1
1
1
1
1
1
0.999996
0.999994
0.999995
1
1.00002
1.00003
1.00003
0.999983
0.999906
0.999829
0.999819
0.999947
1.00024
1.00064
1.00097
1.00094
1.00032
0.99902
0.997282
0.9957
0.995133
0.996421
0.999984
1.0054
1.01111
1.01436
1.01143
0.998251
0.971086
0.927313
0.866018
0.788298
0.69719
0.597266
0.493975
0.392888
0.298979
0.216088
0.146612
0.0914562
0.0501988
0.0214032
0.00299894
-0.00734537
-0.0119102
-0.0127049
-0.0113451
-0.00901665
-0.0065044
-0.00426113
-0.00248392
-0.00125372
-0.000217661
1
1
1
1
1
1
1
1
1
1
1
1
1
1
1
1
1
1
1
1
1
1
1
1
1
1
1
1
1
1
1
1
1
1
1
1
1
1
1
1
1
1
1
1
1
1
1
0.999998
0.999996
0.999995
0.999999
1.00001
1.00003
1.00003
1.00001
0.999954
0.999874
0.999815
0.999847
1.00003
1.00038
1.00078
1.00105
1.00092
1.00016
0.998756
0.996974
0.995397
0.994781
0.995778
0.998557
1.00245
1.00572
1.00561
0.998617
0.98104
0.949677
0.90247
0.838995
0.760665
0.670608
0.573243
0.473671
0.376986
0.287657
0.209064
0.143257
0.0909369
0.0516218
0.0239359
0.00595287
-0.00447369
-0.00943519
-0.0107753
-0.00998295
-0.00816079
-0.00605236
-0.00408651
-0.00255155
-0.00101714
1
1
1
1
1
1
1
1
1
1
1
1
1
1
1
1
1
1
1
1
1
1
1
1
1
1
1
1
1
1
1
1
1
1
1
1
1
1
1
1
1
1
1
1
1
1
1
1
0.999998
0.999996
0.999997
1
1.00002
1.00003
1.00002
0.999988
0.999922
0.999848
0.999821
0.999906
1.00015
1.00054
1.00094
1.00113
1.00085
0.999927
0.99836
0.996439
0.994699
0.993776
0.99412
0.995666
0.997534
0.997893
0.994037
0.982716
0.960662
0.925198
0.874803
0.809491
0.730936
0.642296
0.547803
0.452188
0.360072
0.275433
0.201214
0.139142
0.0897308
0.0524471
0.0259763
0.00852921
-0.001865
-0.00711846
-0.00891679
-0.00862608
-0.00726935
-0.00552646
-0.00392797
-0.00203113
1
1
1
1
1
1
1
1
1
1
1
1
1
1
1
1
1
1
1
1
1
1
1
1
1
1
1
1
1
1
1
1
1
1
1
1
1
1
1
1
1
1
1
1
1
1
1
1
0.999999
0.999997
0.999997
1
1.00001
1.00002
1.00002
1.00001
0.99996
0.999893
0.999839
0.999856
1.00001
1.00031
1.00072
1.00108
1.00116
1.00069
0.999528
0.9977
0.995485
0.993353
0.991799
0.99108
0.99092
0.990281
0.98729
0.979366
0.963561
0.937051
0.89768
0.84442
0.777672
0.699304
0.612458
0.521138
0.429696
0.342286
0.262415
0.192616
0.134318
0.0878651
0.0526821
0.0275152
0.0107066
0.00045143
-0.00499326
-0.00716258
-0.00730868
-0.00635062
-0.00506414
-0.00310074
1
1
1
1
1
1
1
1
1
1
1
1
1
1
1
1
1
1
1
1
1
1
1
1
1
1
1
1
1
1
1
1
1
1
1
1
1
1
1
1
1
1
1
1
1
1
1
1
1
0.999999
0.999998
0.999999
1
1.00001
1.00002
1.00001
0.999984
0.999933
0.999877
0.999857
0.999933
1.00015
1.00051
1.00091
1.00119
1.00108
1.00034
0.998831
0.996589
0.993867
0.991051
0.988494
0.98627
0.98393
0.980333
0.973626
0.961406
0.941062
0.910224
0.867229
0.811501
0.74376
0.666012
0.581331
0.493469
0.406387
0.323789
0.248731
0.183368
0.128854
0.0853844
0.0523495
0.0285578
0.0124767
0.00245731
-0.00308337
-0.00554292
-0.00603684
-0.00555097
-0.00397976
1
1
1
1
1
1
1
1
1
1
1
1
1
1
1
1
1
1
1
1
1
1
1
1
1
1
1
1
1
1
1
1
1
1
1
1
1
1
1
1
1
1
1
1
1
1
1
1
1
1
1
1
1
1
1.00001
1.00001
0.999994
0.99996
0.999915
0.999885
0.999915
1.00006
1.00034
1.00072
1.00107
1.00119
1.0008
0.999668
0.997652
0.994789
0.99129
0.987449
0.983481
0.979302
0.974333
0.967384
0.956679
0.94004
0.915215
0.88028
0.834031
0.776287
0.708029
0.631341
0.549185
0.465039
0.382475
0.304759
0.234526
0.173583
0.122835
0.0823476
0.0514868
0.0291232
0.0138433
0.00414562
-0.00140733
-0.00405943
-0.00493373
-0.00435327
1
1
1
1
1
1
1
1
1
1
1
1
1
1
1
1
1
1
1
1
1
1
1
1
1
1
1
1
1
1
1
1
1
1
1
1
1
1
1
1
1
1
1
1
1
1
1
1
1
1
1
1
1
1
1
1
0.999994
0.999975
0.999945
0.99992
0.999931
1.00002
1.00023
1.00055
1.0009
1.00113
1.00098
1.00018
0.998486
0.995756
0.992014
0.98742
0.982177
0.976376
0.969808
0.96181
0.951194
0.936312
0.915243
0.886104
0.847397
0.798336
0.739077
0.670795
0.595602
0.516311
0.436108
0.358182
0.285382
0.219953
0.163382
0.116356
0.0788252
0.050143
0.0292417
0.0148215
0.0055166
3.8206e-05
-0.00276981
-0.00387095
1
1
1
1
1
1
1
1
1
1
1
1
1
1
1
1
1
1
1
1
1
1
1
1
1
1
1
1
1
1
1
1
1
1
1
1
1
1
1
1
1
1
1
1
1
1
0.999999
0.999999
1
1
1
1
1
1
0.999998
0.999995
0.99999
0.99998
0.999964
0.99995
0.999959
1.00002
1.00018
1.00043
1.00074
1.001
1.00098
1.00043
0.999039
0.996561
0.992861
0.987937
0.981897
0.974861
0.966816
0.957464
0.946104
0.931602
0.912474
0.88708
0.8539
0.811832
0.76046
0.700215
0.63241
0.55913
0.483013
0.406944
0.333738
0.265851
0.20517
0.152894
0.109518
0.0748961
0.0483762
0.0289531
0.0154356
0.0065763
0.00130993
-0.00219051
1
1
1
1
1
1
1
1
1
1
1
1
1
1
1
1
1
1
1
1
1
1
1
1
1
1
1
1
1
1
1
1
1
1
1
1
1
1
1
1
1
1
1
1
1
1
0.999999
0.999999
1
1
1
1
1
1
0.999996
0.999991
0.999985
0.999978
0.999972
0.999971
0.999987
1.00004
1.00016
1.00036
1.00062
1.00085
1.00089
1.00049
0.999336
0.99713
0.993615
0.988648
0.982208
0.974355
0.965139
0.954472
0.942004
0.927039
0.908539
0.885212
0.855708
0.818853
0.773908
0.720769
0.660083
0.593244
0.522271
0.449601
0.377815
0.30937
0.246356
0.190335
0.14225
0.102427
0.0706443
0.0462501
0.0283079
0.0156887
0.00754697
0.000976179
1
1
1
1
1
1
1
1
1
1
1
1
1
1
1
1
1
1
1
1
1
1
1
1
1
1
1
1
1
1
1
1
1
1
1
1
1
1
1
1
1
1
1
1
1
1
0.999999
0.999999
1
1
1
1
1
1
0.999995
0.999988
0.99998
0.999974
0.999973
0.999982
1.00001
1.00007
1.00017
1.00034
1.00054
1.00073
1.00077
1.00044
0.999445
0.997466
0.994178
0.98933
0.982773
0.974469
0.964439
0.952686
0.939074
0.923238
0.904529
0.88203
0.854666
0.821369
0.78129
0.734005
0.679669
0.619086
0.553681
0.485373
0.416379
0.348982
0.285297
0.227082
0.175602
0.131576
0.0951884
0.0661542
0.0438415
0.0272981
0.0160172
0.005822
1
1
1
1
1
1
1
1
1
1
1
1
1
1
1
1
1
1
1
1
1
1
1
1
1
1
1
1
1
1
1
1
1
1
1
1
1
1
1
1
1
1
1
1
1
1
0.999999
0.999999
1
1
1
1
1
1
0.999995
0.999986
0.999976
0.99997
0.999971
0.999986
1.00002
1.00009
1.00019
1.00034
1.00051
1.00065
1.00066
1.00034
0.999436
0.997618
0.994538
0.989871
0.983369
0.974885
0.964371
0.95183
0.937232
0.920427
0.901068
0.878582
0.852201
0.821067
0.784384
0.741595
0.692544
0.637589
0.577638
0.514103
0.448773
0.383639
0.320691
0.261728
0.2082
0.161115
0.120995
0.0879027
0.0615254
0.0411202
0.0266154
0.0124152
1
1
1
1
1
1
1
1
1
1
1
1
1
1
1
1
1
1
1
1
1
1
1
1
1
1
1
1
1
1
1
1
1
1
1
1
1
1
1
1
1
1
1
1
1
1
0.999999
0.999999
1
1
1
1
1
1
0.999996
0.999986
0.999974
0.999966
0.999967
0.999986
1.00003
1.0001
1.00021
1.00035
1.0005
1.00061
1.00058
1.00024
0.99937
0.997649
0.994726
0.990239
0.983871
0.975383
0.964642
0.951602
0.936258
0.918578
0.898422
0.87549
0.849307
0.819267
0.784727
0.745139
0.700202
0.649977
0.594974
0.536154
0.474881
0.412793
0.351652
0.293169
0.238849
0.189869
0.147006
0.110616
0.0806875
0.0566943
0.0390634
0.0206869
1
1
1
1
1
1
1
1
1
1
1
1
1
1
1
1
1
1
1
1
1
1
1
1
1
1
1
1
1
1
1
1
1
1
1
1
1
1
1
1
1
1
1
1
1
1
0.999999
0.999999
1
1
1
1
1
1
0.999997
0.999986
0.999974
0.999964
0.999964
0.999984
1.00003
1.00011
1.00023
1.00037
1.0005
1.00059
1.00052
1.00016
0.99929
0.997613
0.994791
0.990452
0.984234
0.975834
0.965038
0.951735
0.935894
0.917525
0.89661
0.873045
0.846597
0.816907
0.783531
0.746027
0.704072
0.657575
0.606768
0.552262
0.495034
0.436364
0.37773
0.320665
0.266618
0.216826
0.172225
0.133388
0.100568
0.0734337
0.0529395
0.0304343
1
1
1
1
1
1
1
1
1
1
1
1
1
1
1
1
1
1
1
1
1
1
1
1
1
1
1
1
1
1
1
1
1
1
1
1
1
1
1
1
1
1
1
1
1
1
0.999999
0.999999
1
1
1
1
1
1
0.999997
0.999987
0.999974
0.999963
0.999962
0.999981
1.00003
1.00012
1.00024
1.00038
1.00052
1.00059
1.0005
1.00011
0.999218
0.997552
0.994784
0.990546
0.984459
0.976179
0.965428
0.952029
0.935904
0.917054
0.895517
0.87131
0.844382
0.814583
0.781673
0.745366
0.705405
0.661654
0.614193
0.56338
0.509882
0.454654
0.398876
0.343852
0.290896
0.241215
0.195807
0.155385
0.120406
0.0906968
0.0677325
0.0413511
1
1
1
1
1
1
1
1
1
1
1
1
1
1
1
1
1
1
1
1
1
1
1
1
1
1
1
1
1
1
1
1
1
1
1
1
1
1
1
1
1
1
1
1
1
1
0.999999
0.999999
1
1
1
1
1
1
0.999998
0.999987
0.999974
0.999962
0.99996
0.999979
1.00003
1.00012
1.00024
1.00039
1.00053
1.00059
1.00049
1.00008
0.999165
0.99749
0.994742
0.990564
0.984575
0.976408
0.965745
0.952353
0.9361
0.916956
0.894967
0.87021
0.842755
0.812613
0.779725
0.743971
0.705208
0.663337
0.618378
0.570539
0.520262
0.468231
0.415352
0.362688
0.311371
0.262505
0.217078
0.175865
0.139458
0.107799
0.0828419
0.0530069
1
1
1
1
1
1
1
1
1
1
1
1
1
1
1
1
1
1
1
1
1
1
1
1
1
1
1
1
1
1
1
1
1
1
1
1
1
1
1
1
1
1
1
1
1
1
0.999999
0.999999
1
1
1
1
1
1
0.999998
0.999988
0.999974
0.999962
0.99996
0.999977
1.00003
1.00011
1.00024
1.0004
1.00054
1.0006
1.00049
1.00007
0.999132
0.99744
0.994692
0.990542
0.984616
0.976538
0.965969
0.952635
0.936358
0.917065
0.894782
0.869609
0.841678
0.811113
0.778001
0.74237
0.704213
0.663513
0.620305
0.574729
0.527085
0.477857
0.42772
0.377507
0.328151
0.280613
0.235806
0.194501
0.157362
0.124389
0.0979573
0.0652023
1
1
1
1
1
1
1
1
1
1
1
1
1
1
1
1
1
1
1
1
1
1
1
1
1
1
1
1
1
1
1
1
1
1
1
1
1
1
1
1
1
1
1
1
1
1
0.999999
0.999999
1
1
1
1
1
1
0.999998
0.999988
0.999975
0.999963
0.999959
0.999976
1.00002
1.00011
1.00024
1.0004
1.00054
1.00061
1.0005
1.00007
0.999115
0.997407
0.99465
0.990507
0.984614
0.976597
0.966104
0.95284
0.936589
0.917243
0.894798
0.869349
0.841056
0.810111
0.776697
0.740967
0.70303
0.662967
0.620861
0.576845
0.531141
0.484107
0.436243
0.388193
0.340714
0.294617
0.250715
0.209736
0.172364
0.13862
0.111209
0.0762152
1
1
1
1
1
1
1
1
1
1
1
1
1
1
1
1
1
1
1
1
1
1
1
1
1
1
1
1
1
1
1
1
1
1
1
1
1
1
1
1
1
1
1
1
1
1
0.999999
0.999999
1
1
1
1
1
1
0.999998
0.999988
0.999975
0.999963
0.99996
0.999976
1.00002
1.00011
1.00024
1.0004
1.00055
1.00062
1.00051
1.00007
0.999109
0.997383
0.994608
0.990457
0.984579
0.976607
0.96619
0.953016
0.936841
0.917513
0.894987
0.869327
0.840691
0.809309
0.775446
0.739374
0.701346
0.661582
0.62028
0.577629
0.533845
0.489198
0.444039
0.398812
0.354049
0.31035
0.268343
0.228629
0.191837
0.157936
0.129972
0.0928128
)
;

boundaryField
{
    upperWall
    {
        type            zeroGradient;
    }
    outlet
    {
        type            zeroGradient;
    }
    inlet
    {
        type            fixedValue;
        value           uniform 1;
    }
    lowerWall
    {
        type            fixedValue;
        value           uniform 0;
    }
    frontAndBack
    {
        type            empty;
    }
}


// ************************************************************************* //
