/*--------------------------------*- C++ -*----------------------------------*\
  =========                 |
  \\      /  F ield         | OpenFOAM: The Open Source CFD Toolbox
   \\    /   O peration     | Website:  https://openfoam.org
    \\  /    A nd           | Version:  7
     \\/     M anipulation  |
\*---------------------------------------------------------------------------*/
FoamFile
{
    version     2.0;
    format      ascii;
    class       volScalarField;
    location    "0.1";
    object      T;
}
// * * * * * * * * * * * * * * * * * * * * * * * * * * * * * * * * * * * * * //

dimensions      [0 0 0 1 0 0 0];

internalField   nonuniform List<scalar> 
5936
(
0.510403
0.913154
0.998127
0.98039
1.00388
1.01131
0.999855
1.00146
0.997956
0.995179
0.99749
0.993564
0.997585
0.993397
0.997627
0.99332
0.997564
0.993376
0.997683
0.993366
0.997633
0.993327
0.997575
0.993501
0.997708
0.993399
0.997659
0.993131
0.997442
0.99338
0.997562
0.993392
0.997599
0.993298
0.997515
0.9935
0.997676
0.993296
0.997321
0.993423
0.997625
0.993398
0.99765
0.993332
0.997606
0.993392
0.997685
0.993051
0.997296
0.993002
0.997456
0.993486
0.99782
0.993602
0.997694
0.993481
0.997558
0.993451
0.997707
0.99336
0.997662
0.993116
0.997441
0.993368
0.997562
0.993382
0.997617
0.993297
0.997577
0.993506
0.997752
0.993276
0.997668
0.993537
0.997591
0.993269
0.997453
0.992955
0.997344
0.993312
0.997562
0.993404
0.997389
0.993256
0.997424
0.99344
0.997626
0.993242
0.997836
0.993202
0.997506
0.993284
0.99634
0.992396
0.995323
0.992149
0.994176
0.991121
0.99293
0.114981
-0.00303406
-0.000393121
-6.63742e-06
4.59161e-07
2.34475e-08
5.08371e-10
2.96681e-12
-1.59122e-13
-4.72568e-15
-5.4682e-17
2.27957e-19
2.02506e-20
3.79291e-22
4.14635e-24
1.14484e-26
-4.24815e-28
-9.60727e-30
-1.08561e-31
-6.33699e-34
1.80027e-36
9.21294e-38
1.17765e-39
9.50658e-42
-2.46577e-60
6.51768e-44
-9.42656e-42
-2.16541e-39
1.01195e-37
6.04268e-36
-1.08295e-34
-7.81731e-34
-1.22531e-31
4.43207e-31
-1.49448e-29
-1.42247e-28
-7.94234e-28
-7.15858e-27
-2.53531e-26
2.55043e-26
-2.14845e-25
3.67968e-25
9.2156e-24
6.12931e-23
7.15425e-23
1.76433e-22
4.37327e-22
4.72371e-22
2.8935e-22
1.86869e-22
1.04573
1.02201
0.998747
1.02583
0.786561
0.853122
0.530977
0.606493
0.318734
0.376737
0.175738
0.213764
0.0885045
0.110289
0.0430202
0.054097
0.0185635
0.0240926
0.00779516
0.0102011
0.00324057
0.00426162
0.00132913
0.00175862
0.000513235
0.000689878
0.000199557
0.000267961
7.53649e-05
0.000102047
2.73356e-05
3.73797e-05
9.93522e-06
1.36136e-05
3.39229e-06
4.71929e-06
1.15788e-06
1.6037e-06
4.13059e-07
5.67676e-07
1.33232e-07
1.86057e-07
4.36653e-08
6.09261e-08
1.39119e-08
1.96073e-08
4.24461e-09
5.99449e-09
1.38737e-09
1.94246e-09
4.2706e-10
6.04856e-10
1.30023e-10
1.84378e-10
4.00038e-11
5.66759e-11
1.18028e-11
1.68548e-11
3.50097e-12
4.99274e-12
1.052e-12
1.49364e-12
3.08865e-13
4.40682e-13
8.82204e-14
1.26243e-13
2.55541e-14
3.66124e-14
6.97986e-15
1.00234e-14
1.98431e-15
2.84118e-15
5.59226e-16
8.04176e-16
1.48623e-16
2.14137e-16
4.13844e-17
5.95063e-17
1.09843e-17
1.59429e-17
2.86117e-18
4.13969e-18
7.86342e-19
1.14033e-18
2.07029e-19
3.02135e-19
5.63623e-20
8.23363e-20
1.49589e-20
2.23304e-20
4.30144e-21
6.53058e-21
1.57664e-21
2.47677e-21
6.09089e-22
2.8187e-22
9.55257e-22
1.30778e-43
3.05264e-22
0.0113574
-0.00152958
-6.99481e-05
6.30538e-07
1.18104e-07
3.77966e-09
5.28075e-11
-3.50832e-13
-3.20654e-14
-5.76486e-16
-3.0405e-18
1.05882e-19
2.91536e-21
4.26778e-23
3.09139e-25
-1.38482e-27
-7.6445e-29
-1.08058e-30
-9.19865e-33
-2.68398e-35
5.90565e-37
1.11631e-38
1.09759e-40
-0.00152476
8.62808e-43
4.76463e-22
3.88734e-42
8.79816e-41
-1.94014e-38
1.19059e-37
-3.67774e-36
-1.72281e-34
1.12903e-32
4.38557e-31
1.35986e-30
3.06791e-29
-1.76417e-28
5.95158e-27
-3.96589e-27
1.09808e-25
2.01923e-25
1.2865e-24
-4.26378e-25
3.02988e-23
9.17887e-23
7.36008e-23
3.13235e-22
4.90008e-22
4.18911e-22
-3.52726e-05
0.0624371
1.57579e-06
0.45583
-0.000295611
7.15111e-07
5.0758e-07
1.77877e-08
2.85017e-10
-6.13057e-13
-1.43762e-13
-3.03092e-15
-2.27761e-17
4.27306e-19
1.54727e-20
2.36856e-22
2.00969e-24
-3.24752e-27
-3.65257e-28
-6.19059e-30
-5.77625e-32
-2.19357e-34
2.78719e-36
6.42175e-38
6.67233e-40
4.54189e-42
1.106e-40
-2.94567e-38
2.31941e-37
-7.02591e-36
-2.73214e-34
1.60015e-32
6.67353e-31
1.7566e-30
4.32548e-29
-2.85149e-28
9.07983e-27
-6.47306e-27
1.70892e-25
3.0813e-25
1.9744e-24
-3.01579e-25
4.84443e-23
1.44848e-22
1.20466e-22
4.94687e-22
7.60651e-22
6.44951e-22
6.01205e-42
1.01267e-07
2.46247e-09
2.09987e-11
-5.71816e-13
-2.35669e-14
-3.22313e-16
3.3772e-20
9.84449e-20
1.99983e-21
2.41279e-23
1.05425e-25
-1.95945e-27
-5.46816e-29
-6.3333e-31
-4.24976e-33
3.21776e-36
4.95997e-37
6.8807e-39
5.613e-41
-3.44727e-39
1.68219e-37
9.25083e-36
-1.71989e-34
-1.16274e-33
-1.7767e-31
7.33839e-31
-2.263e-29
-2.18772e-28
-1.14997e-27
-1.11396e-26
-3.78115e-26
4.62443e-26
-2.93044e-25
6.34858e-25
1.49369e-23
9.72241e-23
1.14908e-22
2.81753e-22
6.8744e-22
7.32922e-22
4.68644e-22
-0.00660343
-0.00562209
-1.47914e-41
0.595032
-0.000642246
0.960513
1.00841
1.00518
1.01357
1.03364
1.01285
1.03511
1.01213
1.03556
1.01113
1.03532
1.01113
1.03299
1.01051
1.0322
1.0102
1.03093
1.01025
1.03079
1.01025
1.03175
1.00978
1.03143
1.01051
1.03076
1.01084
1.03204
1.00973
1.03157
1.01093
1.03107
1.0101
1.03235
1.01073
1.03046
1.01062
1.03193
1.0102
1.03243
1.01081
1.03124
1.01064
1.03292
1.01125
1.03206
1.01119
1.03201
1.01013
1.03239
1.00972
1.03047
1.0101
1.03059
1.01014
1.03163
1.00972
1.03132
1.01048
1.0307
1.01082
1.03198
1.00968
1.03152
1.01071
1.03098
1.00972
1.03201
1.00957
1.02959
1.01002
1.03072
1.01037
1.03102
1.01093
1.03102
1.01128
1.03268
1.01111
1.03245
1.0115
1.03162
1.0116
1.03295
1.00967
1.0308
1.01022
1.02844
1.01318
1.0296
1.01505
1.02929
1.0211
1.03583
1.03058
-3.4425e-41
0.0061377
-5.17505e-05
0.25795
-1.04658e-06
1.34958e-08
1.18498e-09
2.78409e-11
1.61388e-13
-8.98316e-15
-2.92765e-16
-4.55573e-18
-2.27635e-20
5.17351e-22
1.57041e-23
2.0602e-25
1.50117e-27
-6.85914e-30
-3.25981e-31
-4.72241e-33
-3.77314e-35
-4.80882e-38
2.72703e-39
3.50956e-41
-7.51838e-39
-0.000625016
0.0014532
-0.0012788
4.14027e-43
9.37406e-22
1.44785e-21
-4.81505e-08
-4.30687e-07
1.13701e-08
0.53648
4.18515e-37
1.75201e-35
-3.74743e-34
-1.90746e-33
-3.15378e-31
1.37791e-30
-4.56385e-29
-4.75553e-28
-1.83789e-27
-2.5462e-26
-6.63224e-26
7.93685e-26
-4.91301e-25
1.01027e-24
3.58353e-23
2.01613e-22
2.14667e-22
6.11934e-22
1.39308e-21
1.42148e-21
7.88959e-22
1.60036e-21
0.0533474
0.194139
0.0310177
-0.000223992
-0.000630357
-0.00017577
-8.87317e-06
-5.07771e-06
0.990429
1.04172
0.776551
0.867498
0.536915
0.631553
0.324458
0.396076
0.181072
0.227052
0.0918512
0.119395
0.0434003
0.0567004
0.0191367
0.025611
0.00808632
0.0109073
0.00341819
0.0046208
0.00138319
0.00187603
0.000559185
0.000765164
0.000216769
0.000299499
8.10439e-05
0.000112284
3.07421e-05
4.2636e-05
1.09123e-05
1.52047e-05
3.83229e-06
5.36365e-06
1.32889e-06
1.87829e-06
4.4153e-07
6.22331e-07
1.46858e-07
2.09347e-07
4.88833e-08
6.92465e-08
1.57302e-08
2.23403e-08
4.89076e-09
7.05426e-09
1.57792e-09
2.2428e-09
4.90673e-10
7.00335e-10
1.56376e-10
2.23709e-10
4.67872e-11
6.72158e-11
1.36118e-11
1.95435e-11
4.27964e-12
6.12465e-12
1.24248e-12
1.8019e-12
3.56511e-13
5.13978e-13
1.07482e-13
1.55012e-13
3.03179e-14
4.38006e-14
8.41151e-15
1.22535e-14
2.4208e-15
3.49089e-15
6.79693e-16
9.81253e-16
1.84412e-16
2.69497e-16
5.13002e-17
7.42269e-17
1.36547e-17
1.97977e-17
3.6754e-18
5.37858e-18
9.8453e-19
1.42475e-18
2.6435e-19
3.84463e-19
7.57867e-20
1.09785e-19
2.21234e-20
3.19176e-20
7.79568e-21
1.152e-20
0.78257
1.67604e-41
0.843614
-5.05325e-41
4.21762e-32
2.47497e-32
-3.46939e-05
4.3003e-41
9.51133e-42
-5.10237e-31
5.52602e-09
1.97787e-10
2.97927e-12
-2.29823e-14
-1.76712e-15
-4.04477e-17
-4.03945e-19
7.19429e-22
1.03478e-22
2.00836e-24
1.92128e-26
5.36472e-29
-2.09304e-30
-4.19738e-32
-4.65827e-34
-2.25078e-36
1.2642e-38
3.822e-40
-1.19632e-38
-8.98802e-34
-5.3335e-34
1.24736e-36
7.59156e-37
-5.29289e-38
2.81354e-35
-9.101e-38
-2.72084e-35
-3.3061e-33
1.5673e-08
1.44303e-30
1.59864e-30
7.43481e-29
-5.66999e-28
1.77418e-26
-1.1765e-26
3.75228e-25
6.22251e-25
4.15321e-24
1.2194e-24
1.04456e-22
2.87462e-22
2.52467e-22
1.02652e-21
1.45554e-21
1.24695e-21
1.18671e-10
7.29318e-23
1.67265e-21
1.3328e-40
-1.66073e-19
3.38834e-21
-2.36813e-17
2.14132e-21
2.12256e-21
9.13124e-22
3.29268e-22
3.04054e-22
5.32568e-23
1.71098e-24
-7.57394e-25
1.23924e-25
-1.07198e-25
-3.84842e-26
-3.12804e-27
2.23119e-40
1.29158e-38
-5.64387e-37
-2.18443e-34
-2.45072e-32
-1.58645e-30
-9.55021e-30
9.00512e-27
1.14661e-24
1.82096e-21
2.23325e-21
1.56278e-21
3.80313e-22
4.37617e-22
1.55453e-22
1.34279e-24
6.36428e-24
9.67333e-25
5.80558e-25
-1.8199e-26
2.72418e-26
-9.07012e-28
1.18611e-28
3.31386e-30
-3.59877e-35
1.97752e-39
3.80209e-38
-1.50775e-35
-2.57263e-33
-2.08309e-31
-8.09144e-30
5.25031e-28
1.06802e-25
9.78516e-24
4.40917e-22
-3.20343e-21
-2.29591e-18
-1.84633e-16
-7.23845e-15
-1.81345e-14
1.47809e-11
7.93805e-10
2.18431e-30
-1.22777e-15
-2.9615e-14
1.21152e-12
4.33987e-09
6.43569e-37
-7.17955e-28
-5.79417e-34
-6.93705e-29
2.31053e-30
-1.40585e-05
6.46182e-32
1.0213
1.03494
1.01199
1.03739
1.02309
1.03858
1.02614
1.0382
1.02952
1.03984
1.03294
1.03899
1.03309
1.03887
1.03297
1.03927
1.03273
1.03888
1.03225
1.03885
1.03255
1.03913
1.0313
1.03945
1.0329
1.03778
1.03195
1.03989
1.03105
1.03911
1.03312
1.03965
1.03171
1.03866
1.03055
1.03892
1.03096
1.03911
1.03184
1.03819
1.03141
1.03957
1.03178
1.03903
1.03228
1.03895
1.03304
1.03907
1.03301
1.0394
1.0332
1.03893
1.03243
1.03891
1.03265
1.03916
1.03135
1.03947
1.03289
1.03777
1.03193
1.03981
1.0312
1.03898
1.0338
1.04014
1.03395
1.03918
1.03323
1.03882
1.03248
1.03913
1.03168
1.03914
1.03103
1.03848
1.03115
1.03876
1.0302
1.03926
1.03078
1.03875
1.03332
1.04316
1.03371
1.05039
1.03245
1.04345
1.00452
1.01989
-1.73185e-33
-1.16971e-18
-1.51584e-27
5.35429e-21
1.53471e-36
4.48395e-30
-3.88898e-23
1.03086e-09
2.52611e-10
2.30399e-09
5.95679e-11
1.32059e-12
9.91557e-15
3.95483e-21
-2.21397e-16
2.5576e-21
-8.91587e-18
-5.72348e-18
-2.81175e-40
-1.38149e-20
-1.09712e-21
-6.92499e-21
-4.11425e-22
3.3946e-21
1.92337e-24
5.06218e-26
5.98271e-28
2.52356e-30
-3.74759e-32
-1.11904e-33
-1.24361e-35
-7.95664e-38
-3.45559e-08
-9.89761e-09
-1.40499e-16
-5.67241e-16
-1.49989e-37
2.39185e-36
-8.31306e-31
-1.3366e-30
6.71506e-30
5.23346e-35
-1.32864e-28
-5.23091e-33
-9.00318e-33
1.09551e-31
3.31635e-36
8.43787e-35
-5.063e-05
-3.99875e-05
5.39234e-31
-2.02867e-28
-1.24215e-33
-2.81542e-33
1.85724e-28
2.98909e-28
-2.27613e-27
-4.58884e-27
-8.63038e-26
-1.65e-25
2.0342e-25
-1.20107e-24
2.84103e-24
1.2258e-22
6.13616e-22
5.98174e-22
1.87076e-21
4.13489e-21
4.30127e-21
6.14955e-21
3.05649e-10
2.32672e-10
0.809344
0.894161
0.582001
0.674936
0.356944
0.43281
0.205663
0.254667
0.107488
0.137759
0.0499255
0.0655824
0.0217002
0.0291083
0.00939801
0.0126179
0.00398229
0.00536312
0.00162315
0.00221596
0.000656431
0.000897516
0.000259903
0.00035559
9.8414e-05
0.000136507
3.60617e-05
5.02051e-05
1.28511e-05
1.80441e-05
4.52759e-06
6.36517e-06
1.54411e-06
2.18485e-06
5.24601e-07
7.41579e-07
1.78319e-07
2.53717e-07
5.75676e-08
8.22343e-08
1.86036e-08
2.65304e-08
6.02355e-09
8.66364e-09
1.89801e-09
2.71269e-09
5.91746e-10
8.54825e-10
1.86651e-10
2.68534e-10
5.6869e-11
8.25162e-11
1.70952e-11
2.47994e-11
5.17088e-12
7.42955e-12
1.53091e-12
2.20735e-12
4.50047e-13
6.53472e-13
1.31557e-13
1.90746e-13
3.7437e-14
5.42699e-14
1.07075e-14
1.56521e-14
2.94596e-15
4.28782e-15
8.31221e-16
1.20724e-15
2.36515e-16
3.45796e-16
6.42332e-17
9.39607e-17
1.74793e-17
2.55344e-17
4.67061e-18
6.85662e-18
1.26329e-18
1.84134e-18
3.37282e-19
4.96052e-19
9.49895e-20
1.38822e-19
3.12278e-20
4.42522e-20
-4.90933e-17
-1.81026e-16
-3.68459e-17
2.80165e-21
4.0908e-21
4.8151e-36
-1.23778e-40
-6.66051e-19
-1.26142e-19
0.000260034
-2.46053e-40
0.953633
9.62696e-10
7.6894e-21
-2.26758e-40
9.04082e-24
7.41809e-24
5.62341e-21
2.68385e-15
3.94831e-11
9.8028e-12
6.0932e-12
1.4028e-13
-6.97687e-20
7.15716e-24
3.66131e-25
6.32006e-27
5.33721e-29
-3.70845e-32
-7.654e-33
-1.20909e-34
-1.03817e-36
-2.44877e-38
0.0180212
4.74257e-21
-3.60923e-07
-1.82521e-07
-2.84557e-27
-1.75835e-27
0.969209
-1.17341e-34
4.19107e-30
-4.34026e-26
-2.96379e-26
5.28165e-26
-2.77894e-25
8.25528e-26
1.25743e-24
1.9142e-24
1.32535e-23
9.01574e-24
3.31865e-22
8.3346e-22
7.88873e-22
3.12337e-21
6.61042e-21
0.0777255
0.0517968
1.32553e-20
-6.74665e-35
-2.5852e-06
-9.6744e-06
-1.50213e-06
6.35109e-21
2.80747e-21
9.13733e-22
9.24472e-22
1.79126e-22
4.82394e-24
-2.63259e-37
-4.94155e-37
4.69663e-21
1.17502e-21
1.26587e-21
0.00331877
0.0119536
0.00190808
4.99124e-22
0.708829
1.1769e-23
2.01036e-23
2.94066e-24
-6.28835e-36
-6.64613e-34
-3.14831e-32
5.13131e-31
3.21631e-28
3.22309e-26
7.28149e-13
-4.89362e-39
-0.000100706
-8.18123e-06
-0.000110027
-1.62309e-34
0.804542
-1.85519e-39
1.4772e-24
-5.30179e-33
-1.30481e-31
-3.43146e-38
2.02476e-29
6.60263e-14
3.47723e-27
2.43005e-25
-3.93366e-38
-7.89241e-27
1.91407e-24
2.7437e-30
-1.92895e-33
7.18529e-30
-1.29343e-25
-1.88261e-24
3.18927e-25
0.325188
-1.16375e-18
0.902474
0.912221
0.843345
0.92252
0.85569
0.932838
0.871221
0.939099
0.8817
0.93768
0.883518
0.938594
0.882422
0.938878
0.885558
0.93902
0.884283
0.937186
0.882814
0.937371
0.882133
0.938135
0.8819
0.935773
0.881395
0.936768
0.881273
0.936403
0.881149
0.932745
0.879429
0.932931
0.877085
0.936333
0.879109
0.937268
0.883275
0.937425
0.882278
0.937779
0.881796
0.938063
0.88304
0.937062
0.88183
0.939976
0.883939
0.939633
0.887043
0.939335
0.884832
0.937341
0.883038
0.937409
0.882232
0.938125
0.881891
0.935985
0.881382
0.937837
0.881558
0.938369
0.88273
0.941268
0.886209
0.938005
0.885239
0.937828
0.882515
0.937807
0.884504
0.938016
0.882174
0.935535
0.878569
0.933062
0.875403
0.937849
0.877253
0.946269
0.889619
0.961166
0.905636
0.931307
0.844905
0.885943
-1.80884e-08
-1.97711e-39
3.97518e-24
-9.88153e-35
-2.85252e-25
-4.73927e-34
8.55766e-12
8.18602e-27
7.98694e-21
-2.4479e-36
-2.81455e-18
-3.49287e-18
-1.01209e-26
-4.2662e-23
1.04576e-21
7.16734e-33
9.91389e-21
-7.69409e-38
-7.99101e-26
2.49414e-26
3.22564e-26
3.06513e-13
1.54525e-29
1.3165e-31
5.40678e-32
-3.2367e-35
-3.04773e-34
9.27868e-21
-5.42068e-27
-1.73908e-26
4.66521e-15
8.93956e-21
5.75902e-36
1.19194e-29
-1.90877e-05
-3.98608e-28
-5.46072e-33
-4.29562e-22
-2.23924e-22
0.834938
-2.43581e-24
-4.29977e-25
6.13788e-24
0.211254
-1.74517e-35
-1.14873e-35
5.86757e-24
-3.79599e-24
-4.16682e-37
-7.2991e-37
9.1959e-36
8.5988e-24
4.08123e-22
1.57357e-21
2.38584e-21
2.42603e-21
5.7678e-21
1.42805e-20
1.25907e-20
-9.97434e-11
1.46659e-34
-6.73992e-34
0.627889
0.719856
0.393924
0.47777
0.233896
0.291737
0.122759
0.158754
0.0569961
0.0754523
0.0255251
0.0344389
0.0109338
0.0148712
0.00471447
0.00637444
0.00194901
0.00267713
0.000780991
0.00107634
0.000312353
0.000430969
0.000116968
0.000164077
4.25547e-05
5.97376e-05
1.57094e-05
2.21512e-05
5.43801e-06
7.78291e-06
1.87223e-06
2.66165e-06
6.47339e-07
9.20823e-07
2.14521e-07
3.08103e-07
7.01942e-08
1.00893e-07
2.32863e-08
3.35157e-08
7.37684e-09
1.07108e-08
2.36629e-09
3.40394e-09
7.51983e-10
1.09273e-09
2.33637e-10
3.37479e-10
7.40752e-11
1.06927e-10
2.18482e-11
3.23872e-11
6.2237e-12
9.10122e-12
1.93576e-12
2.81306e-12
5.68424e-13
8.35341e-13
1.65053e-13
2.41078e-13
4.83708e-14
7.10464e-14
1.34629e-14
1.99118e-14
3.77076e-15
5.52692e-15
1.08601e-15
1.58896e-15
3.01835e-16
4.4441e-16
8.51488e-17
1.24642e-16
2.34129e-17
3.45652e-17
6.24579e-18
9.22511e-18
1.71476e-18
2.52078e-18
4.65234e-19
6.88903e-19
1.28245e-19
1.87126e-19
4.058e-20
5.7875e-20
1.59664e-25
2.50506e-25
-4.38441e-25
1.14694e-20
1.82267e-20
1.54251e-20
4.55519e-23
6.122e-22
-1.24859e-07
-7.66787e-08
1.63311e-28
8.57796e-29
1.23629e-20
1.97274e-20
1.16173e-35
1.77556e-35
2.37728e-34
4.0728e-14
1.85631e-13
2.25288e-14
2.18821e-11
4.28431e-12
2.30801e-11
-3.07771e-24
-1.98733e-23
-1.06434e-24
-1.3325e-37
-7.82339e-35
-2.12382e-05
-1.09804e-05
-1.92459e-09
2.0552e-20
7.84886e-30
1.37269e-30
1.82972e-20
3.81247e-26
6.53257e-23
-2.18169e-19
1.39034e-20
1.81233e-33
-8.46773e-19
-2.42728e-37
1.83871e-12
1.90695e-20
1.24518e-27
6.44908e-12
7.68326e-31
-9.02462e-10
-1.39399e-19
-3.03072e-20
1.2265e-12
8.02029e-28
2.30232e-20
-9.86479e-09
5.53905e-27
2.3487e-15
4.03998e-16
-6.77258e-07
-4.41139e-07
1.37046e-29
2.03551e-29
0.890724
-1.43919e-29
0.658514
-6.03717e-28
-4.08206e-33
-6.37738e-33
-5.96544e-26
-4.83849e-27
-8.84482e-27
-9.67073e-26
0.685239
-7.35646e-25
8.69837e-21
0.826195
4.38399e-25
4.1748e-23
0.0236599
1.86558e-21
1.66637e-21
1.91147e-17
1.80601e-16
1.17763e-18
-2.03633e-30
2.11574e-29
9.10621e-24
-1.3761e-36
1.71431e-31
-3.30892e-30
6.37687e-23
7.35974e-05
7.23821e-06
-3.62003e-21
-2.04644e-21
0.000920531
0.000475281
6.29581e-28
4.20588e-28
7.06554e-25
0.794515
-1.74006e-29
-8.87668e-33
3.66078e-21
3.66368e-21
1.46664e-23
2.85329e-21
2.55649e-21
-1.73129e-32
-2.52825e-08
6.69888e-25
0.704286
0.721084
0.628278
0.731731
0.642408
0.733749
0.648604
0.732091
0.648355
0.735942
0.648975
0.734795
0.652111
0.732586
0.649892
0.734612
0.650834
0.733584
0.65226
0.732479
0.651364
0.734225
0.65146
0.732751
0.650848
0.730587
0.649664
0.731434
0.649044
0.731318
0.648846
0.73503
0.649202
0.733054
0.651208
0.731613
0.647478
0.732718
0.648656
0.733604
0.650085
0.733623
0.648963
0.738648
0.651546
0.73552
0.653673
0.732793
0.650262
0.734661
0.650897
0.733558
0.652231
0.732445
0.651227
0.734261
0.651088
0.733745
0.649986
0.735292
0.649184
0.7352
0.65099
0.733251
0.650217
0.736321
0.650853
0.733176
0.652488
0.725629
0.646406
0.724453
0.641278
0.724516
0.639238
0.733762
0.643814
0.754556
0.673966
0.544778
3.65121e-20
2.73715e-29
-1.59794e-26
3.95229e-31
-7.97317e-26
7.94919e-28
2.32728e-20
5.41173e-20
1.35765e-22
-1.01804e-28
9.55776e-13
3.74591e-19
2.71745e-34
3.79573e-20
2.09914e-22
-7.16331e-13
1.34269e-12
0.297509
3.76035e-33
1.67088e-33
-8.01304e-26
4.74362e-21
-1.16212e-24
-5.1536e-25
4.48205e-32
2.18056e-32
5.79987e-21
1.16152e-17
4.31238e-18
3.54738e-30
2.01535e-30
-1.47564e-32
-1.32855e-32
-2.83531e-32
1.8397e-20
0.00307249
0.01427
-8.53512e-37
1.18336e-35
9.70118e-35
1.47029e-37
-3.45846e-24
2.04549e-22
3.39839e-21
8.68023e-21
0.0555058
1.88622e-23
-6.0315e-24
-2.57475e-32
0.00524562
0.00947501
2.74278e-31
0.0456591
0.0282256
0.0873382
7.08959e-21
7.31024e-21
0.604585
0.461653
1.42162e-21
5.10207e-21
-4.51168e-28
1.74282e-27
0.440369
0.278929
0.347181
0.148559
0.194406
0.0676788
0.0918546
0.0304988
0.0415943
0.0136939
0.018702
0.00584455
0.00800872
0.0024295
0.00334896
0.000993552
0.00137277
0.000388024
0.000541751
0.000144703
0.000204262
5.34167e-05
7.55271e-05
1.9807e-05
2.80402e-05
7.03668e-06
1.01044e-05
2.39906e-06
3.46564e-06
8.14037e-07
1.17412e-06
2.76866e-07
3.98637e-07
9.18945e-08
1.33232e-07
2.98899e-08
4.34156e-08
9.76076e-09
1.42497e-08
3.07222e-09
4.50135e-09
9.75619e-10
1.42543e-09
3.07812e-10
4.50143e-10
9.65739e-11
1.42093e-10
2.92586e-11
4.32589e-11
8.52165e-12
1.26214e-11
2.5798e-12
3.80243e-12
7.64818e-13
1.12571e-12
2.23676e-13
3.29556e-13
6.4925e-14
9.59329e-14
1.84037e-14
2.74025e-14
5.14082e-15
7.66951e-15
1.44921e-15
2.1494e-15
4.15602e-16
6.1472e-16
1.19249e-16
1.77764e-16
3.24034e-17
4.82459e-17
9.11637e-18
1.35969e-17
2.47593e-18
3.71443e-18
6.74512e-19
1.01661e-18
1.96366e-19
3.01892e-19
6.31971e-20
-3.15129e-06
-8.63887e-06
-2.21061e-06
-1.37059e-07
-8.8401e-08
-1.88126e-33
-2.0571e-32
1.82668e-28
1.21089e-28
2.88622e-20
5.76069e-20
1.30678e-23
1.0808e-24
-8.0335e-22
2.10895e-21
-1.83305e-20
-1.88944e-26
5.18191e-14
4.20132e-35
4.3511e-20
3.51778e-20
2.21242e-31
0.00539338
0.00167552
4.38993e-31
1.04339e-19
2.96415e-20
1.26181e-20
6.64878e-23
2.95404e-23
0.117129
1.68342e-29
-9.89228e-20
-9.42339e-20
2.99651e-22
-4.64642e-11
-1.76385e-11
-1.6567e-26
-3.40249e-26
1.17262e-20
7.7592e-21
-1.69812e-24
-1.07616e-24
4.50974e-29
-5.82391e-07
-4.10286e-07
1.08746e-20
3.33303e-29
6.1648e-29
-1.37004e-28
-4.15032e-09
7.80912e-25
5.02951e-25
7.28444e-28
-1.23176e-27
-7.32041e-27
1.30482e-16
6.78689e-17
0.604545
0.672057
-9.84411e-37
-4.09286e-32
2.88891e-23
2.16477e-35
3.3549e-35
6.50281e-35
0.161642
2.73725e-20
-1.51835e-08
-7.15517e-32
2.70209e-13
8.35574e-13
1.91089e-13
0.52879
0.675202
-9.88272e-25
-1.4947e-24
-1.52726e-25
-1.8627e-27
-5.30718e-10
-2.41473e-09
-2.54034e-10
2.81327e-05
-4.94968e-30
-8.33735e-30
6.70332e-29
-1.14038e-23
-6.26993e-24
3.75884e-20
0.000243606
0.000882119
0.000133235
-5.16007e-21
-3.55166e-21
7.15804e-31
4.01711e-34
6.71669e-34
-2.74155e-33
3.28132e-14
8.04529e-15
1.99854e-23
5.79681e-20
1.16795e-27
7.52794e-28
0.536287
5.39809e-20
1.19406e-30
2.04399e-20
0.497628
0.501926
0.430366
0.501132
0.432256
0.502969
0.432953
0.502872
0.433637
0.503848
0.433438
0.505245
0.435664
0.50585
0.436054
0.507614
0.437481
0.50559
0.438266
0.505061
0.435587
0.505423
0.436425
0.505148
0.437013
0.503342
0.435417
0.503982
0.434294
0.503002
0.434662
0.501687
0.433263
0.503585
0.433903
0.503422
0.434615
0.503516
0.43452
0.503305
0.433448
0.503544
0.43307
0.504024
0.433753
0.505184
0.435661
0.505733
0.435943
0.507408
0.437346
0.505048
0.437975
0.503419
0.434661
0.502305
0.433659
0.502979
0.433841
0.504503
0.435065
0.506158
0.437062
0.504738
0.437288
0.501573
0.434987
0.496329
0.43153
0.490612
0.424019
0.491818
0.417288
0.524233
0.464788
0.426563
0.346252
0.765628
-1.07056e-07
1.39405e-22
8.50349e-20
4.56759e-20
5.24542e-31
2.51003e-20
-2.48319e-27
-1.01623e-22
-5.33674e-32
4.15617e-22
2.2412e-22
0.240031
4.58695e-30
-1.05126e-31
-1.81483e-31
1.8964e-30
3.02899e-17
5.56318e-20
1.29044e-19
-2.56014e-24
-1.37224e-11
-3.80648e-27
1.05846e-19
-2.8054e-20
-8.50757e-20
-2.00117e-20
9.8092e-33
1.18958e-05
-5.74882e-07
0.407346
7.83693e-32
4.56447e-32
0.465064
2.41502e-30
1.89702e-30
4.10446e-23
0.0652643
-1.52096e-26
-2.29808e-26
-2.69611e-26
-4.86093e-22
-5.72213e-23
0.184015
8.5895e-20
-5.45337e-22
-1.92853e-24
6.35061e-23
0.352941
0.488533
0.423886
0.40942
5.80738e-23
1.24452e-24
6.33996e-22
1.7133e-20
3.12289e-20
0.38462
0.353399
0.192024
1.36439e-20
3.75805e-20
1.08217e-15
4.82978e-15
5.99324e-16
1.0641e-20
2.62597e-20
-3.03227e-26
-1.571e-26
0.191327
0.0860846
0.119797
0.0398882
0.0543903
0.0180475
0.0245842
0.00760955
0.0104712
0.00319063
0.00443208
0.00126842
0.00177592
0.000497662
0.00069692
0.000190213
0.000270598
7.04556e-05
0.000100517
2.61312e-05
3.71881e-05
9.56994e-06
1.38225e-05
3.23302e-06
4.69752e-06
1.11916e-06
1.62408e-06
3.84319e-07
5.59388e-07
1.23846e-07
1.80894e-07
4.12482e-08
6.02896e-08
1.3645e-08
2.00579e-08
4.2741e-09
6.28994e-09
1.3992e-09
2.06713e-09
4.3478e-10
6.43692e-10
1.35868e-10
1.99406e-10
4.27798e-11
6.38478e-11
1.23315e-11
1.85834e-11
3.67833e-12
5.4438e-12
1.10331e-12
1.65651e-12
3.15467e-13
4.72779e-13
9.12283e-14
1.36431e-13
2.67823e-14
4.03552e-14
7.44083e-15
1.11779e-14
2.15538e-15
3.24337e-15
6.24496e-16
9.35583e-16
1.75546e-16
2.6209e-16
4.97309e-17
7.61517e-17
1.37448e-17
2.08101e-17
3.93738e-18
5.93731e-18
1.1593e-18
1.77304e-18
3.65583e-19
5.69964e-19
9.28688e-20
1.43522e-19
1.41757e-19
-4.35005e-32
-8.87088e-32
-1.61677e-28
-2.78952e-29
1.10173e-19
1.63344e-19
-7.46161e-26
8.92056e-23
4.81703e-21
1.62457e-20
3.15124e-14
3.55767e-31
-7.70998e-08
-2.66159e-08
-4.59225e-22
-1.16219e-22
8.46364e-20
1.27175e-21
8.49835e-22
1.66714e-17
3.29442e-18
1.7048e-19
-1.08753e-21
-1.53498e-21
-1.22254e-27
-1.90102e-23
-1.2101e-23
7.75429e-30
0.181852
5.46581e-33
1.0032e-33
3.82469e-25
-3.18793e-07
-2.73029e-07
-1.18802e-10
-6.44829e-11
-1.03861e-26
6.759e-05
9.80915e-20
-4.78117e-28
-5.71826e-27
1.53827e-19
1.42959e-19
-2.96087e-25
1.46202e-24
2.10749e-20
2.29128e-16
1.37469e-16
1.04894e-33
1.37404e-34
1.76093e-33
4.27075e-14
7.58741e-14
0.262424
9.12163e-29
-6.66957e-28
0.0427944
0.0134063
9.42962e-26
-3.47359e-24
2.28199e-19
-1.70849e-06
-2.26739e-06
-1.40259e-06
1.24165e-28
1.69696e-28
-1.12426e-29
-1.85784e-29
1.87076e-28
0.00039239
0.000221272
4.92053e-28
3.69059e-28
-6.50327e-12
-9.51157e-13
-7.08668e-33
-1.06215e-32
-6.85604e-32
-1.77196e-08
-5.19524e-09
7.18366e-21
-1.52845e-24
2.23411e-24
1.42667e-24
-1.58309e-25
-3.98633e-31
-1.46262e-24
0.320338
0.31917
0.265506
0.317602
0.263432
0.318905
0.262049
0.319289
0.263489
0.320469
0.263826
0.322243
0.265063
0.320525
0.265011
0.318225
0.262561
0.321276
0.263004
0.32143
0.266107
0.320623
0.265437
0.318806
0.264153
0.318307
0.262758
0.319436
0.262775
0.318728
0.26369
0.318035
0.262514
0.321084
0.263691
0.319631
0.26711
0.319527
0.264688
0.319944
0.26452
0.319428
0.264147
0.320347
0.263835
0.322088
0.26495
0.320283
0.264898
0.317414
0.262296
0.318583
0.262094
0.319315
0.263889
0.321551
0.264962
0.323102
0.267926
0.321744
0.267562
0.321741
0.266865
0.316703
0.265953
0.308157
0.259119
0.299196
0.24973
-1.66136e-31
5.38307e-20
-7.45089e-29
-6.52039e-27
-3.74195e-08
2.50924e-19
1.33976e-22
2.60585e-19
3.47031e-21
3.57575e-05
8.27536e-06
2.83968e-19
3.36815e-19
2.61169e-19
4.11219e-19
4.01899e-19
-6.60186e-30
-2.74257e-30
7.97642e-20
4.62871e-23
3.97089e-20
1.19074e-19
6.08306e-20
6.07021e-20
8.72866e-35
0.120362
-4.60975e-26
-2.85895e-26
0.0538988
0.0724404
0.0237853
0.032204
0.0100136
0.0138593
0.00410699
0.00569518
0.00168577
0.00235829
0.000656098
0.000926567
0.000254472
0.000359685
9.63675e-05
0.000138248
3.53001e-05
5.04726e-05
1.33716e-05
1.90525e-05
4.50411e-06
6.63113e-06
1.53507e-06
2.22754e-06
5.35385e-07
7.7899e-07
1.73137e-07
2.57079e-07
5.80483e-08
8.44304e-08
1.97736e-08
2.88345e-08
6.16433e-09
9.20016e-09
1.99969e-09
2.92829e-09
6.45282e-10
9.61605e-10
1.9331e-10
2.87362e-10
6.26074e-11
9.18779e-11
1.85925e-11
2.82162e-11
5.29148e-12
7.92967e-12
1.61003e-12
2.38805e-12
4.76264e-13
7.20572e-13
1.34825e-13
2.01214e-13
4.12073e-14
6.13312e-14
1.14504e-14
1.74973e-14
3.27215e-15
4.89306e-15
9.54705e-16
1.44004e-15
2.61992e-16
3.94031e-16
7.66368e-17
1.13044e-16
2.18224e-17
3.29178e-17
6.322e-18
9.45641e-18
2.10584e-18
3.14457e-18
7.74857e-19
5.55418e-19
1.26064e-18
-3.18543e-24
3.342e-26
-8.46798e-10
-3.19568e-09
-4.92002e-10
-8.2122e-28
-3.96543e-28
3.03773e-19
4.39513e-19
1.89133e-22
6.70006e-23
0.00231899
0.00125699
3.39877e-20
8.12172e-20
1.77716e-19
3.95134e-19
2.45993e-14
8.13611e-15
5.14885e-22
4.99593e-21
1.38473e-34
6.33796e-34
2.11214e-34
0.254157
-7.95748e-23
0.312813
-4.54174e-31
-2.50893e-31
0.300498
0.264765
0.317421
1.75996e-18
3.04588e-19
2.63661e-19
-4.8682e-24
0.157915
1.15426e-20
-3.64435e-29
-3.06649e-14
-2.33395e-24
-3.83597e-24
9.22366e-20
0.238487
0.260352
6.22818e-21
1.03274e-21
0.000121817
4.20653e-24
-3.66042e-26
1.6462e-07
1.15294e-08
-1.66577e-10
-4.61109e-27
2.27714e-28
2.08321e-21
1.33194e-21
4.80355e-33
0.00783032
-1.1569e-26
-5.67897e-27
2.09651e-24
-6.18834e-24
-2.93568e-25
-9.63776e-32
3.7802e-34
3.28448e-19
2.14947e-33
1.99529e-16
-2.50767e-13
0.300271
0.251791
0.22406
-3.75733e-13
-1.80744e-13
-1.08641e-24
0.127339
0.12417
0.0534542
1.45527e-15
9.34866e-16
-4.79573e-26
-2.0338e-25
-1.99954e-27
-2.8586e-27
-1.72763e-26
-2.48261e-24
2.03002e-22
-3.94529e-27
-3.79507e-08
-1.81439e-08
-2.23107e-29
2.75767e-08
-4.26853e-07
2.88532e-22
1.78628e-20
3.8226e-21
4.96184e-19
-7.12616e-26
-4.66658e-26
0.000568293
0.000362158
1.59135e-20
-1.50715e-31
-2.75444e-31
1.36079e-16
3.70997e-17
-2.78254e-32
-4.27757e-32
-2.3526e-31
7.93239e-22
9.82318e-26
6.50174e-24
-9.96642e-11
-2.6354e-11
2.34794e-20
1.7904e-32
4.67916e-19
5.06007e-20
1.69249e-19
6.64144e-23
5.07664e-22
1.8161e-23
0.187494
-1.5948e-23
-1.04733e-23
0.186347
0.152614
0.185406
0.151614
0.186124
0.151263
0.186881
0.15214
0.187375
0.15221
0.185894
0.151938
0.184997
0.150774
0.18682
0.151202
0.187711
0.152637
0.187859
0.152766
0.186834
0.152802
0.185941
0.152181
0.186126
0.151268
0.186527
0.151896
0.186325
0.152723
0.188213
0.152617
0.18954
0.15322
0.186202
0.152908
0.186618
0.150484
0.186801
0.15216
0.18696
0.152553
0.187259
0.152237
0.185843
0.151875
0.184856
0.150781
0.186343
0.151121
0.186897
0.152312
0.187358
0.152036
0.190143
0.153122
0.188797
0.155139
0.189104
0.153844
0.18681
0.154189
0.180565
0.150512
0.172547
0.134665
0.144702
-2.23047e-26
1.0475e-19
0.184708
-1.25276e-28
2.55486e-19
3.02334e-06
-3.78423e-29
-2.29747e-25
-1.4938e-25
3.68469e-30
-2.4662e-31
2.10234e-26
-4.60035e-26
1.48025e-24
-6.24609e-24
-1.23764e-23
6.85992e-33
4.27215e-21
5.05511e-20
1.58042e-19
8.47891e-19
5.5963e-30
-2.0602e-30
-1.056e-30
4.08008e-33
-3.57148e-12
-1.52225e-11
-1.90837e-12
-1.00848e-27
-5.7495e-28
-7.93833e-26
1.14363e-19
3.86944e-19
9.33282e-19
1.30606e-18
0.0642035
0.0861068
6.01679e-28
3.81838e-28
0.029564
0.0396093
0.0128358
0.0175306
0.00546656
0.00751887
0.00223528
0.00308473
0.000894744
0.00124799
0.000350101
0.000493589
0.000133261
0.000187894
5.07694e-05
7.22235e-05
1.83351e-05
2.60534e-05
6.31077e-06
9.10733e-06
2.20627e-06
3.20374e-06
7.53418e-07
1.08679e-06
2.55541e-07
3.73236e-07
8.46237e-08
1.24462e-07
2.79092e-08
4.07009e-08
9.09297e-09
1.33749e-08
2.98732e-09
4.40547e-09
9.5925e-10
1.40794e-09
2.94943e-10
4.40741e-10
9.1614e-11
1.35451e-10
2.75494e-11
4.08548e-11
8.27942e-12
1.24887e-11
2.39569e-12
3.59182e-12
7.16758e-13
1.06094e-12
2.11272e-13
3.19594e-13
6.11438e-14
9.11571e-14
1.78184e-14
2.66421e-14
5.22479e-15
7.91882e-15
1.48295e-15
2.21758e-15
4.19487e-16
6.36987e-16
1.18482e-16
1.80245e-16
3.38322e-17
5.0531e-17
1.01514e-17
1.50591e-17
3.47228e-18
4.88016e-18
1.56948e-24
5.96425e-25
2.83084e-22
6.46096e-21
0.00251329
0.00154501
1.58264e-19
2.61837e-19
7.76557e-19
1.43109e-18
5.57139e-15
1.28501e-20
7.6304e-20
0.187926
0.151019
-2.42631e-29
1.85746e-24
-3.31107e-23
-6.8745e-13
-4.85222e-31
5.25982e-18
2.42002e-19
1.17146e-23
-5.05957e-23
0.153313
1.79367e-18
1.45727e-19
2.2342e-23
1.069e-23
7.39087e-05
-1.34215e-25
-2.25445e-25
8.29483e-26
5.72199e-20
-5.95382e-10
-1.18046e-14
9.88292e-20
-5.91077e-27
2.08849e-05
4.10875e-22
-1.37243e-23
-4.499e-25
-1.18726e-31
-1.81052e-10
-2.12731e-26
-1.68346e-29
0.148109
0.179186
5.42851e-19
0.0820036
7.15856e-19
8.85995e-19
4.48452e-28
3.4727e-21
1.96612e-21
1.28291e-18
7.93826e-19
1.14832e-29
1.73768e-29
-4.33797e-29
0.0120538
1.18747e-18
1.91627e-20
-2.89094e-26
-6.84394e-25
-7.93013e-27
6.07214e-22
-7.19749e-29
6.49186e-16
0.00740539
0.156152
0.135128
0.0768752
-4.39434e-27
0.0348384
8.20896e-16
4.62138e-28
-1.17273e-26
7.41992e-19
1.16523e-18
1.12826e-18
2.62885e-06
1.21886e-06
-1.3144e-08
-4.56332e-09
1.31081e-19
6.52158e-08
-5.09913e-31
-9.85872e-31
-9.5148e-10
0.000157008
1.76451e-19
0.000689814
0.000447164
-3.9126e-13
-9.5587e-14
8.23854e-19
2.38232e-17
5.74318e-18
7.33595e-07
3.56358e-07
3.45016e-16
-8.14308e-10
-5.68761e-10
-9.01728e-30
4.47784e-22
9.25469e-22
-8.65006e-16
-2.93578e-16
8.20958e-20
1.95574e-20
3.6366e-23
1.0074e-23
0.105616
-3.03228e-09
4.84358e-19
0.104545
0.0841548
0.104964
0.0837831
0.10572
0.0843452
0.105481
0.0843759
0.105189
0.0843287
0.105034
0.0844487
0.105465
0.0842011
0.106003
0.0845359
0.105428
0.0846328
0.105489
0.0838713
0.105453
0.0842081
0.104941
0.0842699
0.105598
0.08397
0.106501
0.0848717
0.106049
0.0852733
0.105851
0.0844523
0.105233
0.0845156
0.104726
0.0843956
0.105711
0.0840168
0.105959
0.0848404
0.105501
0.0845363
0.105165
0.0843509
0.105069
0.0844707
0.105496
0.0842973
0.105836
0.0846469
0.105297
0.0848932
0.106609
0.084698
0.107842
0.0861387
0.107628
0.0873776
0.107304
0.087044
0.103339
0.086009
0.0973795
0.074702
0.0813953
1.4635e-15
1.71497e-18
0.0369938
1.13503e-05
-6.5897e-25
-3.80546e-25
-1.00328e-30
-5.25372e-31
5.71836e-25
-1.18858e-10
-3.243e-11
2.09848e-21
-3.87407e-28
2.61745e-24
6.44131e-22
4.79694e-20
1.71159e-27
-6.46006e-28
1.5989e-18
1.16336e-27
1.78461e-27
1.00753e-27
-5.50105e-26
-3.51467e-26
-4.28837e-30
-2.54389e-30
5.06105e-19
4.00472e-17
2.03844e-17
8.52146e-19
2.55074e-18
2.43721e-18
1.91993e-08
-2.41545e-09
8.23908e-21
6.98929e-20
3.32171e-19
7.2619e-19
-2.20637e-29
-1.31043e-29
0.0352644
0.0466232
0.0158239
0.0213732
0.00680352
0.00926645
0.00281283
0.00387594
0.00113328
0.00157618
0.000450327
0.000626366
0.000176417
0.000248
6.49243e-05
9.1966e-05
2.34984e-05
3.32641e-05
8.23773e-06
1.18452e-05
2.89205e-06
4.1356e-06
1.00202e-06
1.44053e-06
3.43904e-07
4.97099e-07
1.15076e-07
1.66931e-07
3.84994e-08
5.5684e-08
1.29201e-08
1.88408e-08
4.16209e-09
6.04198e-09
1.32858e-09
1.93769e-09
4.08651e-10
6.03125e-10
1.26994e-10
1.85289e-10
3.89411e-11
5.76084e-11
1.16948e-11
1.72433e-11
3.45133e-12
5.10952e-12
1.02901e-12
1.52479e-12
3.02892e-13
4.48907e-13
8.81768e-14
1.30228e-13
2.64488e-14
3.92763e-14
7.68115e-15
1.13677e-14
2.16496e-15
3.21478e-15
6.14048e-16
9.16975e-16
1.75121e-16
2.58946e-16
5.2417e-17
7.82877e-17
1.56639e-17
2.35761e-17
5.08859e-18
7.64412e-18
6.44525e-24
3.31133e-24
7.87724e-19
3.45598e-18
4.57271e-19
9.64921e-05
3.08497e-05
3.45171e-19
1.25823e-18
1.3913e-20
1.21965e-20
0.00271526
0.00179626
5.02641e-19
5.20378e-19
2.79459e-18
3.72788e-18
1.70513e-19
4.95321e-19
0.102491
-1.09818e-14
-5.33245e-14
-5.57999e-15
-2.79342e-12
-2.81392e-09
-5.20456e-09
-2.26645e-09
7.65371e-19
1.02188e-19
-1.05903e-22
-1.41967e-10
6.74759e-25
8.58697e-25
1.80748e-23
5.29342e-23
2.98163e-23
7.88701e-19
3.55949e-18
2.41331e-18
-8.82006e-13
0.0248221
0.000167429
-1.02307e-22
3.19015e-21
0.106007
-8.4532e-31
2.43872e-18
2.67507e-25
3.9656e-26
2.687e-21
1.44794e-21
5.37643e-26
2.52704e-19
0.00611429
-4.83938e-12
1.879e-26
1.15792e-22
8.77499e-23
-1.00104e-24
-4.46848e-26
5.39458e-06
1.83632e-05
3.06576e-06
6.612e-29
-1.43002e-24
-1.74351e-24
3.68112e-19
3.04533e-19
-2.73483e-16
-2.63606e-15
-1.39194e-15
-1.13993e-28
1.15492e-20
2.41779e-21
2.55112e-22
1.37433e-21
1.301e-22
4.25734e-18
0.00943019
0.0477114
0.0227898
3.66019e-18
2.38531e-18
0.0850071
1.99634e-07
-2.76521e-31
-3.18252e-26
-3.64898e-28
-7.46334e-29
0.000724901
0.000463832
-4.7996e-12
-3.08946e-12
4.20215e-29
6.22975e-29
8.80429e-29
0.0796553
0.0989701
5.24323e-27
3.37348e-27
1.24271e-06
7.36486e-07
2.11744e-20
-1.64051e-10
-9.42959e-11
0.0824798
-1.8325e-25
-1.18116e-25
3.38221e-18
2.13944e-18
4.40772e-20
7.42174e-20
1.99713e-20
0.0566848
0.0564526
0.0442674
0.0559636
0.0436883
0.0562043
0.0432541
0.056108
0.0434948
0.055869
0.0433822
0.0561168
0.0432196
0.0560382
0.0435001
0.0558514
0.0434427
0.0559448
0.0432461
0.0557355
0.0432414
0.0557178
0.04304
0.0561766
0.0431
0.0562026
0.0433455
0.0556435
0.0430527
0.0557611
0.0429673
0.0563367
0.0433841
0.0559371
0.0435891
0.0561257
0.0432739
0.0559433
0.0434203
0.0562019
0.0432673
0.0561372
0.043519
0.0559622
0.0434453
0.0562659
0.0433572
0.0565748
0.0437304
0.0565357
0.0440381
0.0571243
0.0439901
0.0586003
0.0449255
0.0585263
0.0461724
0.057377
0.0463369
0.0529
0.0404303
0.0446951
1.38252e-21
-1.56462e-22
0.000103812
3.55386e-05
-5.45608e-13
-1.34526e-13
6.70972e-18
1.40733e-18
-1.95747e-11
-1.51375e-30
-2.43422e-30
-1.30987e-30
0.0545498
9.84812e-25
4.97805e-23
5.97596e-23
2.09318e-21
7.03341e-21
6.57969e-20
7.96105e-27
0.0125437
4.30073e-24
3.18263e-24
1.0797e-25
4.79805e-26
-1.48964e-25
-2.16683e-24
3.26304e-28
-4.60341e-26
1.55185e-17
4.51178e-18
-1.26075e-16
-1.85221e-17
8.09783e-18
5.06569e-18
0.0867783
0.0718499
0.0408176
1.10267e-07
2.36933e-08
2.13496e-18
1.65139e-19
3.07139e-18
1.38849e-18
2.12687e-18
-5.98983e-30
-4.21221e-30
0.0189083
0.0251944
0.00833841
0.011279
0.00350807
0.00479479
0.00143436
0.00196888
0.000581179
0.000798988
0.000226036
0.000313646
8.37396e-05
0.000117496
3.01513e-05
4.24362e-05
1.04806e-05
1.4935e-05
3.76699e-06
5.31465e-06
1.35003e-06
1.9208e-06
4.60144e-07
6.60888e-07
1.57674e-07
2.25388e-07
5.36277e-08
7.69719e-08
1.75566e-08
2.53418e-08
5.59411e-09
8.06615e-09
1.80689e-09
2.61259e-09
5.58028e-10
8.11767e-10
1.73516e-10
2.5187e-10
5.33246e-11
7.80478e-11
1.61388e-11
2.35033e-11
4.9235e-12
7.2201e-12
1.44558e-12
2.13267e-12
4.26519e-13
6.21976e-13
1.27969e-13
1.88324e-13
3.72654e-14
5.48536e-14
1.08195e-14
1.58298e-14
3.0984e-15
4.5839e-15
8.73341e-16
1.29074e-15
2.51193e-16
3.68086e-16
7.87521e-17
1.15876e-16
2.6473e-17
3.89456e-17
8.45517e-24
4.57352e-24
6.82196e-18
1.01733e-17
1.21833e-17
2.66e-18
7.65402e-18
2.95013e-20
2.39372e-19
0.00277778
0.00174706
1.00766e-18
3.96295e-18
3.52331e-30
-5.36789e-30
0.0561897
0.0430311
6.80305e-18
1.0273e-17
9.85617e-19
2.07097e-18
3.3009e-18
-2.31172e-11
-6.86914e-11
-1.57434e-11
9.65616e-21
-1.60308e-22
1.69914e-09
1.14972e-08
5.3754e-10
1.51787e-18
5.49297e-25
2.58171e-07
-3.70772e-25
9.6719e-18
6.03963e-18
3.24752e-23
-3.19227e-22
0.000165583
6.1135e-23
3.72813e-23
-2.17502e-25
5.08941e-10
0.0108176
0.0235759
0.00684254
9.98424e-27
-3.54512e-15
-1.1349e-25
-5.43558e-25
7.01787e-06
4.19373e-06
-2.19204e-24
1.69473e-27
1.56844e-28
0.0562117
-3.8542e-19
-1.19638e-19
0.0397935
0.0497576
1.03798e-17
4.40248e-20
4.20198e-22
2.44324e-22
0.044116
4.17376e-28
-9.19816e-20
-7.08594e-18
6.21561e-19
0.000701767
0.00045345
5.44474e-19
9.61896e-18
-2.03833e-14
-7.77802e-14
-1.18733e-14
-3.23156e-12
6.49938e-28
9.3343e-28
1.52979e-26
4.92068e-09
2.56682e-09
1.48548e-06
8.89528e-07
1.48618e-18
6.82511e-21
1.05245e-20
-2.25169e-12
-7.60835e-13
4.6954e-22
2.97134e-22
3.28532e-27
8.00932e-19
-2.03534e-15
-4.8012e-16
1.7518e-23
1.24455e-23
0.0442242
1.47725e-28
3.17029e-21
1.89841e-21
-4.79347e-22
1.26454e-20
1.96048e-28
3.80053e-08
2.01296e-08
0.0287048
0.0284159
0.0221281
0.0284023
0.0219945
0.0285909
0.0220731
0.0285407
0.0222304
0.0284375
0.0220548
0.0285496
0.0220217
0.0283891
0.0220265
0.0282573
0.0219493
0.028162
0.0218397
0.0281705
0.0217777
0.0283228
0.0218384
0.0282043
0.0219171
0.028316
0.0219085
0.0284221
0.0219814
0.0282277
0.0218236
0.0282516
0.021737
0.0284674
0.0219184
0.0284144
0.0220159
0.0284292
0.0220268
0.0286439
0.0221159
0.0286488
0.0222957
0.0286788
0.0222191
0.0288631
0.0222398
0.028894
0.0224014
0.029514
0.0225606
0.0302915
0.0231857
0.0306411
0.0238364
0.0294061
0.0225078
0.0245926
-9.88852e-25
-6.19328e-25
2.16547e-05
3.00603e-18
1.42432e-07
0.000104679
3.65895e-05
3.61645e-30
1.95626e-10
9.8784e-12
2.97587e-18
9.00066e-27
4.00325e-27
1.56909e-17
1.6808e-18
4.47711e-18
5.00031e-23
2.06609e-30
1.37915e-19
1.0983e-25
5.26671e-26
-4.26889e-24
-6.45102e-24
-4.13655e-24
-3.05536e-27
-1.63629e-27
-1.66364e-25
1.90589e-17
5.7844e-18
9.71783e-25
5.8537e-25
1.56757e-17
0.0289241
8.14777e-23
3.89266e-18
4.53247e-18
-4.97015e-22
1.03329e-20
0.0102357
0.0140757
0.0288017
0.0224058
0.00419183
0.00570775
0.00176034
0.00239078
0.000709659
0.00097951
0.000275499
0.000382708
0.000102092
0.000143502
3.60244e-05
5.10662e-05
1.29442e-05
1.826e-05
4.76044e-06
6.71438e-06
1.71263e-06
2.43275e-06
5.93381e-07
8.4332e-07
2.07503e-07
2.9414e-07
6.87592e-08
9.90787e-08
2.22204e-08
3.18923e-08
7.18334e-09
1.03943e-08
2.29797e-09
3.32456e-09
7.21432e-10
1.04832e-09
2.22304e-10
3.22712e-10
7.02623e-11
1.01868e-10
2.15583e-11
3.14434e-11
6.4956e-12
9.47893e-12
1.9423e-12
2.83064e-12
5.70999e-13
8.37867e-13
1.68075e-13
2.45424e-13
4.93051e-14
7.19165e-14
1.43975e-14
2.11353e-14
4.08841e-15
6.00858e-15
1.19131e-15
1.73502e-15
3.45606e-16
5.07204e-16
1.09874e-16
1.58155e-16
7.08668e-24
4.16393e-24
5.65902e-19
2.50958e-18
0.00282571
0.00190306
8.46476e-18
2.37519e-17
3.955e-18
5.97123e-18
2.28272e-28
0.0289579
0.0222363
2.33792e-20
1.07957e-20
5.07967e-28
-8.95394e-22
1.7003e-29
-9.50428e-12
-1.05278e-11
-8.17924e-12
0.000128393
0.022364
4.39148e-23
2.95217e-23
-1.14951e-12
-2.52026e-24
1.26021e-17
2.99187e-07
5.28637e-22
2.68574e-22
1.80153e-17
-2.67003e-16
-5.61644e-17
0.0241513
1.12259e-09
6.04027e-18
3.12758e-17
1.97161e-17
1.27326e-22
1.63122e-19
1.06549e-19
-1.36929e-14
-4.29751e-24
7.59657e-06
4.57927e-06
8.9824e-18
7.89468e-09
4.44377e-09
0.000477433
0.000301616
-2.30036e-14
3.8427e-22
2.45516e-22
-5.51256e-18
-2.97067e-17
-2.56264e-18
0.0403487
0.0322599
0.0185071
-1.18487e-18
-3.88334e-15
1.58616e-17
2.11455e-17
8.36281e-19
-2.83872e-26
3.73138e-17
-1.35384e-13
-8.30045e-14
2.25226e-17
3.41018e-17
2.90088e-17
-1.12985e-24
-3.79119e-24
2.69299e-26
-3.67578e-26
3.02906e-27
4.03628e-26
4.27746e-21
6.48306e-21
-7.06821e-22
3.15913e-29
0.0282169
1.93681e-17
1.82869e-21
1.16049e-21
1.55622e-06
9.57624e-07
2.64342e-20
2.08212e-19
-4.8177e-13
4.69263e-27
0.019451
5.72159e-12
1.36586e-13
0.022219
6.48062e-23
4.45788e-23
-2.25396e-14
-1.41154e-14
-5.99791e-19
-1.11079e-19
5.23603e-17
2.72133e-17
2.93168e-17
-1.93525e-23
-1.2595e-23
0.0140492
-1.17739e-12
-4.51692e-13
2.73169e-17
0.013974
0.0140204
0.0105096
0.0140345
0.0105087
0.0138616
0.0104634
0.013925
0.0103734
0.0139326
0.0104359
0.0139432
0.0104662
0.0139457
0.0105265
0.0139088
0.0105008
0.0139096
0.0104995
0.0138783
0.0104382
0.0139569
0.0104268
0.0140132
0.0105363
0.0139485
0.0105883
0.0139041
0.0105291
0.0139502
0.0105099
0.0139577
0.0104806
0.0140062
0.0105022
0.0140478
0.010543
0.0140993
0.0105485
0.0139401
0.0105014
0.013911
0.0103678
0.0140018
0.0103626
0.0142115
0.0105346
0.0148841
0.0108642
0.0157141
0.0117328
0.0149641
2.8437e-10
0.0116503
8.45124e-27
2.25921e-05
2.43474e-17
9.19157e-18
0.0125031
0.00980142
2.07787e-22
3.25148e-22
-1.36538e-21
5.55983e-17
0.00671159
0.0131303
7.92523e-26
-9.07755e-24
1.94016e-18
4.60274e-17
5.51997e-10
1.07399e-10
0.0139836
0.0104933
0.0104729
6.35961e-25
4.09802e-25
5.18688e-08
1.76451e-07
2.94697e-08
3.91048e-19
2.82977e-18
9.37708e-18
4.00754e-17
-2.36103e-15
-5.99057e-16
2.23194e-21
1.48988e-21
5.3294e-17
8.00502e-17
6.72726e-17
2.24789e-20
3.9695e-20
-4.22331e-25
-1.69446e-24
0.0137966
0.0103624
-6.49199e-25
0.0137971
0.0103913
0.00453428
1.63926e-10
0.00206224
0.00273592
0.000876965
0.00120428
0.000342859
0.000480035
0.000121611
0.00017302
4.42644e-05
6.28753e-05
1.6174e-05
2.28717e-05
5.98157e-06
8.43337e-06
2.20649e-06
3.10493e-06
7.68924e-07
1.10312e-06
2.57437e-07
3.6983e-07
8.65438e-08
1.23883e-07
2.8015e-08
4.07514e-08
9.00888e-09
1.30484e-08
2.95873e-09
4.25801e-09
9.22451e-10
1.35102e-09
2.85164e-10
4.16112e-10
9.17882e-11
1.32422e-10
2.81748e-11
4.12807e-11
8.32173e-12
1.22114e-11
2.55313e-12
3.73515e-12
7.43984e-13
1.09861e-12
2.18925e-13
3.20766e-13
6.43953e-14
9.45102e-14
1.85249e-14
2.72355e-14
5.42685e-15
7.95167e-15
1.6004e-15
2.35788e-15
4.80941e-16
7.10073e-16
1.4998e-16
3.40912e-24
2.33303e-24
-1.15276e-13
-7.88425e-14
5.27991e-18
1.36763e-17
1.119e-17
1.40569e-17
0.0139979
0.0104712
0.0103575
7.89136e-21
3.93649e-26
0.00773278
0.00678462
0.0021066
3.21507e-11
5.44085e-24
9.30305e-24
7.26609e-17
4.84056e-17
0.0010655
8.2603e-05
0.0158684
2.58716e-21
1.48477e-21
1.05237e-25
6.14714e-26
-1.64288e-24
0.000103565
1.17052e-17
-2.57528e-21
-9.47812e-24
-3.28694e-13
-1.23559e-14
-5.84697e-18
1.66779e-11
3.1141e-12
7.38902e-06
4.59293e-06
3.08221e-07
-5.06363e-24
-5.53765e-20
-7.42151e-21
7.773e-18
4.51309e-11
1.02541e-08
0.000409312
0.000252501
1.81671e-22
1.44322e-22
-1.03634e-17
3.23901e-05
-1.90856e-18
1.69123e-17
-3.71401e-23
-5.68458e-23
-1.59287e-23
2.07864e-22
1.4889e-22
5.38946e-17
8.21726e-17
-1.80482e-25
-3.10811e-25
-2.48878e-24
-1.73412e-21
3.42253e-20
1.4493e-06
9.03802e-07
4.38979e-19
5.68388e-19
-1.4095e-17
-8.20008e-18
9.34077e-17
6.16633e-17
7.26376e-21
4.81359e-21
1.7544e-17
-8.84827e-15
-3.03572e-15
6.05163e-09
1.63237e-09
9.76417e-20
6.56732e-19
1.27437e-20
1.94674e-20
-2.51749e-21
0.00659604
0.0065999
0.00496088
0.00658088
0.00500837
0.00659217
0.00496936
0.00663324
0.00498308
0.00671024
0.00503263
0.00665173
0.00506771
0.0067053
0.00504142
0.00662841
0.00507239
0.00662374
0.00500881
0.00672746
0.00503544
0.0067646
0.00510284
0.00668243
0.00510199
0.00671781
0.00506702
0.00666209
0.00508675
0.00667024
0.00504114
0.00671093
0.00507187
0.00668599
0.00508513
0.00662562
0.00504211
0.00651118
0.00499712
0.0064584
0.00489117
0.00662242
0.00488338
0.00692759
0.00506397
0.00767117
0.00540762
6.32825e-18
6.56627e-05
-8.22745e-17
-4.53424e-17
2.06056e-05
0.00448322
0.00595336
0.0016834
1.86467e-07
5.7417e-08
5.20945e-22
8.01654e-22
-3.90604e-21
6.58723e-17
1.00101e-16
8.06619e-17
-1.05628e-18
-2.34704e-19
8.49295e-17
-3.53315e-16
1.42784e-22
-2.57731e-21
3.79202e-22
3.09773e-17
1.43411e-16
3.39421e-08
-3.84829e-24
-5.71939e-24
-1.44808e-23
0.005874
2.22524e-25
0.00224849
0.00114508
0.0015783
0.000438455
0.000632627
0.000151111
0.000220084
5.63088e-05
8.142e-05
2.0833e-05
2.98782e-05
7.86718e-06
1.11798e-05
2.8146e-06
4.02441e-06
9.93467e-07
1.4246e-06
3.39804e-07
4.90061e-07
1.11724e-07
1.61882e-07
3.70193e-08
5.35778e-08
1.19955e-08
1.75377e-08
3.79635e-09
5.55948e-09
1.22574e-09
1.78769e-09
3.94335e-10
5.79191e-10
1.20389e-10
1.76771e-10
3.76966e-11
5.5242e-11
1.14055e-11
1.68206e-11
3.42925e-12
5.0564e-12
1.02045e-12
1.51836e-12
2.91618e-13
4.34218e-13
8.58237e-14
1.27384e-13
2.50534e-14
3.7205e-14
7.21915e-15
1.07339e-14
2.23112e-15
3.27877e-15
-7.07961e-26
-2.73659e-14
-2.71427e-14
2.67382e-17
2.90272e-17
1.2583e-16
3.28792e-17
4.98319e-17
4.72008e-17
2.43109e-10
9.28031e-10
1.36778e-10
1.62981e-17
2.43795e-17
4.05385e-17
0.00426446
1.78382e-20
7.12335e-21
2.65971e-05
2.23415e-16
1.78262e-16
-1.08052e-22
9.56371e-05
-5.12957e-16
7.76107e-20
1.44966e-19
2.60465e-16
-3.09447e-23
-8.84405e-24
-1.95318e-15
-5.52645e-16
1.77041e-13
0.00101291
4.31242e-11
6.32627e-06
3.93822e-06
-6.65311e-21
4.59528e-22
0.000415864
0.000260084
0.00657975
-1.25446e-22
-3.94212e-23
0.00500909
0.00665848
5.05029e-14
1.77106e-14
-2.04112e-18
1.43335e-12
1.45678e-16
5.46746e-08
-3.38357e-23
-1.6379e-22
8.55982e-24
6.48969e-22
-1.28586e-23
-5.21481e-23
4.38891e-17
6.32651e-25
0.00570388
0.00305324
7.53037e-16
1.50762e-16
2.15189e-16
3.92325e-14
2.88023e-10
1.62344e-10
-6.91901e-24
-1.92729e-23
-8.94441e-17
-3.38774e-16
-5.33757e-17
0.00666026
0.00497724
4.24107e-16
2.70725e-07
1.64504e-07
0.00631668
0.00433591
1.25492e-06
7.73112e-07
0.00647634
0.00487321
0.00472819
1.35087e-18
9.36856e-18
-1.24796e-17
-7.64416e-18
2.1559e-16
3.25324e-08
9.96054e-09
2.63544e-20
1.7397e-20
0.00504699
2.68168e-16
1.09569e-15
0.00305028
-1.31653e-19
-2.398e-20
5.98799e-05
-1.03434e-23
0.0030573
0.00224549
2.84424e-16
1.83704e-16
0.00308234
0.00224365
0.00304661
0.00226401
0.00306761
0.00223953
0.00310025
0.00226267
0.00311165
0.00228185
0.0031325
0.00230134
0.0031171
0.00229965
0.00309909
0.00229271
0.00311407
0.00228493
0.00312217
0.00228763
0.00312741
0.0022895
0.00314981
0.00231247
0.00313035
0.00231564
0.00311842
0.00230542
0.00313498
0.00230539
0.00313833
0.00232621
0.00312374
0.0023145
0.00307815
0.00229805
0.00299051
0.00226152
0.00296807
0.00218939
0.00306662
0.00217076
0.00334386
0.0026027
0.0022976
-2.409e-15
-1.43607e-15
0.00755479
5.66682e-16
3.96201e-16
1.04e-15
4.31093e-16
0.00313748
1.7162e-09
9.99543e-10
0.00184487
2.32392e-11
5.34322e-12
1.67664e-05
1.37989e-18
2.01368e-18
2.73169e-16
6.46319e-16
1.18016e-21
1.82485e-21
-1.02172e-20
-1.18761e-18
-2.82249e-19
-1.47479e-24
-3.65392e-24
-1.18781e-23
6.10623e-13
2.99235e-13
9.29917e-17
4.02715e-16
0.00311517
0.00228434
0.00232629
0.0017327
0.000654974
0.000208181
0.000316546
7.92294e-05
0.000113765
2.97696e-05
4.2777e-05
1.09587e-05
1.56491e-05
3.7618e-06
5.44209e-06
1.32766e-06
1.92338e-06
4.49479e-07
6.53671e-07
1.50972e-07
2.2046e-07
5.06571e-08
7.407e-08
1.64055e-08
2.40711e-08
5.37673e-09
7.8942e-09
1.74093e-09
2.57075e-09
5.40567e-10
7.9963e-10
1.70657e-10
2.52476e-10
5.36287e-11
7.93082e-11
1.58305e-11
2.37059e-11
4.83545e-12
7.18056e-12
1.48794e-12
2.22204e-12
4.18593e-13
6.32221e-13
1.22177e-13
1.82841e-13
3.61942e-14
5.47487e-14
1.03418e-14
1.55847e-14
3.26708e-15
4.82465e-15
2.30318e-07
0.00126372
2.30452e-05
-6.46287e-21
1.15591e-19
6.83141e-20
3.93907e-20
1.01466e-22
1.46843e-15
0.00231984
0.00308521
0.00101197
7.64802e-05
5.55331e-06
3.49802e-06
-6.34583e-23
-2.7127e-23
5.84444e-09
5.61664e-20
4.0381e-20
1.69921e-14
2.73664e-12
8.1377e-17
-4.66303e-22
-2.33198e-22
2.14173e-17
2.65131e-21
-1.63372e-18
1.45919e-13
7.84624e-14
-2.15883e-21
-1.20898e-20
-9.49966e-22
5.08536e-16
1.41638e-21
4.04372e-21
-1.25855e-22
-3.03177e-22
-4.65097e-22
6.46228e-23
6.34981e-20
7.61326e-16
1.40862e-07
4.62421e-08
3.13737e-10
-4.28949e-23
-1.90557e-22
8.88784e-17
1.37047e-16
-7.2883e-17
-4.61051e-17
5.12533e-17
7.53368e-17
1.19812e-16
1.04208e-06
6.47094e-07
0.000291205
0.000183131
-7.75036e-18
-5.29533e-18
1.43578e-16
2.19619e-16
2.28633e-16
3.41371e-19
2.06532e-18
7.88237e-16
5.23434e-16
1.80552e-10
4.96708e-11
1.96307e-21
1.32945e-15
0.00138441
0.00136722
0.00101676
0.0013997
0.00101314
0.00139124
0.00104286
0.00139444
0.00103219
0.00140905
0.00103235
0.00142439
0.00104811
0.00140532
0.00104864
0.00141532
0.00103684
0.00141286
0.00105293
0.00141007
0.00104419
0.00141549
0.00104621
0.00143013
0.00105266
0.00141534
0.00105373
0.00142801
0.001048
0.00142298
0.00106263
0.00143872
0.00105644
0.00141515
0.00106136
0.00139928
0.00104412
0.00138179
0.00103633
0.00132904
0.00102012
0.00129178
0.000969441
1.75227e-09
1.04943e-09
4.84599e-05
8.31825e-15
1.45118e-16
9.66498e-17
2.68605e-16
1.33953e-16
4.83816e-18
3.13889e-17
-3.48545e-16
-2.44579e-16
1.44432e-05
1.28299e-15
-1.72503e-20
-6.28977e-23
8.37283e-16
1.91848e-15
-1.00135e-18
2.18251e-19
1.33714e-19
6.03739e-16
-1.10888e-15
0.000331965
0.00011533
0.000165288
4.18014e-05
5.97884e-05
1.46557e-05
2.11295e-05
5.0723e-06
7.35473e-06
1.80214e-06
2.59149e-06
6.29674e-07
9.17515e-07
2.10312e-07
3.07987e-07
6.99868e-08
1.02194e-07
2.38001e-08
3.51214e-08
7.66533e-09
1.12526e-08
2.47481e-09
3.6354e-09
7.85845e-10
1.16723e-09
2.46604e-10
3.65322e-10
7.6475e-11
1.1393e-10
2.32967e-11
3.48321e-11
7.17427e-12
1.06484e-11
2.19215e-12
3.26235e-12
6.37266e-13
9.64185e-13
1.78509e-13
2.69085e-13
5.47459e-14
8.23545e-14
1.60055e-14
2.44533e-14
4.82716e-15
7.30108e-15
1.08684e-12
6.11866e-13
0.00109941
0.00277817
0.00280613
0.00207948
0.00208503
-1.62522e-19
-2.67952e-19
-3.50694e-20
9.01827e-20
2.18184e-19
-2.64843e-20
0.000653318
-3.92365e-20
3.23677e-19
9.12004e-09
2.49738e-19
5.11374e-19
-9.71057e-21
2.04155e-15
5.51687e-09
4.35879e-18
7.10041e-18
1.49177e-09
0.00131542
1.90028e-05
4.56204e-06
2.83431e-06
2.38539e-14
-8.97985e-19
-1.01339e-22
-7.67506e-22
-4.10153e-22
2.25577e-19
1.37725e-19
0.00104108
7.53187e-12
4.19217e-12
6.99922e-17
3.85375e-16
2.45036e-16
1.47344e-15
8.26959e-07
2.78212e-08
2.28309e-15
1.48537e-15
4.84571e-22
-4.52819e-21
-1.97406e-20
-2.43077e-21
6.92323e-05
2.85581e-11
5.44314e-21
-5.94923e-20
1.75365e-13
9.53536e-14
1.25621e-15
0.00144793
-7.87035e-22
5.248e-22
-4.12579e-22
-1.20719e-21
0.000483503
0.00102859
0.00139111
2.89903e-16
4.34344e-16
1.24554e-15
-2.66006e-17
-2.11938e-17
2.31758e-16
4.06327e-16
1.55558e-16
2.35953e-16
3.53068e-16
0.00027733
0.000179634
4.0096e-21
5.67668e-21
8.38863e-21
-2.17426e-18
-2.20084e-18
4.40982e-16
7.64816e-19
4.87908e-19
0.000899062
5.08042e-07
1.84206e-07
8.8938e-10
2.74415e-10
2.2274e-15
0.00110054
0.00146186
0.000624661
4.3623e-05
0.000643654
0.000461646
0.000638872
0.000474224
0.0006403
0.00047085
0.0006461
0.000471197
0.000644526
0.00047388
0.000643888
0.000474669
0.000648237
0.000474312
0.00064096
0.000474771
0.000649167
0.000471933
0.000650055
0.000478517
0.000646896
0.000476787
0.000650354
0.000477241
0.000652353
0.000479669
0.000654498
0.000483648
0.000657126
0.000485639
0.000647141
0.000489247
0.000638948
0.000480585
0.000615301
0.000469931
0.000561414
0.000392431
0.000442979
-6.25155e-19
1.25883e-14
6.67583e-16
-4.58213e-22
-8.29588e-22
-6.91308e-22
0.000728091
8.0974e-19
4.46579e-19
7.67136e-12
1.55288e-15
1.72867e-18
5.04779e-16
-3.4171e-17
3.92496e-16
0.00139052
0.00108009
0.000646598
3.82912e-15
4.7535e-11
1.61154e-10
2.7226e-11
7.52404e-09
4.50256e-09
2.15799e-21
0.00014538
0.000210394
4.39217e-15
5.33869e-05
7.64876e-05
1.93976e-05
2.76041e-05
7.00831e-06
1.01258e-05
2.46791e-06
3.55176e-06
8.82542e-07
1.26638e-06
3.01236e-07
4.40069e-07
1.02469e-07
1.49671e-07
3.47556e-08
5.02329e-08
1.13492e-08
1.67715e-08
3.55179e-09
5.24615e-09
1.13843e-09
1.66803e-09
3.68488e-10
5.45165e-10
1.14425e-10
1.68258e-10
3.58167e-11
5.34728e-11
1.08063e-11
1.61078e-11
3.28158e-12
4.85883e-12
9.80715e-13
1.47e-12
2.85608e-13
4.33785e-13
8.70143e-14
1.30647e-13
2.67589e-14
4.19114e-14
7.56171e-15
1.17907e-14
1.20405e-12
4.37391e-12
6.773e-13
1.18763e-05
-2.08773e-20
-2.8978e-20
3.78836e-19
5.9369e-16
1.0218e-15
7.99417e-19
0.00106668
2.80037e-18
1.79837e-18
-5.7423e-21
-3.2812e-21
6.43443e-09
1.70281e-17
1.04091e-16
1.65369e-05
5.40552e-05
2.59361e-15
2.7082e-14
3.75977e-06
2.3189e-06
1.12024e-17
1.17881e-18
6.67195e-15
4.477e-15
0.000204378
0.000409347
0.000132862
7.27686e-16
3.764e-08
1.12585e-07
2.26145e-08
0.00070604
3.72093e-18
4.9823e-16
1.21703e-18
6.49993e-18
2.21089e-15
-7.32143e-20
1.1452e-18
1.88661e-13
1.04915e-13
1.7411e-20
1.19673e-20
0.000448432
0.000611165
1.16731e-15
-2.07985e-21
2.38232e-21
6.56703e-07
4.09741e-15
2.72827e-15
3.47185e-15
2.64085e-15
5.65093e-15
2.34807e-16
7.32795e-16
0.000636791
0.000520648
7.8139e-16
1.08772e-15
-1.62912e-19
-1.98097e-19
-3.86065e-20
2.34914e-18
1.56266e-18
1.64029e-15
3.91324e-09
1.30155e-09
2.9904e-06
1.84198e-06
6.54337e-15
1.50041e-18
-5.31146e-21
3.46428e-05
1.27979e-15
2.24371e-16
0.000289177
0.000284037
0.000209237
0.000279279
0.000202976
0.000282557
0.000200362
0.000282995
0.000202982
0.000280274
0.00020275
0.000282111
0.000201331
0.000281495
0.000202237
0.000282479
0.000202006
0.000283825
0.000202882
0.000283939
0.000203877
0.000284233
0.000204226
0.000289089
0.000206125
0.000289679
0.000210018
0.000294786
0.000211558
0.000285448
0.000214969
0.000269671
0.000205775
0.000244706
0.000171722
0.000192995
1.44058e-14
3.27053e-15
1.03287e-05
-1.55408e-20
-5.7217e-20
1.0718e-15
7.15877e-16
2.92433e-15
0.00027527
1.20232e-14
1.27337e-15
9.32796e-16
6.57003e-05
9.28207e-05
0.000442416
4.04168e-07
1.43299e-07
0.000609629
2.45989e-05
3.47512e-05
9.2638e-06
1.30724e-05
3.29979e-06
4.72069e-06
1.18039e-06
1.68202e-06
4.21005e-07
6.0525e-07
1.43341e-07
2.0697e-07
4.82283e-08
6.9654e-08
1.55855e-08
2.26466e-08
4.93376e-09
7.20732e-09
1.60213e-09
2.3406e-09
5.21707e-10
7.62078e-10
1.63285e-10
2.4019e-10
5.20847e-11
7.62502e-11
1.55784e-11
2.31154e-11
4.73372e-12
6.97779e-12
1.45255e-12
2.15412e-12
4.3988e-13
6.5488e-13
1.3767e-13
2.05964e-13
4.49966e-14
6.87539e-14
4.13376e-15
1.23673e-14
1.82295e-14
1.20267e-20
1.79303e-20
-1.15224e-19
1.31684e-05
0.000453014
-6.24062e-21
-3.70645e-21
2.1524e-06
2.55498e-17
1.03204e-16
0.000471526
6.02486e-17
3.40683e-16
-1.25908e-19
5.78687e-18
0.000266804
3.87097e-15
0.000284432
4.55546e-17
2.26299e-17
2.58802e-14
1.16626e-15
-3.42531e-21
1.86432e-14
-8.72748e-20
-7.28607e-20
2.72986e-18
0.000194474
3.04527e-08
8.71437e-08
1.87355e-08
3.43673e-20
0.000307822
0.000132676
2.69073e-15
4.50113e-11
0.000206973
8.21691e-06
2.03811e-15
2.50827e-10
7.83844e-10
1.49146e-10
1.82884e-13
1.03215e-13
4.44861e-19
-2.18742e-20
8.09376e-21
4.78496e-20
5.40486e-17
2.85765e-17
0.000201712
1.06327e-14
1.85244e-14
0.000179401
0.000252588
1.3285e-14
1.26177e-12
7.09889e-13
1.47929e-15
3.02263e-15
8.9033e-19
1.34282e-18
1.8221e-18
1.38117e-17
0.000318624
2.00729e-15
3.91792e-15
-2.27278e-20
7.57059e-18
4.80041e-18
5.13141e-09
1.32926e-06
4.83628e-07
9.52731e-18
6.15599e-18
2.32496e-08
1.43399e-08
8.07856e-05
3.6378e-05
0.000214198
4.05228e-16
1.7396e-15
2.14349e-16
0.000613825
-3.66023e-20
9.02988e-06
2.29767e-05
5.66568e-06
0.000125349
1.05736e-07
6.43636e-08
7.72446e-15
1.13438e-14
1.58411e-14
0.000122869
0.000121649
8.91605e-05
0.000122495
8.86541e-05
0.000122535
8.87785e-05
0.000121022
8.89151e-05
0.000121153
8.762e-05
0.000122179
8.82129e-05
0.000122436
8.87994e-05
0.000122438
8.89842e-05
0.000123422
8.89154e-05
0.00012394
9.02485e-05
0.000127239
9.14209e-05
0.000128899
9.44323e-05
0.000126701
9.50878e-05
0.000120665
9.29076e-05
0.000109677
7.87343e-05
8.7966e-05
4.54467e-20
2.96736e-20
1.39874e-14
3.31901e-15
2.13115e-15
3.2243e-15
3.01284e-15
-5.31807e-21
6.82066e-15
0.000124485
9.08197e-05
2.06256e-14
7.68787e-12
8.87889e-15
-2.25955e-20
2.98211e-05
4.18861e-05
1.13965e-05
1.59154e-05
4.27399e-06
6.00956e-06
1.55426e-06
2.20215e-06
5.46693e-07
7.77755e-07
1.90714e-07
2.73865e-07
6.30613e-08
9.10458e-08
1.9858e-08
2.88465e-08
6.65301e-09
9.62094e-09
2.17785e-09
3.15347e-09
7.16834e-10
1.0304e-09
2.30793e-10
3.35649e-10
7.08955e-11
1.03416e-10
2.16476e-11
3.16716e-11
6.63567e-12
9.71057e-12
2.04229e-12
2.97249e-12
6.56462e-13
9.5999e-13
2.2943e-13
3.40165e-13
2.63825e-11
3.85124e-11
4.47387e-12
3.28366e-14
3.13042e-09
1.04635e-09
3.14133e-18
6.45849e-19
0.000125372
8.98563e-05
3.39136e-14
2.2455e-17
1.4297e-17
4.41293e-16
2.37169e-16
8.83416e-17
6.18385e-06
2.97569e-07
1.06249e-19
9.09922e-05
1.74639e-08
0.00012184
8.9154e-05
8.07555e-05
0.000109938
2.23866e-14
-1.62007e-20
-2.46438e-20
1.27164e-20
2.08217e-17
3.81357e-06
1.39861e-06
2.01366e-10
6.30273e-10
1.20353e-10
4.44479e-17
4.90818e-14
0.00010037
2.30178e-14
2.85456e-18
5.15087e-18
2.98219e-18
7.34397e-16
2.17826e-15
2.05459e-17
4.33986e-17
2.17033e-17
1.15399e-12
6.6037e-13
3.37396e-14
5.0271e-14
3.90703e-18
4.17682e-18
5.94125e-15
8.1628e-14
2.2813e-11
6.83545e-12
-5.8791e-20
5.75627e-15
8.97759e-15
8.39965e-15
3.40751e-14
1.95663e-18
1.09044e-18
1.49983e-13
8.45148e-14
1.08614e-08
3.94208e-09
-5.56314e-20
9.11837e-18
3.02611e-17
2.0462e-16
1.07468e-15
7.58076e-08
4.68333e-08
5.73819e-19
2.97685e-14
4.46207e-14
5.10046e-14
5.23118e-05
5.17168e-05
3.70673e-05
5.09147e-05
3.60725e-05
5.13196e-05
3.57507e-05
5.1096e-05
3.63606e-05
5.1373e-05
3.60903e-05
5.13383e-05
3.63591e-05
5.18778e-05
3.62976e-05
5.09974e-05
3.63138e-05
5.19691e-05
3.60499e-05
5.34504e-05
3.71387e-05
5.53736e-05
3.87235e-05
5.62005e-05
4.05549e-05
5.40926e-05
4.12178e-05
4.83075e-05
3.46388e-05
3.90734e-05
1.81749e-15
5.7583e-15
8.81378e-15
1.25788e-14
5.57327e-05
2.55075e-05
1.61987e-05
1.21451e-14
2.90775e-15
9.07347e-14
5.3507e-05
3.98385e-05
-1.17362e-19
1.03892e-18
6.91507e-17
4.38134e-17
6.56102e-05
1.19807e-19
6.30105e-18
1.35943e-05
1.86819e-05
5.34855e-06
7.44983e-06
1.95406e-06
2.75411e-06
6.97675e-07
9.91142e-07
2.42156e-07
3.48762e-07
7.85297e-08
1.13876e-07
2.54485e-08
3.68093e-08
8.51099e-09
1.22275e-08
2.78444e-09
4.00977e-09
9.18781e-10
1.32184e-09
2.97348e-10
4.32468e-10
9.01286e-11
1.30461e-10
2.89533e-11
4.19972e-11
8.72483e-12
1.2727e-11
2.70124e-12
3.90163e-12
9.28728e-13
1.33144e-12
4.02436e-19
1.01281e-19
3.77482e-19
6.01525e-20
5.23062e-05
3.78551e-05
6.23754e-18
3.6128e-18
3.79105e-16
1.56704e-15
1.96803e-16
5.48482e-08
1.93512e-14
3.35705e-07
8.55154e-14
1.32436e-13
5.318e-05
3.74638e-05
3.7097e-05
1.33948e-05
1.34769e-17
3.02323e-16
1.30675e-14
1.73954e-19
4.97404e-05
3.45411e-08
1.3162e-08
1.79931e-13
1.9723e-17
6.79981e-17
8.59951e-07
1.58177e-10
8.37394e-06
3.47187e-06
4.03632e-12
2.1071e-07
4.37225e-15
8.68647e-15
3.62288e-13
9.43875e-13
5.33223e-13
8.99674e-14
1.35776e-13
8.5162e-18
4.95509e-18
3.80108e-05
5.09644e-05
1.72416e-14
6.9394e-14
1.2656e-13
2.18446e-17
1.15869e-17
1.46843e-17
2.18488e-17
6.63526e-17
1.35968e-13
7.69497e-14
8.24704e-10
2.43693e-09
4.93343e-10
2.09371e-16
1.36833e-16
9.41865e-11
3.08089e-11
2.56052e-14
1.7247e-14
1.39294e-16
1.04512e-14
2.55328e-15
1.52659e-16
2.16772e-05
2.10501e-05
1.53527e-05
2.11601e-05
1.51056e-05
2.15042e-05
1.51924e-05
2.13835e-05
1.54753e-05
2.16307e-05
1.53606e-05
2.14551e-05
1.54458e-05
2.11e-05
1.52595e-05
2.13077e-05
1.51352e-05
2.17028e-05
1.53522e-05
2.2903e-05
1.56554e-05
2.41553e-05
1.67605e-05
2.49956e-05
1.8427e-05
2.1515e-05
1.56394e-05
1.83785e-05
2.80128e-14
4.1202e-14
1.01731e-13
3.17659e-17
4.97087e-17
1.01258e-16
7.00634e-16
9.36647e-14
1.38975e-13
1.34239e-13
3.6183e-17
2.14685e-17
6.68259e-19
5.68054e-12
3.31888e-12
3.0274e-05
2.33156e-15
3.50454e-15
6.55292e-15
2.34446e-05
6.56545e-06
8.97099e-06
2.44953e-06
3.43548e-06
8.96916e-07
1.28633e-06
3.09919e-07
4.47017e-07
1.00006e-07
1.45716e-07
3.19838e-08
4.71287e-08
1.03818e-08
1.50932e-08
3.55939e-09
5.14739e-09
1.16438e-09
1.69686e-09
3.79457e-10
5.48365e-10
1.17043e-10
1.72332e-10
3.54439e-11
5.16869e-11
1.14369e-11
1.65953e-11
3.54434e-12
5.1772e-12
2.30104e-05
2.2529e-07
1.41511e-07
2.23412e-05
1.66787e-05
2.81315e-16
1.47475e-16
4.08896e-16
2.1762e-05
1.59815e-05
1.8384e-11
2.46796e-13
2.58382e-14
8.22669e-09
3.03685e-09
2.17816e-06
8.79763e-07
2.50337e-16
3.99047e-16
6.01954e-16
3.11762e-16
5.07326e-13
6.16179e-13
4.82529e-14
1.68691e-14
5.5583e-07
7.45639e-14
4.97233e-14
1.17892e-12
1.55917e-14
1.32918e-10
4.75635e-17
2.05402e-16
2.35391e-13
3.72262e-13
8.36195e-13
4.78186e-13
2.52608e-13
7.07335e-17
4.59822e-17
1.42182e-05
6.77565e-06
1.55149e-05
2.18277e-05
2.47552e-05
1.83135e-05
1.11473e-05
1.48709e-07
9.82128e-14
5.63197e-14
6.36774e-10
1.86365e-09
3.85402e-10
9.38388e-08
3.86756e-08
1.39495e-16
8.90158e-17
4.36926e-16
1.05382e-15
4.94124e-16
3.26432e-16
4.75032e-12
2.79299e-12
8.98796e-06
8.85095e-06
6.33933e-06
9.05942e-06
6.30342e-06
9.03594e-06
6.42006e-06
9.05152e-06
6.4118e-06
9.05021e-06
6.4233e-06
8.99858e-06
6.46792e-06
9.00859e-06
6.40535e-06
9.11001e-06
6.37487e-06
9.88553e-06
6.53135e-06
1.15866e-05
7.20393e-06
2.33614e-13
3.53532e-13
3.82705e-13
8.04844e-11
2.56001e-11
8.78269e-15
7.22609e-14
7.1468e-17
5.54132e-07
3.52355e-07
3.03071e-06
1.24223e-06
1.77639e-06
4.196e-07
6.21138e-07
1.29775e-07
1.9435e-07
4.25502e-08
6.32014e-08
1.41466e-08
2.08191e-08
4.78862e-09
7.00358e-09
1.56229e-09
2.3062e-09
4.88329e-10
7.1716e-10
1.54308e-10
2.27614e-10
4.72315e-11
7.01075e-11
1.53081e-11
2.26117e-11
4.97534e-12
7.35448e-12
2.31437e-16
1.49214e-16
9.65944e-06
1.38961e-15
2.13802e-15
2.00564e-06
1.54077e-05
6.45338e-06
9.07215e-06
1.64751e-12
2.51206e-14
4.75305e-14
6.28198e-13
1.32563e-13
1.52093e-11
1.37744e-13
8.86383e-14
1.46587e-15
4.34527e-06
2.45686e-08
9.59814e-09
1.54627e-16
2.3611e-16
6.53001e-16
1.35871e-14
1.06213e-07
3.76446e-07
2.42414e-07
6.90948e-13
9.33041e-13
4.21852e-06
5.8704e-13
3.31478e-13
1.25315e-14
1.29187e-06
7.88862e-06
2.01498e-13
3.04732e-13
3.5928e-13
7.71334e-14
4.20073e-14
9.3602e-06
6.82547e-06
6.95894e-06
9.80431e-06
1.07645e-15
4.61816e-10
7.75171e-15
2.02029e-14
1.2002e-15
7.74853e-16
4.91428e-16
2.45797e-15
1.1341e-14
1.70529e-12
6.86816e-13
2.75444e-12
6.51638e-06
9.16155e-06
2.19527e-13
1.48283e-13
2.80733e-10
9.79007e-11
3.48322e-12
2.02184e-12
9.02396e-06
6.60969e-06
9.41025e-13
1.97065e-13
3.63732e-06
3.64959e-06
2.54268e-06
3.62904e-06
2.53825e-06
3.67571e-06
2.53375e-06
3.71237e-06
2.57986e-06
3.64723e-06
2.58656e-06
3.58636e-06
2.53865e-06
3.66549e-06
2.46832e-06
4.11728e-06
3.09449e-06
2.60711e-06
1.09803e-05
1.89473e-11
5.84322e-11
1.11612e-11
2.41874e-15
1.56581e-15
1.95771e-15
7.51705e-15
1.14834e-15
6.88327e-08
2.82015e-08
1.17741e-06
7.67351e-07
1.94681e-06
3.68983e-06
7.23981e-15
6.43111e-07
1.89647e-07
2.95134e-07
6.36406e-08
9.57854e-08
2.08445e-08
3.12021e-08
6.90512e-09
1.02302e-08
2.19806e-09
3.27898e-09
6.67307e-10
1.00125e-09
2.1661e-10
3.21906e-10
6.81899e-11
1.02565e-10
2.30635e-11
3.43722e-11
7.00476e-12
1.01181e-11
2.1531e-09
1.31537e-09
3.94482e-14
7.06436e-14
3.59328e-06
2.55718e-06
2.51789e-06
4.20365e-13
2.89417e-13
2.09018e-15
3.66867e-13
6.38445e-06
6.71302e-14
3.71444e-06
7.44564e-08
5.98382e-09
1.01915e-06
1.42857e-15
3.57545e-15
4.65994e-13
2.70408e-13
1.59832e-12
4.78382e-15
2.59771e-06
3.73342e-06
2.51595e-06
3.59838e-10
7.10664e-13
1.03769e-12
1.29241e-14
3.52277e-12
3.71317e-06
1.56178e-09
9.65517e-10
2.94084e-07
1.93205e-07
1.32232e-13
1.65443e-12
2.42355e-12
3.59263e-06
2.4711e-06
1.79616e-06
2.36704e-14
5.8494e-14
6.58414e-13
4.40356e-13
4.20728e-14
3.76534e-06
2.5786e-06
2.58939e-15
1.95251e-14
3.7034e-06
2.57346e-06
2.63081e-06
1.46298e-06
1.48735e-06
1.48893e-06
1.05489e-06
1.50176e-06
1.0583e-06
1.50777e-06
1.06944e-06
1.47631e-06
1.07283e-06
1.37341e-06
1.01691e-06
3.18729e-07
5.4648e-13
5.08636e-16
1.96846e-13
3.75161e-13
6.86855e-09
1.78381e-08
4.25257e-09
8.61188e-14
9.52246e-07
9.24018e-15
6.2408e-13
9.00883e-13
1.05591e-12
2.07301e-13
3.30903e-13
1.66073e-13
2.15626e-10
7.18447e-11
2.95839e-14
5.97889e-14
1.92432e-14
4.01158e-12
9.75848e-12
6.81046e-06
1.0325e-07
1.52785e-07
3.22644e-08
4.86258e-08
1.0253e-08
1.54102e-08
3.07068e-09
4.65738e-09
9.54335e-10
1.44651e-09
3.01883e-10
4.50593e-10
1.04356e-10
1.53808e-10
3.92454e-11
1.64627e-11
6.04372e-11
2.11142e-15
2.66134e-12
1.56858e-12
7.58997e-16
4.7546e-08
1.81826e-08
2.34132e-12
1.95191e-12
4.48852e-12
1.46894e-06
1.03427e-06
4.97639e-15
1.63563e-15
6.29853e-07
1.04062e-06
4.68912e-07
1.40117e-06
3.9577e-08
1.16473e-13
1.34813e-12
1.38838e-11
4.24264e-11
8.18983e-12
1.10122e-09
8.09085e-15
3.46143e-14
6.80238e-10
2.44687e-10
1.19134e-06
5.61579e-15
1.03428e-06
1.47015e-06
8.29047e-07
1.48817e-07
4.90081e-07
8.46689e-08
4.53519e-15
6.86024e-15
1.22613e-14
1.02546e-12
1.96337e-12
1.48275e-06
1.27762e-12
8.74607e-13
9.11218e-07
1.04005e-06
1.47932e-06
2.37948e-14
6.13906e-07
6.10407e-07
4.27599e-07
6.16184e-07
4.349e-07
5.65822e-07
3.85528e-07
4.31449e-07
2.56754e-08
5.64178e-13
1.38505e-07
2.03308e-07
1.74578e-13
3.50843e-13
3.99106e-12
2.71452e-12
4.40727e-09
1.12816e-08
2.74769e-09
6.04387e-07
1.05328e-06
4.9101e-08
7.35683e-08
1.56737e-08
2.39587e-08
4.66859e-09
7.16014e-09
1.46822e-09
2.24707e-09
4.52098e-10
6.86972e-10
1.41781e-10
2.05796e-10
1.80349e-12
6.06493e-07
4.21646e-07
5.87678e-07
2.11858e-08
6.11347e-13
9.81247e-12
5.7468e-12
7.70267e-10
1.5481e-06
1.7744e-11
1.03941e-06
1.48838e-06
7.47545e-14
1.06515e-12
1.51636e-12
4.2601e-07
8.20571e-12
7.79064e-11
2.93213e-12
2.93029e-09
1.84988e-09
5.25614e-11
1.47769e-10
3.1033e-11
6.41811e-07
3.58551e-07
1.93643e-12
4.8211e-13
6.64718e-08
2.20766e-07
4.00621e-08
6.89009e-12
1.52571e-14
1.7879e-12
2.64824e-12
2.88607e-12
6.04581e-07
8.02034e-14
1.06096e-12
4.23665e-07
4.14573e-07
4.03065e-07
5.81665e-07
2.47857e-13
1.07999e-08
5.19562e-14
3.98513e-12
1.17498e-11
1.08443e-12
4.81232e-10
1.78865e-10
1.07695e-06
3.05117e-11
2.42391e-07
1.66921e-13
2.547e-07
1.70549e-07
2.57143e-07
1.82841e-07
1.88734e-07
2.02098e-11
5.96901e-12
5.24623e-13
7.29393e-12
1.39131e-11
5.03343e-12
6.78002e-09
2.87034e-14
1.13289e-13
2.43739e-08
7.22073e-09
1.12932e-08
2.2602e-09
3.50737e-09
6.92814e-10
1.09032e-09
1.96002e-10
3.2531e-10
2.40722e-07
1.75794e-12
1.39643e-08
7.01417e-09
3.78187e-12
2.46226e-07
1.6928e-07
7.51545e-08
3.70646e-08
1.10116e-07
4.3065e-14
4.5618e-11
1.57372e-13
5.87358e-13
3.59856e-13
9.0213e-12
5.55429e-12
1.75112e-11
1.7047e-07
2.47923e-07
2.88042e-12
5.77864e-12
9.8469e-14
1.04525e-12
1.58742e-12
1.18477e-12
2.97015e-08
2.4133e-13
1.73535e-07
2.38427e-07
3.88177e-11
5.51809e-10
6.53348e-12
6.25403e-07
4.50206e-07
3.24349e-12
1.60006e-08
2.41361e-07
8.30991e-11
2.44897e-11
5.64507e-11
1.66464e-07
1.66737e-07
1.05757e-10
3.43125e-11
1.1113e-11
9.84841e-08
4.60568e-09
2.11313e-09
9.16682e-08
5.81561e-07
1.21567e-07
3.4276e-10
1.22954e-10
3.63893e-13
3.46567e-12
5.38377e-11
1.64842e-07
9.35555e-08
1.36416e-09
1.95379e-11
3.90897e-09
1.2224e-09
1.93273e-09
3.60564e-10
5.80891e-10
9.30815e-08
4.30423e-07
1.07075e-08
7.85578e-13
1.20685e-12
1.56222e-12
4.02604e-07
1.01346e-10
1.42341e-09
1.00474e-07
6.95052e-08
4.98716e-09
7.71311e-12
3.19869e-09
6.29298e-08
9.62765e-08
1.21171e-11
3.59419e-11
6.46909e-08
8.31631e-12
2.92676e-12
4.2616e-12
2.22978e-11
3.74282e-11
1.49912e-11
2.02286e-11
5.16949e-12
2.92117e-12
1.00133e-10
2.64417e-07
1.56331e-07
9.47037e-08
2.2488e-07
6.05688e-09
1.18651e-08
8.82982e-08
4.63777e-08
3.96108e-08
6.40309e-08
6.02834e-08
8.80572e-08
2.18114e-07
1.67172e-10
9.25055e-10
3.81265e-10
1.13316e-10
1.41502e-10
6.93055e-08
6.56648e-08
1.4749e-07
1.89387e-08
3.74454e-08
2.63012e-11
4.53226e-11
6.8554e-11
6.13635e-11
7.76084e-08
5.31108e-08
3.25382e-08
9.4528e-11
1.78687e-07
7.25689e-09
3.14846e-12
4.84379e-12
4.35577e-12
3.82549e-09
2.2397e-09
3.47261e-09
2.24346e-08
1.1137e-08
3.40351e-08
1.87335e-10
6.5429e-10
2.95642e-10
1.05559e-09
3.19967e-11
4.05235e-08
2.5995e-08
8.8298e-11
2.41095e-10
5.68424e-11
7.85652e-11
1.62773e-10
8.17479e-12
1.80768e-11
1.90092e-08
3.48312e-08
2.0064e-09
2.71607e-10
4.19673e-08
2.96042e-08
8.77418e-10
2.70485e-11
1.6986e-11
3.6684e-08
2.95939e-08
2.40002e-08
2.52714e-08
2.27022e-09
1.38501e-08
3.17073e-08
8.722e-09
4.06314e-10
3.80488e-09
5.52219e-10
2.50745e-10
1.24526e-09
7.41318e-10
2.14513e-09
1.5328e-08
1.15168e-08
5.76215e-09
1.74462e-08
1.34707e-08
1.37855e-08
9.44316e-09
8.96434e-09
1.87225e-08
3.9409e-11
1.16028e-10
4.89397e-11
2.22231e-08
1.07869e-08
8.51139e-12
1.20382e-11
1.05676e-11
1.62169e-11
1.26192e-11
7.33579e-11
3.19841e-10
1.2952e-09
5.85912e-10
1.28547e-08
8.92046e-09
6.33869e-09
5.10701e-11
1.6274e-10
4.816e-10
1.68993e-10
3.67346e-10
1.12785e-10
6.74676e-09
3.2973e-11
2.28937e-11
5.70063e-11
5.24633e-09
3.65375e-09
4.93385e-09
4.52801e-09
3.46416e-09
9.44894e-10
5.1469e-09
3.14813e-09
2.41052e-10
2.88782e-09
2.30396e-09
2.36267e-11
3.47087e-11
3.2474e-11
1.37452e-09
4.31086e-10
1.17652e-09
1.48566e-09
3.5543e-10
1.12959e-10
2.58776e-10
7.75166e-11
1.61354e-09
2.82485e-09
6.83162e-10
5.75142e-11
1.15609e-10
1.03305e-09
2.30548e-09
)
;

boundaryField
{
    frontAndBack
    {
        type            empty;
    }
    hot
    {
        type            fixedValue;
        value           uniform 1;
    }
    cold
    {
        type            fixedValue;
        value           uniform 0;
    }
    defaultFaces
    {
        type            zeroGradient;
    }
}


// ************************************************************************* //
