/*--------------------------------*- C++ -*----------------------------------*\
  =========                 |
  \\      /  F ield         | OpenFOAM: The Open Source CFD Toolbox
   \\    /   O peration     | Website:  https://openfoam.org
    \\  /    A nd           | Version:  7
     \\/     M anipulation  |
\*---------------------------------------------------------------------------*/
FoamFile
{
    version     2.0;
    format      ascii;
    class       volScalarField;
    location    "1";
    object      T;
}
// * * * * * * * * * * * * * * * * * * * * * * * * * * * * * * * * * * * * * //

dimensions      [0 0 0 1 0 0 0];

internalField   nonuniform List<scalar> 
10000
(
0.5
0.0669146
-0.0353169
-0.0277115
-0.00789976
0.00112931
0.00220711
0.000963794
3.88563e-05
-0.000206219
-0.000130475
-2.60559e-05
1.76156e-05
1.74837e-05
6.08561e-06
-9.06071e-07
-2.20759e-06
-1.13469e-06
-1.06163e-07
2.47859e-07
1.87024e-07
4.9395e-08
-2.13888e-08
-2.77866e-08
-1.17496e-08
4.15034e-10
3.66278e-09
2.25287e-09
3.96249e-10
-4.00522e-10
-3.77204e-10
-1.28468e-10
2.72483e-11
5.58372e-11
2.85372e-11
2.14233e-12
-7.093e-12
-5.30845e-12
-1.37604e-12
6.83547e-13
8.64619e-13
3.65828e-13
-1.85479e-14
-1.22707e-13
-7.57077e-14
-1.30586e-14
1.42867e-14
1.34536e-14
4.59873e-15
-1.03633e-15
-2.09111e-15
-1.07652e-15
-7.90588e-17
2.75733e-16
2.07306e-16
5.32288e-17
-2.8187e-17
-3.45945e-17
-1.31346e-17
3.69337e-18
8.415e-18
5.95658e-18
2.03559e-18
-7.83435e-19
-2.26055e-18
-2.81518e-18
-2.73002e-18
-2.13582e-18
-1.19977e-18
-1.84532e-19
6.35721e-19
1.08628e-18
1.14208e-18
9.026e-19
5.24608e-19
1.54426e-19
-1.13943e-19
-2.489e-19
-2.67695e-19
-2.12709e-19
-1.29224e-19
-5.12296e-20
3.51305e-21
3.14699e-20
3.79802e-20
3.16824e-20
2.0531e-20
9.88784e-21
2.28857e-21
-1.85265e-21
-3.27614e-21
-3.06928e-21
-2.17861e-21
-1.22055e-21
-4.88849e-22
-5.06942e-23
1.45216e-22
1.86909e-22
1.55818e-22
8.63189e-23
0.933085
0.5
0.14482
-0.0139075
-0.0411718
-0.0230289
-0.00507433
0.00215701
0.00250723
0.00101071
-9.38734e-08
-0.000255324
-0.000158213
-3.18213e-05
2.20241e-05
2.24005e-05
8.17946e-06
-9.48178e-07
-2.86443e-06
-1.56602e-06
-2.00131e-07
3.13491e-07
2.58847e-07
7.77035e-08
-2.39625e-08
-3.79444e-08
-1.77304e-08
-5.20299e-10
4.83208e-09
3.30976e-09
7.47241e-10
-4.84999e-10
-5.38962e-10
-2.10525e-10
2.14979e-11
7.6803e-11
4.4227e-11
6.23631e-12
-9.12446e-12
-7.90475e-12
-2.489e-12
7.31469e-13
1.23561e-12
5.98792e-13
2.37355e-14
-1.6565e-13
-1.17333e-13
-2.7735e-14
1.72277e-14
1.99223e-14
8.02538e-15
-7.28497e-16
-2.93696e-15
-1.73653e-15
-2.60641e-16
3.55735e-16
3.13037e-16
9.37647e-17
-3.98725e-17
-6.00624e-17
-2.90719e-17
1.8545e-18
1.63061e-17
1.80721e-17
1.43628e-17
9.1561e-18
3.72048e-18
-1.33297e-18
-5.18928e-18
-7.10806e-18
-6.91017e-18
-5.09238e-18
-2.55195e-18
-1.79148e-19
1.44279e-18
2.13416e-18
2.04261e-18
1.48387e-18
7.85665e-19
1.86426e-19
-1.9913e-19
-3.62808e-19
-3.60565e-19
-2.68769e-19
-1.53376e-19
-5.59399e-20
6.75526e-21
3.55948e-20
4.02448e-20
3.20446e-20
1.9961e-20
9.29328e-21
2.11434e-21
-1.58514e-21
-2.76273e-21
-2.53252e-21
-1.76502e-21
-9.76883e-22
-4.11257e-22
2.31561e-23
1.03532
0.85518
0.5
0.182448
0.00830364
-0.0419281
-0.032441
-0.0120093
3.84408e-05
0.00307766
0.00201936
0.000522644
-0.000189734
-0.000261936
-0.000118925
-6.07707e-06
2.86043e-05
2.02421e-05
5.19525e-06
-2.29056e-06
-2.95623e-06
-1.27806e-06
8.46554e-09
3.71768e-07
2.40892e-07
5.03709e-08
-3.68802e-08
-3.89006e-08
-1.47958e-08
1.67178e-09
5.45504e-09
3.1046e-09
4.35545e-10
-6.33136e-10
-5.48229e-10
-1.74177e-10
4.83609e-11
8.41877e-11
4.13499e-11
2.16017e-12
-1.1009e-11
-7.96972e-12
-1.97741e-12
1.09386e-12
1.32734e-12
5.52765e-13
-3.45311e-14
-1.91111e-13
-1.17039e-13
-1.99022e-14
2.24173e-14
2.10629e-14
7.23121e-15
-1.60413e-15
-3.27938e-15
-1.692e-15
-1.17157e-16
4.44272e-16
3.27321e-16
6.68365e-17
-7.80399e-17
-9.55495e-17
-5.71573e-17
-1.61837e-17
1.0476e-17
2.46399e-17
3.0478e-17
2.96296e-17
2.29113e-17
1.23512e-17
1.18618e-18
-7.47062e-18
-1.18676e-17
-1.19878e-17
-9.10601e-18
-4.98397e-18
-1.15182e-18
1.48515e-18
2.69405e-18
2.72995e-18
2.07008e-18
1.18521e-18
4.06236e-19
-1.10772e-19
-3.52087e-19
-3.85709e-19
-3.04042e-19
-1.86049e-19
-8.14009e-20
-1.0961e-20
2.45327e-20
3.43008e-20
2.96969e-20
1.98687e-20
1.03722e-20
3.57763e-21
-2.25932e-22
-1.73903e-21
-1.90278e-21
-1.32751e-21
1.02771
1.01391
0.817552
0.5
0.206389
0.0268058
-0.0388677
-0.0384381
-0.0184166
-0.00302402
0.00284105
0.00282245
0.00118552
4.2633e-05
-0.000296282
-0.000211922
-6.02234e-05
1.88442e-05
2.95095e-05
1.43558e-05
1.17969e-06
-3.31264e-06
-2.541e-06
-7.3481e-07
2.46588e-07
3.7721e-07
1.7883e-07
8.57306e-09
-4.67553e-08
-3.3615e-08
-8.56666e-09
4.24374e-09
5.36576e-09
2.31171e-09
-5.87231e-11
-7.29434e-10
-4.68781e-10
-9.40045e-11
7.80718e-11
8.04024e-11
3.01652e-11
-4.11808e-12
-1.18724e-11
-6.69116e-12
-8.75703e-13
1.44559e-12
1.23383e-12
3.86154e-13
-1.1735e-13
-1.96446e-13
-9.58347e-14
-4.20008e-15
2.6504e-14
1.90585e-14
4.65991e-15
-2.71043e-15
-3.22321e-15
-1.28906e-15
1.7254e-16
5.50135e-16
3.31705e-16
4.00139e-17
-1.14604e-16
-1.43702e-16
-1.15812e-16
-7.45721e-17
-3.35971e-17
4.11756e-18
3.43056e-17
5.14042e-17
5.28078e-17
4.10199e-17
2.23188e-17
3.69279e-18
-9.80725e-18
-1.62008e-17
-1.62348e-17
-1.22193e-17
-6.76066e-18
-1.87004e-18
1.40036e-18
2.88013e-18
2.96498e-18
2.26105e-18
1.3184e-18
4.98682e-19
-4.11126e-20
-2.96656e-19
-3.43689e-19
-2.76979e-19
-1.73857e-19
-8.12551e-20
-1.82906e-20
1.43827e-20
2.48095e-20
2.27027e-20
1.57793e-20
8.66925e-21
3.57349e-21
-3.25593e-22
1.0079
1.04117
0.991696
0.793611
0.5
0.223365
0.042154
-0.0343031
-0.0421139
-0.0239644
-0.00647534
0.00197761
0.00332499
0.00186777
0.000400612
-0.000245072
-0.000285991
-0.000129611
-8.12739e-06
3.15022e-05
2.39228e-05
7.25577e-06
-1.97863e-06
-3.44893e-06
-1.76137e-06
-1.8454e-07
3.9124e-07
3.18273e-07
9.93709e-08
-2.70434e-08
-4.76358e-08
-2.40385e-08
-2.00424e-09
5.81838e-09
4.51192e-09
1.29237e-09
-4.84176e-10
-7.13816e-10
-3.342e-10
-9.51053e-12
9.45107e-11
6.64246e-11
1.60473e-11
-9.35071e-12
-1.11618e-11
-4.66525e-12
2.5917e-13
1.59619e-12
9.95063e-13
1.82173e-13
-1.81623e-13
-1.78035e-13
-6.4246e-14
1.12992e-14
2.72787e-14
1.48425e-14
1.55978e-15
-3.5348e-15
-2.82829e-15
-7.27748e-16
5.08025e-16
6.97893e-16
4.1288e-16
1.03986e-16
-8.21021e-17
-1.65666e-16
-1.91604e-16
-1.7998e-16
-1.36504e-16
-7.11536e-17
-2.2281e-18
5.11704e-17
7.77122e-17
7.70464e-17
5.73216e-17
2.99881e-17
5.01182e-18
-1.17758e-17
-1.90028e-17
-1.85155e-17
-1.3589e-17
-7.39438e-18
-2.11621e-18
1.26322e-18
2.72357e-18
2.78203e-18
2.09836e-18
1.21926e-18
4.76645e-19
-1.41128e-21
-2.25034e-19
-2.69121e-19
-2.18434e-19
-1.3835e-19
-6.67323e-20
-1.81831e-20
7.24741e-21
1.59233e-20
1.53733e-20
9.70341e-21
0.998871
1.02303
1.04193
0.973194
0.776635
0.5
0.236308
0.0551561
-0.0291433
-0.0442026
-0.0286476
-0.0100134
0.000663016
0.00351519
0.00249279
0.000838178
-0.000110139
-0.000325109
-0.00020245
-4.98925e-05
2.37007e-05
3.12705e-05
1.49634e-05
1.26022e-06
-3.52123e-06
-2.80623e-06
-8.96015e-07
2.13495e-07
4.11962e-07
2.18731e-07
2.6977e-08
-4.67862e-08
-3.99564e-08
-1.32132e-08
2.98683e-09
5.99819e-09
3.17653e-09
3.49637e-10
-7.21182e-10
-5.94782e-10
-1.85006e-10
5.48484e-11
9.32947e-11
4.65282e-11
3.12953e-12
-1.20509e-11
-9.11194e-12
-2.48921e-12
1.0995e-12
1.50542e-12
6.82055e-13
1.86285e-16
-2.09041e-13
-1.41445e-13
-3.14524e-14
2.21644e-14
2.45367e-14
9.56579e-15
-1.31705e-15
-4.01488e-15
-2.36699e-15
-2.72523e-16
7.6506e-16
8.90112e-16
6.44975e-16
3.6014e-16
1.22193e-16
-7.25778e-17
-2.19267e-16
-2.95461e-16
-2.88631e-16
-2.12924e-16
-1.03587e-16
4.15247e-19
7.17683e-17
1.01124e-16
9.46391e-17
6.68252e-17
3.30896e-17
4.71584e-18
-1.29382e-17
-1.96814e-17
-1.84366e-17
-1.30797e-17
-6.90452e-18
-1.93096e-18
1.09547e-18
2.32231e-18
2.32121e-18
1.71753e-18
9.85113e-19
3.88258e-19
1.4792e-20
-1.56109e-19
-1.89972e-19
-1.54182e-19
-9.78663e-20
-4.79276e-20
-1.52493e-20
7.26379e-21
0.997793
1.00507
1.03244
1.03887
0.957846
0.763692
0.5
0.246668
0.0663827
-0.0238073
-0.0451887
-0.0325522
-0.0134733
-0.000959178
0.00341734
0.00301639
0.00131432
9.733e-05
-0.000320961
-0.000268331
-0.000102053
5.40097e-06
3.42592e-05
2.29965e-05
6.2179e-06
-2.43292e-06
-3.56994e-06
-1.78399e-06
-1.83405e-07
4.05355e-07
3.37003e-07
1.12392e-07
-2.33436e-08
-4.9923e-08
-2.74106e-08
-3.82702e-09
5.6432e-09
5.03276e-09
1.74445e-09
-3.29807e-10
-7.55153e-10
-4.1639e-10
-5.49403e-11
8.92642e-11
7.76866e-11
2.5765e-11
-6.16115e-12
-1.20783e-11
-6.3439e-12
-6.20526e-13
1.52282e-12
1.227e-12
3.67229e-13
-1.27256e-13
-1.99326e-13
-9.6101e-14
-3.70829e-15
2.71571e-14
1.94016e-14
4.35566e-15
-3.62738e-15
-4.39271e-15
-2.2656e-15
-2.91261e-16
7.03708e-16
1.00434e-15
9.97964e-16
8.49016e-16
5.87241e-16
2.47707e-16
-8.84682e-17
-3.31692e-16
-4.31584e-16
-3.94452e-16
-2.68801e-16
-1.16651e-16
1.15565e-17
8.94907e-17
1.14776e-16
1.00963e-16
6.73992e-17
3.11957e-17
3.09358e-18
-1.30181e-17
-1.82903e-17
-1.63559e-17
-1.11574e-17
-5.66808e-18
-1.49841e-18
9.03903e-19
1.80598e-18
1.75233e-18
1.26683e-18
7.1416e-19
2.80611e-19
1.73829e-20
-1.00032e-19
-1.22648e-19
-1.00546e-19
-5.33976e-20
0.999036
0.997843
1.01201
1.03844
1.0343
0.944844
0.753332
0.5
0.255249
0.0762288
-0.0184971
-0.0453946
-0.0357829
-0.0167686
-0.00277966
0.00306919
0.00341666
0.00179625
0.000362307
-0.000271062
-0.000319196
-0.000159502
-2.26983e-05
3.14482e-05
3.00039e-05
1.24139e-05
-5.01571e-08
-3.78026e-06
-2.69448e-06
-7.81473e-07
2.58291e-07
4.1876e-07
2.17163e-07
2.5954e-08
-4.75585e-08
-4.11123e-08
-1.42496e-08
2.56399e-09
6.11199e-09
3.4591e-09
5.34283e-10
-6.84858e-10
-6.35995e-10
-2.29591e-10
3.61861e-11
9.51508e-11
5.43646e-11
8.20056e-12
-1.10438e-11
-1.00961e-11
-3.53099e-12
6.84029e-13
1.55492e-12
8.53822e-13
1.05148e-13
-1.91097e-13
-1.62502e-13
-5.11985e-14
1.6114e-14
2.7436e-14
1.38082e-14
3.59563e-16
-5.11822e-15
-4.91019e-15
-2.92844e-15
-1.19999e-15
-5.34665e-17
7.29249e-16
1.25279e-15
1.45872e-15
1.30207e-15
8.5975e-16
3.06443e-16
-1.74561e-16
-4.66588e-16
-5.4494e-16
-4.57764e-16
-2.86391e-16
-1.0799e-16
2.67969e-17
9.92258e-17
1.15617e-16
9.53985e-17
5.99657e-17
2.55951e-17
9.56768e-19
-1.19741e-17
-1.54008e-17
-1.30975e-17
-8.56676e-18
-4.16798e-18
-1.01611e-18
7.00435e-19
1.29109e-18
1.21131e-18
8.54193e-19
4.72584e-19
1.83619e-19
1.73135e-20
-7.6812e-20
0.999961
0.997493
0.999962
1.01842
1.04211
1.02914
0.933617
0.744751
0.5
0.262537
0.0849758
-0.0133115
-0.0450396
-0.0384394
-0.0198576
-0.00471768
0.00251112
0.00368607
0.00225945
0.000669094
-0.000176905
-0.000349474
-0.000217239
-5.89605e-05
2.2113e-05
3.47796e-05
1.91931e-05
3.57793e-06
-3.2318e-06
-3.45354e-06
-1.52336e-06
-4.80473e-08
4.29811e-07
3.2249e-07
9.90302e-08
-2.79562e-08
-5.00298e-08
-2.68177e-08
-3.61799e-09
5.65286e-09
5.07188e-09
1.82066e-09
-2.81011e-10
-7.53962e-10
-4.38924e-10
-7.3872e-11
8.34855e-11
8.06107e-11
3.01779e-11
-3.91963e-12
-1.2003e-11
-7.08384e-12
-1.18851e-12
1.36548e-12
1.30715e-12
4.77456e-13
-7.60771e-14
-1.99896e-13
-1.1278e-13
-1.36074e-14
2.80082e-14
2.55928e-14
1.00995e-14
-1.09061e-15
-5.21993e-15
-5.40407e-15
-4.42557e-15
-3.24798e-15
-1.88839e-15
-3.72402e-16
1.00433e-15
1.8817e-15
2.08451e-15
1.69987e-15
9.91532e-16
2.55207e-16
-2.94993e-16
-5.71604e-16
-5.98309e-16
-4.62467e-16
-2.6457e-16
-8.29304e-17
4.07485e-17
9.85965e-17
1.04551e-16
8.07962e-17
4.7634e-17
1.84633e-17
-8.51636e-19
-1.00571e-17
-1.18339e-17
-9.56074e-18
-5.98977e-18
-2.78319e-18
-6.1198e-19
5.05376e-19
8.54091e-19
7.72524e-19
5.41073e-19
2.25517e-19
1.00021
0.998989
0.996922
1.00302
1.02396
1.0442
1.02381
0.923771
0.737463
0.5
0.268847
0.0928295
-0.00829713
-0.0442768
-0.0406094
-0.0227243
-0.00671456
0.00178129
0.00382595
0.00268654
0.001003
-4.24486e-05
-0.000355818
-0.000270828
-0.000101219
6.15712e-06
3.63676e-05
2.58328e-05
8.25193e-06
-1.80508e-06
-3.89324e-06
-2.32337e-06
-5.09073e-07
3.42821e-07
4.06035e-07
1.88693e-07
1.12936e-08
-4.98814e-08
-3.9188e-08
-1.2636e-08
3.05689e-09
6.05568e-09
3.34644e-09
4.9976e-10
-6.78139e-10
-6.30924e-10
-2.33975e-10
3.05383e-11
9.35454e-11
5.59397e-11
1.01487e-11
-1.02094e-11
-1.02429e-11
-3.96402e-12
4.15912e-13
1.5145e-12
9.18639e-13
1.63786e-13
-1.74375e-13
-1.72875e-13
-6.45569e-14
1.22717e-14
3.33548e-14
2.43459e-14
1.04434e-14
1.49201e-15
-2.8163e-15
-4.99578e-15
-6.16999e-15
-6.20784e-15
-4.91313e-15
-2.64828e-15
-1.96474e-16
1.68357e-15
2.58916e-15
2.54233e-15
1.85758e-15
9.4098e-16
1.26763e-16
-4.02226e-16
-6.14435e-16
-5.8091e-16
-4.13334e-16
-2.14343e-16
-5.11419e-17
4.88412e-17
8.82911e-17
8.55175e-17
6.18642e-17
3.40923e-17
1.17775e-17
-1.87488e-18
-7.72398e-18
-8.35062e-18
-6.41441e-18
-3.85004e-18
-1.70639e-18
-3.28887e-19
3.2995e-19
5.63366e-19
1.00013
1
0.997981
0.997159
1.00648
1.02865
1.04519
1.0185
0.915024
0.731153
0.5
0.274394
0.0999444
-0.00347339
-0.0432147
-0.0423674
-0.025367
-0.00872811
0.000913719
0.00384278
0.00306586
0.00135109
0.000126998
-0.000336704
-0.000316604
-0.000147094
-1.60181e-05
3.41025e-05
3.16251e-05
1.36644e-05
5.30393e-07
-3.87081e-06
-3.0801e-06
-1.09846e-06
1.40984e-07
4.45232e-07
2.83651e-07
6.95991e-08
-3.71387e-08
-4.8494e-08
-2.35641e-08
-1.97186e-09
5.87407e-09
4.81586e-09
1.62131e-09
-3.35443e-10
-7.40108e-10
-4.20873e-10
-6.86129e-11
8.18993e-11
7.89866e-11
3.02022e-11
-3.26625e-12
-1.16563e-11
-7.15046e-12
-1.38288e-12
1.25485e-12
1.30376e-12
5.14002e-13
-5.51393e-14
-2.06761e-13
-1.33106e-13
-3.03389e-14
2.33237e-14
3.29053e-14
2.49655e-14
1.58991e-14
9.25531e-15
3.51655e-15
-2.15174e-15
-6.82634e-15
-9.16632e-15
-8.69574e-15
-6.07477e-15
-2.59835e-15
4.84969e-16
2.42085e-15
3.05193e-15
2.66624e-15
1.74667e-15
7.49114e-16
-2.58831e-17
-4.62028e-16
-5.87011e-16
-5.04168e-16
-3.29654e-16
-1.52828e-16
-2.23363e-17
4.91589e-17
7.15915e-17
6.36707e-17
4.31414e-17
2.2157e-17
6.65237e-18
-2.11492e-18
-5.44449e-18
-5.44524e-18
-3.9767e-18
-2.34458e-18
-6.29548e-19
1.00003
1.00026
0.999477
0.997178
0.998022
1.01001
1.03255
1.04539
1.01331
0.90717
0.725606
0.5
0.279329
0.106439
0.00115474
-0.041932
-0.0437761
-0.0277924
-0.0107283
-6.2262e-05
0.00374582
0.00339021
0.00170247
0.000325544
-0.000292008
-0.000351728
-0.000194215
-4.36511e-05
2.76072e-05
3.59344e-05
1.94425e-05
3.72374e-06
-3.28056e-06
-3.68834e-06
-1.77217e-06
-1.80246e-07
4.20168e-07
3.69979e-07
1.43349e-07
-9.59764e-09
-5.17625e-08
-3.49115e-08
-9.34237e-09
4.0785e-09
5.86106e-09
2.9627e-09
3.09636e-10
-6.99165e-10
-5.96929e-10
-2.08957e-10
3.67311e-11
9.11209e-11
5.32517e-11
9.37657e-12
-9.93893e-12
-9.93146e-12
-3.89868e-12
3.58377e-13
1.47409e-12
9.24625e-13
1.81722e-13
-1.75924e-13
-1.98617e-13
-1.01289e-13
-1.95627e-14
1.64837e-14
2.51471e-14
2.59325e-14
2.53544e-14
2.21002e-14
1.47416e-14
4.74393e-15
-4.64472e-15
-1.06284e-14
-1.21873e-14
-1.00769e-14
-6.0277e-15
-1.82335e-15
1.31295e-15
2.91218e-15
3.12773e-15
2.45151e-15
1.43289e-15
4.91599e-16
-1.52757e-16
-4.60004e-16
-5.02586e-16
-3.93788e-16
-2.35929e-16
-9.57904e-17
-2.3722e-18
4.29207e-17
5.28467e-17
4.34156e-17
2.759e-17
1.31668e-17
3.30972e-18
-1.84342e-18
-3.54511e-18
-3.18277e-18
0.999982
1.00016
1.00019
0.998814
0.996675
0.999337
1.01347
1.03578
1.04504
1.0083
0.900056
0.720671
0.5
0.283765
0.112406
0.00559006
-0.0404869
-0.0448875
-0.0300111
-0.0126941
-0.0011218
0.00354557
0.00365566
0.00204819
0.000547226
-0.000222631
-0.000374148
-0.000240368
-7.5744e-05
1.67653e-05
3.82309e-05
2.51857e-05
7.65639e-06
-2.05941e-06
-4.049e-06
-2.47373e-06
-6.13084e-07
3.15741e-07
4.32726e-07
2.26279e-07
3.32724e-08
-4.63187e-08
-4.47952e-08
-1.85529e-08
3.90474e-10
6.09469e-09
4.32722e-09
1.2425e-09
-4.51538e-10
-7.1491e-10
-3.74581e-10
-4.61528e-11
8.38814e-11
7.44792e-11
2.70143e-11
-4.00458e-12
-1.12888e-11
-6.75945e-12
-1.24626e-12
1.25735e-12
1.3042e-12
5.42118e-13
-2.87191e-14
-2.10734e-13
-1.72163e-13
-9.02415e-14
-3.71104e-14
-1.12153e-14
6.10695e-15
2.2625e-14
3.49496e-14
3.78305e-14
3.0385e-14
1.64739e-14
1.81527e-15
-8.99874e-15
-1.39725e-14
-1.35949e-14
-9.82897e-15
-4.95097e-15
-7.19457e-16
1.9694e-15
3.01668e-15
2.83058e-15
1.99604e-15
1.02712e-15
2.46675e-16
-2.22881e-16
-4.03629e-16
-3.88033e-16
-2.7836e-16
-1.52217e-16
-5.23904e-17
7.82333e-18
3.32046e-17
3.57281e-17
2.7286e-17
1.62517e-17
7.42779e-18
-1.84333e-20
0.999983
1.00003
1.00026
0.999957
0.998132
0.996485
1.00096
1.01677
1.03844
1.04428
1.00347
0.893561
0.716235
0.5
0.287787
0.11792
0.00983944
-0.0389223
-0.0457452
-0.0320359
-0.0146108
-0.00224409
0.00325288
0.00386074
0.00238115
0.000786327
-0.00013018
-0.000382519
-0.00028358
-0.000111168
1.68149e-06
3.81078e-05
3.04963e-05
1.21584e-05
-1.87578e-07
-4.07657e-06
-3.1397e-06
-1.13857e-06
1.23036e-07
4.5745e-07
3.10103e-07
9.02055e-08
-3.01281e-08
-5.11535e-08
-2.87229e-08
-5.24116e-09
5.16548e-09
5.46299e-09
2.39337e-09
3.71734e-11
-7.24697e-10
-5.39547e-10
-1.6443e-10
5.01783e-11
8.78253e-11
4.75495e-11
6.6302e-12
-1.0177e-11
-9.38047e-12
-3.50322e-12
4.80713e-13
1.50024e-12
9.78909e-13
2.71314e-13
-9.84326e-14
-1.7319e-13
-1.37384e-13
-1.00748e-13
-8.11813e-14
-6.08041e-14
-2.88931e-14
8.60848e-15
3.86354e-14
5.20199e-14
4.79391e-14
3.21843e-14
1.28765e-14
-3.27154e-15
-1.27846e-14
-1.54139e-14
-1.30309e-14
-8.24799e-15
-3.33675e-15
3.18425e-16
2.26931e-15
2.74256e-15
2.28129e-15
1.44518e-15
6.39056e-16
6.67443e-17
-2.32632e-16
-3.15915e-16
-2.71805e-16
-1.79067e-16
-8.8873e-17
-2.44782e-17
1.06461e-17
2.30954e-17
2.25074e-17
1.40212e-17
0.999994
0.999978
1.00012
1.0003
0.999599
0.997507
0.996583
1.00278
1.01986
1.04061
1.04321
0.998845
0.887594
0.712213
0.5
0.291459
0.123039
0.0139117
-0.0372711
-0.0463857
-0.0338802
-0.0164687
-0.00341188
0.00287833
0.00400571
0.00269582
0.00103755
-1.67195e-05
-0.000376094
-0.000322165
-0.000148743
-1.73631e-05
3.52842e-05
3.50019e-05
1.7025e-05
2.3144e-06
-3.70406e-06
-3.70485e-06
-1.72852e-06
-1.6006e-07
4.31511e-07
3.8528e-07
1.58213e-07
-2.04541e-09
-5.19695e-08
-3.86687e-08
-1.26123e-08
2.80887e-09
6.09133e-09
3.63991e-09
7.70598e-10
-5.80807e-10
-6.70428e-10
-3.08429e-10
-1.41543e-11
8.68635e-11
6.76044e-11
2.16391e-11
-5.69626e-12
-1.10045e-11
-6.19462e-12
-1.00023e-12
1.28369e-12
1.33701e-12
6.75831e-13
1.69904e-13
-2.87867e-14
-6.96837e-14
-8.84782e-14
-1.20219e-13
-1.41517e-13
-1.2859e-13
-8.20949e-14
-2.16624e-14
3.00278e-14
5.89896e-14
6.31372e-14
4.91856e-14
2.72781e-14
6.40161e-15
-8.05594e-15
-1.4623e-14
-1.46793e-14
-1.09097e-14
-5.97074e-15
-1.71424e-15
1.01467e-15
2.18294e-15
2.21246e-15
1.64617e-15
9.32129e-16
3.38912e-16
-3.39255e-17
-1.99684e-16
-2.22863e-16
-1.73828e-16
-1.05432e-16
-4.69527e-17
-9.94833e-18
1.37914e-17
1
0.999978
1.00001
1.00021
1.00025
0.999162
0.996984
0.996931
1.00472
1.02272
1.04237
1.04193
0.99441
0.88208
0.708541
0.5
0.294834
0.127814
0.0178165
-0.035558
-0.0468395
-0.0355575
-0.0182615
-0.00461091
0.00243196
0.00409206
0.00298801
0.00129613
0.000115423
-0.000354624
-0.00035473
-0.000187304
-3.99542e-05
2.95993e-05
3.83716e-05
2.20318e-05
5.39077e-06
-2.88567e-06
-4.10654e-06
-2.34794e-06
-5.28881e-07
3.45069e-07
4.41811e-07
2.32812e-07
3.80405e-08
-4.54776e-08
-4.70091e-08
-2.12648e-08
-1.11284e-09
5.93844e-09
4.81653e-09
1.71675e-09
-2.4964e-10
-7.30079e-10
-4.6134e-10
-1.09147e-10
6.57946e-11
8.28444e-11
3.97974e-11
2.76759e-12
-1.07235e-11
-8.859e-12
-3.20058e-12
4.02972e-13
1.33832e-12
9.79646e-13
4.84807e-13
2.40077e-13
1.64153e-13
1.00396e-13
-7.55706e-15
-1.25645e-13
-1.99751e-13
-2.04261e-13
-1.50337e-13
-6.98055e-14
4.96612e-15
5.36924e-14
7.11637e-14
6.35764e-14
4.23433e-14
1.85677e-14
-2.34561e-16
-1.09891e-14
-1.41862e-14
-1.22546e-14
-8.0161e-15
-3.68079e-15
-4.7154e-16
1.28109e-15
1.81574e-15
1.59686e-15
1.06854e-15
5.35561e-16
1.45995e-16
-7.04135e-17
-1.48538e-16
-1.42792e-16
-1.03955e-16
-4.47661e-17
1
0.999992
0.999971
1.00006
1.00029
1.00011
0.998686
0.996583
0.997489
1.00671
1.02537
1.04378
1.04049
0.990161
0.876961
0.705166
0.5
0.297951
0.132283
0.0215636
-0.0338022
-0.0471324
-0.0370806
-0.0199854
-0.00582946
0.00192307
0.00412207
0.00325471
0.00155785
0.0002638
-0.000318255
-0.000380175
-0.000225738
-6.55836e-05
2.10018e-05
4.03256e-05
2.69479e-05
8.95689e-06
-1.59756e-06
-4.28826e-06
-2.9575e-06
-9.72493e-07
1.91739e-07
4.69999e-07
3.0836e-07
8.91624e-08
-3.03359e-08
-5.22847e-08
-3.05132e-08
-6.58413e-09
4.7668e-09
5.72878e-09
2.80729e-09
2.84442e-10
-6.82106e-10
-6.00437e-10
-2.30016e-10
2.03705e-11
8.8395e-11
5.89488e-11
1.53884e-11
-7.52319e-12
-1.06792e-11
-5.80577e-12
-1.21892e-12
7.11864e-13
8.58151e-13
5.45726e-13
4.03578e-13
4.35676e-13
4.49305e-13
3.36602e-13
1.25472e-13
-9.09641e-14
-2.33089e-13
-2.71611e-13
-2.24002e-13
-1.31619e-13
-3.63517e-14
3.373e-14
6.83371e-14
7.14836e-14
5.47597e-14
3.08497e-14
9.28998e-15
-5.07392e-15
-1.15389e-14
-1.19521e-14
-9.03007e-15
-5.16261e-15
-1.8648e-15
2.48148e-16
1.2011e-15
1.33298e-15
1.03894e-15
6.2664e-16
2.73152e-16
4.28432e-17
-6.76745e-17
-1.03379e-16
1
1
0.99998
0.999981
1.00013
1.00033
0.999903
0.998204
0.996314
0.998219
1.00873
1.02779
1.04489
1.03892
0.986088
0.872186
0.702049
0.5
0.300845
0.136483
0.0251626
-0.0320184
-0.0472861
-0.0384617
-0.0216386
-0.00705794
0.0013602
0.00409858
0.0034938
0.00181902
0.00042595
-0.000267441
-0.000397667
-0.000263018
-9.36835e-05
9.53536e-06
4.06398e-05
3.15468e-05
1.2906e-05
1.62694e-07
-4.20216e-06
-3.51595e-06
-1.47456e-06
-3.10581e-08
4.61102e-07
3.78446e-07
1.49318e-07
-5.75342e-09
-5.308e-08
-3.94909e-08
-1.34249e-08
2.40272e-09
6.171e-09
3.94078e-09
1.0149e-09
-4.95421e-10
-6.9906e-10
-3.6705e-10
-5.13746e-11
7.92436e-11
7.59211e-11
3.15976e-11
-5.11331e-13
-1.04992e-11
-7.98676e-12
-3.18227e-12
-4.8441e-13
1.29679e-13
1.48635e-14
5.26994e-14
3.57547e-13
6.74628e-13
7.78504e-13
6.26753e-13
3.20781e-13
3.19212e-15
-2.20833e-13
-3.12328e-13
-2.88779e-13
-1.97399e-13
-8.87089e-14
5.74832e-16
5.35254e-14
7.03897e-14
6.16465e-14
4.06884e-14
1.86183e-14
1.94893e-15
-7.28825e-15
-1.01082e-14
-8.85808e-15
-5.89591e-15
-2.89545e-15
-6.96739e-16
5.17623e-16
9.37673e-16
8.76587e-16
6.12325e-16
3.4178e-16
6.72769e-17
1
1
0.999995
0.99997
1.00001
1.0002
1.00032
0.999638
0.997741
0.996174
0.999086
1.01073
1.03001
1.04575
1.03727
0.982184
0.867717
0.699155
0.5
0.303542
0.14044
0.0286225
-0.0302183
-0.0473191
-0.0397121
-0.0232206
-0.00828853
0.000751047
0.00402473
0.00370393
0.00207651
0.00059947
-0.000202868
-0.000406618
-0.000298222
-0.000123655
-4.67632e-06
3.91468e-05
3.56146e-05
1.71156e-05
2.37783e-06
-3.81077e-06
-3.98233e-06
-2.0144e-06
-3.22032e-07
4.07864e-07
4.36299e-07
2.15588e-07
2.8432e-08
-4.81352e-08
-4.72105e-08
-2.12934e-08
-1.24186e-09
5.94507e-09
4.98925e-09
1.91102e-09
-1.48279e-10
-7.28967e-10
-5.05896e-10
-1.48503e-10
5.06872e-11
8.64175e-11
4.95718e-11
1.04901e-11
-7.24456e-12
-8.53849e-12
-4.47218e-12
-1.52238e-12
-8.06467e-13
-1.05763e-12
-1.0778e-12
-5.46621e-13
2.37148e-13
8.57921e-13
1.08858e-12
9.40317e-13
5.6963e-13
1.61037e-13
-1.5149e-13
-3.11609e-13
-3.29748e-13
-2.54508e-13
-1.43081e-13
-4.05874e-14
2.86693e-14
5.99811e-14
6.14576e-14
4.61304e-14
2.59344e-14
8.67975e-15
-2.34278e-15
-7.19317e-15
-7.64631e-15
-5.82792e-15
-3.41812e-15
-1.39024e-15
-9.57263e-17
5.08458e-16
6.43327e-16
4.80157e-16
1
1
1
0.999986
0.999968
1.00005
1.00027
1.00027
0.999331
0.997313
0.996157
1.00006
1.01269
1.03204
1.04639
1.03556
0.978436
0.863517
0.696458
0.5
0.306067
0.144179
0.0319521
-0.0284107
-0.0472471
-0.0408424
-0.0247318
-0.00951485
0.000102559
0.00390383
0.00388439
0.00232765
0.000782063
-0.000125388
-0.000406654
-0.000330536
-0.00015489
-2.1445e-05
3.57346e-05
3.89561e-05
2.14541e-05
5.01315e-06
-3.08783e-06
-4.31774e-06
-2.56817e-06
-6.76182e-07
3.04897e-07
4.75189e-07
2.84297e-07
7.17228e-08
-3.64426e-08
-5.26305e-08
-2.97021e-08
-6.15502e-09
4.87859e-09
5.80725e-09
2.91817e-09
3.68576e-10
-6.62689e-10
-6.2794e-10
-2.66368e-10
-8.21328e-13
8.52525e-11
6.57927e-11
2.40872e-11
-8.71718e-13
-6.66106e-12
-3.91615e-12
-1.08501e-12
-7.14197e-13
-1.75043e-12
-2.5445e-12
-2.33574e-12
-1.30827e-12
-5.76228e-14
8.94012e-13
1.31105e-12
1.23034e-12
8.42688e-13
3.6803e-13
-2.74938e-14
-2.63269e-13
-3.36119e-13
-2.91179e-13
-1.89253e-13
-8.23342e-14
-1.78445e-15
4.22013e-14
5.43787e-14
4.63542e-14
3.00183e-14
1.39124e-14
2.32939e-15
-3.86111e-15
-5.75561e-15
-5.09586e-15
-3.42926e-15
-1.75354e-15
-5.72782e-16
2.93135e-16
1
1
1
0.999999
0.999976
0.999976
1.0001
1.00032
1.00018
0.998997
0.996934
0.996254
1.00112
1.01461
1.03388
1.04684
1.0338
0.974837
0.85956
0.693933
0.5
0.308436
0.147722
0.0351593
-0.0266028
-0.0470838
-0.0418621
-0.0261734
-0.0107318
-0.000579061
0.00373921
0.00403491
0.00257022
0.000971575
-3.59692e-05
-0.000397589
-0.000359261
-0.000186791
-4.05324e-05
3.03429e-05
4.13993e-05
2.57856e-05
8.01928e-06
-2.01859e-06
-4.48692e-06
-3.11006e-06
-1.08513e-06
1.48928e-07
4.88783e-07
3.51219e-07
1.22974e-07
-1.73211e-08
-5.47233e-08
-3.80433e-08
-1.22183e-08
2.84063e-09
6.2421e-09
3.9598e-09
1.04958e-09
-4.75866e-10
-7.10757e-10
-3.95439e-10
-7.59898e-11
6.76084e-11
7.54557e-11
3.68834e-11
6.59964e-12
-3.27114e-12
-1.45126e-12
1.77471e-12
1.98672e-12
-2.71586e-13
-2.79992e-12
-4.03393e-12
-3.66411e-12
-2.24574e-12
-5.78563e-13
7.23412e-13
1.38782e-12
1.44404e-12
1.09665e-12
5.9379e-13
1.34536e-13
-1.72172e-13
-3.04675e-13
-3.00014e-13
-2.1878e-13
-1.17175e-13
-3.22491e-14
2.05574e-14
4.21243e-14
4.1775e-14
3.05029e-14
1.69312e-14
5.96785e-15
-7.45025e-16
-3.62735e-15
-3.94558e-15
-3.08622e-15
-1.46169e-15
1
1
1
1
0.999993
0.999969
0.999995
1.00016
1.00035
1.00004
0.998649
0.99661
0.996454
1.00224
1.01647
1.03556
1.04713
1.03202
0.971377
0.855821
0.691564
0.5
0.310668
0.151087
0.0382517
-0.0248
-0.0468406
-0.0427801
-0.0275469
-0.0119352
-0.00128828
0.0035342
0.00415565
0.00280238
0.00116601
6.43519e-05
-0.000379392
-0.000383812
-0.000218782
-6.16627e-05
2.29581e-05
4.27975e-05
2.99747e-05
1.1335e-05
-5.99485e-07
-4.45928e-06
-3.61336e-06
-1.53758e-06
-6.10874e-08
4.71449e-07
4.11783e-07
1.80444e-07
9.53263e-09
-5.254e-08
-4.56225e-08
-1.92076e-08
-2.45687e-10
6.14412e-09
4.94028e-09
1.87216e-09
-1.50265e-10
-7.29353e-10
-5.20337e-10
-1.70333e-10
3.16864e-11
7.45987e-11
4.46402e-11
1.11576e-11
-1.88932e-12
3.48239e-13
5.88765e-12
7.67082e-12
4.99026e-12
3.80439e-13
-3.48665e-12
-5.256e-12
-4.93362e-12
-3.30286e-12
-1.30833e-12
3.35882e-13
1.28734e-12
1.53772e-12
1.28643e-12
8.00431e-13
3.08179e-13
-5.30147e-14
-2.40629e-13
-2.79895e-13
-2.27186e-13
-1.39566e-13
-5.75875e-14
-9.77304e-16
2.72941e-14
3.37581e-14
2.78317e-14
1.76071e-14
8.1742e-15
1.69019e-15
-1.61388e-15
-2.85428e-15
1
1
1
1
1
0.999985
0.999966
1.00002
1.00022
1.00036
0.999873
0.998298
0.996344
0.996747
1.00341
1.01826
1.03708
1.04729
1.03022
0.968048
0.852278
0.689332
0.5
0.312776
0.154289
0.0412361
-0.0230068
-0.0465277
-0.0436044
-0.0288545
-0.0131217
-0.0020202
0.00329203
0.00424704
0.00302265
0.00136354
0.0001745
-0.000352164
-0.000403711
-0.000250322
-8.45349e-05
1.36085e-05
4.30305e-05
3.38904e-05
1.48899e-05
1.16251e-06
-4.20973e-06
-4.0515e-06
-2.01985e-06
-3.23964e-07
4.18508e-07
4.61295e-07
2.41867e-07
4.40169e-08
-4.5267e-08
-5.16946e-08
-2.68005e-08
-4.39415e-09
5.37655e-09
5.74832e-09
2.7942e-09
3.21511e-10
-6.59743e-10
-6.20849e-10
-2.72727e-10
-1.82041e-11
6.38384e-11
4.57555e-11
9.3174e-12
-7.49066e-12
-4.00456e-12
6.55447e-12
1.34723e-11
1.33891e-11
8.24982e-12
1.6772e-12
-3.48357e-12
-5.99279e-12
-5.98719e-12
-4.35907e-12
-2.16307e-12
-2.26006e-13
1.01439e-12
1.48983e-12
1.37811e-12
9.53074e-13
4.64495e-13
7.38997e-14
-1.55799e-13
-2.35786e-13
-2.14725e-13
-1.4709e-13
-7.43482e-14
-1.90262e-14
1.25827e-14
2.4112e-14
2.29981e-14
1.62706e-14
9.15849e-15
1.75458e-15
1
1
1
1
1
0.999999
0.999977
0.999969
1.00006
1.00027
1.00034
0.999674
0.997952
0.996139
0.997122
1.00461
1.01999
1.03846
1.04732
1.02841
0.964841
0.848913
0.687224
0.5
0.314771
0.157342
0.0441189
-0.0212264
-0.0461536
-0.0443425
-0.0300982
-0.0142888
-0.00277045
0.0030158
0.00430973
0.00322985
0.00156249
0.000293389
-0.000316114
-0.000418577
-0.000280908
-0.000108832
2.3583e-06
4.2005e-05
3.74091e-05
1.86075e-05
3.25082e-06
-3.71913e-06
-4.39895e-06
-2.51643e-06
-6.36379e-07
3.2641e-07
4.95137e-07
3.04557e-07
8.56195e-08
-3.2273e-08
-5.55017e-08
-3.45869e-08
-9.54837e-09
3.82614e-09
6.26203e-09
3.75198e-09
9.29664e-10
-4.86028e-10
-6.77229e-10
-3.67806e-10
-7.1033e-11
5.14706e-11
4.59149e-11
3.16284e-12
-2.2201e-11
-2.01661e-11
-3.59952e-12
1.24436e-11
2.00541e-11
1.87167e-11
1.19054e-11
3.78297e-12
-2.65741e-12
-6.10926e-12
-6.67245e-12
-5.26156e-12
-3.01629e-12
-8.78381e-13
6.09387e-13
1.30711e-12
1.35782e-12
1.02875e-12
5.79494e-13
1.88182e-13
-6.50128e-14
-1.76796e-13
-1.85678e-13
-1.40572e-13
-8.13114e-14
-3.15037e-14
1.27774e-16
1.45522e-14
1.73415e-14
1.2403e-14
1
1
1
1
1
1
0.999994
0.99997
0.999978
1.0001
1.00032
1.00029
0.999453
0.997619
0.995994
0.997568
1.00583
1.02164
1.03971
1.04725
1.0266
0.961748
0.845711
0.685229
0.5
0.316664
0.160259
0.0469061
-0.0194615
-0.0457261
-0.045001
-0.0312804
-0.0154344
-0.0035352
0.00270848
0.00434457
0.00342307
0.00176139
0.000419943
-0.000271537
-0.000428126
-0.00031008
-0.000134231
-1.0698e-05
3.96535e-05
4.04167e-05
2.24072e-05
5.64045e-06
-2.9745e-06
-4.63192e-06
-3.01058e-06
-9.93037e-07
1.92857e-07
5.08953e-07
3.65508e-07
1.33431e-07
-1.31446e-08
-5.63083e-08
-4.20827e-08
-1.55753e-08
1.41666e-09
6.35877e-09
4.66222e-09
1.64228e-09
-2.09362e-10
-6.80191e-10
-4.44608e-10
-1.14704e-10
5.16553e-11
6.00849e-11
5.26017e-12
-3.8951e-11
-4.78229e-11
-3.00105e-11
-4.04501e-12
1.60845e-11
2.48794e-11
2.34018e-11
1.58079e-11
6.56688e-12
-1.07624e-12
-5.57792e-12
-6.88303e-12
-5.86943e-12
-3.7342e-12
-1.51856e-12
1.37554e-13
1.02189e-12
1.2339e-12
1.02095e-12
6.39344e-13
2.74195e-13
1.77924e-14
-1.13405e-13
-1.46677e-13
-1.23285e-13
-7.93383e-14
-3.77091e-14
-9.45814e-15
1.00121e-14
1
1
1
1
1
1
1
0.999988
0.999965
0.999994
1.00015
1.00035
1.00022
0.999214
0.997304
0.995908
0.998077
1.00706
1.02322
1.04084
1.04708
1.0248
0.958764
0.842658
0.683336
0.5
0.318465
0.16305
0.0496032
-0.0177142
-0.0452515
-0.0455862
-0.0324034
-0.016557
-0.00431106
0.00237287
0.00435251
0.00360162
0.00195888
0.000553114
-0.000218795
-0.000432155
-0.000337425
-0.000160408
-2.54409e-05
3.59333e-05
4.28102e-05
2.62068e-05
8.29913e-06
-1.96899e-06
-4.72901e-06
-3.48486e-06
-1.3869e-06
1.68618e-08
4.98803e-07
4.21517e-07
1.86174e-07
1.22862e-08
-5.3438e-08
-4.87465e-08
-2.22601e-08
-1.87374e-09
5.93327e-09
5.4339e-09
2.40865e-09
1.47548e-10
-6.41151e-10
-5.09835e-10
-1.49353e-10
7.38636e-11
1.06658e-10
3.8141e-11
-3.74093e-11
-7.38117e-11
-6.86194e-11
-3.99152e-11
-7.34513e-12
1.65803e-11
2.75535e-11
2.71e-11
1.95627e-11
9.66949e-12
1.02643e-12
-4.48374e-12
-6.58963e-12
-6.0923e-12
-4.21015e-12
-2.05077e-12
-3.27974e-13
6.82506e-13
1.0327e-12
9.39045e-13
6.4207e-13
3.23833e-13
8.25368e-14
-5.48868e-14
-1.04806e-13
-9.95066e-14
-7.20614e-14
-2.93693e-14
1
1
1
1
1
1
1
1
0.999981
0.999964
1.00002
1.00019
1.00037
1.00013
0.998962
0.997012
0.995878
0.99864
1.00829
1.02473
1.04186
1.04684
1.02301
0.955881
0.839741
0.681535
0.5
0.32018
0.165724
0.0522152
-0.015986
-0.0447357
-0.0461036
-0.0334697
-0.0176553
-0.00509503
0.00201159
0.00433459
0.00376502
0.0021538
0.000691889
-0.000158302
-0.000430534
-0.000362578
-0.000187044
-4.1731e-05
3.08245e-05
4.44991e-05
2.99245e-05
1.11886e-05
-7.01696e-07
-4.67157e-06
-3.92166e-06
-1.80942e-06
-2.01241e-07
4.613e-07
4.69285e-07
2.42234e-07
4.39193e-08
-4.63124e-08
-5.4006e-08
-2.93084e-08
-5.99639e-09
4.9223e-09
5.99282e-09
3.17797e-09
5.50259e-10
-5.92418e-10
-5.97229e-10
-2.03172e-10
1.04655e-10
1.91127e-10
1.23185e-10
1.16216e-11
-7.02299e-11
-9.95936e-11
-8.62414e-11
-5.13123e-11
-1.39581e-11
1.39194e-11
2.79665e-11
2.94464e-11
2.26677e-11
1.26236e-11
3.32039e-12
-3.00339e-12
-5.84832e-12
-5.91103e-12
-4.3877e-12
-2.40697e-12
-7.23182e-13
3.40579e-13
7.90177e-13
8.03715e-13
5.95916e-13
3.36837e-13
1.24372e-13
-7.66884e-15
-6.57885e-14
-7.38585e-14
1
1
1
1
1
1
1
1
0.999996
0.999974
0.999966
1.00004
1.00024
1.00038
1.00002
0.998704
0.996745
0.995901
0.999249
1.00951
1.02617
1.04278
1.04653
1.02123
0.953094
0.83695
0.67982
0.5
0.321818
0.168292
0.0547468
-0.0142781
-0.0441837
-0.0465584
-0.0344817
-0.0187287
-0.00588449
0.00162712
0.00429193
0.00391295
0.00234509
0.0008353
-9.05101e-05
-0.000423203
-0.000385216
-0.000213831
-5.94135e-05
2.43282e-05
4.54056e-05
3.34801e-05
1.4266e-05
8.22709e-07
-4.44409e-06
-4.30364e-06
-2.25085e-06
-4.59822e-07
3.93709e-07
5.05533e-07
2.99711e-07
8.13678e-08
-3.44995e-08
-5.73009e-08
-3.63685e-08
-1.08307e-08
3.32428e-09
6.31216e-09
3.93359e-09
9.83496e-10
-5.65618e-10
-7.59165e-10
-3.37791e-10
9.13451e-11
2.8405e-10
2.58798e-10
1.29407e-10
-3.63127e-12
-8.88005e-11
-1.16791e-10
-1.01487e-10
-6.39715e-11
-2.30899e-11
8.73246e-12
2.62658e-11
3.01789e-11
2.46753e-11
1.49857e-11
5.46082e-12
-1.36344e-12
-4.78453e-12
-5.37629e-12
-4.26725e-12
-2.55776e-12
-1.00535e-12
3.96499e-14
5.42668e-13
6.40485e-13
5.15677e-13
3.18351e-13
1.48293e-13
-4.67604e-15
1
1
1
1
1
1
1
1
1
0.999992
0.999968
0.999972
1.00008
1.00028
1.00038
0.999885
0.998442
0.996506
0.995975
0.999897
1.01073
1.02755
1.0436
1.04615
1.01946
0.950397
0.834276
0.678182
0.5
0.323384
0.170759
0.0572023
-0.0125913
-0.0435999
-0.0469552
-0.0354416
-0.0197763
-0.00667712
0.00122177
0.00422567
0.00404522
0.00253184
0.00098243
-1.58973e-05
-0.000410155
-0.000405065
-0.000240475
-7.83225e-05
1.64642e-05
4.54649e-05
3.6797e-05
1.74847e-05
2.59438e-06
-4.03436e-06
-4.61415e-06
-2.7005e-06
-7.56019e-07
2.94042e-07
5.27111e-07
3.56475e-07
1.23951e-07
-1.77637e-08
-5.81463e-08
-4.30847e-08
-1.62169e-08
1.19099e-09
6.42756e-09
4.72717e-09
1.49661e-09
-5.45167e-10
-1.02926e-09
-6.27231e-10
-5.56496e-11
3.07387e-10
3.96979e-10
3.0348e-10
1.43118e-10
-1.94389e-12
-9.35447e-11
-1.26458e-10
-1.13997e-10
-7.64659e-11
-3.32183e-11
2.02116e-12
2.28303e-11
2.92378e-11
2.53175e-11
1.64394e-11
7.16222e-12
2.09521e-13
-3.56044e-12
-4.58924e-12
-3.89749e-12
-2.51188e-12
-1.15784e-12
-1.92018e-13
3.1975e-13
4.72698e-13
4.24535e-13
2.35648e-13
1
1
1
1
1
1
1
1
1
1
0.999986
0.999964
0.999983
1.00011
1.00032
1.00035
0.999736
0.998181
0.996296
0.996096
1.00058
1.01194
1.02885
1.04434
1.04573
1.01771
0.947785
0.831708
0.676616
0.5
0.324883
0.173133
0.0595858
-0.0109263
-0.0429883
-0.0472984
-0.0363518
-0.020798
-0.0074709
0.000797666
0.00413694
0.00416179
0.00271326
0.00113242
6.50418e-05
-0.000391436
-0.000421892
-0.000266696
-9.82846e-05
7.26908e-06
4.46255e-05
3.98025e-05
2.07958e-05
4.59881e-06
-3.43355e-06
-4.8376e-06
-3.14703e-06
-1.08581e-06
1.61129e-07
5.31129e-07
4.10262e-07
1.70725e-07
3.90457e-09
-5.61981e-08
-4.91768e-08
-2.20319e-08
-1.43166e-09
6.40557e-09
5.68031e-09
2.23661e-09
-4.13309e-10
-1.35992e-09
-1.10294e-09
-4.26339e-10
1.47976e-10
4.35868e-10
4.66009e-10
3.43555e-10
1.70136e-10
1.49733e-11
-8.72812e-11
-1.2947e-10
-1.22692e-10
-8.69144e-11
-4.26448e-11
-5.10075e-12
1.82145e-11
2.68003e-11
2.4562e-11
1.68498e-11
8.24691e-12
1.53233e-12
-2.33796e-12
-3.67333e-12
-3.35713e-12
-2.30709e-12
-1.18811e-12
-3.42281e-13
1.3365e-13
3.55157e-13
1
1
1
1
1
1
1
1
1
1
0.999999
0.999981
0.999962
0.999998
1.00015
1.00035
1.00032
0.999574
0.997923
0.996116
0.996261
1.00129
1.01312
1.0301
1.045
1.04525
1.01599
0.945253
0.829241
0.675117
0.5
0.326321
0.17542
0.061901
-0.00928346
-0.0423523
-0.0475919
-0.0372146
-0.0217935
-0.00826406
0.000356807
0.00402691
0.00426271
0.00288868
0.00128445
0.000151804
-0.000367133
-0.000435504
-0.000292234
-0.000119122
-3.20634e-06
4.2848e-05
4.24294e-05
2.41489e-05
6.8174e-06
-2.63628e-06
-4.95969e-06
-3.5787e-06
-1.44414e-06
-5.32301e-09
5.15096e-07
4.58818e-07
2.20575e-07
3.03217e-08
-5.1277e-08
-5.45101e-08
-2.82905e-08
-4.61571e-09
6.24321e-09
6.91702e-09
3.42628e-09
7.41296e-11
-1.5634e-09
-1.67887e-09
-1.03993e-09
-2.89937e-10
2.46444e-10
4.95502e-10
5.1097e-10
3.85593e-10
2.07217e-10
4.14832e-11
-7.35654e-11
-1.26504e-10
-1.26453e-10
-9.36749e-11
-4.9939e-11
-1.1625e-11
1.30573e-11
2.32413e-11
2.25962e-11
1.62639e-11
8.66091e-12
2.49202e-12
-1.24841e-12
-2.74663e-12
-2.73463e-12
-1.99199e-12
-1.15043e-12
-2.2769e-13
1
1
1
1
1
1
1
1
1
1
1
0.999996
0.999975
0.999962
1.00002
1.00019
1.00038
1.00027
0.999401
0.997672
0.995965
0.996466
1.00202
1.01429
1.03128
1.04559
1.04474
1.01428
0.942798
0.826867
0.673679
0.5
0.327702
0.177627
0.0641514
-0.00766299
-0.041695
-0.0478393
-0.0380319
-0.0227629
-0.00905505
-9.89654e-05
0.00389672
0.00434809
0.0030575
0.00143779
0.000243886
-0.000337371
-0.000445746
-0.000316848
-0.000140656
-1.48987e-05
4.01053e-05
4.4616e-05
2.74933e-05
9.22797e-06
-1.64052e-06
-4.96779e-06
-3.98373e-06
-1.82507e-06
-2.0472e-07
4.77051e-07
5.00072e-07
2.72389e-07
6.12476e-08
-4.32889e-08
-5.90852e-08
-3.52073e-08
-8.67315e-09
5.71404e-09
8.41362e-09
5.25133e-09
1.2328e-09
-1.30557e-09
-2.09669e-09
-1.76386e-09
-1.0015e-09
-2.6086e-10
2.5682e-10
5.10868e-10
5.42351e-10
4.26836e-10
2.46539e-10
7.09353e-11
-5.57926e-11
-1.18301e-10
-1.2469e-10
-9.57944e-11
-5.42051e-11
-1.68009e-11
7.97553e-12
1.9046e-11
1.97593e-11
1.48695e-11
8.46003e-12
3.05214e-12
-3.75831e-13
-1.89832e-12
-2.13491e-12
-1.45372e-12
1
1
1
1
1
1
1
1
1
1
1
1
0.999992
0.99997
0.999965
1.00004
1.00023
1.0004
1.0002
0.999218
0.99743
0.995844
0.996708
1.00277
1.01543
1.0324
1.0461
1.04418
1.01259
0.940414
0.82458
0.672298
0.5
0.329029
0.179757
0.0663401
-0.00606503
-0.041019
-0.0480439
-0.038806
-0.0237061
-0.0098425
-0.000567948
0.00374749
0.00441815
0.00321926
0.00159173
0.000340785
-0.000302302
-0.000452499
-0.000340314
-0.000162708
-2.77345e-05
3.63819e-05
4.6307e-05
3.07782e-05
1.18054e-05
-4.47501e-07
-4.85107e-06
-4.35063e-06
-2.22205e-06
-4.35697e-07
4.15599e-07
5.32288e-07
3.25271e-07
9.66238e-08
-3.20009e-08
-6.28726e-08
-4.31262e-08
-1.41946e-08
4.23331e-09
9.80623e-09
7.66017e-09
3.28781e-09
-2.00609e-10
-1.94618e-09
-2.2724e-09
-1.80257e-09
-1.04752e-09
-3.22444e-10
2.12206e-10
5.01126e-10
5.62024e-10
4.60045e-10
2.79743e-10
9.75809e-11
-3.68143e-11
-1.05887e-10
-1.17607e-10
-9.31612e-11
-5.51618e-11
-2.02103e-11
3.46965e-12
1.47076e-11
1.64533e-11
1.2933e-11
7.77783e-12
3.23267e-12
3.00763e-13
-1.50842e-12
1
1
1
1
1
1
1
1
1
1
1
1
1
0.999988
0.999965
0.99997
1.00007
1.00026
1.00041
1.00013
0.999028
0.997198
0.995753
0.996984
1.00354
1.01656
1.03347
1.04656
1.0436
1.01093
0.938099
0.822373
0.670971
0.5
0.330308
0.181815
0.0684703
-0.00448957
-0.0403267
-0.0482087
-0.0395387
-0.0246235
-0.0106253
-0.00104857
0.00358032
0.00447314
0.00337353
0.00174563
0.000442011
-0.000262105
-0.000455674
-0.000362432
-0.000185102
-4.16315e-05
3.16726e-05
4.74537e-05
3.39544e-05
1.45221e-05
9.3846e-07
-4.6008e-06
-4.66854e-06
-2.62832e-06
-6.96405e-07
3.29751e-07
5.54042e-07
3.78664e-07
1.36826e-07
-1.67061e-08
-6.54639e-08
-5.22354e-08
-2.18911e-08
8.64034e-10
1.02602e-08
1.01458e-08
6.13154e-09
1.98086e-09
-8.0141e-10
-2.09896e-09
-2.30925e-09
-1.87877e-09
-1.16536e-09
-4.3228e-10
1.44089e-10
4.77256e-10
5.67265e-10
4.78029e-10
3.00585e-10
1.17511e-10
-1.88195e-11
-9.06078e-11
-1.06159e-10
-8.64054e-11
-5.30706e-11
-2.17652e-11
-1.34252e-13
1.06413e-11
1.30649e-11
1.07107e-11
6.9457e-12
2.09326e-12
1
1
1
1
1
1
1
1
1
1
1
1
1
1
0.999983
0.999962
0.999979
1.00009
1.0003
1.00041
1.00004
0.998834
0.996977
0.99569
0.997292
1.00431
1.01766
1.03448
1.04696
1.04299
1.00928
0.935849
0.820243
0.669692
0.5
0.33154
0.183807
0.0705446
-0.00293652
-0.0396204
-0.0483365
-0.040232
-0.0255153
-0.0114023
-0.00153937
0.00339626
0.00451337
0.00351998
0.00189891
0.000547082
-0.000216979
-0.000455212
-0.000383018
-0.000207668
-5.65008e-05
2.5982e-05
4.80139e-05
3.69742e-05
1.73489e-05
2.51035e-06
-4.21025e-06
-4.9276e-06
-3.03732e-06
-9.84982e-07
2.18495e-07
5.63906e-07
4.32208e-07
1.82741e-07
4.06855e-09
-6.5627e-08
-6.20767e-08
-3.21707e-08
-5.41605e-09
8.54334e-09
1.16417e-08
9.09998e-09
5.04334e-09
1.53503e-09
-8.09685e-10
-2.02309e-09
-2.32851e-09
-1.99447e-09
-1.30839e-09
-5.47005e-10
7.46603e-11
4.43984e-10
5.54905e-10
4.765e-10
3.06069e-10
1.28849e-10
-3.32403e-12
-7.39886e-11
-9.17899e-11
-7.66466e-11
-4.85727e-11
-2.16481e-11
-2.69725e-12
7.11971e-12
9.99775e-12
7.81759e-12
1
1
1
1
1
1
1
1
1
1
1
1
1
1
0.999998
0.999978
0.99996
0.99999
1.00012
1.00033
1.0004
0.999936
0.998636
0.99677
0.995655
0.997627
1.0051
1.01873
1.03544
1.0473
1.04235
1.00766
0.93366
0.818185
0.66846
0.5
0.332728
0.185735
0.0725657
-0.00140572
-0.0389018
-0.0484299
-0.0408876
-0.0263818
-0.0121727
-0.00203902
0.00319634
0.00453918
0.00365836
0.00205102
0.000655532
-0.000167137
-0.000451082
-0.000401911
-0.000230239
-7.22487e-05
1.93238e-05
4.79523e-05
3.97925e-05
2.0256e-05
4.25906e-06
-3.67452e-06
-5.1189e-06
-3.443e-06
-1.30006e-06
8.01405e-08
5.59749e-07
4.85148e-07
2.35419e-07
3.25452e-08
-6.09987e-08
-7.10035e-08
-4.45099e-08
-1.51499e-08
3.41249e-09
1.06802e-08
1.09172e-08
8.15988e-09
4.75755e-09
1.73176e-09
-5.32297e-10
-1.89334e-09
-2.36256e-09
-2.10975e-09
-1.42714e-09
-6.35369e-10
1.59524e-11
4.03023e-10
5.23997e-10
4.55044e-10
2.96367e-10
1.31479e-10
8.79608e-12
-5.7505e-11
-7.61046e-11
-6.51951e-11
-4.25016e-11
-2.01646e-11
-4.57414e-12
6.27652e-12
1
1
1
1
1
1
1
1
1
1
1
1
1
1
1
0.999995
0.999973
0.999959
1
1.00015
1.00036
1.00038
0.999826
0.998438
0.996577
0.995647
0.997988
1.00588
1.01978
1.03635
1.04759
1.04169
1.00607
0.93153
0.816193
0.667272
0.5
0.333876
0.187604
0.074536
0.000103055
-0.0381728
-0.0484913
-0.0415074
-0.0272235
-0.0129358
-0.00254628
0.00298156
0.00455094
0.00378844
0.00220149
0.000766912
-0.000112805
-0.000443274
-0.000418968
-0.000252659
-8.87777e-05
1.17193e-05
4.72404e-05
4.23673e-05
2.32133e-05
6.1743e-06
-2.9897e-06
-5.23402e-06
-3.83964e-06
-1.64099e-06
-8.82977e-08
5.37812e-07
5.35288e-07
2.95142e-07
7.10901e-08
-4.82415e-08
-7.58996e-08
-5.68514e-08
-2.76619e-08
-5.69623e-09
5.89539e-09
9.94678e-09
9.88134e-09
7.88852e-09
5.10438e-09
2.22087e-09
-2.07969e-10
-1.78734e-09
-2.39113e-09
-2.17814e-09
-1.48715e-09
-6.81749e-10
-2.77324e-11
3.55638e-10
4.7663e-10
4.16635e-10
2.74012e-10
1.26547e-10
1.7237e-11
-4.23675e-11
-6.05867e-11
-5.31641e-11
-3.65181e-11
-1.26666e-11
1
1
1
1
1
1
1
1
1
1
1
1
1
1
1
1
0.999991
0.999968
0.999961
1.00002
1.00019
1.00038
1.00035
0.999707
0.998239
0.996398
0.995665
0.998373
1.00668
1.0208
1.03721
1.04784
1.04102
1.00449
0.929455
0.814265
0.666124
0.5
0.334986
0.189416
0.0764578
0.00159005
-0.0374349
-0.0485229
-0.0420928
-0.0280408
-0.0136908
-0.00306002
0.00275286
0.00454904
0.00391008
0.00234985
0.000880788
-5.4219e-05
-0.000431801
-0.000434062
-0.000274777
-0.000105989
3.19633e-06
4.58553e-05
4.46598e-05
2.61916e-05
8.24561e-06
-2.15173e-06
-5.26384e-06
-4.22085e-06
-2.00727e-06
-2.91167e-07
4.91984e-07
5.77749e-07
3.59973e-07
1.20891e-07
-2.39548e-08
-7.25262e-08
-6.54006e-08
-4.04466e-08
-1.78624e-08
-3.19395e-09
4.79212e-09
8.47617e-09
9.35924e-09
8.21272e-09
5.71258e-09
2.70201e-09
3.32846e-11
-1.71344e-09
-2.37844e-09
-2.16818e-09
-1.47452e-09
-6.83904e-10
-5.66838e-11
3.03868e-10
4.17356e-10
3.66374e-10
2.42839e-10
1.15917e-10
2.21543e-11
-2.93277e-11
-4.67952e-11
-3.88966e-11
1
1
1
1
1
1
1
1
1
1
1
1
1
1
1
1
1
0.999987
0.999964
0.999964
1.00004
1.00022
1.0004
1.00032
0.99958
0.998041
0.996235
0.995708
0.998778
1.00747
1.02179
1.03803
1.04804
1.04033
1.00294
0.927434
0.812396
0.665014
0.5
0.336059
0.191175
0.0783333
0.00305557
-0.0366893
-0.0485266
-0.0426456
-0.0288341
-0.0144372
-0.00357921
0.00251116
0.00453391
0.00402317
0.00249572
0.00099675
8.38183e-06
-0.000416694
-0.000447088
-0.000296451
-0.000123782
-6.21258e-06
4.37792e-05
4.66335e-05
2.91623e-05
1.04629e-05
-1.15518e-06
-5.1968e-06
-4.57765e-06
-2.39685e-06
-5.3311e-07
4.13948e-07
6.04177e-07
4.24234e-07
1.80121e-07
1.36158e-08
-5.67553e-08
-6.51996e-08
-4.90934e-08
-3.01171e-08
-1.53675e-08
-4.8718e-09
2.5977e-09
7.42155e-09
9.43599e-09
8.77854e-09
6.23693e-09
2.99717e-09
1.54371e-10
-1.64773e-09
-2.29786e-09
-2.0707e-09
-1.39327e-09
-6.48411e-10
-7.32515e-11
2.50599e-10
3.51944e-10
3.10071e-10
2.07038e-10
1.0142e-10
2.56742e-11
-2.87815e-11
1
1
1
1
1
1
1
1
1
1
1
1
1
1
1
1
1
1
0.999983
0.999961
0.99997
1.00006
1.00025
1.00042
1.00027
0.999447
0.997846
0.996087
0.995774
0.999202
1.00826
1.02276
1.03881
1.04821
1.03962
1.00141
0.925464
0.810584
0.663941
0.5
0.337099
0.192883
0.0801645
0.00449994
-0.0359374
-0.0485044
-0.0431671
-0.029604
-0.0151746
-0.00410287
0.00225732
0.00450594
0.00412765
0.00263873
0.0011144
7.4754e-05
-0.000397999
-0.000457952
-0.000317548
-0.00014206
-1.64719e-05
4.09969e-05
4.82531e-05
3.20965e-05
1.28161e-05
7.26664e-09
-5.0173e-06
-4.89596e-06
-2.80321e-06
-8.16444e-07
2.94898e-07
6.03206e-07
4.77728e-07
2.4222e-07
6.24264e-08
-2.66198e-08
-5.16643e-08
-4.80983e-08
-3.75307e-08
-2.72353e-08
-1.75243e-08
-7.88586e-09
8.42896e-10
7.08602e-09
9.81855e-09
9.22024e-09
6.46405e-09
3.04876e-09
1.74393e-10
-1.56278e-09
-2.14199e-09
-1.89618e-09
-1.25904e-09
-5.86069e-10
-8.02889e-11
1.99001e-10
2.86182e-10
2.52445e-10
1.74339e-10
6.05756e-11
1
1
1
1
1
1
1
1
1
1
1
1
1
1
1
1
1
1
0.999998
0.999979
0.999959
0.999977
1.00008
1.00028
1.00043
1.00022
0.999308
0.997655
0.995955
0.995863
0.999643
1.00906
1.02371
1.03954
1.04834
1.0389
0.999897
0.923542
0.808825
0.662901
0.5
0.338106
0.194544
0.0819532
0.00592349
-0.0351801
-0.048458
-0.0436588
-0.0303509
-0.0159026
-0.00463014
0.00199218
0.00446559
0.00422347
0.00277857
0.00123338
0.000144654
-0.000375775
-0.000466578
-0.000337944
-0.000160725
-2.75448e-05
3.74939e-05
4.94809e-05
3.49614e-05
1.52925e-05
1.34353e-06
-4.70527e-06
-5.15441e-06
-3.21189e-06
-1.13715e-06
1.2916e-07
5.62916e-07
5.06623e-07
2.95237e-07
1.1483e-07
1.53267e-08
-2.28899e-08
-3.26514e-08
-3.42437e-08
-3.3502e-08
-2.94612e-08
-2.12044e-08
-1.03113e-08
8.99959e-11
7.27112e-09
1.014e-08
9.30015e-09
6.3258e-09
2.88277e-09
1.33814e-10
-1.44276e-09
-1.92156e-09
-1.66734e-09
-1.09231e-09
-5.08391e-10
-8.03668e-11
1.51491e-10
2.27162e-10
1.83391e-10
1
1
1
1
1
1
1
1
1
1
1
1
1
1
1
1
1
1
1
0.999995
0.999974
0.999957
0.999986
1.00011
1.00031
1.00043
1.00016
0.999165
0.997468
0.995838
0.995973
1.0001
1.00984
1.02462
1.04023
1.04843
1.03817
0.99841
0.921667
0.807117
0.661894
0.5
0.339084
0.196158
0.0837012
0.00732659
-0.0344186
-0.048389
-0.044122
-0.0310754
-0.0166208
-0.0051602
0.00171652
0.00441327
0.00431065
0.00291493
0.00135332
0.00021784
-0.000350091
-0.000472899
-0.00035752
-0.000179681
-3.93929e-05
3.32543e-05
5.02742e-05
3.77164e-05
1.78718e-05
2.85792e-06
-4.2386e-06
-5.32427e-06
-3.59792e-06
-1.48051e-06
-8.07213e-08
4.75451e-07
4.96677e-07
3.23215e-07
1.57166e-07
6.02583e-08
1.79184e-08
-1.08164e-09
-1.54215e-08
-2.81692e-08
-3.52229e-08
-3.34933e-08
-2.41083e-08
-1.13111e-08
2.48984e-10
7.61151e-09
1.0136e-08
8.94045e-09
5.86291e-09
2.56595e-09
7.13707e-11
-1.28673e-09
-1.65883e-09
-1.4111e-09
-9.13292e-10
-4.24349e-10
-8.23987e-11
1.52016e-10
1
1
1
1
1
1
1
1
1
1
1
1
1
1
1
1
1
1
1
1
0.999992
0.99997
0.999957
0.999998
1.00013
1.00034
1.00043
1.00009
0.999018
0.997287
0.995737
0.996103
1.00057
1.01063
1.02552
1.04089
1.04849
1.03743
0.996944
0.919836
0.805456
0.660916
0.5
0.340032
0.19773
0.0854101
0.00870961
-0.0336537
-0.0482989
-0.044558
-0.031778
-0.0173289
-0.00569232
0.0014311
0.00434943
0.0043892
0.00304757
0.0014739
0.000294073
-0.000321023
-0.000476855
-0.000376159
-0.000198829
-5.19744e-05
2.82619e-05
5.05827e-05
4.03078e-05
2.05196e-05
4.54377e-06
-3.5993e-06
-5.37305e-06
-3.92605e-06
-1.81813e-06
-3.18822e-07
3.43048e-07
4.38763e-07
3.10152e-07
1.71667e-07
9.29947e-08
6.08691e-08
4.27782e-08
2.02893e-08
-6.55763e-09
-2.89028e-08
-3.93525e-08
-3.66958e-08
-2.5125e-08
-1.08698e-08
9.39605e-10
7.79322e-09
9.70137e-09
8.19069e-09
5.17401e-09
2.17239e-09
1.35317e-11
-1.10495e-09
-1.38017e-09
-1.1493e-09
-7.56974e-10
-2.28917e-10
1
1
1
1
1
1
1
1
1
1
1
1
1
1
1
1
1
1
1
1
1
0.999989
0.999966
0.999958
1.00001
1.00016
1.00036
1.00042
1.00002
0.998868
0.997111
0.995652
0.996253
1.00105
1.0114
1.02638
1.04151
1.04852
1.03669
0.9955
0.918047
0.803842
0.659968
0.5
0.340953
0.19926
0.0870816
0.0100729
-0.0328862
-0.048189
-0.044968
-0.0324592
-0.0180268
-0.00622582
0.00113663
0.00427449
0.00445918
0.00317625
0.00159479
0.000373117
-0.000288651
-0.000478389
-0.000393741
-0.000218059
-6.52368e-05
2.25047e-05
5.03504e-05
4.26665e-05
2.31801e-05
6.37385e-06
-2.78366e-06
-5.27291e-06
-4.15579e-06
-2.10886e-06
-5.52836e-07
1.83713e-07
3.35588e-07
2.46216e-07
1.41028e-07
9.4394e-08
8.96714e-08
8.8285e-08
6.85815e-08
3.23458e-08
-6.13388e-09
-3.31867e-08
-4.29464e-08
-3.76749e-08
-2.41335e-08
-9.40657e-09
1.759e-09
7.64543e-09
8.86896e-09
7.17201e-09
4.37179e-09
1.76408e-09
-2.73442e-11
-9.10444e-10
-1.12445e-09
-8.12186e-10
1
1
1
1
1
1
1
1
1
1
1
1
1
1
1
1
1
1
1
1
1
1
0.999985
0.999963
0.99996
1.00003
1.00019
1.00039
1.00041
0.999935
0.998716
0.996942
0.995582
0.99642
1.00154
1.01217
1.02722
1.04209
1.04853
1.03594
0.994077
0.916299
0.80227
0.659047
0.5
0.341849
0.200751
0.0887172
0.0114169
-0.0321168
-0.0480606
-0.0453531
-0.0331197
-0.0187142
-0.00676007
0.000833789
0.00418888
0.00452065
0.00330077
0.00171569
0.000454734
-0.000253061
-0.000477448
-0.000410135
-0.000237243
-7.91062e-05
1.59857e-05
4.95232e-05
4.47101e-05
2.57728e-05
8.29129e-06
-1.81472e-06
-5.01367e-06
-4.25215e-06
-2.30529e-06
-7.35687e-07
3.40356e-08
2.07559e-07
1.34852e-07
5.50563e-08
4.63458e-08
8.44204e-08
1.18632e-07
1.18504e-07
8.39832e-08
3.37723e-08
-1.10658e-08
-3.77587e-08
-4.42809e-08
-3.61739e-08
-2.16006e-08
-7.45266e-09
2.42042e-09
7.14135e-09
7.75557e-09
6.02506e-09
3.55502e-09
1.38013e-09
-2.79292e-11
-8.55068e-10
1
1
1
1
1
1
1
1
1
1
1
1
1
1
1
1
1
1
1
1
1
1
0.999999
0.999981
0.99996
0.999964
1.00004
1.00021
1.00041
1.00039
0.999848
0.998562
0.996781
0.995527
0.996604
1.00204
1.01294
1.02804
1.04265
1.0485
1.03518
0.992673
0.91459
0.80074
0.658151
0.5
0.34272
0.202204
0.0903182
0.0127419
-0.0313462
-0.047915
-0.0457145
-0.0337598
-0.0193911
-0.0072945
0.00052323
0.00409302
0.00457369
0.00342093
0.0018363
0.000538679
-0.000214353
-0.00047398
-0.0004252
-0.000256226
-9.34733e-05
8.73985e-06
4.80646e-05
4.63545e-05
2.81964e-05
1.02054e-05
-7.53322e-07
-4.61785e-06
-4.20115e-06
-2.36658e-06
-8.13542e-07
-5.32943e-08
9.51776e-08
-1.49398e-09
-8.2193e-08
-6.14545e-08
2.67814e-08
1.13885e-07
1.53413e-07
1.37576e-07
8.62456e-08
2.7411e-08
-1.77232e-08
-4.04621e-08
-4.28776e-08
-3.26727e-08
-1.82016e-08
-5.45557e-09
2.78739e-09
6.35341e-09
6.50818e-09
4.86168e-09
2.87355e-09
5.63231e-10
1
1
1
1
1
1
1
1
1
1
1
1
1
1
1
1
1
1
1
1
1
1
1
0.999997
0.999978
0.999957
0.999969
1.00006
1.00024
1.00042
1.00037
0.999756
0.998408
0.996626
0.995487
0.996804
1.00255
1.01369
1.02883
1.04317
1.04846
1.03442
0.99129
0.912918
0.799249
0.65728
0.5
0.343567
0.203622
0.0918859
0.0140484
-0.0305749
-0.0477532
-0.0460532
-0.0343801
-0.0200573
-0.00782857
0.000205576
0.00398733
0.0046184
0.00353653
0.00195631
0.000624683
-0.000172653
-0.000467951
-0.000438788
-0.00027482
-0.00010818
8.54648e-07
4.59801e-05
4.75351e-05
3.03434e-05
1.19968e-05
2.97324e-07
-4.1533e-06
-4.02698e-06
-2.27608e-06
-7.4036e-07
-1.87787e-08
5.56712e-08
-1.19576e-07
-2.47113e-07
-2.24668e-07
-9.34152e-08
5.61197e-08
1.54101e-07
1.77296e-07
1.41115e-07
7.78735e-08
1.7322e-08
-2.3368e-08
-4.04485e-08
-3.91345e-08
-2.79616e-08
-1.4564e-08
-3.70318e-09
2.84941e-09
5.38402e-09
5.35226e-09
3.2366e-09
1
1
1
1
1
1
1
1
1
1
1
1
1
1
1
1
1
1
1
1
1
1
1
1
0.999994
0.999974
0.999956
0.999976
1.00008
1.00027
1.00044
1.00034
0.999659
0.998254
0.99648
0.995461
0.997018
1.00306
1.01444
1.0296
1.04366
1.04839
1.03365
0.989927
0.911283
0.797796
0.656433
0.5
0.344392
0.205005
0.0934216
0.0153367
-0.0298034
-0.0475763
-0.0463702
-0.0349812
-0.0207127
-0.00836178
-0.000118567
0.00387224
0.00465487
0.00364741
0.0020754
0.000712441
-0.000128133
-0.000459364
-0.000450761
-0.000292813
-0.000123013
-7.5109e-06
4.33443e-05
4.82385e-05
3.2128e-05
1.35368e-05
1.19878e-06
-3.73763e-06
-3.8055e-06
-2.05977e-06
-4.96843e-07
1.88175e-07
1.5276e-07
-1.59499e-07
-3.95434e-07
-4.19641e-07
-2.719e-07
-6.44239e-08
1.03669e-07
1.85331e-07
1.83904e-07
1.31095e-07
6.33688e-08
6.97771e-09
-2.65893e-08
-3.78801e-08
-3.38729e-08
-2.28269e-08
-1.11442e-08
-2.32281e-09
2.64116e-09
4.57466e-09
1
1
1
1
1
1
1
1
1
1
1
1
1
1
1
1
1
1
1
1
1
1
1
1
1
0.999992
0.99997
0.999955
0.999984
1.0001
1.00029
1.00045
1.0003
0.999558
0.998101
0.996342
0.995449
0.997247
1.00358
1.01517
1.03035
1.04412
1.0483
1.03289
0.988583
0.909682
0.796378
0.655608
0.5
0.345196
0.206356
0.0949265
0.0166072
-0.0290323
-0.0473853
-0.0466665
-0.0355636
-0.0213573
-0.00889365
-0.000448594
0.00374818
0.00468324
0.00375338
0.00219321
0.000801591
-8.10408e-05
-0.000448292
-0.000461024
-0.000309994
-0.000137713
-1.61176e-05
4.03263e-05
4.85369e-05
3.35242e-05
1.47199e-05
1.79985e-06
-3.5292e-06
-3.66817e-06
-1.80004e-06
-1.09428e-07
5.89745e-07
4.40427e-07
-5.54636e-08
-4.66959e-07
-6.02981e-07
-4.86053e-07
-2.43823e-07
-6.95983e-09
1.46317e-07
1.98694e-07
1.74311e-07
1.12346e-07
4.70334e-08
-1.45642e-09
-2.71252e-08
-3.34767e-08
-2.79812e-08
-1.78344e-08
-8.48815e-09
4.36117e-10
1
1
1
1
1
1
1
1
1
1
1
1
1
1
1
1
1
1
1
1
1
1
1
1
1
1
0.999989
0.999967
0.999955
0.999993
1.00012
1.00032
1.00045
1.00026
0.999453
0.997949
0.996212
0.995451
0.997489
1.0041
1.0159
1.03108
1.04456
1.04819
1.03212
0.987258
0.908114
0.794995
0.654804
0.5
0.34598
0.207675
0.0964016
0.0178603
-0.028262
-0.0471811
-0.0469429
-0.0361277
-0.021991
-0.00942372
-0.000783888
0.00361565
0.00470369
0.00385432
0.00230939
0.000891706
-3.1729e-05
-0.000434922
-0.000469574
-0.000326193
-0.000152005
-2.46567e-05
3.72004e-05
4.86185e-05
3.46065e-05
1.55077e-05
1.97433e-06
-3.70154e-06
-3.79121e-06
-1.63864e-06
3.3645e-07
1.16103e-06
9.43679e-07
2.48168e-07
-3.96349e-07
-7.1662e-07
-6.95094e-07
-4.6136e-07
-1.74371e-07
5.20998e-08
1.72009e-07
1.93794e-07
1.53383e-07
8.99724e-08
3.19233e-08
-7.10727e-09
-2.54541e-08
-2.80389e-08
-2.26644e-08
-1.05566e-08
1
1
1
1
1
1
1
1
1
1
1
1
1
1
1
1
1
1
1
1
1
1
1
1
1
1
1
0.999986
0.999963
0.999955
1
1.00014
1.00034
1.00046
1.00022
0.999344
0.997799
0.99609
0.995466
0.997743
1.00463
1.01662
1.03178
1.04497
1.04806
1.03135
0.985952
0.906578
0.793644
0.65402
0.5
0.346744
0.208964
0.0978482
0.0190964
-0.0274929
-0.0469646
-0.0472004
-0.0366742
-0.0226139
-0.00995152
-0.0011238
0.0034752
0.0047165
0.00395015
0.00242359
0.000982299
1.93275e-05
-0.0004196
-0.000476559
-0.000341352
-0.000165657
-3.27892e-05
3.4333e-05
4.88e-05
3.55847e-05
1.59758e-05
1.66931e-06
-4.40215e-06
-4.36765e-06
-1.76431e-06
6.94523e-07
1.81782e-06
1.64094e-06
7.78636e-07
-1.28412e-07
-6.98207e-07
-8.45203e-07
-6.80195e-07
-3.80314e-07
-9.44706e-08
9.67795e-08
1.78127e-07
1.75031e-07
1.26833e-07
6.7956e-08
1.96497e-08
-9.99259e-09
-2.2576e-08
-2.12769e-08
1
1
1
1
1
1
1
1
1
1
1
1
1
1
1
1
1
1
1
1
1
1
1
1
1
1
1
0.999999
0.999983
0.99996
0.999957
1.00001
1.00016
1.00036
1.00046
1.00017
0.999233
0.99765
0.995977
0.995494
0.998008
1.00516
1.01733
1.03246
1.04535
1.04791
1.03057
0.984663
0.905074
0.792325
0.653256
0.5
0.34749
0.210224
0.0992673
0.0203158
-0.0267254
-0.0467367
-0.0474398
-0.0372035
-0.023226
-0.0104766
-0.00146763
0.0033275
0.00472207
0.00404092
0.00253553
0.00107286
7.15345e-05
-0.000402857
-0.000482338
-0.0003556
-0.000178562
-4.02148e-05
3.21371e-05
4.95115e-05
3.68174e-05
1.63498e-05
9.54467e-07
-5.70172e-06
-5.56438e-06
-2.38359e-06
7.7116e-07
2.41601e-06
2.45329e-06
1.51881e-06
3.65254e-07
-4.95111e-07
-8.79146e-07
-8.52303e-07
-5.9271e-07
-2.77874e-07
-2.46865e-08
1.21395e-07
1.67937e-07
1.48363e-07
9.94851e-08
4.86181e-08
1.13922e-08
-1.54248e-08
1
1
1
1
1
1
1
1
1
1
1
1
1
1
1
1
1
1
1
1
1
1
1
1
1
1
1
1
0.999997
0.999979
0.999958
0.99996
1.00003
1.00019
1.00038
1.00045
1.00011
0.999119
0.997504
0.995872
0.995534
0.998283
1.00569
1.01803
1.03312
1.04571
1.04775
1.0298
0.983393
0.903598
0.791036
0.65251
0.5
0.348218
0.211457
0.10066
0.0215189
-0.0259597
-0.0464981
-0.0476623
-0.0377164
-0.0238273
-0.0109986
-0.00181461
0.00317336
0.004721
0.00412687
0.00264505
0.00116291
0.00012422
-0.000385409
-0.000487525
-0.000369329
-0.000190833
-4.67695e-05
3.09913e-05
5.12444e-05
3.87942e-05
1.70195e-05
5.97484e-08
-7.54387e-06
-7.47085e-06
-3.67771e-06
3.54665e-07
2.76551e-06
3.24496e-06
2.39814e-06
1.07231e-06
-7.90839e-08
-7.48662e-07
-9.27066e-07
-7.70204e-07
-4.71105e-07
-1.796e-07
2.54307e-08
1.27315e-07
1.472e-07
1.18889e-07
7.65372e-08
2.11271e-08
1
1
1
1
1
1
1
1
1
1
1
1
1
1
1
1
1
1
1
1
1
1
1
1
0.999999
1
1
1
1
0.999995
0.999976
0.999955
0.999964
1.00004
1.00021
1.0004
1.00044
1.00005
0.999003
0.997361
0.995777
0.995587
0.998569
1.00623
1.01871
1.03376
1.04605
1.04758
1.02903
0.98214
0.902152
0.789776
0.651782
0.5
0.348929
0.212663
0.102027
0.0227062
-0.0251963
-0.0462499
-0.0478687
-0.0382136
-0.0244182
-0.011517
-0.00216397
0.00301375
0.00471419
0.00420858
0.00275229
0.00125214
0.000176722
-0.000368114
-0.000492988
-0.000383249
-0.000202893
-5.25357e-05
3.11309e-05
5.44619e-05
4.20787e-05
1.85186e-05
-6.11664e-07
-9.70811e-06
-1.00498e-05
-5.75276e-06
-7.43077e-07
2.65863e-06
3.83719e-06
3.29401e-06
1.93232e-06
5.41965e-07
-4.26944e-07
-8.61869e-07
-8.69579e-07
-6.3972e-07
-3.4593e-07
-9.95396e-08
5.46932e-08
1.19043e-07
1.23857e-07
7.83181e-08
1
1
1
1
1
1
1
1
1
1
1
1
1
1
1
1
1
1
1
1
1
1
1
1
1
1
1
1
1
1
0.999993
0.999973
0.999954
0.999968
1.00006
1.00023
1.00042
1.00043
0.999992
0.998886
0.997221
0.995689
0.995651
0.998863
1.00676
1.01939
1.03438
1.04637
1.04739
1.02826
0.980904
0.900733
0.788543
0.651071
0.5
0.349624
0.213844
0.103369
0.0238781
-0.0244354
-0.0459929
-0.0480603
-0.038696
-0.024999
-0.0120318
-0.00251491
0.0028498
0.00470279
0.00428699
0.00285777
0.00134055
0.000228538
-0.000351855
-0.000499796
-0.000398391
-0.000215539
-5.7946e-05
3.2526e-05
5.94819e-05
4.72141e-05
2.14652e-05
-5.05209e-07
-1.17985e-05
-1.31026e-05
-8.59325e-06
-2.63989e-06
1.90883e-06
4.03467e-06
4.045e-06
2.83883e-06
1.31829e-06
8.17585e-08
-6.32387e-07
-8.54532e-07
-7.48023e-07
-4.95872e-07
-2.36005e-07
-4.22215e-08
6.63915e-08
1.05781e-07
1
1
1
1
1
1
1
1
1
1
1
1
1
1
1
1
1
1
1
1
1
1
1
1
1
1
1
1
1
1
1
0.999991
0.999969
0.999953
0.999974
1.00007
1.00025
1.00043
1.00042
0.999925
0.998767
0.997085
0.995611
0.995726
0.999166
1.00729
1.02006
1.03498
1.04667
1.04718
1.02749
0.979685
0.899341
0.787337
0.650376
0.499999
0.350303
0.215001
0.104688
0.0250352
-0.0236772
-0.0457279
-0.0482383
-0.039165
-0.0255705
-0.0125429
-0.00286676
0.00268273
0.00468831
0.00436352
0.00296255
0.00142863
0.000279512
-0.000337372
-0.000509094
-0.000416052
-0.000229952
-6.38522e-05
3.47699e-05
6.63479e-05
5.46013e-05
2.6465e-05
1.02453e-06
-1.32663e-05
-1.62593e-05
-1.20306e-05
-5.34116e-06
3.93042e-07
3.66047e-06
4.47469e-06
3.65149e-06
2.16071e-06
7.37914e-07
-2.40166e-07
-7.039e-07
-7.66101e-07
-6.00961e-07
-3.61381e-07
-1.55117e-07
2.93841e-08
1
1
1
1
1
1
1
1
1
1
1
1
1
1
1
1
1
1
1
1
1
1
1
1
1
1
1
1
1
1
1
1
0.999988
0.999966
0.999952
0.999981
1.00009
1.00027
1.00045
1.0004
0.999855
0.998647
0.996952
0.995541
0.995811
0.999477
1.00783
1.02071
1.03556
1.04694
1.04696
1.02673
0.978482
0.897974
0.786156
0.649695
0.499999
0.350968
0.216136
0.105986
0.0261784
-0.0229219
-0.0454561
-0.0484043
-0.039622
-0.026134
-0.0130508
-0.00321913
0.00251374
0.00467247
0.00444009
0.00306833
0.00151754
0.000330054
-0.000325037
-0.000521904
-0.000437647
-0.000247628
-7.15356e-05
3.70064e-05
7.47147e-05
6.4369e-05
3.39902e-05
4.61891e-06
-1.34693e-05
-1.9002e-05
-1.57354e-05
-8.71205e-06
-1.91127e-06
2.59306e-06
4.42213e-06
4.21684e-06
2.95143e-06
1.46927e-06
2.84366e-07
-4.17401e-07
-6.76602e-07
-6.35107e-07
-4.67213e-07
-1.84598e-07
1
1
1
1
1
1
1
1
1
1
1
1
1
1
1
1
1
1
1
1
1
1
1
1
1
1
1
0.999999
1
1
1
1
1
0.999985
0.999963
0.999952
0.999988
1.00011
1.0003
1.00046
1.00038
0.999782
0.998526
0.996824
0.995479
0.995907
0.999795
1.00836
1.02136
1.03613
1.0472
1.04674
1.02596
0.977295
0.896632
0.784999
0.64903
0.499998
0.351619
0.217249
0.107262
0.0273085
-0.0221693
-0.0451783
-0.04856
-0.0400692
-0.0266912
-0.0135567
-0.00357214
0.00234376
0.0046571
0.00451901
0.00317747
0.00160922
0.000381349
-0.000314596
-0.000538869
-0.000464497
-0.00027023
-8.26374e-05
3.79192e-05
8.37745e-05
7.62596e-05
4.42521e-05
1.07984e-05
-1.17619e-05
-2.07204e-05
-1.92398e-05
-1.2472e-05
-4.90258e-06
7.97907e-07
3.77324e-06
4.39408e-06
3.56158e-06
2.18011e-06
8.84506e-07
-1.82571e-08
-4.75419e-07
-6.00616e-07
-4.4311e-07
1
1
1
1
1
1
1
1
1
1
1
1
1
1
1
1
1
1
1
1
1
1
1
1
1
1
1
1
0.999999
1
1
1
1
0.999999
0.999983
0.99996
0.999953
0.999997
1.00012
1.00032
1.00047
1.00035
0.999706
0.998405
0.996699
0.995426
0.996013
1.00012
1.00889
1.02199
1.03667
1.04744
1.0465
1.0252
0.976125
0.895314
0.783864
0.648377
0.499996
0.352256
0.218342
0.10852
0.028427
-0.021419
-0.0448955
-0.0487074
-0.0405093
-0.0272449
-0.0140627
-0.00392671
0.0021732
0.00464383
0.00460284
0.00329292
0.00170647
0.000435518
-0.000304932
-0.000559973
-0.000497553
-0.000299358
-9.90034e-05
3.58027e-05
9.22472e-05
8.95581e-05
5.70932e-05
1.98433e-05
-7.60359e-06
-2.07948e-05
-2.19884e-05
-1.62154e-05
-8.35154e-06
-1.65317e-06
2.48701e-06
4.08096e-06
3.87237e-06
2.76574e-06
1.48461e-06
4.51076e-07
-1.824e-07
-4.92976e-07
1
1
1
1
1
1
1
1
1
1
1
1
1
1
1
1
1
1
1
1
1
1
1
1
1
1
1
1
1
0.999999
1
1
1
1
0.999997
0.99998
0.999958
0.999954
1.00001
1.00014
1.00034
1.00047
1.00032
0.999627
0.998284
0.996579
0.995382
0.996128
1.00045
1.00942
1.02261
1.0372
1.04766
1.04625
1.02444
0.974969
0.894018
0.782751
0.647736
0.499994
0.352882
0.219418
0.109762
0.0295359
-0.0206702
-0.0446082
-0.0488487
-0.0409454
-0.0277986
-0.0145717
-0.00428487
0.00200155
0.00463377
0.00469405
0.00341803
0.00181283
0.000495678
-0.000293881
-0.000584279
-0.000537096
-0.000336261
-0.00012245
2.8718e-05
9.84509e-05
0.000103084
7.19201e-05
3.16933e-05
-6.67937e-07
-1.86937e-05
-2.34121e-05
-1.94565e-05
-1.19194e-05
-4.57972e-06
6.10783e-07
3.23476e-06
3.79576e-06
3.12992e-06
1.99758e-06
9.63102e-07
-2.97184e-08
1
1
1
1
1
1
1
1
1
1
1
1
1
1
1
1
1
1
1
1
1
1
1
1
1
1
1
1
1
1
0.999999
1
1
1
1
0.999996
0.999977
0.999955
0.999956
1.00002
1.00016
1.00036
1.00048
1.00029
0.999545
0.998163
0.996463
0.995345
0.996252
1.00078
1.00995
1.02322
1.03771
1.04787
1.04599
1.02368
0.973829
0.892744
0.781656
0.647106
0.49999
0.353496
0.220478
0.110991
0.030638
-0.0199213
-0.0443167
-0.048986
-0.0413813
-0.0283568
-0.0150883
-0.00465009
0.00182697
0.00462703
0.00479462
0.00355619
0.00193242
0.000565862
-0.000278167
-0.000609734
-0.000582462
-0.000381536
-0.000154478
1.47223e-05
0.000100452
0.000115257
8.76968e-05
4.58875e-05
9.06802e-06
-1.407e-05
-2.30132e-05
-2.16936e-05
-1.51972e-05
-7.70874e-06
-1.71836e-06
1.88393e-06
3.29292e-06
3.18821e-06
2.41811e-06
1.02862e-06
1
1
1
1
1
1
1
1
1
1
1
1
1
1
1
1
1
1
1
1
1
1
1
1
1
1
1
1
1
1
1
1
1
1
1
1
0.999994
0.999974
0.999953
0.999959
1.00003
1.00018
1.00038
1.00048
1.00025
0.999461
0.998043
0.996352
0.995317
0.996386
1.00113
1.01048
1.02382
1.03821
1.04806
1.04573
1.02293
0.972704
0.891488
0.780579
0.646484
0.499983
0.3541
0.221526
0.11221
0.0317373
-0.0191696
-0.0440203
-0.0491211
-0.0418209
-0.028925
-0.0156183
-0.00502751
0.00164592
0.00462224
0.00490549
0.00371032
0.00206947
0.000650778
-0.000253476
-0.00063309
-0.000631842
-0.000434846
-0.000195971
-7.85418e-06
9.62829e-05
0.000124242
0.000103007
6.1559e-05
2.12711e-05
-6.83831e-06
-2.04478e-05
-2.24808e-05
-1.77587e-05
-1.07071e-05
-4.28785e-06
1.31611e-07
2.36441e-06
2.98902e-06
2.22549e-06
1
1
1
1
1
1
1
1
1
1
1
1
1
1
1
1
1
1
1
1
1
1
1
1
1
1
1
1
1
1
1
1
1
1
1
1.00001
1
0.999992
0.999971
0.999952
0.999962
1.00004
1.0002
1.00039
1.00048
1.00021
0.999375
0.997924
0.996246
0.995297
0.996527
1.00147
1.011
1.02441
1.03869
1.04823
1.04546
1.02218
0.971592
0.890251
0.779516
0.645867
0.499974
0.354696
0.222564
0.113425
0.0328391
-0.0184108
-0.0437173
-0.0492552
-0.0422682
-0.0295093
-0.0161689
-0.00542413
0.00145283
0.00461612
0.00502603
0.00388232
0.00222788
0.000755405
-0.000214709
-0.000649987
-0.000682203
-0.000494726
-0.000246928
-4.01211e-05
8.42037e-05
0.000128143
0.000116182
7.74912e-05
3.52482e-05
2.77997e-06
-1.55912e-05
-2.14971e-05
-1.92204e-05
-1.32258e-05
-6.83369e-06
-1.86764e-06
1.10823e-06
2.47824e-06
1
1
1
1
1
1
1
1
1
1
1
1
1
1
1
1
1
1
1
1
1
1
1
1
1
1
1
1
1
1
1
1
0.999999
1
1
1
1.00001
1
0.99999
0.999968
0.99995
0.999967
1.00005
1.00022
1.00041
1.00047
1.00017
0.999287
0.997806
0.996146
0.995286
0.996676
1.00182
1.01151
1.02499
1.03916
1.0484
1.04519
1.02144
0.970493
0.889027
0.778463
0.645254
0.49996
0.355284
0.223599
0.114643
0.0339506
-0.0176389
-0.0434042
-0.0493882
-0.0427268
-0.0301162
-0.0167484
-0.00584867
0.00123994
0.00460303
0.00515347
0.00407247
0.00241052
0.000884434
-0.000156396
-0.000655199
-0.000729364
-0.0005585
-0.000306273
-8.2376e-05
6.29637e-05
0.000125247
0.000125481
9.22301e-05
4.99949e-05
1.42543e-05
-8.57488e-06
-1.85993e-05
-1.92966e-05
-1.49491e-05
-9.06081e-06
-4.03794e-06
5.04373e-07
1
1
1
1
1
1
1
1
1
1
1
1
1
1
1
1
1
1
1
1
1
1
1
1
1
1
1
1
1
1
1
1
1
0.999999
1
1
1
1.00001
1
0.999987
0.999965
0.99995
0.999972
1.00007
1.00024
1.00043
1.00047
1.00013
0.999197
0.99769
0.996051
0.995282
0.996831
1.00217
1.01203
1.02556
1.03961
1.04856
1.04491
1.02071
0.969406
0.887815
0.777414
0.644638
0.49994
0.355866
0.224635
0.115872
0.0350814
-0.0168454
-0.043075
-0.0495181
-0.0431989
-0.0307518
-0.0173658
-0.00631138
0.00099734
0.00457487
0.00528255
0.00427882
0.00261864
0.00104164
-7.32571e-05
-0.000643048
-0.000768239
-0.000622357
-0.000371778
-0.000133928
3.20329e-05
0.000114253
0.000129296
0.00010424
6.42923e-05
2.67862e-05
2.11975e-07
-1.38508e-05
-1.78507e-05
-1.55816e-05
-1.10409e-05
-4.17986e-06
1
1
1
1
1
1
1
1
1
1
1
1
1
1
1
1
1
1
1
1
1
1
1
1
1
1
1
1
1
1
1
1
1
1
0.999999
1
1
1
1.00001
1
0.999985
0.999962
0.999949
0.999977
1.00008
1.00026
1.00044
1.00046
1.00008
0.999106
0.997576
0.995962
0.995286
0.996992
1.00251
1.01253
1.02611
1.04005
1.04871
1.04464
1.01998
0.968327
0.886607
0.776364
0.644014
0.49991
0.356445
0.225678
0.117122
0.0362434
-0.0160188
-0.042721
-0.0496403
-0.0436848
-0.0314212
-0.0180298
-0.00682341
0.000713295
0.00452106
0.00540526
0.00449678
0.00285126
0.0012292
3.91667e-05
-0.000607949
-0.00079323
-0.000681577
-0.000440132
-0.000193028
-8.24011e-06
9.44779e-05
0.000126359
0.000112081
7.68378e-05
3.93893e-05
1.01587e-05
-7.53812e-06
-1.48248e-05
-1.54369e-05
-1.00772e-05
1
1
1
1
1
1
1
1
1
1
1
1
1
1
1
1
1
1
1
1
1
1
1
1
1
1
1
1
1
1
1
1
1
1
1
0.999999
1
1
1
1.00001
0.999999
0.999982
0.999959
0.999949
0.999984
1.00009
1.00028
1.00045
1.00045
1.00003
0.999015
0.997465
0.995879
0.995296
0.997157
1.00286
1.01303
1.02666
1.04049
1.04886
1.04437
1.01926
0.967253
0.885397
0.775304
0.643375
0.499868
0.357023
0.226737
0.118406
0.0374515
-0.0151442
-0.04233
-0.0497468
-0.0441819
-0.0321272
-0.0187484
-0.00739605
0.000374856
0.00442892
0.00551092
0.00471889
0.00310472
0.00144715
0.000183862
-0.000545019
-0.000798741
-0.000730894
-0.000507144
-0.000256929
-5.6566e-05
6.59977e-05
0.000115917
0.000114582
8.63922e-05
5.09995e-05
2.04825e-05
-5.51304e-08
-1.07037e-05
-1.31805e-05
1
1
1
1
1
1
1
1
1
1
1
1
1
1
1
1
1
1
1
1
1
1
1
1
1
1
1
1
1
1
1
1
1
1
1
1
0.999999
1
1
1
1
0.999997
0.999979
0.999957
0.99995
0.999992
1.00011
1.00029
1.00046
1.00043
0.999976
0.998925
0.997359
0.995803
0.995311
0.997323
1.00321
1.01352
1.0272
1.04092
1.04901
1.04411
1.01855
0.966178
0.884175
0.774222
0.642711
0.499808
0.3576
0.227821
0.119737
0.0387233
-0.0142035
-0.0418854
-0.0498256
-0.0446838
-0.0328698
-0.0195271
-0.00803968
-3.12591e-05
0.00428431
0.00558651
0.00493488
0.00337247
0.00169289
0.00036177
-0.000450699
-0.000779754
-0.000764974
-0.000568075
-0.000322064
-0.000110764
2.96974e-05
9.78481e-05
0.000110986
9.19232e-05
6.05914e-05
3.03137e-05
8.27231e-06
-8.03566e-06
1
1
1
1
1
1
1
1
1
1
1
1
1
1
1
1
1
1
1
1
1
1
1
1
1
1
1
1
1
1
1
1
1
1
1
1
0.999999
0.999999
1
1
1.00001
1
0.999995
0.999976
0.999955
0.999952
1
1.00012
1.00031
1.00047
1.00041
0.999923
0.998836
0.997256
0.995731
0.995329
0.997488
1.00354
1.01401
1.02774
1.04136
1.04917
1.04386
1.01783
0.965092
0.882927
0.773102
0.642009
0.499723
0.358178
0.228937
0.121132
0.0400792
-0.0131745
-0.0413669
-0.0498599
-0.0451796
-0.0336446
-0.0203684
-0.00876255
-0.000517551
0.00407256
0.00561737
0.00513201
0.00364509
0.00196098
0.000571369
-0.000323287
-0.000732394
-0.000778928
-0.000618061
-0.00038434
-0.000167919
-1.2768e-05
7.2709e-05
0.000101047
9.27506e-05
6.71119e-05
4.00147e-05
9.20638e-06
1
1
1
1
1
1
1
1
1
1
1
1
1
1
1
1
1
1
1
1
1
1
1
1
1
1
1
1
1
1
1
1
1
1
1
1
1
0.999999
1
1
1
1.00001
1
0.999993
0.999974
0.999953
0.999955
1.00001
1.00014
1.00033
1.00047
1.0004
0.99987
0.998751
0.997158
0.995662
0.995347
0.997648
1.00388
1.01449
1.02828
1.04181
1.04935
1.04362
1.01712
0.963984
0.881636
0.771927
0.641255
0.499605
0.358758
0.230096
0.122609
0.0415422
-0.0120319
-0.0407494
-0.0498282
-0.045653
-0.0344424
-0.0212703
-0.00956958
-0.00109448
0.00377961
0.00558812
0.00529579
0.00391068
0.00224323
0.000808462
-0.000163331
-0.000654423
-0.000768826
-0.000652563
-0.000439496
-0.000224626
-5.91022e-05
4.16925e-05
8.51282e-05
8.82218e-05
7.20462e-05
3.65231e-05
1
1
1
1
1
1
1
1
1
1
1
1
1
1
1
1
1
1
1
1
1
1
1
1
1
1
1
1
1
1
1
1
1
1
1
1
1
1
0.999999
1
1
1
1.00001
1
0.999991
0.999971
0.999952
0.999958
1.00002
1.00015
1.00034
1.00048
1.00038
0.999819
0.998669
0.997064
0.995593
0.995359
0.9978
1.0042
1.01498
1.02884
1.04228
1.04955
1.04339
1.0164
0.962836
0.880278
0.770673
0.640427
0.499442
0.359336
0.231306
0.124184
0.0431365
-0.0107475
-0.0400043
-0.049704
-0.0460826
-0.0352482
-0.0222257
-0.0104612
-0.00176918
0.00339333
0.00548385
0.00541083
0.00415549
0.00252897
0.00106623
2.61784e-05
-0.000545589
-0.000732129
-0.000667817
-0.0004835
-0.000277294
-0.000106586
6.614e-06
6.36382e-05
8.08206e-05
6.26701e-05
1
1
1
1
1
1
1
1
1
1
1
1
1
1
1
1
1
1
1
1
1
1
1
1
1
1
1
1
1
1
1
1
1
1
1
1
1
1
1
0.999999
1
1
1
1.00001
1
0.999989
0.999969
0.999952
0.999962
1.00003
1.00017
1.00035
1.00048
1.00036
0.999772
0.998592
0.996971
0.99552
0.995362
0.997942
1.00453
1.01547
1.02942
1.04279
1.04979
1.04317
1.01565
0.961625
0.878825
0.769308
0.6395
0.499217
0.359909
0.232573
0.125874
0.0448873
-0.00929143
-0.0390996
-0.0494565
-0.0464414
-0.0360412
-0.0232211
-0.0114322
-0.00254429
0.00290476
0.00529132
0.00546202
0.00436481
0.0028057
0.00133553
0.000239852
-0.0004078
-0.000668001
-0.000661208
-0.00051292
-0.000322488
-0.000152248
-3.0672e-05
3.89681e-05
6.76214e-05
1
1
1
1
1
1
1
1
1
1
1
1
1
1
1
1
1
1
1
1
1
1
1
1
1
1
1
1
1
1
1
1
1
1
1
1
1
1
1
0.999999
0.999999
1
1
1
1
1
0.999987
0.999968
0.999953
0.999967
1.00004
1.00018
1.00036
1.00048
1.00034
0.999729
0.998517
0.996875
0.995436
0.995351
0.998073
1.00485
1.01599
1.03004
1.04334
1.05006
1.04296
1.01486
0.960317
0.877237
0.767797
0.638444
0.498909
0.360467
0.233903
0.127696
0.0468184
-0.00763319
-0.0380015
-0.0490516
-0.0466976
-0.0367948
-0.0242372
-0.0124715
-0.00341695
0.00230928
0.00500026
0.00543573
0.004524
0.0030599
0.00160544
0.000470174
-0.000245093
-0.000577462
-0.000631536
-0.000525245
-0.000357238
-0.000193015
-6.99379e-05
2.90216e-05
1
1
1
1
1
1
1
1
1
1
1
1
1
1
1
1
1
1
1
1
1
1
1
1
1
1
1
1
1
1
1
1
1
1
1
1
1
1
1
1
0.999999
1
1
1
1
1
0.999999
0.999985
0.999967
0.999955
0.99997
1.00004
1.00019
1.00037
1.00048
1.00033
0.999692
0.998443
0.99677
0.995336
0.995321
0.998196
1.00519
1.01654
1.03072
1.04396
1.05036
1.04273
1.01399
0.958873
0.87547
0.766093
0.63722
0.498492
0.360997
0.235293
0.12966
0.0489515
-0.00574367
-0.0366759
-0.048453
-0.0468159
-0.0374773
-0.0252485
-0.0135615
-0.00437826
0.00160755
0.00460445
0.00532092
0.00461962
0.00327798
0.00186403
0.000707981
-6.33917e-05
-0.000463359
-0.000579123
-0.000519259
-0.000378228
-0.000233195
-6.54668e-05
1
1
1
1
1
1
1
1
1
1
1
1
1
1
1
1
1
1
1
1
1
1
1
1
1
1
1
1
1
1
1
1
1
1
1
1
1
1
1
1
1
0.999999
1
1
1
1
1
0.999997
0.999985
0.999967
0.999956
0.999973
1.00005
1.00019
1.00038
1.00049
1.00033
0.99966
0.998365
0.99665
0.995213
0.995272
0.998317
1.00556
1.01716
1.03148
1.04464
1.05069
1.04247
1.013
0.957239
0.873466
0.764142
0.635783
0.497932
0.361478
0.236737
0.131772
0.0513034
-0.00359698
-0.0350902
-0.047624
-0.0467586
-0.0380531
-0.0262241
-0.0146786
-0.00541305
0.000806052
0.00410258
0.00511025
0.00464053
0.00344729
0.00209915
0.000943107
0.000129889
-0.000330123
-0.000506151
-0.000492933
-0.000395597
-0.00020349
1
1
1
1
1
1
1
1
1
1
1
1
1
1
1
1
1
1
1
1
1
1
1
1
1
1
1
1
1
1
1
1
1
1
1
1
1
1
1
1
1
1
1
1
1
1
1
1
0.999997
0.999985
0.999968
0.999956
0.999973
1.00005
1.0002
1.00039
1.00051
1.00034
0.999628
0.998276
0.996506
0.995062
0.995205
0.998449
1.00597
1.01786
1.03233
1.0454
1.05104
1.04213
1.01185
0.95535
0.871155
0.76188
0.634077
0.497187
0.361884
0.238223
0.134031
0.0538847
-0.00117258
-0.0332158
-0.0465301
-0.0464878
-0.0384842
-0.0271293
-0.0157938
-0.00650022
-8.27566e-05
0.00349875
0.00480079
0.00457874
0.00355705
0.00229935
0.00116509
0.000326475
-0.000183938
-0.000413456
-0.000460766
-0.000337729
1
1
1
1
1
1
1
1
1
1
1
1
1
1
1
1
1
1
1
1
1
1
1
1
1
1
1
1
1
1
1
1
1
1
1
1
1
1
1
1
1
1
1
1
1
1
1
1
1
0.999997
0.999986
0.999969
0.999955
0.999969
1.00005
1.00021
1.00041
1.00054
1.00035
0.999592
0.998167
0.996331
0.994879
0.995128
0.998609
1.00646
1.01866
1.03329
1.04622
1.05138
1.04167
1.01045
0.953126
0.868456
0.759232
0.632039
0.496206
0.362177
0.239726
0.136428
0.0566976
0.00154257
-0.0310298
-0.0451404
-0.0459676
-0.0387323
-0.0279268
-0.0168741
-0.00761346
-0.00104077
0.00280259
0.0043945
0.00443017
0.00359919
0.00245468
0.00136405
0.000517321
-2.94953e-05
-0.000314447
-0.000387851
1
1
1
1
1
1
1
1
1
1
1
1
1
1
1
1
1
1
1
1
1
1
1
1
1
1
1
1
1
1
1
1
1
1
1
1
1
1
1
1
1
1
1
1
1
1
1
1
1
1
0.999999
0.999988
0.999968
0.999951
0.999963
1.00004
1.00022
1.00044
1.00058
1.00036
0.999544
0.998028
0.996117
0.994669
0.995055
0.998822
1.00705
1.01959
1.03436
1.04709
1.05165
1.04101
1.00873
0.950472
0.865276
0.75611
0.629594
0.49493
0.362313
0.241216
0.138942
0.059734
0.00455209
-0.0285177
-0.0434309
-0.0451658
-0.0387608
-0.0285789
-0.017884
-0.0087225
-0.00204499
0.00202896
0.00389829
0.00419499
0.00356894
0.00255746
0.00153108
0.00069403
0.000130119
-0.000260189
1
1
1
1
1
1
1
1
1
1
1
1
1
1
1
1
1
1
1
1
1
1
1
1
1
1
1
1
1
1
1
1
1
1
1
1
1
1
1
1
1
1
1
1
1
1
1
1
1
1
1
1
0.999989
0.999966
0.999943
0.999954
1.00005
1.00024
1.00049
1.00062
1.00038
0.999474
0.99785
0.995861
0.994438
0.995008
0.999117
1.00777
1.02067
1.03555
1.04798
1.0518
1.04007
1.00657
0.947277
0.861507
0.752419
0.626659
0.493289
0.362235
0.242648
0.141544
0.0629745
0.00784853
-0.0256749
-0.0413855
-0.0440572
-0.0385372
-0.0290493
-0.0187874
-0.00979461
-0.00306861
0.00119719
0.00332377
0.00387773
0.0034651
0.00260317
0.00165558
0.000874541
0.000115127
1
1
1
1
1
1
1
1
1
1
1
1
1
1
1
1
1
1
1
1
1
1
1
1
1
1
1
1
1
1
1
1
1
1
1
1
1
1
1
1
1
1
1
1
1
1
1
1
1
1
1
1.00001
1
0.999989
0.99996
0.999931
0.999944
1.00005
1.00027
1.00054
1.00068
1.00038
0.999372
0.997627
0.995568
0.994203
0.995012
0.999528
1.00865
1.0219
1.03682
1.04883
1.05174
1.03873
1.00386
0.943414
0.85703
0.748051
0.623143
0.491207
0.361879
0.243969
0.144188
0.0663877
0.0114123
-0.0225084
-0.0389986
-0.0426244
-0.0380351
-0.0293058
-0.0195496
-0.0107964
-0.00408252
0.00033014
0.00268659
0.0034868
0.00329148
0.00258159
0.00178429
0.00073767
1
1
1
1
1
1
1
1
1
1
1
1
1
1
1
1
1
1
1
1
1
1
1
1
1
1
1
1
1
1
1
1
1
1
1
1
1
1
1
1
1
1
1
1
1
1
1
1
0.999999
0.999999
1
1
1.00001
1.00001
0.999987
0.99995
0.999916
0.999936
1.00006
1.00032
1.00061
1.00073
1.00036
0.999228
0.997357
0.995246
0.993987
0.995103
1.00009
1.00971
1.02328
1.03813
1.04956
1.05135
1.03687
1.00044
0.938743
0.851715
0.742893
0.618946
0.488598
0.361171
0.245117
0.146823
0.0699296
0.015211
-0.0190376
-0.0362761
-0.0408603
-0.0372362
-0.0293217
-0.0201393
-0.0116956
-0.00505682
-0.000547101
0.0020052
0.00303642
0.00304149
0.00256761
0.00149601
1
1
1
1
1
1
1
1
1
1
1
1
1
1
1
1
1
1
1
1
1
1
1
1
1
1
1
1
1
1
1
1
1
1
1
1
1
1
1
1
1
1
1
1
1
1
1
1
1
0.999998
0.999998
1
1.00001
1.00001
1.00001
0.999982
0.999936
0.9999
0.999931
1.00009
1.00038
1.00069
1.00077
1.0003
0.999036
0.997041
0.994912
0.99382
0.995313
1.00082
1.01094
1.02477
1.03942
1.05005
1.0505
1.03431
0.996166
0.933112
0.845425
0.736824
0.613965
0.485372
0.360032
0.246019
0.149383
0.0735446
0.0191997
-0.0152947
-0.0332361
-0.0387688
-0.0361314
-0.0290777
-0.0205304
-0.0124629
-0.00596243
-0.00140913
0.00130299
0.00252674
0.00280406
0.00215114
1
1
1
1
1
1
1
1
1
1
1
1
1
1
1
1
1
1
1
1
1
1
1
1
1
1
1
1
1
1
1
1
1
1
1
1
1
1
1
1
1
1
1
1
1
1
1
1
1
0.999999
0.999997
0.999997
1
1.00001
1.00002
1.00001
0.999973
0.999918
0.999883
0.999934
1.00013
1.00045
1.00077
1.0008
1.00021
0.998794
0.996692
0.994591
0.993735
0.995675
1.00174
1.01234
1.02632
1.04058
1.05018
1.04901
1.03089
0.990853
0.926358
0.838017
0.729721
0.608094
0.481434
0.358376
0.246595
0.151796
0.0771665
0.0233221
-0.0113239
-0.0299086
-0.0363653
-0.0347221
-0.0285631
-0.0207033
-0.0130734
-0.00677323
-0.00222833
0.000589448
0.00203109
0.00235953
1
1
1
1
1
1
1
1
1
1
1
1
1
1
1
1
1
1
1
1
1
1
1
1
1
1
1
1
1
1
1
1
1
1
1
1
1
1
1
1
1
1
1
1
1
1
1
1
1
1
0.999998
0.999996
0.999997
1
1.00002
1.00002
1.00001
0.999959
0.999897
0.999869
0.999946
1.00018
1.00053
1.00084
1.0008
1.00007
0.998507
0.996326
0.994313
0.993767
0.996212
1.00285
1.01386
1.02783
1.04147
1.04976
1.0467
1.02641
0.984318
0.918316
0.829348
0.721463
0.601228
0.476693
0.356116
0.246762
0.15398
0.0807207
0.0275116
-0.00718051
-0.0263354
-0.0336765
-0.0330203
-0.0277768
-0.0206461
-0.0135082
-0.00746544
-0.0029842
-0.00012043
0.00174226
1
1
1
1
1
1
1
1
1
1
1
1
1
1
1
1
1
1
1
1
1
1
1
1
1
1
1
1
1
1
1
1
1
1
1
1
1
1
1
1
1
1
1
1
1
1
1
1
1
1
0.999999
0.999996
0.999995
0.999998
1.00001
1.00002
1.00002
0.999998
0.999941
0.999875
0.999861
0.999972
1.00025
1.00062
1.0009
1.00076
0.99989
0.998186
0.995969
0.994109
0.993941
0.996932
1.00411
1.01542
1.02918
1.04192
1.04859
1.04336
1.02066
0.97637
0.908821
0.819281
0.711933
0.593267
0.471056
0.353166
0.246436
0.155853
0.0841268
0.0316939
-0.00292913
-0.0225683
-0.0307397
-0.0310482
-0.0267269
-0.0203552
-0.0137568
-0.00800681
-0.00376783
-6.59472e-06
1
1
1
1
1
1
1
1
1
1
1
1
1
1
1
1
1
1
1
1
1
1
1
1
1
1
1
1
1
1
1
1
1
1
1
1
1
1
1
1
1
1
1
1
1
1
1
1
1
1
1
0.999998
0.999995
0.999995
1
1.00001
1.00003
1.00002
0.999986
0.999919
0.999855
0.999861
1.00001
1.00032
1.00071
1.00094
1.00069
0.999666
0.997847
0.995646
0.994006
0.994273
0.997818
1.00547
1.01691
1.03021
1.04174
1.04646
1.03875
1.01342
0.966821
0.897715
0.807685
0.701028
0.584121
0.464442
0.349443
0.245534
0.157331
0.0873014
0.0357897
0.0013589
-0.0186674
-0.0276013
-0.0288377
-0.0254302
-0.019841
-0.0137756
-0.00863431
-0.00299301
1
1
1
1
1
1
1
1
1
1
1
1
1
1
1
1
1
1
1
1
1
1
1
1
1
1
1
1
1
1
1
1
1
1
1
1
1
1
1
1
1
1
1
1
1
1
1
1
1
1
1
1
0.999997
0.999994
0.999995
1.00001
1.00002
1.00003
1.00002
0.99997
0.999894
0.999837
0.999871
1.00006
1.00041
1.00079
1.00096
1.00058
0.999412
0.997512
0.995383
0.994023
0.994756
0.998823
1.00683
1.01818
1.03072
1.04068
1.04311
1.03263
1.00448
0.955488
0.884852
0.794448
0.688655
0.573713
0.456778
0.344877
0.243979
0.158332
0.0901615
0.0397179
0.00560812
-0.0146986
-0.0243151
-0.0264269
-0.023923
-0.0190508
-0.0139634
-0.00700758
1
1
1
1
1
1
1
1
1
1
1
1
1
1
1
1
1
1
1
1
1
1
1
1
1
1
1
1
1
1
1
1
1
1
1
1
1
1
1
1
1
1
1
1
1
1
1
1
1
1
1
1
0.999999
0.999995
0.999993
0.999998
1.00001
1.00003
1.00003
1.00001
0.999948
0.999869
0.999826
0.999894
1.00013
1.0005
1.00087
1.00095
1.00043
0.999142
0.9972
0.995196
0.994159
0.995355
0.999863
1.00804
1.01903
1.03046
1.03848
1.03827
1.02476
0.993631
0.942206
0.870107
0.779476
0.674745
0.561985
0.448008
0.339405
0.241703
0.158782
0.0926282
0.0433985
0.00974208
-0.0107316
-0.0209374
-0.0238773
-0.0221474
-0.0185226
-0.0114538
1
1
1
1
1
1
1
1
1
1
1
1
1
1
1
1
1
1
1
1
1
1
1
1
1
1
1
1
1
1
1
1
1
1
1
1
1
1
1
1
1
1
1
1
1
1
1
1
1
1
1
1
1
0.999997
0.999994
0.999994
1
1.00002
1.00003
1.00003
0.999994
0.999923
0.999845
0.999823
0.999931
1.00021
1.0006
1.00093
1.00091
1.00027
0.998869
0.996925
0.995086
0.994386
0.995999
1.00081
1.00893
1.01923
1.02916
1.03487
1.03169
1.01491
0.980686
0.926833
0.853379
0.762703
0.659252
0.548899
0.438094
0.332984
0.238652
0.158617
0.0946294
0.0467563
0.0136857
-0.00683247
-0.0175479
-0.0211342
-0.0207084
-0.015346
1
1
1
1
1
1
1
1
1
1
1
1
1
1
1
1
1
1
1
1
1
1
1
1
1
1
1
1
1
1
1
1
1
1
1
1
1
1
1
1
1
1
1
1
1
1
1
1
1
1
1
1
1
0.999999
0.999995
0.999993
0.999996
1.00001
1.00002
1.00004
1.00002
0.999974
0.999895
0.999825
0.999832
0.999984
1.0003
1.0007
1.00098
1.00086
1.00009
0.998602
0.996687
0.995032
0.994645
0.996575
1.0015
1.00926
1.01851
1.02654
1.02956
1.0231
1.00286
0.965479
0.909256
0.834601
0.744093
0.642158
0.534442
0.42702
0.325586
0.234786
0.157784
0.0961036
0.0497226
0.0173727
-0.00308776
-0.014108
-0.0187429
-0.0173869
1
1
1
1
1
1
1
1
1
1
1
1
1
1
1
1
1
1
1
1
1
1
1
1
1
1
1
1
1
1
1
1
1
1
1
1
1
1
1
1
1
1
1
1
1
1
1
1
1
1
1
1
1
1
0.999998
0.999994
0.999994
0.999999
1.00001
1.00003
1.00003
1.00001
0.999949
0.999868
0.999814
0.999856
1.00005
1.0004
1.0008
1.00102
1.00078
0.99989
0.998336
0.996464
0.99498
0.994834
0.996927
1.00171
1.00878
1.01656
1.0223
1.02226
1.01227
0.988428
0.947881
0.8894
0.813742
0.723644
0.623475
0.518631
0.414793
0.317205
0.230083
0.156248
0.097001
0.0522429
0.0207263
0.000506457
-0.0109296
-0.0161201
1
1
1
1
1
1
1
1
1
1
1
1
1
1
1
1
1
1
1
1
1
1
1
1
1
1
1
1
1
1
1
1
1
1
1
1
1
1
1
1
1
1
1
1
1
1
1
1
1
1
1
1
1
1
0.999999
0.999996
0.999994
0.999995
1
1.00002
1.00003
1.00003
0.999991
0.999921
0.999844
0.999814
0.9999
1.00015
1.00052
1.0009
1.00104
1.00069
0.999671
0.998049
0.996205
0.994838
0.99481
0.996852
1.00119
1.00718
1.01309
1.01613
1.01271
0.998965
0.971454
0.927803
0.867233
0.790811
0.701391
0.60325
0.501507
0.401444
0.307856
0.224541
0.153987
0.0972885
0.054267
0.0236911
0.00408027
-0.0101302
1
1
1
1
1
1
1
1
1
1
1
1
1
1
1
1
1
1
1
1
1
1
1
1
1
1
1
1
1
1
1
1
1
1
1
1
1
1
1
1
1
1
1
1
1
1
1
1
1
1
1
1
1
1
1
0.999998
0.999996
0.999995
0.999999
1.00001
1.00002
1.00003
1.00002
0.999968
0.999894
0.999829
0.999833
0.999969
1.00026
1.00065
1.00099
1.00104
1.00055
0.999401
0.99769
0.995826
0.994473
0.994383
0.996106
0.999643
1.00415
1.00778
1.00775
1.00067
0.983025
0.951836
0.905206
0.842769
0.76586
0.677407
0.58156
0.483142
0.38703
0.297578
0.218178
0.150998
0.0969605
0.0556519
0.02706
0.00174214
1
1
1
1
1
1
1
1
1
1
1
1
1
1
1
1
1
1
1
1
1
1
1
1
1
1
1
1
1
1
1
1
1
1
1
1
1
1
1
1
1
1
1
1
1
1
1
1
1
1
1
1
1
1
1
1
0.999998
0.999996
0.999996
1
1.00001
1.00003
1.00002
0.999998
0.999942
0.999871
0.999829
0.999876
1.00006
1.0004
1.00079
1.00107
1.001
1.00035
0.999027
0.997175
0.995198
0.993705
0.993321
0.994408
0.996762
0.999369
1.00031
0.996884
0.985928
0.964317
0.929519
0.880101
0.81607
0.738984
0.651803
0.558517
0.463637
0.371633
0.286431
0.211024
0.147336
0.0957564
0.0580639
0.0202153
1
1
1
1
1
1
1
1
1
1
1
1
1
1
1
1
1
1
1
1
1
1
1
1
1
1
1
1
1
1
1
1
1
1
1
1
1
1
1
1
1
1
1
1
1
1
1
1
1
1
1
1
1
1
1
1
0.999999
0.999997
0.999996
0.999998
1.00001
1.00002
1.00002
1.00001
0.999977
0.999918
0.99986
0.999852
0.99995
1.00019
1.00055
1.00093
1.00112
1.00088
1.00002
0.998466
0.996382
0.994154
0.992315
0.991353
0.99145
0.992219
0.992518
0.990409
0.983314
0.968345
0.94277
0.904508
0.852554
0.787248
0.710321
0.624724
0.53426
0.443115
0.355357
0.27448
0.203202
0.142588
0.0963816
0.0454302
1
1
1
1
1
1
1
1
1
1
1
1
1
1
1
1
1
1
1
1
1
1
1
1
1
1
1
1
1
1
1
1
1
1
1
1
1
1
1
1
1
1
1
1
1
1
1
1
1
1
1
1
1
1
1
1
1
0.999999
0.999998
0.999997
1
1.00001
1.00002
1.00002
0.999997
0.999956
0.999903
0.99987
0.999905
1.00006
1.00034
1.00071
1.00103
1.00108
1.00062
0.999475
0.997596
0.995147
0.992481
0.990043
0.988181
0.98691
0.985692
0.9833
0.977828
0.966863
0.947822
0.91837
0.876861
0.822683
0.75646
0.68005
0.596355
0.508967
0.421741
0.338325
0.261956
0.194162
0.140663
0.0769627
1
1
1
1
1
1
1
1
1
1
1
1
1
1
1
1
1
1
1
1
1
1
1
1
1
1
1
1
1
1
1
1
1
1
1
1
1
1
1
1
1
1
1
1
1
1
1
1
1
1
1
1
1
1
1
1
1
1
0.999999
0.999998
0.999998
1
1.00001
1.00001
1
0.999981
0.999942
0.999905
0.999907
0.999992
1.0002
1.00051
1.00085
1.00106
1.0009
1.00014
0.998597
0.996256
0.993264
0.989928
0.986597
0.983486
0.980463
0.976875
0.971458
0.962378
0.947429
0.924346
0.891189
0.846716
0.790667
0.7239
0.648355
0.566849
0.482747
0.399541
0.320684
0.247921
0.188799
0.11356
1
1
1
1
1
1
1
1
1
1
1
1
1
1
1
1
1
1
1
1
1
1
1
1
1
1
1
1
1
1
1
1
1
1
1
1
1
1
1
1
1
1
1
1
1
1
1
1
1
1
1
1
1
1
1
1
1
1
1
1
0.999998
0.999998
1
1
1
0.999992
0.99997
0.999943
0.999934
0.999978
1.00011
1.00035
1.00066
1.00092
1.00094
1.00048
0.999292
0.997225
0.994251
0.990502
0.986229
0.981683
0.976955
0.971793
0.96547
0.956726
0.94385
0.924873
0.897865
0.861274
0.814236
0.756797
0.690001
0.615816
0.536942
0.456448
0.377723
0.302449
0.239738
0.154922
1
1
1
1
1
1
1
1
1
1
1
1
1
1
1
1
1
1
1
1
1
1
1
1
1
1
1
1
1
1
1
1
1
1
1
1
1
1
1
1
1
1
1
1
1
1
1
1
1
1
1
1
1
1
1
1
1
1
1
1
0.999999
0.999997
0.999996
0.999997
0.999998
0.999995
0.999986
0.999972
0.999965
0.999991
1.00008
1.00026
1.00051
1.00076
1.00086
1.00059
0.999691
0.99792
0.995123
0.99128
0.986508
0.981009
0.974954
0.968333
0.960799
0.951566
0.939397
0.922696
0.899709
0.868806
0.828779
0.779099
0.720089
0.652963
0.579745
0.502992
0.425865
0.349822
0.285173
0.193169
1
1
1
1
1
1
1
1
1
1
1
1
1
1
1
1
1
1
1
1
1
1
1
1
1
1
1
1
1
1
1
1
1
1
1
1
1
1
1
1
1
1
1
1
1
1
1
1
1
1
1
1
1
1
0.999999
1
1
1
1
1
1
0.999997
0.999993
0.99999
0.999989
0.99999
0.999992
0.999996
1
1.00003
1.00009
1.0002
1.00037
1.00055
1.00066
1.00051
0.99987
0.998474
0.996061
0.992439
0.987527
0.981358
0.97404
0.965664
0.956189
0.945324
0.932442
0.916571
0.896469
0.870779
0.838244
0.797948
0.749518
0.693263
0.630221
0.562016
0.491133
0.418308
0.354882
0.257545
)
;

boundaryField
{
    upperWall
    {
        type            zeroGradient;
    }
    outlet
    {
        type            zeroGradient;
    }
    inlet
    {
        type            fixedValue;
        value           uniform 1;
    }
    lowerWall
    {
        type            fixedValue;
        value           uniform 0;
    }
    frontAndBack
    {
        type            empty;
    }
}


// ************************************************************************* //
