/*--------------------------------*- C++ -*----------------------------------*\
  =========                 |
  \\      /  F ield         | OpenFOAM: The Open Source CFD Toolbox
   \\    /   O peration     | Website:  https://openfoam.org
    \\  /    A nd           | Version:  7
     \\/     M anipulation  |
\*---------------------------------------------------------------------------*/
FoamFile
{
    version     2.0;
    format      ascii;
    class       volScalarField;
    location    "0.25";
    object      T;
}
// * * * * * * * * * * * * * * * * * * * * * * * * * * * * * * * * * * * * * //

dimensions      [0 0 0 1 0 0 0];

internalField   nonuniform List<scalar> 
5936
(
0.509387
0.913125
0.998997
0.982338
1.00585
1.01593
1.00207
1.00703
1.00022
1.00104
0.999906
0.999796
0.999964
0.999872
1
0.999992
1.00001
1.00001
1
1
1
1
1.00001
1.00001
1
1.00001
1
1.00001
1.00001
1.00001
1.00001
1.00001
1.00001
1.00001
1.00001
1.00001
1
1.00001
1.00001
1.00001
1.00001
1.00001
1
1.00001
1.00001
1.00001
1.00001
1.00001
1.00001
1.00001
1.00001
1.00001
1
1
1
1.00001
1.00001
1.00001
1.00001
1.00001
1.00001
1.00001
1.00001
1.00001
1.00001
1.00001
1.00001
1.00001
1.00001
1.00001
1
1.00001
1.00001
1.00001
1.00001
1.00001
1.00001
1.00001
1.00001
1.00001
1.00001
1.00001
1.00001
1.00001
1.00001
1.00001
1
1.00001
1.00001
1.00001
1.00001
1.00001
1.00001
1.00001
1.00002
1.00002
1.00004
1.00001
1.00002
0.116256
-0.00308558
-0.000215307
3.81632e-05
1.43314e-07
-2.05716e-07
1.25336e-08
4.94641e-09
1.59695e-10
-2.08284e-11
-2.17238e-12
-5.80169e-14
1.35593e-15
1.55249e-16
4.40785e-18
-2.92285e-21
-3.67887e-21
-1.32239e-22
-1.81217e-24
2.31316e-26
2.08283e-27
5.05418e-29
3.82928e-31
-1.27898e-32
5.19854e-50
-1.32629e-33
1.19158e-32
6.34538e-31
4.24898e-29
2.16981e-27
1.24674e-26
6.76251e-25
-2.97852e-24
8.06178e-23
-2.91978e-22
-2.45312e-20
-7.3141e-20
-1.70054e-18
-8.55165e-18
-1.41139e-17
-3.20579e-17
1.11618e-16
-1.53261e-16
-3.2895e-16
4.65955e-15
1.69242e-15
1.24125e-14
2.56651e-14
2.14204e-14
2.35215e-14
0.999796
0.999742
1.00096
1.00065
0.999946
1.00043
0.995115
0.996574
1.00236
0.999357
1.01317
1.00919
1.01414
1.01412
0.981453
0.994168
0.891408
0.923142
0.751612
0.796505
0.592192
0.640315
0.438714
0.483982
0.304471
0.343147
0.202471
0.230948
0.127878
0.148208
0.0766056
0.0902297
0.0445195
0.0529708
0.0245333
0.0297338
0.0131958
0.0160644
0.00709398
0.00862674
0.00354004
0.00439268
0.00174573
0.00217573
0.000831186
0.00104883
0.000380154
0.000484189
0.000179915
0.000227648
8.05618e-05
0.000103556
3.55035e-05
4.58971e-05
1.56176e-05
2.01894e-05
6.59819e-06
8.62724e-06
2.7869e-06
3.65271e-06
1.1718e-06
1.5331e-06
4.82027e-07
6.34371e-07
1.92695e-07
2.55614e-07
7.72777e-08
1.02586e-07
2.94982e-08
3.95069e-08
1.15671e-08
1.54296e-08
4.44753e-09
5.96999e-09
1.63345e-09
2.21041e-09
6.1793e-10
8.32828e-10
2.23728e-10
3.0519e-10
7.95523e-11
1.08753e-10
2.95196e-11
4.01811e-11
1.0447e-11
1.43939e-11
3.81074e-12
5.25555e-12
1.33165e-12
1.88439e-12
4.90082e-13
7.06858e-13
2.00545e-13
2.95117e-13
7.1584e-14
3.43318e-14
1.07165e-13
-1.63919e-33
2.4616e-14
0.0134515
-0.00158035
6.45067e-05
7.89925e-06
-5.31022e-07
-3.58164e-08
1.24228e-08
1.22693e-09
-1.96566e-11
-8.27225e-12
-4.19038e-13
-2.99838e-15
5.94425e-16
2.99913e-17
4.25337e-19
-1.26003e-20
-8.02767e-22
-1.77554e-23
-7.7866e-26
9.12534e-27
3.59779e-28
5.54329e-30
-1.52409e-32
-0.000914318
-3.31347e-33
3.6729e-14
2.94778e-33
4.15553e-31
-1.49405e-29
-5.17924e-28
1.88752e-28
-1.84072e-25
-1.18804e-24
5.29546e-24
-2.29484e-22
5.21276e-21
5.50368e-20
3.12421e-19
5.12719e-18
9.45521e-18
2.39896e-17
-2.55171e-17
3.49995e-17
-2.62788e-16
2.93129e-15
2.29313e-15
2.19551e-15
2.1545e-14
2.72053e-14
0.000124347
0.0664654
1.62068e-06
0.457248
0.000136217
3.01611e-05
-1.66197e-06
-1.10605e-07
4.21713e-08
4.74066e-09
-3.15266e-11
-2.97111e-11
-1.77886e-12
-2.20124e-14
2.24791e-15
1.2883e-16
2.35546e-18
-4.16659e-20
-3.29175e-21
-8.74079e-23
-6.26134e-25
3.4846e-26
1.63828e-27
2.97345e-29
2.69247e-32
-1.24655e-32
4.66527e-31
-2.174e-29
-6.04726e-28
1.08284e-27
-2.00889e-25
-9.40768e-25
1.29055e-23
-2.93062e-22
5.81245e-21
6.38536e-20
3.3415e-19
6.40191e-18
1.1817e-17
3.00462e-17
-3.12467e-17
4.62063e-17
-3.67525e-16
4.32894e-15
3.55995e-15
4.04092e-15
3.17071e-14
3.94604e-14
3.62941e-33
-6.83115e-07
3.9636e-08
1.79742e-08
7.29641e-10
-7.02774e-11
-8.6558e-12
-2.67823e-13
3.7938e-15
6.13046e-16
2.05853e-17
8.60693e-20
-1.49707e-20
-6.29485e-22
-9.73842e-24
6.56733e-26
8.81219e-27
2.47076e-28
2.4864e-30
-4.4322e-32
9.07942e-31
4.94958e-29
2.79974e-27
8.52731e-27
6.93377e-25
-5.49509e-24
9.21369e-23
-2.33357e-22
-2.90245e-20
-7.31701e-20
-2.05052e-18
-1.09532e-17
-1.76732e-17
-4.31314e-17
1.5371e-16
-2.20642e-16
-2.68711e-16
6.76029e-15
2.67162e-15
1.865e-14
3.78812e-14
3.26838e-14
-0.00556338
-0.0053067
4.15422e-32
0.596807
-0.00118239
0.957461
1.00263
0.985749
1.00455
1.00816
1.00131
1.00391
0.999906
1.00039
0.999804
0.999645
0.99992
0.999819
0.99997
0.999929
0.999966
0.999931
0.999955
0.999905
0.999954
0.999888
0.999952
0.999884
0.999947
0.999882
0.999949
0.999877
0.999947
0.999874
0.999945
0.999875
0.99995
0.999873
0.999944
0.999876
0.999943
0.999871
0.999947
0.999868
0.999938
0.999874
0.999946
0.999873
0.999944
0.999881
0.999942
0.999879
0.999954
0.999878
0.999949
0.999881
0.999948
0.999879
0.999952
0.999878
0.999951
0.99988
0.999947
0.999881
0.999949
0.999876
0.999946
0.999873
0.999945
0.999875
0.999953
0.999874
0.999948
0.99988
0.999952
0.999876
0.999949
0.999881
0.999941
0.999878
0.999942
0.999868
0.999941
0.99987
0.999937
0.999876
0.999944
0.99987
0.999937
0.999874
0.999931
0.99987
0.999949
0.99988
0.999879
0.999857
0.999798
0.999826
0.9998
1.33526e-31
0.00149728
5.09628e-05
0.260827
-8.44201e-07
-1.41096e-06
-1.07993e-07
1.00062e-08
1.62845e-09
6.34359e-11
-2.25107e-12
-2.71699e-13
-8.74039e-15
4.99181e-17
1.39215e-17
4.28112e-19
2.74993e-21
-2.4931e-22
-1.06981e-23
-2.02764e-25
3.74744e-28
1.29669e-28
3.65156e-30
3.6083e-32
-2.04045e-31
-0.00319115
-0.00462937
-0.0032893
-1.32109e-33
6.8023e-14
1.21734e-13
-2.88313e-06
-5.47965e-06
-3.55692e-06
0.532982
5.98812e-29
4.99366e-27
-6.31183e-27
9.29924e-25
-9.65321e-24
1.08877e-22
1.41761e-22
-4.44018e-20
-1.10478e-19
-2.93031e-18
-2.04871e-17
-3.22818e-17
-8.84597e-17
2.94864e-16
-4.60185e-16
3.1981e-16
1.17492e-14
4.9241e-15
3.92604e-14
6.9108e-14
5.19363e-14
9.85636e-14
0.0517456
0.189653
0.0225021
-0.000107705
-0.000701135
2.69831e-05
1.74798e-05
2.81651e-06
1.00071
1.00059
0.999555
1.00026
0.996106
0.996715
1.00324
0.999377
1.01195
1.00902
1.0116
1.01643
0.980546
1.00256
0.894018
0.939398
0.755737
0.81648
0.597269
0.661442
0.443103
0.500112
0.312041
0.359817
0.207082
0.243315
0.130388
0.155384
0.0793571
0.0959197
0.0458386
0.0560175
0.0257456
0.0318022
0.0139134
0.0174651
0.00720929
0.00908847
0.00366718
0.00468964
0.00181403
0.00232602
0.000869931
0.00112447
0.000403451
0.000529847
0.000188508
0.000245362
8.53344e-05
0.000112125
3.86635e-05
5.10269e-05
1.67149e-05
2.22645e-05
7.04107e-06
9.41085e-06
3.07404e-06
4.09111e-06
1.26148e-06
1.70472e-06
5.10158e-07
6.89696e-07
2.11661e-07
2.86143e-07
8.33703e-08
1.13303e-07
3.21275e-08
4.41371e-08
1.2658e-08
1.72106e-08
4.84868e-09
6.63025e-09
1.81275e-09
2.51199e-09
6.82747e-10
9.38857e-10
2.4857e-10
3.43995e-10
9.04191e-11
1.26048e-10
3.27418e-11
4.52624e-11
1.18033e-11
1.64066e-11
4.48216e-12
6.17209e-12
1.70037e-12
2.34631e-12
7.46223e-13
1.04104e-12
0.780429
1.52807e-32
0.8305
1.92321e-31
-9.52317e-25
-1.42655e-24
4.23603e-05
6.03712e-31
1.28423e-32
-1.72947e-23
-4.80409e-07
-2.87601e-09
5.31374e-09
3.77788e-10
3.38857e-12
-1.03445e-12
-5.51075e-14
-8.38583e-16
4.84064e-17
2.85298e-18
4.93476e-20
-5.10692e-22
-6.05046e-23
-1.6035e-24
-1.6872e-26
4.95288e-28
2.47588e-29
4.44591e-31
1.13665e-30
-3.61529e-25
-2.52158e-25
-1.12748e-27
-7.24622e-28
-3.96776e-29
6.65804e-27
-5.99282e-29
1.47831e-27
1.16637e-24
-1.32007e-06
3.71796e-23
-5.19352e-22
6.9992e-21
1.0546e-19
3.73386e-19
1.06922e-17
2.29381e-17
5.42323e-17
-2.3208e-17
8.26739e-18
-5.71021e-16
9.10924e-15
5.26017e-15
1.00413e-14
5.91906e-14
7.00102e-14
1.79038e-08
4.5892e-17
-1.6805e-16
8.97146e-31
-3.60687e-14
3.35537e-13
-9.10547e-13
9.57564e-14
5.33605e-14
6.73786e-15
1.64015e-14
1.3997e-16
-6.22423e-16
4.01491e-16
-1.15574e-16
-4.34261e-17
-2.69138e-17
-4.14667e-18
-1.26736e-19
2.26517e-31
1.62961e-29
4.60881e-28
-3.70352e-27
-9.28178e-25
-4.39045e-23
-7.04723e-22
2.05622e-20
1.88705e-18
9.53662e-14
8.20117e-14
1.32078e-14
7.78267e-15
1.21381e-14
-8.24215e-16
4.3232e-17
-4.75088e-17
7.33226e-17
3.09743e-17
1.48806e-17
5.15797e-19
1.34786e-19
1.03601e-20
-6.78293e-22
3.89572e-27
2.15733e-30
9.55118e-29
1.37443e-27
-9.71894e-26
-6.7919e-24
-2.10923e-22
-4.89033e-22
2.37586e-19
1.05424e-17
1.22298e-16
-4.6138e-15
-1.99948e-13
-2.76375e-12
2.95107e-11
1.28925e-09
1.38598e-08
-3.98359e-08
5.35032e-23
-3.01098e-12
2.56231e-10
5.16112e-09
-3.6018e-07
9.47127e-29
-6.09696e-20
-3.79322e-27
-5.60542e-23
1.55347e-22
8.76902e-05
-1.41504e-24
0.994019
1.00605
1.00363
1.00315
1.00664
1.00022
1.00163
0.999664
0.999651
0.99987
0.999771
1.00003
1.00015
1.00007
1.00029
1.00005
1.00031
1.00006
1.00029
1.00005
1.00029
1.00004
1.00028
1.00005
1.00029
1.00005
1.0003
1.00004
1.00029
1.00006
1.00029
1.00006
1.0003
1.00005
1.00032
1.00008
1.00031
1.00006
1.00032
1.00006
1.0003
1.00006
1.00029
1.00003
1.00028
1.00005
1.00029
1.00005
1.0003
1.00004
1.00029
1.00005
1.00028
1.00004
1.00027
1.00003
1.00027
1.00005
1.00029
1.00005
1.0003
1.00004
1.00029
1.00005
1.00029
1.00004
1.00029
1.00004
1.00027
1.00004
1.00028
1.00004
1.00028
1.00005
1.00029
1.00006
1.00029
1.00005
1.00031
1.00007
1.00031
1.00008
1.00033
1.00003
1.00029
1.0002
1.00031
1.00036
1.00057
1.0005
-4.38913e-25
-7.39583e-14
-8.72178e-20
4.9995e-13
1.32064e-28
1.20065e-22
-6.4603e-17
-4.71103e-07
-1.26878e-06
-1.26941e-06
-2.15284e-08
1.51138e-09
1.92006e-10
1.65372e-13
5.59586e-12
2.04033e-13
-1.95174e-13
-2.12338e-13
8.83798e-31
-3.92965e-15
-6.4165e-16
-2.66413e-15
-3.51185e-16
1.66579e-13
2.45814e-18
1.6312e-19
3.27184e-21
-1.30207e-23
-2.64157e-24
-9.20224e-26
-1.12367e-27
1.4319e-29
-2.30725e-06
-2.94085e-06
3.9886e-11
2.48578e-11
-1.03168e-28
1.98499e-28
-2.67527e-23
-4.52425e-23
1.6769e-22
1.15973e-26
8.19003e-22
1.41915e-24
1.7369e-24
1.8697e-25
-1.09597e-27
1.54103e-26
0.000163206
0.000199996
-1.11336e-21
6.16835e-22
-4.77247e-26
-6.27004e-25
1.04728e-20
1.59871e-20
-1.19181e-19
-1.81047e-19
-5.5129e-18
-4.51524e-17
-7.56635e-17
-2.30314e-16
7.23056e-16
-1.19764e-15
2.43583e-15
2.69865e-14
1.29292e-14
1.06083e-13
1.51864e-13
2.31992e-13
-1.29007e-07
-8.97769e-08
0.999732
1.00021
0.997149
0.997843
1.00248
0.999206
1.00918
1.0067
1.01174
1.01483
0.991089
1.01068
0.913805
0.956811
0.783659
0.842746
0.627354
0.690062
0.470816
0.530246
0.334147
0.383461
0.22512
0.262335
0.142997
0.170025
0.0866479
0.104388
0.0506815
0.0619472
0.0285757
0.035373
0.015448
0.019301
0.00811821
0.0102048
0.00415667
0.0052932
0.00203098
0.00260935
0.000981451
0.00126687
0.000465532
0.000608
0.000215216
0.000280523
9.7771e-05
0.000129234
4.40956e-05
5.82102e-05
1.94168e-05
2.58646e-05
8.29526e-06
1.11451e-05
3.51219e-06
4.67745e-06
1.46957e-06
1.97337e-06
6.03925e-07
8.17044e-07
2.45128e-07
3.31587e-07
9.75206e-08
1.32578e-07
3.81042e-08
5.23374e-08
1.45335e-08
1.99102e-08
5.60679e-09
7.68446e-09
2.16326e-09
2.98564e-09
8.029e-10
1.1113e-09
2.96769e-10
4.1285e-10
1.0702e-10
1.49584e-10
3.90628e-11
5.4306e-11
1.39799e-11
1.9607e-11
5.20932e-12
7.19589e-12
2.14571e-12
2.89649e-12
1.32935e-13
2.34323e-12
-3.01496e-13
1.65623e-13
2.75778e-13
-1.78835e-27
4.56786e-31
-6.09551e-14
-1.84312e-14
-0.00203154
1.50547e-30
0.925505
-3.95188e-07
6.37389e-13
7.41748e-31
-2.06037e-17
1.0981e-18
2.44615e-13
1.41497e-10
-8.53469e-09
2.70786e-10
2.63637e-09
6.63815e-10
-1.33073e-14
5.4207e-18
7.73752e-19
2.61049e-20
2.52818e-22
-1.05218e-23
-5.49341e-25
-1.17062e-26
-4.3912e-29
-3.92272e-30
0.00943927
2.48169e-13
-6.7359e-07
-4.69295e-06
2.81664e-19
2.19083e-19
0.959508
3.23083e-27
1.44563e-22
3.26087e-17
2.39156e-17
4.6e-19
-6.08183e-17
6.5087e-19
5.95715e-17
1.2582e-16
4.75351e-18
-1.24704e-16
-1.07497e-15
2.39054e-14
1.08422e-14
3.1222e-14
2.10884e-13
0.0766983
0.0424948
1.07821e-12
-6.03763e-27
1.89844e-05
6.06686e-05
4.21422e-06
1.44051e-13
1.73262e-14
3.78334e-14
2.58962e-15
-1.61202e-15
9.85687e-16
-1.55951e-28
1.86577e-29
4.1235e-14
1.60528e-14
3.18639e-14
-0.00337533
0.000567061
-0.00368342
-1.64898e-15
0.684429
-8.66604e-17
-3.16168e-17
1.70135e-16
-4.41245e-28
-5.62163e-26
-1.99145e-24
-2.74817e-23
1.56426e-21
1.0893e-19
1.68721e-09
4.66388e-30
-0.000199307
-0.000924197
0.00020806
9.92672e-27
0.786863
3.31716e-30
2.32649e-18
-3.73464e-25
-9.34022e-24
1.51723e-29
5.13252e-23
5.76254e-10
1.57411e-20
6.07579e-19
-2.91741e-30
-1.81559e-19
7.81981e-17
-1.42047e-21
-5.95646e-26
2.19832e-22
-7.66834e-18
-3.02564e-16
-1.02857e-16
0.322904
1.25442e-14
1.0095
1.00892
1.01739
1.00266
1.00777
1.00027
1.00127
1.00008
0.999847
1.00031
1.00009
1.00047
1.00043
1.00049
1.00058
1.00053
1.00061
1.00055
1.00064
1.00053
1.00063
1.00056
1.00063
1.00054
1.00064
1.00052
1.00063
1.00054
1.00062
1.00056
1.00061
1.0005
1.00063
1.00054
1.00058
1.00051
1.00063
1.00052
1.00062
1.00056
1.00063
1.00052
1.00065
1.00053
1.00061
1.00053
1.00064
1.00051
1.00064
1.00054
1.00065
1.00055
1.00065
1.00053
1.00063
1.00056
1.00063
1.00054
1.00064
1.00051
1.00064
1.00052
1.00062
1.00053
1.00065
1.00054
1.00064
1.00055
1.00065
1.00053
1.00065
1.00056
1.00065
1.00062
1.00064
1.00056
1.00065
1.00058
1.00059
1.00057
1.00061
1.00054
1.00052
1.0004
0.999906
1.00009
-5.39916e-07
6.07973e-31
1.4034e-16
-2.16553e-26
-9.30236e-18
3.86197e-27
-1.53073e-08
3.24277e-20
5.01513e-13
-5.32895e-28
3.9689e-13
1.75763e-13
-2.56196e-19
-3.75084e-17
-1.4522e-15
-2.39798e-25
3.99736e-13
-2.22761e-29
-1.23016e-19
9.57014e-20
9.60946e-20
1.79393e-10
1.66731e-22
6.7875e-25
-1.99495e-25
-9.5056e-26
-7.32862e-26
9.48953e-14
4.69801e-19
-1.83137e-19
6.77068e-11
4.42391e-13
3.79136e-28
8.33575e-23
0.000131715
2.32557e-21
-7.9151e-25
-2.2459e-16
-1.48288e-16
0.873116
-5.61582e-16
-1.07847e-16
1.84818e-16
0.211744
-3.6558e-27
-2.24467e-27
2.86211e-16
-7.44332e-16
-2.65767e-28
-3.9785e-28
5.01239e-28
1.7142e-15
-2.92598e-15
-2.43462e-15
6.11409e-14
2.24494e-14
3.57772e-14
1.28036e-13
3.83719e-13
-2.416e-07
2.55385e-26
1.93318e-26
0.998109
0.998875
1.00111
0.998144
1.00652
1.0037
1.01229
1.01276
1.00269
1.01721
0.935798
0.977509
0.811832
0.87148
0.659049
0.723987
0.501577
0.565364
0.358705
0.411815
0.243593
0.284597
0.155238
0.185539
0.0950297
0.11476
0.056723
0.0695033
0.0319714
0.0398538
0.0173579
0.021778
0.00917232
0.0116165
0.00465527
0.00596956
0.00230436
0.00297374
0.0011299
0.00146834
0.000531857
0.000699121
0.000249336
0.0003266
0.000114734
0.000152126
5.14694e-05
6.81719e-05
2.31889e-05
3.08363e-05
9.80479e-06
1.33691e-05
3.99689e-06
5.42446e-06
1.73019e-06
2.33456e-06
7.09863e-07
9.70369e-07
2.86703e-07
3.91012e-07
1.16349e-07
1.59717e-07
4.46028e-08
6.19573e-08
1.72331e-08
2.37708e-08
6.73885e-09
9.29333e-09
2.56346e-09
3.56157e-09
9.78949e-10
1.35817e-09
3.65066e-10
5.11078e-10
1.31528e-10
1.85236e-10
4.85174e-11
6.78904e-11
1.74875e-11
2.47129e-11
6.33117e-12
8.85074e-12
2.42998e-12
3.31282e-12
3.27065e-19
3.54157e-19
-1.30254e-17
4.02889e-13
5.80421e-13
5.57478e-13
-6.67074e-16
-4.05455e-15
2.8285e-06
6.9878e-07
1.25802e-21
7.76647e-22
2.84868e-13
5.42883e-13
-1.01068e-27
-1.98562e-27
3.43761e-26
1.894e-10
3.60506e-10
1.76269e-10
-7.19097e-08
-2.03867e-07
-5.26989e-08
-4.27758e-18
-2.17301e-17
-1.85462e-18
-2.48276e-29
-1.50041e-26
0.000340136
0.000188512
-5.58253e-07
1.00296e-12
8.85569e-23
1.63432e-23
1.4108e-12
1.31469e-19
-7.44554e-16
-1.14128e-14
5.71646e-13
-2.58996e-25
-1.31086e-14
-4.95905e-29
-1.89629e-09
3.91378e-13
7.25284e-21
-9.27386e-09
7.12678e-24
-5.53083e-07
-1.15661e-14
-4.42162e-15
-5.42036e-10
4.97362e-21
1.56865e-12
-9.38338e-07
2.54403e-20
5.27785e-11
1.6612e-11
2.06097e-05
1.31119e-05
3.35372e-22
1.39129e-22
0.975284
-2.17382e-21
0.658408
2.28582e-21
-1.80571e-25
-2.37369e-25
5.11373e-17
-1.66741e-19
5.89962e-19
6.9231e-17
0.739573
-1.45599e-16
4.84551e-14
1.00121
-1.8544e-16
1.64087e-16
0.0211703
1.02943e-14
6.12148e-14
3.0822e-12
1.14262e-11
1.86312e-12
-6.31388e-23
4.83642e-22
3.87542e-16
-2.8515e-28
1.51881e-25
-1.04279e-22
1.41933e-16
-0.00111349
-0.000231927
-1.07049e-15
-7.55739e-16
-0.00495929
-0.00374778
2.17976e-20
1.29253e-20
-2.49371e-16
0.917818
-2.78337e-21
-1.13817e-24
3.36093e-14
8.27446e-14
2.35064e-15
1.27491e-14
8.62382e-14
-1.50591e-24
2.29751e-06
-4.70583e-16
1.00876
1.00378
1.0086
1.00003
1.00149
0.998959
0.998217
0.998934
0.997518
0.99915
0.997691
0.999216
0.997869
0.999225
0.9979
0.999319
0.998024
0.999295
0.998073
0.999306
0.998075
0.999328
0.998096
0.999318
0.998103
0.999255
0.998069
0.999319
0.99804
0.999259
0.998085
0.99934
0.998067
0.999292
0.998076
0.999214
0.997973
0.999314
0.998012
0.999256
0.998022
0.999305
0.99801
0.999357
0.998071
0.999313
0.998053
0.999271
0.997991
0.999334
0.998062
0.999298
0.998085
0.999305
0.998076
0.999322
0.998092
0.999309
0.99809
0.99931
0.998036
0.999287
0.998032
0.999263
0.997983
0.999332
0.998043
0.999279
0.998044
0.999131
0.997929
0.999189
0.997878
0.999111
0.99789
0.999272
0.99786
0.999317
0.998364
0.70525
1.66175e-12
2.95188e-22
-2.97023e-19
7.18541e-24
-1.75431e-19
4.13308e-21
9.08243e-13
1.94754e-12
7.92628e-16
-4.22671e-21
-7.69902e-09
1.79251e-13
-9.02705e-27
7.68626e-13
-2.63395e-15
-3.07174e-08
-2.3343e-08
0.323277
4.58881e-26
-2.6984e-27
1.0924e-16
1.37071e-13
-1.72732e-18
-9.20812e-19
8.31615e-25
3.67465e-25
3.73871e-14
1.11011e-12
7.09141e-13
5.12313e-23
3.12163e-23
2.19769e-24
-5.58312e-25
-2.19725e-24
1.05024e-13
-0.00922314
0.00119806
-1.0236e-27
-3.65304e-27
-1.06788e-26
-2.90434e-27
-1.37221e-15
8.40447e-16
5.40252e-17
4.68272e-14
0.0677484
6.72788e-16
-1.81989e-15
2.50277e-24
-0.00537453
0.000476969
4.09359e-24
0.0711745
0.0314037
0.109846
1.59897e-13
1.95485e-13
0.882811
0.720142
-7.1194e-15
-1.62538e-15
-4.08112e-21
5.65466e-21
0.999051
1.00346
1.00065
1.01184
1.0097
1.0126
1.02368
0.959024
0.995714
0.846717
0.905461
0.696949
0.764371
0.538618
0.605148
0.391024
0.448383
0.266538
0.312426
0.172221
0.206064
0.107167
0.129587
0.0645468
0.0790215
0.0370053
0.0461764
0.0200299
0.0253655
0.0105283
0.0134549
0.00544312
0.00698638
0.00271825
0.00352651
0.00132671
0.00173391
0.000639215
0.000842789
0.000297191
0.000394502
0.000137129
0.000182956
6.22504e-05
8.31942e-05
2.78143e-05
3.74638e-05
1.20145e-05
1.6383e-05
4.98701e-06
6.82833e-06
2.11501e-06
2.87946e-06
8.74834e-07
1.19968e-06
3.54891e-07
4.87057e-07
1.42964e-07
1.9706e-07
5.58213e-08
7.78654e-08
2.14655e-08
3.00292e-08
8.27796e-09
1.15667e-08
3.23126e-09
4.50473e-09
1.24699e-09
1.74943e-09
4.61205e-10
6.51512e-10
1.73197e-10
2.44923e-10
6.32381e-11
9.01961e-11
2.28632e-11
3.29392e-11
8.57255e-12
1.25121e-11
3.09585e-12
7.98624e-05
0.000199189
6.51806e-05
1.35856e-05
8.58555e-06
-4.67353e-27
-7.36866e-25
1.36335e-21
1.03086e-21
2.87354e-13
1.03406e-12
3.35482e-16
-6.31813e-16
-2.58364e-16
-9.964e-15
-3.49656e-15
-7.0768e-20
-9.26178e-11
8.32467e-28
3.76346e-13
1.022e-12
3.92392e-24
-0.0111152
-0.00767613
4.60942e-24
4.8005e-12
9.66333e-13
7.72124e-13
5.53419e-15
4.00935e-15
0.189314
1.99106e-22
9.88733e-14
1.89338e-14
-3.11306e-15
-9.36165e-08
-7.9739e-08
9.88007e-19
-5.60306e-20
6.91218e-14
4.66527e-14
-3.42033e-16
-2.59906e-16
9.4514e-22
4.94514e-05
3.83285e-05
2.16167e-13
-3.63924e-22
-2.88362e-22
-5.27012e-21
1.8393e-09
-1.31463e-18
-8.30713e-19
3.97672e-21
5.07044e-21
-2.29275e-19
5.08698e-12
3.7927e-12
1.00621
0.992025
-6.46528e-28
3.21251e-24
8.92729e-16
1.13491e-27
1.45876e-27
-1.93718e-28
0.239708
1.37312e-13
9.72314e-07
3.43652e-24
-1.32573e-09
-5.20548e-09
-6.85083e-10
0.996623
0.998827
-1.40858e-17
-2.11698e-17
1.49299e-16
4.92385e-21
-1.82906e-07
-2.41378e-07
-1.96465e-07
-0.000485326
-1.41833e-22
-2.41332e-22
1.29466e-21
-1.15968e-17
-7.242e-18
9.73885e-13
-0.00302714
-0.00763791
-0.00208433
-7.48144e-16
-7.08402e-16
1.39167e-23
5.60536e-26
7.75021e-26
3.0364e-26
3.12398e-12
2.982e-11
4.39853e-16
1.34935e-12
2.30951e-20
1.13065e-20
0.925744
1.43193e-12
1.64789e-23
4.02591e-13
1.00469
0.999714
1.00343
0.997557
0.998813
0.997069
0.997037
0.997046
0.996624
0.997014
0.996708
0.997003
0.996504
0.997101
0.996567
0.997062
0.996625
0.997063
0.99659
0.997092
0.996497
0.997146
0.996664
0.997031
0.996628
0.997053
0.996588
0.997123
0.996637
0.997122
0.996631
0.997057
0.996764
0.997054
0.996599
0.997166
0.99667
0.996986
0.996705
0.997082
0.996624
0.997062
0.996662
0.997067
0.996751
0.997049
0.99658
0.997112
0.996602
0.997057
0.996631
0.997049
0.996593
0.997061
0.996511
0.997124
0.996694
0.997089
0.996635
0.997036
0.996733
0.997059
0.996626
0.997078
0.9966
0.996975
0.99674
0.996818
0.996543
0.99688
0.996567
0.996731
0.996708
0.997054
0.99684
0.996482
0.461991
0.999283
2.50053e-05
8.94771e-15
8.08177e-13
1.37629e-12
1.34057e-23
1.0142e-13
-8.02147e-21
-6.14672e-17
-2.96563e-24
2.6949e-15
1.23705e-14
0.441552
1.73159e-22
4.88522e-24
4.78236e-24
3.34063e-23
1.23768e-12
3.01791e-13
1.07869e-12
-2.86595e-18
-2.90869e-08
7.22361e-21
2.32238e-12
-2.11708e-16
6.77096e-15
-1.27905e-15
3.67373e-25
-7.61116e-05
0.000118748
0.48031
2.45025e-24
1.51185e-24
0.978861
5.48846e-23
4.20712e-23
7.74174e-16
0.145154
-3.02527e-19
-4.25579e-19
1.22048e-18
-1.99628e-16
-4.24039e-17
0.379904
2.39998e-12
-2.31482e-17
-5.69367e-16
1.02026e-15
1.00025
1.00733
1.00981
1.00015
1.4503e-15
-3.26726e-15
3.20333e-15
1.19503e-13
5.47544e-13
0.810593
0.897875
0.516463
3.03486e-13
1.52657e-13
1.63438e-11
3.56806e-11
1.3757e-11
1.12538e-14
1.58062e-13
-7.5495e-20
-4.27119e-20
1.00943
1.01965
1.02415
0.980952
1.01115
0.883273
0.936907
0.740847
0.805967
0.582647
0.651901
0.426518
0.48995
0.29624
0.345539
0.195598
0.233109
0.12269
0.148868
0.0746447
0.0912099
0.0435992
0.0543778
0.0236458
0.0299657
0.012638
0.0160848
0.00657373
0.00848027
0.0032568
0.00424422
0.00162573
0.00212275
0.000792852
0.00104677
0.000369579
0.000490933
0.000174242
0.000232457
7.8279e-05
0.000105593
3.49717e-05
4.69104e-05
1.55936e-05
2.12024e-05
6.42309e-06
8.89862e-06
2.69273e-06
3.67271e-06
1.1288e-06
1.5603e-06
4.5019e-07
6.27318e-07
1.81286e-07
2.51641e-07
7.28823e-08
1.0222e-07
2.79346e-08
3.92734e-08
1.10261e-08
1.54468e-08
4.3232e-09
6.06617e-09
1.64123e-09
2.30088e-09
6.29313e-10
8.97871e-10
2.33115e-10
3.32989e-10
8.91613e-11
1.26769e-10
3.4357e-11
4.96761e-11
1.36101e-11
2.00678e-11
3.14426e-12
4.04099e-12
5.45962e-12
-1.58446e-24
-4.32345e-24
-2.0482e-22
2.64166e-22
1.94416e-12
3.23709e-12
-1.146e-15
1.89815e-15
-1.59389e-14
1.22451e-14
-4.71228e-10
9.37305e-24
1.91007e-05
6.89846e-06
-7.61624e-17
-4.01567e-17
4.03928e-13
-1.01552e-14
-8.114e-15
9.68068e-13
3.13033e-13
2.66358e-12
8.9148e-16
3.07019e-16
-3.16052e-21
-1.31458e-17
-9.84423e-18
1.69799e-22
0.227257
2.09835e-25
4.10724e-26
-1.51459e-15
6.76008e-05
6.18481e-05
-4.13328e-08
-5.39173e-08
-2.72004e-19
-0.00156276
2.40232e-12
-7.04168e-21
5.49988e-21
3.3882e-12
3.47098e-12
-5.0864e-19
-4.41153e-15
4.37245e-13
3.20338e-12
3.13074e-12
1.18662e-25
8.17013e-27
1.64045e-25
-2.57674e-09
-1.73374e-09
1.00361
-1.78005e-21
-8.91528e-21
0.0892682
0.0172099
2.1304e-16
-7.4509e-16
8.295e-12
0.000120581
0.000202127
0.000114228
2.10591e-21
-2.07115e-21
-3.01774e-22
-4.86439e-22
2.93702e-21
-0.00493957
-0.00408837
-1.14329e-21
-1.0789e-20
-2.56836e-08
-1.02354e-08
-6.7122e-26
-1.37286e-26
-2.17482e-24
4.73995e-06
1.36735e-06
-2.24821e-14
-1.94419e-18
-7.01075e-18
-4.64637e-18
-3.13838e-19
3.85476e-24
-1.55417e-18
1.00504
1.00223
1.00789
1.00123
1.00554
1.001
1.00485
1.00072
1.00461
1.00052
1.00414
1.00055
1.00408
1.00052
1.00413
1.00046
1.00418
1.00053
1.004
1.00057
1.00404
1.00039
1.00389
1.00052
1.00404
1.00068
1.0041
1.00071
1.00423
1.00051
1.00424
1.00067
1.00411
1.00084
1.0043
1.00059
1.00402
1.00062
1.00391
1.00056
1.00398
1.00057
1.00416
1.00052
1.00406
1.00056
1.00408
1.00053
1.00413
1.00049
1.00421
1.00072
1.00413
1.00073
1.00427
1.00056
1.00396
1.00044
1.00383
1.00047
1.00375
1.00061
1.00379
1.00063
1.00405
1.00091
1.00426
1.00172
1.005
-6.01386e-24
3.75366e-13
-4.10037e-22
-2.22618e-20
2.7692e-05
6.62546e-12
1.83852e-15
2.2935e-12
-2.51905e-14
-0.000932539
-0.000184433
5.72664e-12
1.03917e-11
5.85681e-12
8.21371e-12
9.14883e-12
-2.94639e-23
-5.77698e-24
2.51695e-13
-8.14604e-15
6.62818e-13
3.61601e-13
1.03124e-12
9.51037e-13
3.82137e-27
1.01884
-1.15821e-19
-7.89944e-20
0.997287
1.01913
0.917068
0.962414
0.784479
0.850268
0.628411
0.69786
0.472574
0.53772
0.331559
0.386481
0.2226
0.26386
0.142891
0.172732
0.0870219
0.106518
0.0517946
0.0638716
0.0283154
0.0359959
0.0150554
0.0192425
0.00798717
0.0102528
0.00400601
0.00525352
0.00200835
0.00261685
0.00100189
0.00130996
0.000467992
0.000626653
0.000219427
0.000291928
0.000101535
0.000136916
4.41609e-05
5.99652e-05
2.00402e-05
2.69328e-05
8.48119e-06
1.17546e-05
3.4473e-06
4.77167e-06
1.46237e-06
2.00329e-06
6.01028e-07
8.37892e-07
2.37808e-07
3.30932e-07
9.859e-08
1.36247e-07
3.79181e-08
5.37978e-08
1.47301e-08
2.06895e-08
5.82155e-09
8.19577e-09
2.17091e-09
3.08033e-09
8.494e-10
1.18478e-09
3.25789e-10
4.60623e-10
1.25835e-10
1.77154e-10
5.35966e-11
7.49927e-11
2.4181e-11
1.61377e-11
3.63305e-11
-1.69959e-17
2.90932e-16
1.27749e-07
7.49275e-07
4.2019e-09
-3.48006e-21
-1.98752e-21
5.59334e-12
7.97624e-12
3.20137e-15
-1.08616e-14
-0.00742224
-0.00930609
6.18981e-14
4.78511e-13
9.07606e-13
3.02981e-12
-2.75363e-10
-6.14822e-11
1.97361e-14
-3.20746e-14
5.64812e-27
2.40945e-26
8.62016e-27
0.800219
-3.66442e-17
1.00683
7.83193e-24
8.76217e-24
1.00115
1.01223
1.00922
2.18567e-13
6.09107e-14
1.18794e-12
-2.6461e-17
1.0187
3.27276e-15
-2.00425e-22
-8.58451e-10
-1.97556e-20
-2.37081e-18
1.38547e-12
1.00575
1.01458
2.04205e-15
4.8126e-16
-0.00321188
-1.55175e-17
4.25322e-19
3.57534e-05
4.77564e-05
8.8004e-08
-7.66234e-20
-6.06189e-21
1.01281e-14
8.53187e-15
2.16856e-24
-0.00188703
-6.69921e-22
-7.3924e-20
-3.60812e-15
-2.78575e-15
-5.2408e-19
4.83667e-24
2.76758e-26
4.95956e-12
2.19283e-25
-3.24417e-12
-7.80567e-09
0.967412
0.992488
0.882768
-2.91009e-09
-2.27137e-09
-1.4072e-18
0.406914
0.526945
0.185626
-4.16269e-13
4.13469e-12
1.99168e-18
-3.92864e-19
-1.2382e-20
-1.55028e-20
-9.46719e-21
-1.25431e-15
2.3804e-15
-1.41313e-20
2.44803e-05
1.0762e-05
-5.9006e-22
9.12842e-05
0.000123941
4.23316e-15
8.9801e-15
4.86484e-15
6.65615e-12
-7.4301e-19
-5.29676e-19
-0.00663576
-0.00666276
-3.13155e-14
-4.54823e-24
-9.08265e-24
-1.07084e-12
2.22841e-13
-3.63223e-25
-3.17527e-25
-6.25497e-24
2.7343e-14
1.3768e-20
-2.30726e-17
3.49219e-08
-4.13824e-09
-4.53822e-14
1.72382e-24
7.73795e-12
7.01791e-14
2.42037e-12
4.95544e-17
2.66412e-16
2.04227e-17
1.01702
-1.52065e-17
-7.90179e-18
1.01441
1.02133
1.01324
1.01901
1.01293
1.01816
1.01238
1.0179
1.0121
1.01734
1.01259
1.01758
1.01255
1.01778
1.01192
1.01734
1.01208
1.01692
1.01214
1.01745
1.01202
1.01699
1.01209
1.01715
1.01224
1.01727
1.01228
1.0172
1.01189
1.01706
1.01195
1.01679
1.0121
1.01724
1.01208
1.01736
1.01219
1.01749
1.01214
1.01707
1.01208
1.01716
1.01207
1.01713
1.01259
1.01755
1.01256
1.01775
1.01193
1.01731
1.0123
1.01697
1.01226
1.01757
1.01177
1.01701
1.01206
1.01683
1.01232
1.01709
1.01292
1.01699
1.01355
1.01754
1.01493
1.01839
1.01765
-6.26893e-20
2.39004e-13
1.00784
-8.53862e-22
6.62372e-13
3.58311e-05
-9.47514e-22
-1.22318e-18
-8.86535e-19
4.1126e-23
-2.87297e-24
-3.35938e-20
-1.09421e-19
3.92053e-16
-1.66802e-15
-6.23922e-15
5.69806e-25
2.4022e-14
-4.58621e-14
3.0469e-13
1.30602e-11
7.0878e-23
-2.30956e-23
-1.29418e-23
3.4855e-25
-7.6705e-09
-1.06024e-08
-6.87083e-09
-4.68483e-21
-3.1321e-21
2.45477e-18
1.37643e-12
9.40253e-13
1.20374e-11
1.82062e-11
1.00778
1.02108
7.16458e-21
5.05313e-21
0.942979
0.980005
0.825411
0.882701
0.677267
0.743555
0.51722
0.581416
0.37198
0.427505
0.253996
0.29805
0.165663
0.197139
0.103106
0.1249
0.0604016
0.0740512
0.0337853
0.0422522
0.0183941
0.0232498
0.00971832
0.0123464
0.00503767
0.00649419
0.00252187
0.0032832
0.00124009
0.00161787
0.000598231
0.000789643
0.000283598
0.000375056
0.000130769
0.000173781
5.8152e-05
7.85777e-05
2.56744e-05
3.45463e-05
1.10253e-05
1.49872e-05
4.6834e-06
6.42947e-06
1.91406e-06
2.63588e-06
7.93948e-07
1.08718e-06
3.24233e-07
4.50659e-07
1.28857e-07
1.78252e-07
5.14925e-08
7.16532e-08
2.05057e-08
2.87042e-08
7.91747e-09
1.10357e-08
3.03812e-09
4.29219e-09
1.15851e-09
1.63851e-09
4.44092e-10
6.24477e-10
1.76218e-10
2.45179e-10
7.57877e-11
1.00505e-10
1.73257e-18
6.5675e-19
-1.8707e-14
2.9707e-14
-0.00478541
-0.00861949
1.0499e-12
3.33176e-12
6.22981e-12
1.64678e-11
-2.67903e-11
-7.00119e-14
-7.33873e-14
1.01842
1.01996
-8.94063e-22
5.38799e-16
4.61205e-17
-1.33804e-09
1.7237e-23
-1.11134e-11
1.40299e-12
-4.17947e-17
5.46321e-17
1.02374
4.62115e-11
3.824e-14
1.80865e-17
9.70698e-18
-0.00261047
4.01998e-18
5.05258e-18
1.82037e-18
1.15854e-14
3.9014e-07
-6.24053e-10
1.70572e-14
-2.13029e-20
-0.000893261
4.04694e-15
-8.15464e-15
-1.09639e-18
-1.68394e-24
2.93604e-07
-5.91138e-20
-1.50271e-22
0.984636
0.95364
2.64341e-12
0.417362
1.52416e-11
2.23109e-11
-7.20941e-21
5.60961e-14
3.93013e-14
1.87678e-11
1.32451e-11
8.78366e-23
1.33791e-22
-1.40598e-21
0.0312178
8.4893e-12
-9.14934e-14
-2.20665e-19
-1.7269e-18
-2.31034e-20
6.97894e-15
-5.43591e-22
-1.78564e-11
0.00964877
0.779001
0.862035
0.523457
-1.574e-20
0.120283
-3.06491e-11
-1.71097e-20
-2.94665e-20
1.37566e-11
1.94467e-11
2.14923e-11
-0.000103712
-1.25921e-05
8.25267e-06
2.9919e-06
1.40856e-14
1.32043e-05
-1.26089e-23
1.42003e-23
6.48327e-07
-0.00424212
2.00018e-12
-0.0059819
-0.0068241
-1.47204e-09
-7.80387e-10
3.56718e-12
4.10045e-13
2.27653e-13
-5.02635e-05
-5.62174e-06
-1.81166e-10
1.2553e-06
8.8971e-07
-9.11713e-23
-2.48427e-14
9.14905e-15
-5.6328e-11
-3.78156e-11
1.15068e-14
4.04655e-15
9.47558e-16
6.91467e-16
1.02241
2.05399e-06
3.00443e-12
1.02069
1.02251
1.01957
1.02069
1.01923
1.02015
1.01878
1.0201
1.01856
1.01915
1.01904
1.01951
1.01864
1.01971
1.01822
1.01911
1.01869
1.01876
1.01896
1.02007
1.01844
1.01923
1.01869
1.01951
1.01859
1.01935
1.0186
1.0193
1.01806
1.01921
1.01878
1.01918
1.01879
1.0195
1.0187
1.0195
1.01853
1.01931
1.01839
1.01907
1.0185
1.0194
1.01858
1.01904
1.01906
1.01954
1.01868
1.0197
1.01819
1.01908
1.01881
1.01877
1.01873
1.01987
1.01823
1.01897
1.01873
1.01871
1.01973
1.0191
1.02081
1.01815
1.02103
1.01359
1.01673
-1.14168e-10
7.91437e-12
0.20371
-0.000555567
1.08523e-17
8.70389e-18
-1.86273e-23
-1.27284e-23
7.54348e-19
1.86685e-07
4.82754e-08
1.63204e-14
-2.48082e-21
-2.72174e-15
5.26329e-15
-1.83562e-13
-1.63665e-21
-4.29652e-21
3.72967e-11
1.14577e-20
1.60752e-20
-2.08644e-20
-7.91075e-20
-4.75237e-20
-6.11507e-23
-4.10589e-23
2.95965e-14
-6.97887e-12
-1.69223e-12
1.87999e-12
1.02655e-11
3.11992e-11
1.9005e-05
1.07038e-05
7.70369e-14
-2.39283e-13
8.42231e-13
3.91035e-12
-2.26447e-22
-1.57386e-22
0.963034
0.992949
0.859248
0.911036
0.719359
0.782105
0.558068
0.62315
0.406771
0.465147
0.283204
0.329062
0.188284
0.223272
0.116335
0.14068
0.0687479
0.0839385
0.0389754
0.0485742
0.0214117
0.026896
0.0115093
0.0145936
0.00601046
0.00771002
0.00304666
0.00393546
0.001519
0.0019675
0.000742584
0.00097287
0.000347226
0.000456682
0.000160537
0.000212778
7.1694e-05
9.62609e-05
3.1798e-05
4.24627e-05
1.38713e-05
1.87858e-05
5.87538e-06
7.97818e-06
2.4452e-06
3.34198e-06
1.01111e-06
1.38556e-06
4.10749e-07
5.6542e-07
1.65145e-07
2.27188e-07
6.72525e-08
9.28925e-08
2.648e-08
3.66246e-08
1.02141e-08
1.42166e-08
3.9245e-09
5.49404e-09
1.51176e-09
2.10172e-09
6.05238e-10
8.47989e-10
2.37039e-10
3.36079e-10
9.42895e-11
1.33449e-10
5.78563e-18
3.51936e-18
7.30608e-14
1.94853e-13
5.37436e-14
-0.00364829
-0.00162486
2.85502e-12
2.51082e-12
6.79161e-14
1.11046e-13
0.00505608
-0.00212202
5.99003e-12
4.15814e-12
3.04059e-11
4.31353e-11
-2.99833e-14
1.03967e-12
0.994294
-2.38719e-10
-6.39449e-10
-1.73508e-10
-4.98632e-10
4.25057e-06
9.80561e-06
3.3721e-06
8.12568e-12
-3.92888e-15
2.25663e-16
1.40709e-06
9.4045e-19
5.22152e-18
-6.16698e-17
3.30752e-17
2.12167e-17
2.39193e-14
2.43846e-11
1.75524e-11
2.35193e-09
0.142149
-0.00459204
-1.55226e-14
2.07814e-14
1.01986
-1.93579e-23
5.1915e-11
3.87586e-19
6.43048e-20
-5.36781e-14
-4.12068e-14
-3.52586e-15
-8.25965e-14
0.0295124
3.28506e-09
2.43502e-20
1.48721e-15
1.08064e-15
1.77761e-17
-2.65603e-19
-0.000418154
-0.00120037
-0.000250115
-7.47544e-22
-1.24984e-18
2.19021e-17
-7.43934e-14
-3.74373e-14
-1.4723e-11
-5.55909e-11
-4.13524e-11
-8.3107e-22
2.87543e-15
8.35731e-16
1.37697e-16
5.43629e-16
8.01885e-17
4.1336e-11
0.0445826
0.401442
0.200468
4.39082e-11
3.16333e-11
1.0224
-3.50239e-05
3.85231e-23
-5.46684e-20
-2.12225e-21
-6.17895e-22
-0.00245561
-0.00581958
1.88742e-08
1.08909e-08
2.21969e-22
3.10082e-22
-1.25388e-21
0.944748
0.911445
3.42421e-20
2.47255e-20
-0.000208125
-0.00013983
8.48982e-14
1.13312e-06
4.53535e-07
1.00913
-3.3055e-19
-2.16662e-19
4.54864e-11
3.28297e-11
1.78864e-13
3.10028e-16
1.53325e-15
1.0037
1.00332
0.992677
1.00326
0.992614
1.00275
0.99203
1.00254
0.991324
1.00354
0.992216
1.00293
0.992367
1.00159
0.991516
1.00257
0.990972
1.00297
0.991776
1.00232
0.99122
1.00306
0.991743
1.00307
0.991747
1.00285
0.991986
1.00248
0.991546
1.00258
0.990757
1.00302
0.992137
1.00316
0.992313
1.00262
0.991721
1.00264
0.991942
1.0027
0.991665
1.00277
0.991511
1.00373
0.992529
1.00299
0.99264
1.00234
0.991918
1.0037
0.991395
1.00365
0.993065
1.00382
0.99347
1.00464
0.993172
1.00598
0.993502
1.00139
0.977952
0.988132
9.3728e-15
-2.05814e-14
-0.00454424
-0.00231982
9.37451e-10
-7.47901e-11
7.31529e-11
1.37924e-11
2.35997e-08
-2.61546e-23
-4.09208e-23
2.93006e-23
0.945782
1.27555e-18
-5.58591e-15
-7.25824e-15
1.19748e-14
-8.6442e-14
2.23425e-13
2.14898e-20
0.109855
1.38664e-17
3.38775e-18
1.92981e-19
1.05502e-19
-5.13755e-19
-2.30529e-18
-4.56237e-20
-7.13046e-20
-8.95841e-13
-1.29395e-13
-1.02515e-11
-3.19472e-12
7.47461e-11
2.16834e-11
0.728163
0.788194
0.474914
-1.74082e-05
2.22952e-07
3.7461e-11
-4.28803e-13
-1.42479e-14
7.79424e-12
1.86198e-11
-8.59378e-23
-5.71406e-23
0.886613
0.933648
0.756322
0.814457
0.594839
0.659487
0.441467
0.499764
0.313471
0.361249
0.210788
0.247165
0.131602
0.157709
0.0777574
0.0946195
0.0443926
0.0548694
0.0249666
0.0309842
0.0136856
0.0171882
0.00714321
0.00908784
0.00368071
0.00469425
0.00184907
0.0023784
0.000891336
0.00115864
0.000417905
0.00054653
0.000195874
0.000257129
8.79512e-05
0.000116754
3.91049e-05
5.193e-05
1.70875e-05
2.29395e-05
7.30001e-06
9.80453e-06
3.10185e-06
4.19403e-06
1.26911e-06
1.73075e-06
5.17535e-07
7.02767e-07
2.12754e-07
2.90268e-07
8.45885e-08
1.16052e-07
3.34233e-08
4.57836e-08
1.30993e-08
1.80977e-08
5.02132e-09
6.96401e-09
1.95165e-09
2.68844e-09
8.0821e-10
1.10747e-09
3.44807e-10
4.7462e-10
6.998e-18
4.61598e-18
4.66194e-11
6.17108e-11
1.00873e-10
5.50016e-12
2.85138e-11
1.32568e-13
-5.70511e-13
0.0246154
0.00941169
5.65721e-12
7.37147e-12
-6.18002e-23
-7.91914e-23
0.993144
0.956149
7.22201e-11
1.01523e-10
2.53146e-12
1.01515e-11
5.2298e-11
1.04666e-07
3.29096e-07
6.71316e-08
-2.50108e-14
2.96574e-16
3.01701e-06
3.18659e-06
2.88979e-06
8.31642e-12
7.86063e-19
-8.69486e-05
-6.96648e-19
1.05074e-10
7.52958e-11
-1.02211e-16
7.45766e-16
-0.00190795
3.07279e-17
2.23633e-17
-6.26503e-19
6.82015e-07
0.137463
0.33602
0.0787549
5.18646e-20
-2.19754e-11
-1.49547e-19
-9.96307e-19
-0.000810974
-0.000611913
3.48694e-17
-5.39337e-20
7.18679e-22
1.00258
-1.55358e-13
-9.60096e-14
0.845193
0.811102
1.00091e-10
1.99423e-13
1.6577e-16
1.13658e-16
0.987597
1.45213e-21
-5.51218e-13
-2.05178e-12
-3.29616e-13
0.00892547
0.00322374
1.5834e-13
1.46353e-10
-1.56812e-10
-2.17127e-10
-1.36929e-10
3.2174e-08
2.04392e-21
2.16444e-21
7.13463e-20
-9.64455e-07
2.50999e-07
-0.000330794
-0.000247299
3.16091e-12
3.35147e-14
-1.15937e-13
2.15365e-08
6.67002e-09
2.27531e-15
1.38291e-15
1.06494e-20
1.17418e-13
-2.40311e-11
-1.17321e-11
3.22803e-17
1.11626e-17
0.99325
6.0995e-22
6.92373e-16
5.22477e-16
9.72259e-16
1.58723e-15
1.62071e-21
-1.59117e-05
-8.39147e-06
0.946654
0.946918
0.922778
0.94527
0.921749
0.945865
0.921601
0.94796
0.923339
0.946373
0.923121
0.945524
0.922021
0.946304
0.921697
0.94556
0.921489
0.945166
0.920778
0.945787
0.92102
0.945652
0.921924
0.945016
0.921568
0.945021
0.920487
0.946774
0.92084
0.946233
0.922053
0.945855
0.921157
0.945964
0.921839
0.946558
0.922251
0.945529
0.921657
0.946484
0.922176
0.948553
0.92405
0.947549
0.924118
0.946338
0.922973
0.948342
0.922792
0.949974
0.924587
0.95205
0.928161
0.951647
0.927156
0.955927
0.913411
0.930645
-1.16056e-18
-8.78078e-19
-0.00194311
1.10458e-11
-5.71381e-05
-0.00243807
-0.00195737
9.64275e-23
7.25601e-07
3.78904e-07
7.41546e-12
3.00191e-20
1.56839e-20
6.08541e-11
1.09489e-12
9.61717e-12
-1.49368e-16
7.14875e-23
4.44476e-13
2.1427e-19
1.29241e-19
-1.44601e-19
-1.03967e-18
4.4469e-17
-1.1535e-19
-1.39378e-19
-2.03023e-19
1.67918e-10
8.57636e-11
1.16211e-18
8.15829e-19
2.21548e-10
0.921727
-2.08721e-16
3.10575e-11
1.65135e-11
-3.65366e-14
4.2949e-14
0.787276
0.847024
0.94229
0.90561
0.625444
0.690314
0.47412
0.533551
0.341823
0.392122
0.231672
0.271111
0.145258
0.174172
0.0858412
0.104761
0.0500904
0.061522
0.0286712
0.035483
0.0157542
0.0197679
0.00829434
0.0104966
0.00431609
0.00547268
0.0021419
0.00276117
0.00103168
0.00133887
0.00049232
0.000643488
0.000230053
0.00030212
0.000104418
0.000138602
4.61878e-05
6.13998e-05
2.05301e-05
2.735e-05
8.83882e-06
1.18783e-05
3.71371e-06
5.01147e-06
1.54387e-06
2.09082e-06
6.29715e-07
8.58831e-07
2.54572e-07
3.46986e-07
1.0217e-07
1.39436e-07
4.06651e-08
5.5789e-08
1.5861e-08
2.18651e-08
6.25411e-09
8.58843e-09
2.43742e-09
3.3612e-09
1.00082e-09
1.35231e-09
4.40497e-18
3.51272e-18
-9.5268e-13
1.25921e-12
0.0686876
0.0439234
1.69923e-11
8.15748e-11
1.97626e-11
4.26016e-11
9.23871e-22
0.947455
0.921808
-1.39468e-14
-2.81294e-15
2.07389e-21
1.95115e-15
2.30555e-22
1.26106e-07
3.09114e-07
9.23139e-08
0.00103221
0.923016
6.35402e-18
9.55061e-18
3.79306e-08
-8.84037e-19
2.25341e-11
-0.000114476
-1.46846e-14
-1.107e-14
1.79747e-10
-9.36513e-12
-3.43982e-12
0.669857
-6.70913e-07
2.635e-11
1.59514e-10
1.18185e-10
-3.13687e-16
3.11443e-13
1.97669e-13
-1.4479e-12
7.53933e-17
-0.000934548
-0.0007582
1.14618e-10
-6.15062e-06
-3.53351e-06
0.0170983
0.00848702
6.67009e-11
8.80298e-17
8.12068e-17
-7.8544e-13
-2.4501e-12
-5.18403e-13
0.592554
0.625827
0.351593
-1.87035e-13
4.63896e-11
1.87941e-10
2.63418e-10
-1.2965e-12
-3.09964e-19
4.23413e-10
1.00513e-09
5.04889e-10
1.77108e-10
2.41923e-10
2.33167e-10
-1.86287e-18
-1.30759e-18
9.41679e-20
-3.91684e-19
1.08061e-20
1.21285e-19
1.99267e-14
2.52823e-14
-4.65488e-14
3.47289e-22
0.852257
1.72726e-10
2.17157e-15
1.35635e-15
-0.000337153
-0.000261991
-1.73081e-13
5.65339e-13
4.09105e-09
1.43695e-20
0.699039
9.94511e-08
8.68049e-08
0.853774
7.72944e-17
3.15808e-17
3.79504e-10
2.16515e-10
-1.28365e-13
-4.08641e-14
5.57439e-10
2.48076e-10
2.39102e-10
4.39545e-18
5.89478e-18
0.850036
2.88196e-08
9.58122e-09
5.25e-11
0.851578
0.851905
0.811597
0.852072
0.811119
0.852462
0.812009
0.851379
0.811619
0.850656
0.811483
0.850719
0.810795
0.850964
0.812262
0.850655
0.811615
0.851886
0.811282
0.851382
0.812496
0.850779
0.811675
0.850302
0.811871
0.851095
0.81232
0.850952
0.811896
0.851814
0.811686
0.851845
0.812682
0.851979
0.812037
0.852513
0.812068
0.85356
0.812303
0.853867
0.812682
0.852133
0.811745
0.850711
0.809793
0.852742
0.811056
0.857804
0.817768
0.869083
0.83019
0.845201
3.68231e-05
0.819845
2.3968e-20
-0.00175805
2.58613e-10
2.16108e-11
0.41358
0.201691
-4.11891e-16
-6.149e-16
2.62534e-15
4.0653e-10
0.171256
0.580191
1.16525e-19
9.51961e-17
-1.95959e-12
4.45563e-10
-1.79417e-07
1.15503e-07
0.851075
0.811201
0.810458
3.31334e-19
3.23813e-19
-3.09225e-05
-8.37317e-05
-2.08468e-05
2.1864e-13
-2.65066e-12
2.24108e-11
6.84395e-11
1.84055e-11
4.11138e-14
-5.21704e-19
1.37158e-16
4.44544e-10
6.1457e-10
6.13873e-10
7.3513e-14
-2.31607e-13
-4.68753e-19
-2.68616e-18
0.722045
0.584251
-6.92807e-19
0.799474
0.703693
0.651695
2.2783e-05
0.506009
0.561095
0.373021
0.426082
0.255321
0.299326
0.159333
0.191574
0.0962748
0.117577
0.0568404
0.0698405
0.032786
0.0405135
0.0182479
0.0227658
0.00963181
0.0122627
0.00490582
0.00629089
0.00247118
0.00318272
0.00120533
0.00157273
0.000574772
0.000753168
0.000273118
0.000357766
0.000123883
0.000165141
5.47533e-05
7.32878e-05
2.44864e-05
3.25622e-05
1.05603e-05
1.42611e-05
4.39404e-06
5.97068e-06
1.86466e-06
2.53145e-06
7.58293e-07
1.04083e-06
3.06533e-07
4.19309e-07
1.23382e-07
1.6932e-07
4.87687e-08
6.71214e-08
1.9472e-08
2.67904e-08
7.77137e-09
1.07629e-08
3.07064e-09
4.29585e-09
1.20379e-09
-1.58878e-18
-2.56449e-19
2.13918e-09
1.40559e-09
4.59115e-12
2.74669e-11
7.07832e-11
3.37037e-11
0.838296
0.804126
0.77285
-1.13867e-15
7.52638e-20
0.293238
0.351563
0.101208
-1.04271e-08
-3.12843e-17
-1.50817e-17
2.2204e-10
1.69037e-10
0.0522723
-0.000133678
0.392145
-2.77316e-14
-2.11053e-14
9.2714e-20
9.40246e-20
-1.60738e-18
0.00503823
5.0829e-11
4.89014e-15
1.34441e-18
6.42691e-09
6.08426e-10
-5.55131e-13
1.16334e-08
1.86357e-08
-0.000752599
-0.00062165
-0.000125691
1.56493e-16
-2.66945e-14
-7.27792e-15
5.21473e-12
1.60834e-07
-1.11007e-05
0.0331162
0.0180324
-8.08864e-17
-2.18973e-17
-7.3103e-13
-0.00106976
-1.16356e-13
9.61088e-11
2.27027e-17
2.27768e-17
1.99413e-16
1.82782e-16
8.26303e-17
3.91404e-10
5.48337e-10
-9.44801e-19
-1.34938e-18
-2.35793e-18
-8.04859e-14
9.35541e-14
-0.00030079
-0.000248086
1.0875e-12
4.1719e-13
-1.53223e-13
-2.08549e-13
4.08452e-10
3.06298e-10
-3.54249e-16
-1.16934e-15
6.65883e-11
4.07919e-10
1.23526e-10
-7.62956e-06
-2.36466e-06
-3.30197e-13
1.38314e-12
3.8784e-14
4.82578e-14
-1.04089e-13
0.721016
0.72141
0.676609
0.723194
0.678083
0.722822
0.679402
0.722575
0.678891
0.725185
0.679635
0.724242
0.681626
0.724338
0.680883
0.724221
0.680767
0.724007
0.680608
0.725431
0.681432
0.726318
0.682457
0.724934
0.682404
0.724983
0.681689
0.724825
0.681482
0.724343
0.681221
0.724905
0.681613
0.723744
0.681055
0.722914
0.679741
0.721548
0.677374
0.718853
0.675751
0.720064
0.674013
0.72792
0.67945
0.736887
0.695427
-3.02309e-12
0.0017863
-1.95984e-12
-1.7766e-12
-0.00101764
0.275944
0.412656
0.127934
-9.70788e-05
-4.12512e-05
-7.37172e-16
-1.1172e-15
6.50769e-15
4.30251e-10
5.82892e-10
5.34672e-10
-9.50725e-14
-3.76604e-14
1.56518e-10
-2.77312e-12
-9.55598e-16
-4.24283e-15
-5.05359e-16
1.54015e-10
1.02328e-09
-2.96483e-05
-4.90811e-18
-6.98764e-18
8.43604e-19
0.526257
7.35604e-21
0.527958
0.410696
0.469453
0.284001
0.336965
0.178014
0.216334
0.109878
0.134837
0.0654277
0.0809721
0.0380718
0.0472906
0.0209738
0.0263802
0.011198
0.0142576
0.00581258
0.00745654
0.00291703
0.00377841
0.00144535
0.00188268
0.000695797
0.000916661
0.00032451
0.000430329
0.000150157
0.000199673
6.77714e-05
9.09856e-05
2.92945e-05
3.95506e-05
1.28694e-05
1.73803e-05
5.46367e-06
7.44601e-06
2.29785e-06
3.13638e-06
9.50542e-07
1.31287e-06
3.77133e-07
5.22898e-07
1.5198e-07
2.10322e-07
6.09227e-08
8.4581e-08
2.40911e-08
3.34839e-08
9.93167e-09
1.36719e-08
-5.05744e-18
2.52477e-09
1.78098e-09
5.78393e-11
4.82536e-11
2.0416e-10
1.22779e-10
1.64086e-10
2.11183e-10
-3.61881e-07
-1.47078e-06
-1.92218e-07
1.57779e-11
1.96222e-11
7.6051e-11
0.375621
-5.24142e-14
-4.02953e-14
-0.000105374
1.68918e-09
7.5297e-10
6.90766e-17
0.0134536
6.11964e-10
1.71377e-13
-4.43325e-13
1.76559e-09
-5.10991e-17
-2.68412e-17
7.58362e-11
1.8174e-11
8.41176e-09
0.0862882
-1.31904e-07
-0.000518087
-0.000481742
1.06471e-14
2.47449e-16
0.0595832
0.0403096
0.71594
-2.57411e-16
-1.48886e-16
0.678124
0.723301
1.80288e-09
1.45249e-09
1.73416e-14
1.72965e-08
4.48746e-10
-3.92091e-05
1.19002e-17
7.89229e-17
3.36347e-16
4.66591e-16
-1.1272e-17
1.25927e-17
7.30128e-11
-1.87732e-18
0.687706
0.590586
4.2534e-09
9.11774e-10
1.34846e-09
6.4841e-09
-7.55339e-07
-4.78266e-07
-5.61135e-18
-1.57318e-17
1.56579e-12
9.51892e-12
5.00257e-13
0.721854
0.674488
2.68272e-09
-9.39223e-05
-7.65286e-05
0.643262
0.509701
-0.00014251
-0.000138213
0.695391
0.659028
0.614741
8.44844e-14
-4.33933e-12
5.81211e-13
2.50955e-13
5.89008e-10
-2.96689e-05
-1.26294e-05
-1.14132e-14
-1.06143e-14
0.678549
1.00635e-09
5.83498e-09
0.583134
-2.72005e-14
-8.27456e-15
0.00828585
4.36722e-16
0.583205
0.534191
1.34473e-09
9.92702e-10
0.584534
0.534204
0.585386
0.535936
0.585768
0.536455
0.586567
0.537184
0.587599
0.538122
0.589448
0.539906
0.587907
0.540512
0.588017
0.538896
0.58937
0.539633
0.589005
0.540243
0.588398
0.539486
0.590272
0.540499
0.588947
0.541601
0.588883
0.539948
0.589397
0.540476
0.589202
0.541988
0.587866
0.540569
0.585126
0.538583
0.581836
0.534764
0.579596
0.530809
0.582952
0.529143
0.60262
0.560545
0.537694
4.52529e-10
1.62245e-10
0.744471
3.21139e-09
2.27785e-09
5.28642e-09
1.17048e-09
0.58033
-3.35237e-06
-2.24041e-06
0.201591
-7.16659e-08
-1.08481e-08
-0.000525566
2.56873e-12
3.30047e-13
4.6573e-10
1.55579e-09
-1.04858e-15
-1.61207e-15
1.44371e-14
-1.22617e-14
-1.60958e-14
-4.1332e-18
-7.54338e-18
-9.22937e-18
3.13905e-09
3.32898e-09
1.14704e-10
6.03981e-10
0.585006
0.535436
0.534446
0.47177
0.333248
0.206942
0.255422
0.129704
0.157784
0.0782638
0.0962094
0.0451272
0.0560705
0.0246715
0.0311616
0.0133084
0.0169963
0.00693391
0.00892661
0.00353686
0.00458601
0.00176705
0.00231129
0.000855937
0.00112866
0.000407542
0.00053895
0.000187872
0.000251712
8.31917e-05
0.000112275
3.69851e-05
4.99773e-05
1.63312e-05
2.21469e-05
6.87633e-06
9.46345e-06
2.93291e-06
4.01604e-06
1.24252e-06
1.71432e-06
4.89146e-07
6.85113e-07
1.96209e-07
2.72626e-07
8.00005e-08
1.12025e-07
3.13785e-08
4.40845e-08
1.29806e-08
1.78853e-08
-4.2929e-05
0.160252
0.00229386
-1.85698e-13
2.08873e-13
9.13414e-14
7.23788e-14
7.79258e-16
7.02003e-09
0.520393
0.557488
0.40527
0.0204205
0.000115559
-4.38058e-05
-5.62587e-17
-3.35816e-17
-8.91171e-06
-9.72683e-14
-7.25219e-14
3.21471e-10
-1.22464e-09
1.57449e-10
-3.51262e-16
-2.16812e-16
-2.97391e-12
-1.00485e-15
1.9546e-13
6.68689e-11
3.06819e-10
-1.54712e-15
-5.28159e-15
-9.68291e-16
1.82676e-09
7.80925e-16
-1.73112e-15
4.8715e-17
2.00567e-16
2.30635e-16
1.0223e-15
-3.82741e-14
2.446e-09
-4.10454e-05
-2.7187e-05
-9.99017e-07
-2.28355e-17
5.32247e-17
3.40376e-10
1.66349e-10
4.87241e-12
2.73227e-12
5.06305e-11
6.16061e-11
1.99969e-10
4.41616e-05
-1.09862e-05
0.0703873
0.0486194
1.29743e-12
7.761e-13
8.66903e-10
1.20506e-09
1.24911e-09
-5.76769e-13
3.25851e-12
3.05637e-09
2.26933e-09
-6.74614e-07
-2.26576e-07
1.32299e-15
5.9687e-09
0.446473
0.444937
0.403779
0.447432
0.403064
0.449629
0.406959
0.44946
0.407735
0.450343
0.407548
0.452361
0.408498
0.451386
0.409595
0.451288
0.408417
0.451787
0.40949
0.451872
0.409708
0.451921
0.409899
0.453097
0.409826
0.452327
0.410235
0.452929
0.410006
0.45277
0.410757
0.4546
0.410727
0.452879
0.411513
0.449806
0.408494
0.446937
0.406232
0.442263
0.402625
0.437651
0.395873
-3.62861e-06
-2.57512e-06
0.0131669
2.65954e-10
3.98865e-10
3.03862e-10
7.02912e-10
4.63182e-10
-6.5273e-13
-5.27233e-12
3.04225e-11
1.82585e-11
0.00118693
3.04384e-09
2.27296e-14
-3.63217e-17
1.32056e-09
4.06485e-09
1.09838e-13
-1.73292e-13
-1.34751e-13
3.15033e-09
1.09055e-10
0.251246
0.153052
0.185192
0.0918041
0.112478
0.052705
0.0654945
0.0292726
0.0370139
0.0160461
0.0203003
0.0085416
0.0109673
0.00434432
0.0056606
0.00217793
0.00283972
0.0010868
0.00143118
0.000508364
0.000676463
0.000234751
0.000312868
0.000106186
0.000143188
4.71358e-05
6.39575e-05
2.08489e-05
2.83474e-05
9.01312e-06
1.23868e-05
3.86049e-06
5.28352e-06
1.63123e-06
2.24149e-06
6.59016e-07
9.24721e-07
2.57924e-07
3.61938e-07
1.08212e-07
1.50736e-07
4.29241e-08
6.10884e-08
1.68356e-08
2.37605e-08
-5.04613e-09
-2.37611e-09
0.203111
0.398889
0.490171
0.4664
0.389214
-1.53618e-14
2.00128e-14
-6.21837e-15
-4.32218e-14
-1.10212e-13
3.07959e-14
0.141707
4.30145e-14
-1.36379e-13
-1.10872e-05
3.66759e-13
-8.02256e-13
-2.38681e-13
8.59076e-09
-8.26879e-06
5.85129e-12
-3.82118e-13
-3.05662e-06
0.434474
0.00469908
0.000789821
0.000389995
-1.03429e-10
2.98229e-13
-5.15866e-17
-3.30561e-16
-2.27604e-16
1.60713e-13
1.32917e-13
0.24468
-4.09257e-08
-2.38066e-08
6.62132e-12
9.98454e-10
7.16496e-10
5.1887e-09
0.00026704
-2.1694e-05
6.12912e-09
4.50183e-09
1.89912e-15
-1.70978e-15
-4.67079e-15
-1.183e-15
0.0311896
-1.43791e-07
6.26327e-16
5.80167e-14
-1.66899e-09
-8.43237e-10
1.24743e-10
0.446012
5.44331e-16
2.54512e-15
1.67999e-16
6.60335e-16
0.301029
0.40311
0.44504
2.97504e-10
4.30873e-10
1.73459e-09
7.1792e-12
4.56726e-12
3.97546e-10
9.41089e-10
1.50024e-10
1.93991e-10
5.26554e-10
0.0963178
0.0723045
2.38334e-15
3.76227e-15
4.21056e-16
1.4859e-12
9.69734e-13
2.16608e-09
-3.12072e-13
-2.3938e-13
0.385243
0.000127632
1.68671e-05
-2.26172e-06
-9.80814e-07
7.08233e-09
0.397325
0.431026
0.329894
0.021387
0.333287
0.295254
0.334645
0.298352
0.334969
0.29936
0.335087
0.299104
0.335007
0.299208
0.335751
0.299558
0.335889
0.299745
0.335481
0.299821
0.337006
0.299937
0.336719
0.301437
0.335698
0.300421
0.337043
0.300145
0.336855
0.30128
0.33742
0.30178
0.337831
0.302462
0.3361
0.302666
0.334057
0.300444
0.329097
0.296222
0.31841
0.273086
0.287251
1.89067e-13
-9.83155e-14
2.98136e-09
-1.24018e-16
-1.10327e-16
3.1725e-16
0.204534
2.24892e-13
2.05658e-13
-6.08458e-08
5.62918e-09
3.38722e-11
9.16711e-11
2.32757e-11
1.94189e-09
0.381902
0.369602
0.237521
7.82582e-09
-2.63986e-07
-6.85865e-07
-1.76338e-07
-7.56451e-06
-6.02315e-06
4.98544e-15
0.172178
0.207237
1.24602e-08
0.10435
0.127173
0.0615142
0.0756112
0.0351562
0.0439877
0.0193082
0.0243467
0.0104602
0.0132781
0.00543363
0.00701039
0.00275122
0.0035747
0.00136814
0.00177599
0.000648552
0.000858811
0.000293905
0.000392598
0.000134816
0.000179803
6.16801e-05
8.28565e-05
2.74025e-05
3.68303e-05
1.21139e-05
1.6492e-05
5.1065e-06
6.99062e-06
2.15509e-06
2.94381e-06
8.95087e-07
1.23815e-06
3.61894e-07
5.0653e-07
1.50863e-07
2.09253e-07
6.18125e-08
8.87943e-08
2.26981e-08
3.28185e-08
-1.16826e-08
-3.83404e-08
-6.83237e-09
0.00273625
-4.0021e-13
-5.08575e-13
4.47604e-13
2.64142e-09
4.11336e-09
-3.09379e-13
0.403403
-6.43238e-13
-4.77279e-13
-1.03845e-15
-8.62621e-16
-2.52222e-06
-2.06791e-12
6.8758e-12
0.00821639
0.0394781
4.29631e-11
-5.00199e-10
0.00171999
0.000957836
6.48436e-12
4.52419e-12
1.48894e-08
1.11541e-08
0.112046
0.190335
0.0858352
1.57759e-09
-1.19035e-05
-2.91201e-06
-1.1751e-05
0.321079
1.19173e-12
4.4638e-10
-1.04057e-12
7.40521e-12
8.29365e-09
7.32987e-14
-3.71724e-13
-3.10984e-09
-1.88905e-09
1.10941e-14
7.35675e-15
0.291723
0.326821
4.74796e-09
1.51791e-15
6.67294e-15
0.000553832
1.2007e-08
8.75602e-09
1.21647e-08
3.71525e-09
1.01829e-08
5.63119e-11
5.53822e-10
0.323527
0.286979
1.67198e-09
2.14536e-09
7.03145e-15
5.11485e-14
-7.226e-16
1.69172e-13
2.01794e-13
5.82972e-09
-2.62802e-06
-1.90591e-06
0.00275132
0.00170461
1.68804e-08
8.54087e-13
2.96505e-13
0.0284223
4.37314e-11
2.21511e-11
0.23861
0.238821
0.208905
0.237281
0.208072
0.237519
0.206711
0.237871
0.207043
0.237316
0.207176
0.237383
0.206713
0.238213
0.20699
0.238564
0.207617
0.23862
0.208149
0.238266
0.207807
0.238716
0.20785
0.240073
0.208676
0.2407
0.210404
0.242231
0.211371
0.239493
0.21148
0.233309
0.207257
0.222462
0.18737
0.199859
-2.72469e-10
-4.72528e-11
0.00513397
-1.08729e-12
-8.2619e-13
1.34882e-09
1.04692e-09
9.41509e-09
0.232796
2.79761e-08
1.21672e-09
8.43887e-10
0.117109
0.140766
0.287933
0.000326001
9.2786e-05
0.323751
0.0704524
0.085671
0.0410782
0.0506162
0.0229465
0.028699
0.0125024
0.0157305
0.00664748
0.00847022
0.00337133
0.00434721
0.00166573
0.00215768
0.000784461
0.00102997
0.0003618
0.000479172
0.000168666
0.000223668
7.76606e-05
0.000103372
3.48196e-05
4.67479e-05
1.55232e-05
2.08534e-05
6.53257e-06
8.90001e-06
2.77227e-06
3.76861e-06
1.17619e-06
1.61009e-06
4.90012e-07
6.7773e-07
2.08544e-07
2.89301e-07
8.73146e-08
1.23104e-07
1.22608e-08
2.55426e-08
3.77501e-08
6.3703e-15
8.0882e-15
1.02367e-13
0.0115263
0.284029
4.80637e-16
2.38314e-17
0.00339417
-1.77337e-12
1.6867e-11
0.250997
-2.32042e-12
6.29163e-11
2.96452e-14
5.46015e-13
0.226102
4.71043e-09
0.23673
3.63698e-12
2.83834e-12
-7.22651e-10
2.20248e-09
1.72938e-15
3.84126e-08
1.99642e-13
6.59176e-14
-7.70379e-13
0.20036
7.62871e-06
4.76605e-05
1.72213e-06
2.09737e-14
0.197817
0.112397
2.45925e-09
-2.52635e-07
0.208295
0.00766808
2.51073e-09
-7.89664e-07
-1.52878e-06
-5.83261e-07
-3.71283e-09
-2.3621e-09
-2.34334e-12
-1.81052e-12
1.33606e-14
3.02654e-14
2.50028e-13
6.12255e-13
0.205819
1.84211e-08
3.39071e-08
0.187787
0.214109
3.28278e-08
-1.59905e-08
-1.0188e-08
1.18707e-09
3.2398e-09
8.88378e-13
1.07116e-12
-1.4089e-12
1.32069e-11
0.221835
3.31121e-09
3.29092e-09
-1.59596e-15
-1.54467e-13
-3.77568e-14
3.37899e-06
0.00219339
0.000791203
-1.35568e-12
-1.01479e-12
2.84542e-05
1.57518e-05
0.0809606
0.0416832
0.186147
4.67523e-12
-1.52764e-11
5.57645e-12
0.268725
6.92897e-15
0.012803
0.0294984
0.00857676
0.162482
0.000165195
9.58955e-05
9.53595e-09
1.21529e-08
2.39702e-08
0.162067
0.161558
0.140866
0.161327
0.140582
0.161308
0.140053
0.160802
0.139953
0.160518
0.139442
0.161531
0.139614
0.162133
0.140564
0.161714
0.140955
0.161919
0.140374
0.162378
0.140882
0.164199
0.141982
0.165881
0.143929
0.164299
0.144507
0.160437
0.142032
0.152941
0.129047
0.137139
2.74466e-14
2.07078e-14
-4.1815e-10
-1.08542e-10
3.70949e-09
4.93958e-09
4.52575e-09
2.65969e-15
1.85239e-08
0.162621
0.141253
4.69344e-08
-6.85662e-08
2.07896e-08
3.5735e-15
0.0782091
0.0946675
0.0462249
0.0563455
0.0267039
0.032996
0.0146719
0.0183697
0.00779392
0.00985978
0.0040254
0.00516176
0.00196337
0.0025464
0.000917114
0.00120188
0.000439023
0.000575198
0.00020672
0.000271568
9.60824e-05
0.00012624
4.37732e-05
5.81827e-05
1.907e-05
2.54837e-05
8.14179e-06
1.09892e-05
3.49816e-06
4.7155e-06
1.49326e-06
2.01379e-06
6.52633e-07
8.84743e-07
2.99889e-07
4.10941e-07
-1.77778e-07
-1.89947e-07
-4.59296e-08
6.10784e-08
1.34027e-06
-3.44097e-07
4.3135e-13
1.99861e-13
0.16238
0.140749
6.3579e-08
-1.56403e-12
-1.02079e-12
-1.07489e-11
-4.58058e-12
-2.10356e-12
0.0133595
0.000493364
4.37084e-14
0.14112
4.7787e-05
0.15739
0.138471
0.128289
0.141115
-7.87464e-10
9.81984e-15
1.50877e-14
1.96554e-14
1.69185e-11
0.00911526
0.00364041
-4.35138e-07
-5.22837e-07
-3.57515e-07
3.00645e-11
7.96074e-08
0.112843
2.468e-08
1.56398e-13
2.36177e-12
1.99173e-12
2.29402e-10
1.48814e-09
-2.30002e-12
-1.93557e-12
-7.85851e-13
-1.61422e-08
-1.05718e-08
5.68144e-08
8.29874e-08
-9.28158e-13
-1.42515e-12
8.32675e-09
1.29869e-07
-1.39534e-07
-6.05576e-08
1.00599e-13
5.99542e-09
1.11542e-08
7.0642e-09
3.20957e-08
-4.58416e-12
-3.58682e-12
-3.52185e-09
-2.32406e-09
2.90552e-05
9.18056e-06
4.31359e-14
-1.84801e-12
-3.13233e-12
8.72589e-12
2.65578e-10
0.000222412
0.000137356
1.44823e-13
4.29685e-08
5.65465e-08
7.58497e-08
0.107152
0.106719
0.0906494
0.105639
0.0898299
0.10554
0.0889541
0.105572
0.0893672
0.105773
0.089341
0.106015
0.0894813
0.106818
0.0898146
0.105894
0.0899796
0.10619
0.0893558
0.107729
0.0902648
0.109478
0.0922632
0.110509
0.0943043
0.108502
0.0945695
0.102341
0.0851118
0.0911965
-5.60516e-11
7.22447e-09
9.98531e-09
9.45175e-09
0.107797
0.0423187
0.0307359
-4.87745e-10
-1.40145e-10
1.33718e-07
0.107534
0.0922167
1.5349e-13
1.56726e-13
-5.58816e-12
-3.8795e-12
0.0879252
6.91292e-14
-2.03748e-12
0.0511426
0.0616771
0.0304855
0.0372853
0.0167775
0.0209492
0.00905624
0.0114437
0.00470171
0.00602615
0.00227355
0.00295566
0.00107882
0.00141262
0.000517321
0.000674343
0.000245501
0.000321733
0.000114282
0.000150429
5.19267e-05
6.90591e-05
2.24559e-05
2.99411e-05
9.89739e-06
1.32263e-05
4.2396e-06
5.70701e-06
1.82494e-06
2.44731e-06
8.35728e-07
1.11106e-06
5.56065e-14
6.76961e-14
1.38762e-13
4.70092e-14
0.106632
0.0910515
-4.99332e-13
-4.00518e-13
-2.01377e-11
-7.85962e-11
-1.05662e-11
0.000269598
-6.8256e-10
0.00094877
1.01265e-07
1.9492e-07
0.107024
0.090715
0.0903629
0.0335874
-2.29071e-12
1.16169e-11
2.95158e-08
8.60374e-14
0.0870224
0.000177412
6.6832e-05
2.34463e-07
-1.80683e-12
-5.8301e-12
0.00237021
-5.183e-08
0.0238436
0.0113832
-4.17244e-08
0.000616878
3.09699e-09
7.91473e-09
4.09592e-07
-1.35682e-08
-9.2727e-09
1.32846e-07
1.79611e-07
-8.73563e-12
-6.5488e-12
0.0878517
0.097234
1.91214e-08
6.34675e-08
1.31368e-07
5.39267e-12
4.60708e-12
-1.64335e-12
-2.59431e-12
3.81117e-11
-2.77742e-09
-1.87767e-09
1.20404e-06
5.18315e-06
4.80531e-07
-1.60297e-11
-1.15249e-11
-1.18708e-07
-1.04295e-07
2.16574e-08
1.62133e-08
6.68342e-11
-4.348e-10
-1.4003e-10
-1.1533e-11
0.0673166
0.0665175
0.056669
0.0663747
0.0562491
0.0667235
0.0562784
0.0666842
0.0566331
0.0669083
0.0565749
0.0669707
0.0566066
0.0664908
0.056448
0.0666669
0.0562252
0.0670021
0.0564784
0.0688864
0.0569587
0.0708322
0.0589885
0.0723746
0.0618821
0.066773
0.0554445
0.0606118
2.03787e-08
2.63801e-08
8.09255e-08
-4.5161e-12
-6.07914e-12
-8.08819e-12
8.05239e-11
1.26311e-07
1.65766e-07
1.7672e-07
-1.46658e-11
-1.12141e-11
1.05537e-13
-4.4555e-08
-3.28483e-08
0.0627713
7.90183e-10
9.89304e-10
4.01007e-09
0.0689804
0.034259
0.0413901
0.0191054
0.0237943
0.0106007
0.013428
0.00552149
0.00709176
0.00266978
0.00349037
0.00126552
0.0016779
0.000601485
0.000791688
0.000294224
0.000386585
0.0001358
0.000180518
6.14549e-05
8.15414e-05
2.6871e-05
3.63117e-05
1.13911e-05
1.53598e-05
5.17648e-06
6.93711e-06
2.23167e-06
3.02319e-06
0.0602172
0.00100793
0.000675366
0.0681359
0.0583646
-2.39026e-11
-1.46112e-11
-2.96518e-11
0.0673601
0.0575148
-8.79748e-08
2.67861e-07
2.53708e-08
4.31295e-05
1.51986e-05
0.00782303
0.00346424
-1.69448e-11
-2.56083e-11
-4.12983e-11
-2.31556e-11
5.35968e-07
5.8832e-07
4.20411e-08
1.4596e-08
0.00236103
4.77477e-08
3.53735e-08
9.9098e-07
-5.24998e-10
4.27883e-07
6.02494e-13
8.37525e-11
2.28293e-07
3.58255e-07
-8.65379e-09
-6.27459e-09
3.03071e-07
1.21439e-11
1.04945e-11
0.0436693
0.0247935
0.0566377
0.0672449
0.0673525
0.0594332
0.0419028
0.00101443
-1.65523e-09
-1.24264e-09
2.91363e-06
9.45204e-06
1.69352e-06
0.000688137
0.000298709
-2.4398e-11
-1.65744e-11
1.52441e-10
1.10672e-10
-3.72345e-11
-2.18804e-11
-1.75604e-08
-1.51659e-08
0.0418101
0.0414136
0.0348041
0.0417204
0.034581
0.0418084
0.0348897
0.0416835
0.034911
0.041767
0.0348834
0.0417356
0.0350484
0.0416809
0.0349292
0.0417376
0.0347245
0.0433502
0.0351453
0.0465492
0.0374078
2.77272e-07
3.70447e-07
4.02132e-07
2.25201e-07
1.80774e-08
-3.58668e-10
5.56931e-08
-5.79495e-13
0.00319873
0.00222058
0.0216554
0.0128752
0.0162974
0.00669992
0.00873862
0.00318127
0.00424766
0.0015467
0.00205789
0.000749692
0.000993923
0.000363435
0.000480775
0.000166893
0.000224298
7.34557e-05
9.89234e-05
3.27238e-05
4.43339e-05
1.40444e-05
1.91789e-05
6.47379e-06
8.75851e-06
2.86586e-06
3.92544e-06
2.62147e-11
2.35785e-11
0.0422297
-8.32218e-11
-1.21395e-10
0.00945211
0.0566671
0.0350413
0.0418444
1.2949e-06
1.89563e-08
3.37114e-08
5.82833e-07
9.01315e-08
-4.78319e-09
7.06946e-08
5.61547e-08
-8.69417e-11
0.0179489
0.000198817
8.01703e-05
1.03823e-11
1.13469e-11
1.91982e-10
8.26775e-09
0.00107484
0.00313194
0.00225754
5.90049e-07
7.68603e-07
0.0268837
-2.87903e-09
-2.90188e-09
-3.19288e-10
0.0067253
0.0380714
1.5704e-07
2.07377e-07
3.06992e-07
-4.10679e-10
-4.66699e-10
0.0423721
0.035466
0.0337277
0.0400471
-2.75884e-11
4.12025e-06
2.55162e-09
1.05294e-08
-7.7585e-11
5.73741e-11
5.22618e-11
3.88877e-10
3.07346e-09
1.26763e-06
6.4809e-07
1.87576e-06
0.0349886
0.0418062
1.08718e-07
8.14789e-08
2.44298e-06
7.85831e-07
7.45686e-09
2.01229e-10
0.0417119
0.0353371
7.75123e-07
1.18828e-07
0.0249422
0.0249668
0.0204617
0.0249345
0.0204029
0.0250604
0.0204485
0.0252428
0.0206021
0.0250672
0.0206835
0.0247551
0.0204657
0.0249326
0.0200749
0.0268356
0.0228584
0.0206837
0.0462185
1.15376e-07
4.42496e-07
5.62227e-08
1.1974e-10
1.12371e-10
-9.04568e-11
-2.36075e-10
-5.94504e-11
0.000757189
0.000329611
0.00780138
0.00577332
0.0167942
0.0251636
2.29257e-10
0.00867969
0.00407514
0.00555708
0.0020112
0.00269153
0.000972413
0.00130029
0.000464821
0.000619716
0.000210838
0.000284787
9.19635e-05
0.000125334
4.17634e-05
5.66288e-05
1.83206e-05
2.52233e-05
8.73792e-06
1.18668e-05
3.68442e-06
4.92753e-06
1.9128e-05
1.17848e-05
2.03324e-08
4.35911e-08
0.0248658
0.0205536
0.0204207
1.95118e-07
1.5041e-07
-1.05442e-10
1.94589e-07
0.0348451
1.13238e-09
0.0191991
0.00105081
5.17919e-05
0.011933
3.68427e-10
4.69233e-10
2.97544e-09
8.76763e-10
1.16927e-06
2.39216e-10
0.0206126
0.0252022
0.0146792
5.60058e-06
5.49895e-07
7.84576e-07
4.48388e-10
2.1625e-06
0.0242113
2.27406e-05
1.4829e-05
0.00325854
0.00237912
7.58779e-08
1.24443e-06
1.60704e-06
0.0216023
0.0178724
0.0126462
7.21501e-09
2.58179e-08
2.59775e-07
1.93649e-07
9.56454e-10
0.0251829
0.0199628
1.94732e-10
3.8084e-10
0.0252118
0.0206739
0.0207476
0.0145756
0.0145894
0.0146578
0.0120276
0.0147105
0.0120941
0.0147693
0.012146
0.0146256
0.0121703
0.014025
0.0118018
0.00560438
2.57265e-07
4.66311e-11
9.87903e-08
1.72615e-07
9.06653e-05
0.00022405
5.97319e-05
3.4344e-09
0.00781713
6.10475e-10
3.99707e-07
5.05673e-07
7.21703e-07
4.42317e-09
7.49526e-09
7.32465e-09
3.51591e-06
1.16386e-06
1.61877e-09
4.0007e-09
1.6112e-09
2.41169e-06
4.60502e-06
0.0303575
0.00271788
0.00357342
0.00129246
0.00173235
0.000604751
0.000815734
0.00026637
0.000364317
0.00011897
0.000163439
5.35024e-05
7.25782e-05
2.49476e-05
3.36917e-05
1.26631e-05
6.98939e-06
1.75934e-05
4.55957e-10
3.12021e-08
1.6625e-08
5.12449e-11
0.000738606
0.000315354
1.5331e-06
1.29595e-06
2.50837e-06
0.0145497
0.0119855
-1.40947e-10
1.65476e-10
0.00605601
0.0119842
0.00728849
0.0139684
0.000784974
5.01354e-08
4.79988e-07
2.03949e-07
6.77899e-07
1.16196e-07
2.48245e-05
1.43444e-09
9.0139e-09
1.64129e-05
6.30563e-06
0.0104754
5.47682e-10
0.0119298
0.0145495
0.00878545
0.00243386
0.0058933
0.00152079
9.1727e-10
1.15622e-09
1.81419e-09
4.22882e-07
6.26353e-07
0.0136699
5.07258e-07
4.00076e-07
0.0109772
0.0119135
0.0145733
3.08117e-09
0.00856976
0.00854333
0.0069296
0.00859491
0.00698503
0.00820237
0.00641114
0.00693921
0.000555924
2.26322e-07
0.00330897
0.00430827
6.49219e-08
1.23227e-07
1.32434e-06
1.03457e-06
8.85294e-05
0.000209956
5.86465e-05
0.00851555
0.0114851
0.00170095
0.00225582
0.000805165
0.00109046
0.000354113
0.000487572
0.000161237
0.000221411
7.1533e-05
9.81464e-05
3.14643e-05
4.18328e-05
4.82987e-08
0.00849634
0.00690192
0.00836384
0.000564496
2.94072e-08
2.74507e-07
1.61197e-07
2.58767e-05
0.0147944
7.07916e-06
0.0119883
0.0147135
2.06271e-08
3.8876e-07
5.5543e-07
0.00690589
2.58138e-06
2.03847e-05
1.74644e-06
8.46713e-05
5.79201e-05
1.43104e-06
3.93262e-06
8.69184e-07
0.00813931
0.00522358
1.21672e-06
3.80106e-08
0.00148943
0.00359023
0.000978735
3.56114e-06
2.48391e-09
9.46857e-07
1.22647e-06
1.61908e-06
0.0085169
8.29832e-09
2.74515e-08
0.00693583
0.00681659
0.00672715
0.00831312
1.93554e-08
0.000261823
6.79125e-09
1.17708e-06
3.26072e-06
5.29284e-08
1.72655e-05
6.8806e-06
0.0121236
1.10524e-05
0.00479096
1.8091e-08
0.00491522
0.00387389
0.00496576
0.00395983
0.00411053
6.0089e-06
3.07709e-06
1.59569e-07
2.75994e-06
4.81442e-06
2.17729e-06
0.000180103
5.00067e-09
2.60668e-08
0.00108074
0.000477725
0.000665926
0.000219146
0.000304271
9.73257e-05
0.000137274
3.98182e-05
5.89152e-05
0.00480516
1.36464e-07
0.000416307
0.000233979
1.82516e-07
0.00485524
0.00389976
0.00223109
0.0014594
0.00290469
6.43807e-09
1.39848e-05
2.10452e-08
6.73054e-08
5.24248e-08
4.20839e-06
2.79818e-06
7.15973e-06
0.00388751
0.0048577
9.28681e-07
1.53219e-06
1.6486e-08
2.97054e-07
5.07263e-07
1.24888e-07
0.000872481
5.69004e-08
0.0039416
0.00464399
1.04853e-05
2.72207e-05
3.01225e-07
0.00854268
0.00676203
2.41231e-07
0.000528665
0.00476596
2.24156e-05
6.37279e-06
1.34648e-05
0.00384117
0.00374696
4.27969e-06
1.48548e-06
7.69103e-07
0.00271567
0.000171225
8.63788e-05
0.0025649
0.00830714
0.00300724
1.83113e-05
7.18168e-06
7.27872e-08
3.13424e-07
1.4266e-05
0.0031692
0.00200045
6.16506e-05
8.76339e-07
0.000319992
0.000144277
0.000202915
6.16809e-05
8.84774e-05
0.00254164
0.00683629
0.000412491
1.54083e-07
2.05939e-07
3.84155e-07
0.00668319
2.463e-05
7.4261e-05
0.00274873
0.0022008
0.000212677
8.03462e-07
0.000145846
0.00204194
0.0026686
3.0183e-06
8.30006e-06
0.00211969
3.67954e-06
8.48733e-07
1.22003e-06
7.57897e-06
1.14062e-05
5.95571e-06
1.34056e-06
7.55242e-07
4.71337e-07
2.2882e-05
0.00467613
0.00366329
0.00262213
0.00453348
0.00044238
0.000668062
0.00216439
0.00131218
0.00149174
0.00202331
0.00197198
0.00247844
0.00434947
3.64501e-05
5.30983e-05
2.51287e-05
2.37883e-05
2.9534e-05
0.00218691
0.00211076
0.00344514
0.00094696
0.00143263
9.16042e-06
1.40951e-05
4.20601e-06
1.64945e-05
0.00215325
0.00174308
0.00111546
2.31112e-05
0.00360869
0.00048317
7.21289e-07
9.81829e-07
1.11712e-06
0.000208298
0.000215473
0.000299179
0.00101767
0.000658242
0.00135906
3.76253e-05
9.33605e-05
5.3284e-05
0.000133095
3.04125e-06
0.00152026
0.00115101
7.34302e-06
1.7577e-05
5.12952e-06
1.63427e-05
3.05389e-05
2.10079e-06
4.02937e-06
0.000708665
0.00134165
0.000116839
4.80216e-05
0.00155511
0.00123131
5.914e-05
3.24301e-06
2.26252e-06
0.00137837
0.00125646
0.00107039
0.00109568
0.000151655
0.000633361
0.00117804
0.000433042
6.45252e-05
0.000306267
4.09444e-05
2.15493e-05
0.000145532
0.000100654
0.000217458
0.00078727
0.000661368
0.000417718
0.000880607
0.000713449
0.000718581
0.000570758
0.000551488
0.000900541
8.07429e-06
2.11093e-05
5.73062e-06
0.000974636
0.000648796
1.94594e-06
2.76738e-06
1.92272e-06
2.6483e-06
2.57129e-06
7.93025e-06
5.20503e-05
9.58689e-05
4.91344e-05
0.000646166
0.000523701
0.000377193
6.79524e-06
1.54597e-05
6.79903e-05
1.7701e-05
3.29372e-05
1.28005e-05
0.000460204
4.8396e-06
4.76638e-06
1.0271e-05
0.000347076
0.00030096
0.000376109
0.000337826
0.000265312
0.000114467
0.000368805
0.000212261
3.92149e-05
0.000258359
0.000181504
4.27778e-06
5.69979e-06
5.95537e-06
0.000117088
4.58719e-05
0.000136153
0.000153815
4.96679e-05
1.45732e-05
2.87843e-05
1.07063e-05
0.000146887
0.000251415
8.52719e-05
9.65675e-06
1.92854e-05
0.00010447
0.000218933
)
;

boundaryField
{
    frontAndBack
    {
        type            empty;
    }
    hot
    {
        type            fixedValue;
        value           uniform 1;
    }
    cold
    {
        type            fixedValue;
        value           uniform 0;
    }
    defaultFaces
    {
        type            zeroGradient;
    }
}


// ************************************************************************* //
