/*--------------------------------*- C++ -*----------------------------------*\
  =========                 |
  \\      /  F ield         | OpenFOAM: The Open Source CFD Toolbox
   \\    /   O peration     | Website:  https://openfoam.org
    \\  /    A nd           | Version:  7
     \\/     M anipulation  |
\*---------------------------------------------------------------------------*/
FoamFile
{
    version     2.0;
    format      ascii;
    class       volScalarField;
    location    "0.95";
    object      T;
}
// * * * * * * * * * * * * * * * * * * * * * * * * * * * * * * * * * * * * * //

dimensions      [0 0 0 1 0 0 0];

internalField   nonuniform List<scalar> 
5936
(
0.509388
0.913124
0.999003
0.982342
1.00586
1.01594
1.00206
1.00701
1.00021
1.00101
0.999887
0.999757
0.99995
0.999843
0.999998
0.999979
1
1
0.999999
0.999998
0.999999
0.999996
0.999999
0.999998
1
1
1
1
1
1
1
1
1
1
1
1
1
1
1
1
1
1
1
1
1
1
1
1
1
1
1
1
1
1
1
1
1
1
1
1
1
1
1
1
1
1
1
1
1
1
1
1
1
1
1
1
1
1
1
1
1
1
1
1
1
1
1
1
1
1
1
1
1
1
1
1
1
1
1
0.116255
-0.00308433
-0.000220626
4.08817e-05
-3.12618e-07
4.17018e-07
-4.23753e-09
-1.40026e-08
2.90362e-09
-1.08149e-11
-6.94701e-11
1.13197e-11
-5.7235e-13
-1.47806e-13
5.81343e-14
-8.84854e-15
-2.27818e-16
4.39082e-16
-5.96361e-17
-3.11814e-18
2.78827e-18
-4.3024e-19
-8.77903e-20
2.07784e-20
-1.97909e-36
1.55778e-20
-4.01176e-20
1.06903e-17
8.45755e-17
1.70009e-16
1.41484e-15
1.03414e-13
5.45012e-13
-2.53608e-11
-2.80907e-10
-9.62026e-10
8.05604e-09
2.06625e-08
-1.2574e-08
-1.62869e-06
-3.24079e-06
2.71455e-05
-0.000111179
0.000212164
-2.96664e-05
0.00193875
-0.0082996
-0.0153259
0.0480888
0.185588
1
1
1
1
1
1
1
1
1
1
1
1
1
1
1
1
1
1
1
1
1
1
1
1
1
1
1
1
1
1
1
1
1
1
1
1
1
1
1
1
1
1
1
1
1
1
0.999993
0.999995
0.999998
0.999996
1.00001
1.00001
1.00002
1.00002
0.999993
1.00001
0.999985
0.999996
0.999925
0.999941
0.999836
0.99985
0.999959
0.999907
1.00051
1.00034
1.00137
1.00111
1.00178
1.00164
1.00059
1.00096
0.996033
0.997497
0.985187
0.988555
0.966274
0.972482
0.938422
0.948494
0.900884
0.914583
0.853556
0.869975
0.789531
0.809645
0.712087
0.734346
0.613269
0.641142
0.517312
0.544798
0.420246
0.443207
0.300317
0.201826
0.317323
9.09459e-21
0.11167
0.0134562
-0.00159039
6.86186e-05
7.16026e-06
1.01484e-07
1.83366e-07
-3.61297e-08
7.26632e-10
1.14104e-09
-1.8568e-10
2.09011e-12
3.6261e-12
-7.49114e-13
8.3342e-14
6.00834e-15
-4.68069e-15
8.55119e-16
4.18458e-17
-3.22562e-17
4.66453e-18
3.60905e-19
-3.07055e-19
1.12095e-20
-0.000922382
1.38103e-20
0.128595
-1.85332e-20
-2.03856e-18
-1.62338e-17
-5.07209e-16
3.20419e-15
-3.38923e-14
-4.31075e-13
4.53538e-12
7.93e-11
7.62182e-10
-7.29155e-10
-2.50379e-08
3.45039e-08
1.39623e-07
3.99367e-06
-9.77957e-06
3.36513e-05
-0.000123301
0.000208255
0.000338935
-0.000630325
-0.0161638
0.0176478
0.000131136
0.0664675
1.98391e-06
0.457247
0.0001441
3.03963e-05
6.54724e-07
5.36432e-07
-9.96369e-08
6.91206e-10
3.44624e-09
-4.95706e-10
-5.16968e-12
1.10817e-11
-2.05396e-12
1.95271e-13
2.15947e-14
-1.31855e-14
2.20605e-15
1.56042e-16
-9.4501e-17
1.23867e-17
1.05606e-18
-9.49016e-19
2.6583e-20
3.4926e-20
-7.93434e-19
-4.11806e-18
-3.10586e-16
2.0697e-15
-3.64582e-14
-4.03659e-13
2.7631e-12
4.48504e-11
5.02184e-10
-1.26972e-10
-1.72328e-08
3.29272e-08
2.42186e-08
2.5726e-06
-5.51281e-06
2.07623e-05
-9.83038e-05
0.00020782
0.000526488
-0.00155706
-0.0158453
0.0201032
-8.00239e-21
1.14995e-06
4.36532e-09
-4.1844e-08
7.5154e-09
1.18591e-10
-2.15214e-10
2.84311e-11
-1.00216e-12
-4.72114e-13
1.57978e-13
-2.28388e-14
-9.70085e-16
1.32352e-15
-1.55987e-16
-1.09269e-17
7.85213e-18
-1.26667e-18
-2.78924e-19
6.38349e-20
5.93757e-18
2.31968e-17
1.10872e-16
3.32004e-15
1.03151e-13
7.29925e-13
-1.66579e-11
-1.68657e-10
-6.92896e-10
4.5006e-09
1.5617e-08
-1.55408e-08
-9.93466e-07
-2.43734e-06
2.23813e-05
-9.25334e-05
0.000163124
0.000108379
0.00144802
-0.00911867
-0.0114192
0.0561079
-0.0055644
-0.00532448
-1.41888e-19
0.596807
-0.00118086
0.957427
1.0026
0.985737
1.00456
1.0082
1.00136
1.00401
0.999967
1.00053
0.999869
0.999794
0.999989
0.999958
1.00002
1.00005
1.00001
1.00003
1
1.00001
0.999998
0.999998
0.999999
0.999998
1
1
1
1
1
1
1
1
1
1
1
1
1
1
1
1
1
1
1
1
1
1
1
1
1
1
1
1
1
1
1
1
1
1
1
1
1
1
1
1
1
1
1
1
1
1
1
1
1
1
1
1
1
1
1
1
1
1
1
1
1
1
1
1
1
1
1
1
1
1
1
-2.62504e-19
0.00151943
6.23973e-05
0.260823
-5.70122e-06
5.2064e-08
2.91934e-07
-5.98092e-08
1.72153e-09
1.47094e-09
-2.64935e-10
1.50004e-11
3.67951e-12
-1.23373e-12
1.81613e-13
3.00324e-15
-8.40211e-15
1.34127e-15
3.14933e-17
-5.23412e-17
9.23891e-18
7.71231e-19
-6.21845e-19
-2.90257e-20
8.57445e-18
-0.00316853
-0.00458952
-0.0032785
8.11395e-21
0.183072
0.270121
-3.68932e-06
-8.98206e-06
-1.32075e-06
0.532986
3.52596e-18
6.13194e-16
-9.99387e-16
9.64114e-14
1.43554e-12
-1.85583e-11
-2.11642e-10
-1.25758e-09
4.66834e-09
3.60003e-08
-3.60877e-08
-1.14828e-06
-5.64068e-06
3.70898e-05
-0.000152708
0.00030189
0.000163211
0.00156084
-0.0148225
-0.00431667
0.0797343
0.155462
0.0517236
0.189634
0.0225263
-9.55505e-05
-0.000690296
4.39733e-05
1.58816e-05
-6.93586e-06
1
1
1
1
1
1
1
1
1
1
1
1
1
1
1
1
1
1
1
1
1
1
1
1
1
1
1
1
1
1
1
1
1
1
1
1
1
1
1
1
1
1
1
1
0.999994
0.999995
1
0.999996
1.00001
1.00001
1.00001
1.00001
0.999997
1.00001
0.999996
1.00001
0.999917
0.999942
0.999822
0.999821
0.999984
0.999873
1.00057
1.00031
1.0014
1.00113
1.00163
1.00171
1.00029
1.00126
0.995565
0.998178
0.984607
0.990123
0.9665
0.975586
0.941095
0.954137
0.905793
0.923981
0.85739
0.879406
0.790478
0.816961
0.709217
0.738535
0.611267
0.644044
0.523447
0.56102
0.780431
-1.48154e-20
0.830481
-2.58159e-19
-5.34363e-13
-4.51632e-13
4.15287e-05
-3.60108e-19
-4.16309e-20
1.26632e-12
7.6824e-07
-1.96667e-08
-2.12186e-08
4.30593e-09
-1.12823e-10
-7.85279e-11
1.78155e-11
-1.74032e-12
-1.27174e-13
9.61657e-14
-1.68489e-14
-4.38781e-16
6.63966e-16
-1.04461e-16
-3.06582e-18
5.34662e-18
-7.1888e-19
-2.03928e-19
6.91722e-18
-4.39867e-14
-3.57804e-14
-3.71409e-16
-4.36257e-16
-8.77559e-18
1.7139e-16
-1.06857e-18
3.05309e-15
1.21726e-13
1.42716e-06
1.91715e-12
5.4236e-11
7.17866e-10
6.80035e-10
-2.41572e-08
3.25215e-08
-5.69902e-08
3.99364e-06
-3.00778e-06
3.57115e-06
-6.31034e-05
0.000212076
0.00092356
-0.0044994
-0.0191906
0.0497517
-1.15585e-07
2.94439e-13
-2.82363e-12
-7.99077e-19
1.31399e-11
0.41499
-2.52654e-12
-0.00591762
-0.0138241
0.00151948
0.000223625
0.000235145
-0.000129852
3.12232e-05
-3.91441e-06
-1.12925e-06
-2.98659e-08
2.58059e-08
4.62257e-09
-1.47826e-19
-1.50041e-18
3.41083e-18
1.60409e-17
-1.32725e-16
3.08772e-16
2.16638e-15
-2.17316e-14
3.88357e-14
0.0498203
-0.0196966
-0.00361142
0.000854687
0.000248666
-9.56182e-05
1.46518e-05
-4.74172e-06
3.30919e-06
4.18745e-09
3.85517e-08
-2.08848e-08
2.5061e-10
6.20501e-10
5.48314e-11
2.89819e-15
-6.53752e-19
-1.09794e-18
1.35986e-17
-2.42821e-17
-1.78589e-16
1.68318e-15
-4.19408e-15
-3.08272e-14
2.40976e-13
-6.69758e-13
-1.94296e-12
3.71244e-11
-2.36791e-10
3.89272e-10
8.41331e-09
-6.17558e-08
7.19385e-08
2.62168e-12
-4.9991e-10
4.34426e-09
-5.18538e-09
8.47417e-07
8.25507e-18
-9.65512e-10
3.44673e-15
-1.98328e-10
-1.86625e-11
8.0514e-05
-5.10483e-13
0.994132
1.00615
1.00363
1.00319
1.00652
1.00017
1.00137
0.999567
0.999319
0.99981
0.999466
0.999986
0.999885
1.00002
1.00003
1.00001
1.00003
1
1
0.999999
0.999998
0.999999
0.999998
1
1
1
1
1
1
1
1
1
1
1
1
1
1
1
1
1
1
1
1
1
1
1
1
1
1
1
1
1
1
1
1
1
1
1
1
1
1
1
1
1
1
1
1
1
1
1
1
1
1
1
1
1
1
1
1
1
1
1
1
1
1
1
1
1
1
1
-4.30831e-14
3.09203e-11
-1.46802e-09
0.462956
-4.10376e-17
3.70208e-13
-1.2585e-12
8.40353e-07
5.41114e-07
1.6514e-06
-5.1545e-08
-1.60372e-08
4.05651e-09
0.00969456
-3.57827e-10
0.331976
-4.12359e-11
3.72618e-11
2.22039e-19
1.17051e-12
-2.74928e-12
-4.2057e-12
-3.34712e-12
0.0957161
2.38929e-13
-1.06091e-15
-7.28887e-15
1.61581e-15
-3.13363e-17
-5.269e-17
1.33928e-17
1.64003e-18
-3.64602e-06
-7.59847e-07
8.31778e-10
-2.14231e-10
-4.78129e-18
-2.34542e-17
2.02821e-12
1.79388e-12
1.54494e-12
8.12195e-16
-1.80637e-10
1.01188e-13
1.16443e-13
-5.98358e-13
-3.89039e-16
3.15448e-16
0.000171361
0.000193265
5.28558e-11
-1.79026e-10
-1.53392e-15
-4.76546e-14
7.22255e-10
6.38312e-10
-1.14009e-09
2.42062e-09
5.01043e-08
-6.26084e-08
-8.91329e-07
-7.33671e-06
4.18498e-05
-0.000180131
0.00037118
0.000405539
0.000641228
-0.0196709
-0.0199771
0.00107955
2.42673e-07
2.55145e-08
1
1
1
1
1
1
1
1
1
1
1
1
1
1
1
1
1
1
1
1
1
1
1
1
1
1
1
1
1
1
1
1
1
1
1
1
1
1
1
1
1
1
0.999995
0.999996
1
0.999997
1.00001
1.00001
1.00001
1.00001
1
1.00001
1.00001
1.00002
0.999911
0.999941
0.999812
0.999817
0.999977
0.999864
1.00053
1.00029
1.00129
1.00104
1.00149
1.00157
1.0004
1.00126
0.996123
0.998446
0.986365
0.991562
0.971058
0.979386
0.94916
0.961858
0.916961
0.934355
0.868322
0.890678
0.795713
0.823343
0.708003
0.733338
0.611206
0.64027
-2.70206e-10
-5.99168e-10
-1.79507e-10
0.206341
0.308381
-3.61063e-16
-3.85112e-19
4.36963e-11
1.77432e-11
-0.00209076
-4.13561e-19
0.92558
7.76872e-07
0.456193
-4.69515e-19
-5.00485e-13
1.14798e-14
0.0765873
3.10814e-09
-1.24357e-07
-6.16001e-08
-5.54531e-08
3.90168e-09
9.32514e-12
4.45482e-13
1.01048e-13
-1.89031e-14
5.58636e-16
6.06772e-16
-1.26301e-16
2.24532e-18
7.26899e-18
7.77741e-18
0.00947254
0.18901
-1.09001e-05
-1.1325e-05
8.46785e-10
1.4429e-09
0.959572
3.34047e-15
-1.76762e-11
3.56401e-08
2.67803e-08
-2.38048e-08
-4.79487e-08
-2.18204e-08
-1.19058e-07
4.10104e-06
2.22756e-06
-2.20496e-05
-1.01084e-05
0.000236904
0.00129633
-0.00838972
-0.0213155
0.0767339
0.0425133
0.532095
2.42802e-17
8.82705e-07
2.95549e-05
-1.961e-05
-0.0186031
0.000945746
0.000425525
0.000305356
-0.000160208
3.69495e-05
4.46715e-18
6.04065e-18
-0.0070516
0.00120706
0.000292486
-0.00337853
0.000562474
-0.00375685
-6.40454e-05
0.684452
-3.3971e-06
-9.12093e-07
3.63189e-06
1.88254e-17
-1.82053e-17
-2.18811e-16
1.69996e-15
-2.36276e-15
-3.20212e-14
-1.45611e-09
-6.64481e-19
-0.000220651
-0.000990867
0.000205258
3.53921e-15
0.78693
-9.87405e-19
2.76606e-13
-1.41502e-16
2.14781e-16
-1.86713e-19
2.93774e-15
8.09408e-09
-2.07923e-14
4.50876e-14
6.73576e-18
2.90393e-09
-6.18053e-08
4.98021e-11
2.35943e-15
-1.82888e-11
3.72706e-08
-5.39357e-06
-1.02815e-06
0.322933
-6.14619e-12
1.0091
1.00853
1.01706
1.00223
1.00742
0.999796
1.00081
0.999654
0.999394
0.999897
0.999686
1.00001
0.999964
1.00002
1.00003
1.00001
1.00002
0.999999
1
0.999999
0.999998
1
0.999999
1
1
1
1
1
1
1
1
1
1
1
1
1
1
1
1
1
1
1
1
1
1
1
1
1
1
1
1
1
1
1
1
1
1
1
1
1
1
1
1
1
1
1
1
1
1
1
1
1
1
1
1
1
1
1
1
1
1
1
1
1
1
1
-2.37685e-06
5.83919e-19
-1.6923e-07
-5.74197e-17
6.26686e-08
3.83226e-15
-6.88541e-08
-1.2084e-14
0.39515
1.51046e-17
-2.31884e-10
-1.20098e-10
-3.12704e-10
-1.18135e-12
5.96837e-05
-1.04867e-16
0.122445
7.90702e-18
2.37155e-13
7.86546e-14
1.95312e-14
-5.80193e-09
1.22089e-15
4.35003e-16
5.39185e-17
-1.49066e-16
-1.63497e-16
-0.0132426
1.99567e-09
2.76737e-10
3.34556e-09
0.25146
-7.99063e-17
-1.60587e-11
0.000166277
-1.54301e-10
-4.86534e-14
-3.15066e-12
-3.44734e-12
0.873027
-8.22405e-06
-9.59923e-08
-1.28043e-07
0.211792
3.9307e-18
2.47719e-17
4.06679e-06
-6.3241e-06
-2.82834e-18
8.50581e-18
-6.90613e-17
4.25324e-05
-0.000197307
-6.32678e-06
0.000307682
0.00140572
-0.00109389
-0.0115964
-0.0167728
7.49262e-07
1.0695e-15
4.23126e-15
1
1
1
1
1
1
1
1
1
1
1
1
1
1
1
1
1
1
1
1
1
1
1
1
1
1
1
1
1
1
1
1
1
1
1
1
1
1
1
1
0.999996
0.999997
0.999999
0.999997
1.00001
1
1.00001
1.00001
1.00001
1.00001
1.00002
1.00003
0.999906
0.999944
0.999811
0.999821
0.999975
0.999869
1.00049
1.00026
1.00117
1.0009
1.00133
1.00134
1.00049
1.00115
0.996648
0.998842
0.988506
0.993087
0.976691
0.984253
0.958779
0.970626
0.928745
0.945849
0.878535
0.901561
0.79969
0.830626
0.699488
0.729642
0.588838
0.609746
-2.17886e-08
-2.00894e-08
4.8746e-08
0.0268587
0.0193126
0.0995213
-5.33782e-05
-0.000182566
-1.06098e-05
-9.1272e-06
-5.47544e-15
-8.46469e-16
-0.0242012
-0.0191872
-2.98892e-16
-3.14771e-16
5.62119e-16
6.18057e-09
6.51499e-09
7.9833e-09
1.3965e-07
6.02422e-07
-2.46419e-08
7.77964e-14
-4.72238e-13
4.00104e-13
7.61829e-18
-2.33934e-17
0.000386236
0.000200572
9.16649e-07
0.385374
2.93911e-15
1.52543e-15
0.553329
2.42442e-13
-3.18157e-05
3.86869e-11
0.205506
-2.83163e-16
5.76254e-11
9.11659e-18
-4.75352e-08
-0.0234899
-1.87397e-14
-1.04024e-07
1.41547e-15
1.57948e-06
4.36034e-11
1.5132e-11
-3.2166e-08
-1.81569e-14
0.527926
1.45869e-07
-3.56997e-14
2.03172e-09
2.65322e-10
-8.35045e-06
-1.99214e-05
-1.20553e-12
-1.56802e-11
0.97501
4.86773e-11
0.658389
-1.46891e-10
-3.95556e-15
1.87277e-16
1.10235e-08
-1.60872e-09
1.35629e-09
2.48329e-08
0.739487
-7.54098e-08
-0.000672196
1.00093
-7.0005e-07
8.68622e-06
0.0211096
0.000441082
0.00071509
-4.87144e-10
-6.21888e-10
-5.91318e-10
2.44209e-12
-1.56626e-13
3.63118e-06
2.18168e-17
-5.1505e-13
2.19031e-12
4.85067e-06
-0.00115442
-0.000199005
-9.54833e-13
-5.36153e-12
-0.00506771
-0.00383963
6.40499e-10
6.97127e-10
-8.28811e-07
0.91765
4.3207e-11
-5.14481e-14
0.00136486
0.000370232
3.89795e-05
0.000382211
0.000720273
-5.2974e-14
-8.0903e-06
-4.89651e-07
1.00927
1.00429
1.00996
1.0005
1.00288
0.999622
0.999815
0.999768
0.999512
0.999959
0.999821
1.00002
1
1.00001
1.00003
1
1.00001
0.999999
0.999999
0.999999
0.999998
1
0.999999
1
1
1
1
1
1
1
1
1
1
1
1
1
1
1
1
1
1
1
1
1
1
1
1
1
1
1
1
1
1
1
1
1
1
1
1
1
1
1
1
1
1
1
1
1
1
1
1
1
1
1
1
1
1
1
1
0.705216
0.444468
-3.12105e-15
-3.42531e-09
1.38812e-15
2.12399e-13
-1.96812e-14
0.256878
0.378422
1.66079e-05
4.48037e-11
-8.64897e-08
-1.5988e-10
-1.84515e-16
-0.0277136
-9.39109e-05
6.13081e-09
-1.1517e-07
0.323259
-1.82415e-16
-3.61486e-16
-1.33855e-08
0.00106851
2.28335e-13
4.39172e-13
3.02829e-16
-1.16954e-16
0.00053085
-5.19572e-10
-4.97809e-10
1.75391e-15
2.98215e-15
1.03823e-13
-7.89899e-15
-5.48391e-14
-0.00403509
-0.0092957
0.00117501
-9.45711e-19
-6.2755e-17
-1.93469e-16
-4.56613e-17
-8.61709e-06
1.12071e-05
0.000154792
0.000473827
0.0676589
4.01088e-06
-7.06538e-06
1.01443e-13
-0.00541554
0.000585025
-5.19678e-13
0.0712045
0.0315684
0.109768
0.000430482
0.00104088
0.882953
0.720368
-0.000204247
6.55917e-05
4.61071e-14
-3.3944e-15
1
1
1
1
1
1
1
1
1
1
1
1
1
1
1
1
1
1
1
1
1
1
1
1
1
1
1
1
1
1
1
1
1
1
1
1
1
0.999997
0.999998
0.999999
0.999997
1
1
1
1
1.00001
1.00001
1.00002
1.00003
0.999907
0.999951
0.999823
0.999838
0.999981
0.999887
1.00043
1.00022
1.00098
1.00072
1.00105
1.001
1.00043
1.00094
0.997234
0.99911
0.991231
0.995131
0.983284
0.989928
0.969238
0.979981
0.94116
0.95821
0.888962
0.914632
0.805191
0.840077
0.693741
0.735735
0.553106
5.27704e-05
0.000174644
1.24349e-05
-1.54547e-05
-1.96931e-05
4.37108e-15
-2.76536e-15
-1.6331e-14
-1.30807e-14
-0.0192892
-0.0276089
-2.15389e-07
-7.0444e-07
-2.37841e-12
-0.000201019
5.54876e-12
1.79396e-13
2.09145e-09
-2.06645e-16
-0.0169675
0.0568396
1.14146e-15
-0.0110106
-0.00772794
-3.63117e-13
0.600828
0.170346
0.419684
3.86863e-05
3.81206e-05
0.18927
9.6351e-16
-3.94329e-11
2.64745e-11
-6.60952e-05
4.95304e-07
2.64227e-07
2.39066e-09
-1.77515e-09
0.00125922
0.00115318
-1.04505e-07
-1.29781e-07
-3.52836e-12
1.66211e-05
-1.37105e-05
0.000495692
-1.38092e-11
-1.55906e-11
3.84041e-11
-5.9107e-07
-1.7744e-08
-1.77168e-08
-3.46419e-14
-1.2502e-10
-1.24519e-09
-2.50874e-10
-9.13121e-10
1.00726
0.992244
-6.21029e-18
9.10598e-14
3.60389e-06
-1.26324e-16
-1.16442e-16
-2.62166e-16
0.239597
-0.00300621
-5.03945e-06
8.45644e-14
-3.45435e-08
-9.43398e-08
-1.41789e-08
1
1
7.54279e-08
6.07821e-08
1.00546e-08
-1.33532e-10
1.07567e-06
1.14924e-06
1.21499e-06
-0.000322716
2.82651e-12
2.61756e-12
-2.03638e-12
-6.91033e-13
-2.04568e-14
-0.00857214
-0.00301171
-0.00762379
-0.00187655
1.08185e-11
2.16701e-12
-4.41727e-13
1.397e-15
8.2518e-16
4.84477e-15
1.06859e-08
6.70595e-09
-1.7479e-07
-0.0147652
6.17405e-10
6.91088e-10
0.926392
0.0472518
-1.9996e-13
0.000609363
1.00652
1.0016
1.0051
0.999788
1.00058
0.99964
0.999493
0.999871
0.999658
1
0.999934
1.00002
1.00003
1.00001
1.00002
1
1
0.999999
0.999998
0.999999
0.999998
1
1
1
1
1
1
1
1
1
1
1
1
1
1
1
1
1
1
1
1
1
1
1
1
1
1
1
1
1
1
1
1
1
1
1
1
1
1
1
1
1
1
1
1
1
1
1
1
1
1
1
1
1
1
1
0.461913
1
-6.69971e-06
2.61246e-05
-0.0252778
0.16663
2.29274e-15
0.000219425
1.35333e-14
-2.86616e-12
-5.50944e-14
2.35034e-05
2.777e-05
0.441637
-1.25939e-14
9.25585e-14
6.86375e-14
-2.24337e-13
-5.15563e-10
-0.0080929
-0.0229169
-2.5905e-13
2.8175e-07
-1.04585e-10
0.00386688
3.80467e-11
6.95667e-11
3.57691e-11
2.65226e-16
0.000193266
0.000256987
0.480209
1.42458e-15
1.16043e-15
0.980044
-8.83842e-16
2.69762e-15
-2.28936e-07
0.145562
-1.63431e-09
-1.29867e-09
1.66324e-09
-5.48397e-12
-2.49046e-12
0.380168
0.246873
4.66862e-12
-1.57901e-07
-2.11634e-07
1
1.0092
1.01154
1.00152
3.62898e-06
-8.48255e-06
1.77048e-05
0.000626616
0.000674523
0.811422
0.898621
0.516607
0.00133453
0.000409782
2.31029e-09
6.74488e-09
7.8741e-10
0.000269166
0.00058348
1.6252e-13
1.06604e-13
1
1
1
1
1
1
1
1
1
1
1
1
1
1
1
1
1
1
1
1
1
1
1
1
1
1
1
1
1
1
1
1
1
0.999998
0.999999
0.999999
0.999998
1
1
1
1
1.00001
1.00001
1.00003
1.00003
0.999913
0.999958
0.999858
0.999876
1
0.99993
1.00036
1.00018
1.00071
1.00048
1.00064
1.00054
1.00022
1.0005
0.997861
0.999255
0.99443
0.997612
0.990719
0.996049
0.980121
0.989701
0.952956
0.96907
0.90144
0.92556
0.817461
0.85444
0.701488
0.750711
0.430502
0.379452
0.553271
-1.25421e-14
-5.42189e-14
-2.30722e-14
-3.06014e-14
-0.0285386
-0.00447372
-2.96599e-07
3.22451e-06
-0.000191906
0.000173247
-1.68752e-08
3.34003e-15
-2.20234e-05
-1.43011e-05
-2.59653e-12
-3.40112e-12
-0.00673547
-0.000103069
-0.000133344
-8.73565e-10
-4.17841e-10
-0.0297086
3.01998e-11
2.29177e-11
-2.66128e-14
-2.20223e-12
-1.58389e-12
-8.08551e-15
0.227186
-1.52531e-16
-2.30385e-16
-4.55471e-07
8.02064e-05
3.26367e-05
1.05772e-06
9.21169e-07
-5.81522e-09
-0.00126084
0.0933593
3.78506e-11
-9.00026e-11
0.0727253
0.204496
2.80182e-13
-7.04307e-06
0.00132601
1.25222e-09
-7.77186e-11
1.70412e-15
-7.88671e-17
1.19115e-15
-7.69649e-08
-6.57632e-08
1
-1.25404e-11
3.29844e-11
0.0898452
0.017623
-4.33199e-08
-1.32996e-07
0.609802
0.000143365
0.000315527
9.11758e-05
-5.80673e-12
-1.35904e-11
2.83269e-12
2.52954e-12
-3.83134e-12
-0.00493101
-0.00382035
5.48342e-10
5.94984e-10
3.66847e-08
-7.36871e-08
4.16241e-15
4.73807e-15
-7.52425e-15
-1.27377e-05
-4.04009e-06
-0.00019609
2.58898e-13
-1.1728e-08
-9.56485e-09
3.71518e-13
4.77054e-16
-1.33987e-12
1.00315
1.00032
1.00206
0.999611
0.999788
0.999759
0.999524
0.999949
0.99981
1.00002
0.999991
1.00002
1.00003
1
1.00001
0.999999
1
0.999999
0.999998
1
0.999999
1
1
1
1
1
1
1
1
1
1
1
1
1
1
1
1
1
1
1
1
1
1
1
1
1
1
1
1
1
1
1
1
1
1
1
1
1
1
1
1
1
1
1
1
1
1
1
1
-5.20602e-14
0.000754893
-2.17178e-14
1.08861e-13
2.09627e-05
0.455687
-2.29445e-07
-0.0313054
-0.000178718
-0.000373861
0.000169748
0.132389
0.570083
0.288258
0.25517
0.415531
-9.14375e-15
-5.06866e-15
-0.00174186
-8.0018e-06
0.00144094
-0.00100925
0.000831225
0.00144175
-1.83751e-16
1
2.76719e-13
2.99743e-13
1
1
1
1
1
1
1
1
1
1
1
1
1
1
1
1
1
1
1
1
1
1
1
1
1
1
1
1
1
1
0.999998
0.999999
0.999999
0.999999
0.999999
0.999999
1
0.999998
1.00001
1.00001
1.00003
1.00003
0.999925
0.999965
0.999911
0.999926
1.00004
0.999991
1.00027
1.00014
1.00037
1.00019
1.0001
0.999983
0.999895
0.999996
0.998574
0.999547
0.998315
1.00038
0.998603
1.00261
0.99043
0.99833
0.963372
0.977222
0.909528
0.929717
0.832135
0.863932
0.722497
0.637294
0.77476
8.39073e-08
-1.24692e-08
8.5867e-07
-8.22708e-07
1.87897e-06
-2.52737e-15
-3.1118e-14
0.0221705
0.106591
3.30315e-06
-6.78752e-06
-0.00742323
-0.00937783
0.000421435
0.00071504
-0.0136715
-0.0289589
-3.47282e-10
6.30562e-09
3.55904e-06
-0.000146464
-1.854e-16
-3.32125e-16
-1.84316e-16
0.800147
-4.98021e-12
1.00668
7.64925e-14
1.05779e-13
1
1.00742
1.0082
-3.295e-10
-7.62336e-11
-0.0116582
6.98808e-08
1
4.42127e-11
-2.47426e-14
-5.66855e-08
-3.36688e-12
-3.73311e-12
0.000882305
1
1.01123
5.3229e-11
2.07785e-11
-0.00306925
-6.58663e-11
-4.17141e-09
0.000170291
0.000111068
1.32779e-06
5.62723e-10
-9.50684e-12
2.34014e-05
2.97203e-05
2.74111e-15
-0.00162016
-5.14302e-11
5.32645e-10
-2.32193e-07
-2.49433e-08
7.14089e-14
3.72841e-15
2.05326e-17
-0.0264642
2.03562e-15
4.06523e-09
-1.52902e-07
0.967021
0.990011
0.880757
-8.80609e-08
-1.222e-07
-6.3686e-13
0.406815
0.52581
0.186207
5.84226e-09
4.91979e-09
2.35598e-09
4.23962e-13
3.78614e-11
3.08722e-11
-5.05354e-11
-1.81272e-07
-2.29033e-07
5.82618e-14
-1.33108e-05
-1.8578e-05
2.56272e-12
0.000257582
0.000234589
3.16496e-06
4.27039e-11
6.53774e-11
-0.0291741
-1.33032e-09
-1.68898e-09
-0.00714446
-0.00703087
-0.000146105
-1.87121e-14
-5.34514e-14
2.68718e-09
3.37395e-10
3.22319e-15
4.01707e-15
-1.31357e-14
1.19756e-05
-7.65848e-09
-3.64446e-09
1.81112e-06
8.25549e-07
-0.000170461
3.94086e-15
0.00905461
0.000301447
0.00101189
6.36977e-13
1.24501e-11
-4.30991e-12
1.00543
7.55077e-08
8.82486e-08
1.00132
1.00409
0.999727
1.00042
0.999636
0.999493
0.999871
0.999672
1
0.999931
1.00002
1.00002
1.00001
1.00002
1
1.00001
0.999999
0.999999
0.999999
0.999999
1
1
1
1
1
1
1
1
1
1
1
1
1
1
1
1
1
1
1
1
1
1
1
1
1
1
1
1
1
1
1
1
1
1
1
1
1
1
1
1
1
1
1
1
1
1
1
2.15547e-13
0.000598221
1.00185
-1.87044e-14
-0.00479188
0.000429476
2.34072e-12
-1.30213e-09
-1.72571e-09
1.63075e-15
8.78579e-16
-7.4089e-13
-1.26211e-13
-7.98246e-08
-1.57552e-07
2.99015e-07
1.79857e-15
3.27413e-05
-6.04131e-05
0.000474646
0.0477369
-4.32978e-14
-8.36888e-15
-6.22285e-15
1.42802e-15
1.15719e-07
6.26656e-07
-5.3477e-08
5.84015e-14
6.99723e-15
1.64867e-09
0.0010772
-0.00366219
-0.0187291
0.0339402
1
1
-5.64276e-12
-8.05807e-12
1
1
1
1
1
1
1
1
1
1
1
1
1
1
1
1
1
1
1
1
1
1
1
1
1
1
1
1
0.999999
1
1
1
0.999998
0.999999
0.999998
0.999996
1.00001
1
1.00002
1.00002
0.999938
0.999972
0.999981
0.999991
1.00009
1.00006
1.00016
1.00008
0.999961
0.999847
0.999481
0.99936
0.999586
0.999537
0.999578
1.00016
1.00263
1.00411
1.00602
1.00912
0.997826
1.00501
0.966469
0.979353
0.905694
0.922298
0.827263
0.839107
-2.88747e-12
-2.60201e-12
-6.38721e-06
2.68689e-05
-0.00509821
-0.00953309
0.000881759
0.00106512
-0.0359395
-0.023162
1.17349e-08
-0.000215251
-0.000108622
1.00993
1.0101
1.89239e-12
-4.03636e-08
8.67649e-08
-2.36885e-08
1.35837e-13
6.84995e-09
0.00086198
1.18903e-08
7.73253e-08
1.01004
0.759163
2.15119e-11
-2.59141e-12
-5.33605e-12
-0.00202113
2.13229e-09
1.58809e-09
-5.90451e-09
4.97761e-11
1.00785e-06
-4.1545e-08
-1.44021e-11
2.28045e-13
-0.000344297
-1.90552e-07
8.12835e-08
-1.65877e-09
6.9318e-16
2.43859e-07
4.18705e-13
-2.18242e-14
0.97733
0.948336
-0.0200733
0.415644
0.507786
0.612168
-1.11545e-11
-1.32934e-05
-2.79234e-05
0.150298
0.176724
1.82855e-13
1.22013e-13
1.77363e-12
0.0315322
-0.0340308
-0.000184023
4.94711e-10
-1.34592e-09
3.79357e-11
3.20178e-06
-3.75415e-14
9.84552e-09
0.00943255
0.775529
0.856433
0.520652
2.01541e-13
0.120649
7.47936e-09
-4.9794e-12
2.98028e-11
0.347368
0.319671
0.485612
0.000297382
0.000351134
-2.47024e-05
-1.10646e-05
-1.58731e-10
9.66933e-05
-4.45572e-14
9.44409e-14
-1.4174e-06
-0.0052235
0.00113223
-0.00840622
-0.00933471
-1.21128e-07
-9.10195e-08
-0.0177747
-5.96047e-10
-5.71617e-10
0.000307756
0.000276426
-6.22524e-09
-6.8135e-06
-3.43631e-06
-2.37187e-14
-5.07279e-06
3.05601e-06
2.1473e-09
9.99621e-09
-5.68098e-11
2.46548e-11
-7.69515e-08
-1.24436e-07
1.00836
-7.69329e-06
0.0010163
1.00287
1.00695
1.00006
1.00149
0.999541
0.999561
0.999767
0.999516
0.999963
0.999843
1.00002
1
1.00002
1.00003
1
1.00001
0.999999
1
0.999999
0.999998
1
0.999999
1
1
1
1
1
1
1
1
1
1
1
1
1
1
1
1
1
1
1
1
1
1
1
1
1
1
1
1
1
1
1
1
1
1
1
1
1
1
1
1
1
1
1
6.37506e-09
-0.0269275
0.203942
0.00017319
1.41894e-09
2.04294e-09
-1.94191e-14
-2.48319e-14
-2.03963e-12
1.73183e-06
1.27134e-06
3.36691e-06
1.56453e-13
-1.9306e-07
-2.11247e-07
-0.000233954
2.7318e-13
3.55346e-13
0.696792
-9.58801e-12
-7.16155e-12
-6.97266e-12
-2.55078e-11
-1.54229e-11
-2.63185e-14
-3.17969e-14
-4.81296e-10
6.9684e-09
2.4007e-09
-0.00903033
-0.0237759
0.0844815
4.1338e-05
-6.55776e-06
-6.67252e-05
-0.000209011
0.000796575
0.00100503
-2.56904e-14
-3.79724e-14
1
1
1
1
1
1
1
1
1
1
1
1
1
1
1
1
1
1
1
1
1
1
1
1
1
1
1
1
1
1
1
1
0.999998
0.999999
0.999996
0.999995
1
0.999998
1.00002
1.00002
0.999955
0.999981
1.00006
1.00006
1.00013
1.00011
1.00002
0.999996
0.99948
0.99945
0.998849
0.998779
0.999498
0.999309
1.0012
1.00131
1.00811
1.00839
1.01369
1.01553
1.00314
1.00896
0.96513
0.97902
0.890927
0.914415
0.786185
0.805445
-3.52587e-12
-4.75848e-12
-2.83915e-10
-7.05587e-10
-1.79622e-10
-0.00384498
-0.00122037
9.77845e-05
-0.00711504
3.3408e-05
-4.36085e-05
0.00343602
-0.00547394
0.00110987
0.00045056
-0.00376589
0.0655576
6.21272e-05
0.000651868
0.988895
-3.33703e-08
-9.40467e-08
-1.65406e-08
2.20296e-07
-1.86895e-05
-2.79407e-05
-1.88489e-05
0.00117053
-3.80336e-10
7.78838e-08
-1.33931e-05
-8.13882e-09
-6.67079e-09
6.34758e-09
3.34269e-12
-2.47471e-12
-5.05799e-10
-0.0367751
-0.0381167
1.82889e-07
0.141512
-0.00865425
6.50553e-07
3.12721e-06
1.01093
-4.61186e-14
0.693208
-1.43599e-12
-2.20243e-13
-3.10546e-06
-3.73998e-06
-1.7818e-07
-2.11655e-05
0.0278305
4.69762e-07
2.15248e-13
-1.19142e-07
-1.73071e-07
1.5984e-09
4.25116e-10
0.000255706
-0.000274372
0.000526558
9.21869e-13
-1.83609e-09
1.10485e-09
-5.13348e-10
-7.69815e-10
6.57808e-09
-1.40618e-08
2.45515e-10
1.74521e-14
6.57443e-11
3.89299e-11
1.06984e-11
3.58489e-11
2.17408e-12
-0.0116574
0.0440114
0.398475
0.201112
0.202141
0.233184
1.01332
0.000210731
1.70427e-13
4.0368e-11
1.14172e-13
-1.25679e-14
-0.0083109
-0.0137785
9.08011e-07
7.17813e-07
2.42801e-13
1.92618e-13
9.70609e-13
0.943215
0.905741
-8.22855e-12
-1.0708e-11
0.000357631
0.000429946
3.0307e-05
-1.07708e-05
-2.78e-06
1.00546
4.85138e-13
3.68348e-13
0.37905
0.417544
3.04204e-05
-2.99952e-10
-6.46471e-11
1.00554
1.00098
1.00383
0.999559
1.00004
0.999625
0.999374
0.99989
0.999693
1.00001
0.999959
1.00002
1.00003
1.00001
1.00002
1
1
0.999998
0.999998
0.999999
0.999998
1
1
1
1
1
1
1
1
1
1
1
1
1
1
1
1
1
1
1
1
1
1
1
1
1
1
1
1
1
1
1
1
1
1
1
1
1
1
1
1
1
-1.32338e-07
3.39849e-07
-0.00802306
-0.00320816
-1.52911e-09
-8.6282e-08
0.296659
0.000950936
1.29077e-06
-2.76133e-14
-3.04335e-14
1.23981e-13
0.960607
-3.23252e-12
-1.9091e-07
-1.8662e-07
-1.74895e-07
-1.36636e-06
2.78766e-05
1.34968e-13
0.108714
-7.15132e-09
-7.7845e-09
-1.07062e-12
-4.42599e-13
3.1159e-10
-1.50281e-09
1.17799e-12
3.27125e-11
9.64906e-10
-2.58227e-10
1.03642e-08
5.19575e-09
0.0208152
-0.0325342
0.722887
0.786149
0.474099
0.000161444
3.70051e-05
0.591089
-0.000223397
-8.37235e-10
0.00109205
0.00105478
1.01355e-14
5.02952e-15
1
1
1
1
1
1
1
1
1
1
1
1
1
1
1
1
1
1
1
1
1
1
1
1
1
1
1
1
1
1
0.999998
0.999999
0.999995
0.999994
0.999999
0.999994
1.00001
1.00001
0.999979
0.999998
1.00015
1.00014
1.00013
1.00013
0.999813
0.999832
0.998974
0.998995
0.998411
0.998342
0.999908
0.999604
1.00361
1.00347
1.01384
1.01337
1.01874
1.01999
1.00133
1.00646
0.95518
0.96459
0.880856
0.903818
-1.04347e-12
-4.65348e-12
-0.0344043
-0.0350491
0.011133
-0.0141285
-0.0293676
-0.000106447
-0.00021402
0.0222844
0.00242452
-0.0016675
-0.0117789
8.56129e-14
7.51049e-14
1.00759
0.987439
0.130671
0.268399
0.000970913
0.00110064
0.569823
1.14957e-06
-1.45897e-07
1.74421e-06
-5.58268e-10
7.2101e-08
-1.78144e-05
3.40989e-07
-2.52875e-05
-0.00104685
-3.16213e-12
0.000315915
1.56297e-11
0.443015
0.481043
2.41377e-08
5.65883e-08
-0.0097382
1.58156e-11
7.90323e-12
3.29957e-10
-1.99771e-05
0.138454
0.335944
0.0776274
-1.08906e-11
-4.3961e-08
4.21578e-11
1.36061e-11
-0.000273617
0.000249317
1.34598e-09
-2.80421e-12
1.99486e-13
1.01194
7.70584e-12
-6.72548e-10
0.872111
0.820733
0.111827
-7.78872e-05
2.72561e-11
1.98027e-11
1.01534
2.53222e-13
9.2778e-10
4.14342e-09
-1.19384e-10
0.00114671
-0.00828852
0.000220163
0.760067
-7.00526e-08
-1.29605e-07
-5.7254e-08
1.30088e-06
-2.47101e-13
1.92473e-13
-8.44794e-12
-6.32713e-06
-2.59244e-05
0.000262823
0.000466895
0.000827853
3.36952e-06
-1.41902e-06
1.35313e-06
5.48222e-07
-1.65674e-07
-2.22836e-07
3.78834e-13
0.000117393
-2.63004e-08
-1.18171e-09
-6.19405e-09
-6.7403e-09
1.01175
2.4394e-13
4.26141e-11
6.03018e-11
5.82498e-08
1.99081e-11
3.29047e-13
0.000102348
4.55678e-05
1.00272
0.999805
1.00106
0.999435
0.99927
0.999748
0.99943
0.999976
0.999851
1.00003
1.00002
1.00002
1.00004
1
1.00001
0.999998
1
0.999999
0.999997
1
0.999999
1
1
1
1
1
1
1
1
1
1
1
1
1
1
1
1
1
1
1
1
1
1
1
1
1
1
1
1
1
1
1
1
1
1
1
1
1
2.15655e-10
1.75401e-10
-0.00202083
-0.00453106
0.000272812
-0.0100082
-0.00525976
2.07566e-13
-1.94694e-05
-7.59312e-06
0.00114848
-2.15143e-13
3.09631e-13
-0.0366711
0.000425572
0.00102024
1.61406e-08
1.64038e-13
1.95436e-05
-2.00001e-12
-1.42097e-12
-1.90221e-09
-1.52464e-09
1.03432e-09
8.39093e-12
3.44408e-12
3.45889e-11
0.196764
0.655631
-3.44688e-12
-4.53411e-12
0.812933
0.992798
3.40053e-08
0.000361134
-0.00362508
1.0098e-06
3.2361e-06
1
1
1.01298
1.00739
1
1
1
1
1
1
1
1
1
1
1
1
1
1
1
1
1
1
1
1
1
1
1
1
1
1
0.999997
0.999998
0.999993
0.999993
0.999994
0.99999
1.00001
1.00001
1.00002
1.00003
1.00023
1.00021
1.00007
1.0001
0.999522
0.999591
0.998424
0.998517
0.998202
0.998116
1.00103
1.00055
1.00723
1.00656
1.02012
1.01891
1.0204
1.02193
0.990592
0.99684
0.92831
0.936129
5.47056e-12
-1.38813e-12
-0.000181449
0.000300671
0.0718793
0.0410178
-0.0202282
-0.0339501
0.00106433
0.000572167
2.06486e-13
1.00914
1.01584
-6.07011e-10
-2.39775e-10
1.3591e-13
2.30517e-08
2.72179e-13
1.33213e-07
-3.82779e-06
1.60542e-06
-0.0105195
1.00733
3.09876e-11
2.44605e-11
1.26664e-06
8.78484e-12
-0.0174372
0.000415984
-1.7788e-07
-1.66186e-07
0.558125
8.51019e-09
7.36367e-09
0.708988
-2.16775e-05
0.00111252
-0.0266801
-0.0236912
2.44637e-08
-0.000116477
-0.00014884
-1.07171e-07
1.83077e-09
-0.00116949
-0.000344827
0.608871
3.0022e-05
-8.83876e-06
0.0105287
-0.0047783
-9.88574e-08
4.16796e-11
4.33352e-11
3.09554e-09
8.017e-09
1.7312e-09
0.595367
0.642154
0.359034
1.3554e-09
-7.9934e-08
0.697398
0.778436
-0.00018776
1.72187e-11
0.849517
6.41831e-10
-1.15564e-07
0.059571
0.0461377
0.1767
7.16208e-12
6.6405e-11
-9.12405e-12
1.17303e-11
-9.92868e-13
-6.56551e-12
-2.97968e-08
-9.91686e-08
6.96013e-07
2.20821e-13
0.911601
0.382822
-2.13447e-07
-2.69355e-07
-3.29121e-05
0.000436691
3.14516e-08
1.97002e-05
3.04951e-07
-3.49461e-13
0.766558
-2.72645e-06
-1.72922e-08
0.946465
-3.66484e-09
-3.84377e-09
-8.41504e-08
-1.39814e-07
2.0398e-10
-4.68338e-10
0.852117
0.537641
0.35877
-1.59643e-09
-1.85138e-09
1.01314
1.97926e-06
1.02643e-06
-0.0268902
1.00086
0.999447
0.999897
0.999557
0.99922
0.999874
0.999617
1.00001
0.999944
1.00003
1.00004
1.00001
1.00003
1
1.00001
0.999998
0.999998
0.999999
0.999998
1
0.999999
1
1
1
1
1
1
1
1
1
1
1
1
1
1
1
1
1
1
1
1
1
1
1
1
1
1
1
1
1
1
1
0.175404
1
-7.70177e-13
-0.00387183
0.676297
0.00129272
0.448532
0.206969
4.17162e-08
3.29699e-08
3.16296e-08
0.48268
0.181363
0.655316
-2.41706e-12
1.29829e-09
-9.64425e-05
0.777235
-2.87936e-05
-1.42316e-05
1.00585
1.00404
1.01324
-1.63564e-12
-3.86505e-12
0.000210062
0.000445645
0.000144303
-0.000184799
-0.000123158
-0.00853655
-0.0234919
-6.78688e-08
-1.96422e-08
6.71812e-12
5.90341e-11
0.670128
0.654762
0.779267
3.61276e-06
2.74061e-09
4.23443e-11
1.01561e-11
0.842991
0.699429
3.49426e-11
0.958931
0.877531
1
0.120832
1
1
1
1
1
1
1
1
1
1
1
1
1
1
1
1
1
1
1
1
1
1
1
1
0.999996
0.999998
0.999991
0.999992
0.99999
0.999987
1.00002
1.00001
1.00007
1.00006
1.0003
1.00027
0.999914
0.999983
0.999154
0.999285
0.997942
0.998087
0.998482
0.998291
1.0031
1.0022
1.01186
1.01066
1.02556
1.02384
1.01821
1.0214
0.972984
0.987638
0.883814
1.72374e-11
8.03163e-12
2.37942e-07
3.38855e-08
0.000659889
0.00117732
-0.000732716
-0.00688488
1.00822
1.01758
0.984551
-1.25053e-10
-2.47914e-12
0.323115
0.408394
0.115642
-8.57767e-06
4.26779e-11
4.73015e-11
-0.0359124
-0.037536
0.0565513
-0.0125687
0.408364
-1.38306e-07
-1.06699e-07
-2.54652e-12
-4.3056e-12
3.52171e-11
-0.00860766
0.000870005
-1.97824e-08
-1.76097e-10
8.26984e-07
2.91188e-08
4.96135e-09
-5.02366e-06
-1.53605e-07
-0.00255742
-0.00130011
0.000393422
2.44516e-09
-8.12235e-10
-4.43845e-10
0.000493446
-1.06788e-05
0.00010515
0.0355906
0.00841865
3.60412e-11
5.87004e-11
5.8317e-09
-0.00783295
3.66429e-09
-0.000297066
-1.80849e-09
-1.58737e-09
1.79093e-09
-1.27878e-09
1.14245e-11
0.27684
0.446958
2.87143e-11
2.3554e-11
2.93704e-11
1.46561e-06
3.42884e-06
-0.000920105
-7.573e-05
3.09139e-06
-0.000150877
7.44804e-09
8.62262e-09
-0.012539
-0.00520615
-2.56386e-07
-3.08273e-07
0.0009855
-1.00186e-07
-1.02924e-07
4.7736e-05
-8.75682e-06
-8.86731e-08
8.20248e-06
1.35571e-07
5.31144e-08
1.13808e-06
0.999869
0.999424
0.999339
0.999729
0.999414
0.999966
0.999817
1.00003
1.00002
1.00002
1.00004
1
1.00002
0.999998
1
0.999998
0.999997
1
0.999999
1
1
1
1
1
1
1
1
1
1
1
1
1
1
1
1
1
1
1
1
1
1
1
1
1
1
1
1
4.70279e-05
-0.0157691
6.00993e-09
1.0489e-08
-0.00640065
0.337296
0.513698
0.163072
0.000577085
0.000349585
4.66673e-08
3.87447e-08
5.63523e-10
0.108986
0.0838334
0.246499
2.3488e-09
2.29655e-10
-0.0322401
-3.37911e-09
-9.3092e-11
-3.69901e-10
-7.27178e-12
-0.00252093
0.755672
0.00029779
-2.54216e-11
-1.46338e-11
-9.1134e-11
0.700363
-8.78986e-13
1
1
1
1
1
1
1
1
1
1
1
1
1
1
1
1
1
1
1
1
1
1
1
0.999996
0.999997
0.99999
0.999991
0.999989
0.999986
1.00003
1.00002
1.00012
1.00011
1.00031
1.00028
0.999672
0.999806
0.998761
0.998942
0.99769
0.997818
0.999399
0.998987
1.00596
1.00468
1.0167
1.01473
1.02912
1.02694
1.0113
1.01403
3.06373e-11
6.47172e-07
3.95318e-07
0.00130138
-0.0133278
-0.0287219
0.000382027
0.000579818
-0.00184015
-2.16617e-05
-2.87975e-05
-2.14841e-05
0.000907365
0.000738978
0.00123111
0.504595
-5.93553e-08
-1.96814e-09
-0.0113647
0.898811
0.022913
-1.56217e-09
0.00405661
2.88757e-07
3.74013e-06
4.7809e-08
0.855668
3.45767e-11
6.33499e-11
-1.18279e-07
-4.99918e-08
1.44244e-06
0.111869
-1.62838e-05
-0.00504313
-0.00354704
-6.93549e-08
3.36869e-09
0.0844745
0.0494765
1.01342
-9.79883e-12
4.76484e-11
1.0014
1.00275
1.15825e-06
9.60162e-07
6.2673e-09
1.59289e-06
-0.0331047
0.000476091
-3.34685e-10
-1.35334e-09
3.64991e-09
2.12695e-09
-8.3339e-11
-2.40576e-10
-0.0111878
1.79167e-11
1
1
0.961704
0.572181
0.705777
1.56317e-06
-2.43893e-05
-3.06096e-05
1.2082e-11
-6.82998e-11
-2.97795e-09
-3.18521e-08
6.83238e-09
1.00914
1.01603
0.905335
0.000112854
0.000550173
0.897912
0.742282
-0.00246464
-0.00113399
0.990407
1.00669
0.934043
-0.000202363
-9.6867e-06
5.51394e-09
1.04248e-08
-0.0329325
0.00048033
0.000217726
-2.7509e-07
-3.16196e-07
1.00765
0.0114358
0.979365
1.00522
-5.66592e-10
-5.47181e-10
-0.00833133
2.78043e-09
1.00076
1.00364
0.135006
0.163906
0.999434
0.999878
0.999554
0.99925
0.999873
0.999624
1.00002
0.999947
1.00003
1.00004
1.00001
1.00003
1
1.00001
0.999998
0.999998
0.999999
0.999998
1
0.999999
1
1
1
1
1
1
1
1
1
1
1
1
1
1
1
1
1
1
1
1
1
1
1
1
1
7.40683e-08
-7.52322e-08
1
0.874794
0.803425
0.936869
-0.0205289
1.00953
2.61165e-05
-1.29116e-05
0.290108
-1.24285e-05
-3.29664e-06
-0.0109345
-1.70482e-05
-0.000171717
-0.0354839
-0.0224207
4.42985e-08
3.85377e-08
-4.22985e-08
5.59043e-09
1.66425e-09
4.56189e-11
3.53253e-11
-1.95086e-12
1.33971e-06
2.03942e-06
-0.0185576
-0.0321591
1.01142
1.01082
1.01432
1
1
1
1
1
1
1
1
1
1
1
1
1
1
1
1
1
1
1
1
0.999995
0.999997
0.999991
0.999991
0.999992
0.999988
1.00005
1.00004
1.00016
1.00014
1.00026
1.00025
0.999344
0.999532
0.998428
0.998619
0.99775
0.997792
1.00104
1.00033
1.00953
1.00797
1.0208
1.0187
1.02755
1.02533
0.992826
0.996168
-0.000643525
0.238523
-0.0121964
1.97248e-06
3.53624e-06
2.24291e-07
3.58929e-07
5.32333e-09
0.936718
0.990509
0.969979
1
0.0248765
-0.00825165
-0.00669612
-1.72463e-11
5.42641e-11
0.000139909
6.62839e-08
1.54952e-07
7.39331e-07
-2.3919e-07
0.00117292
-1.26452e-10
-2.04095e-11
0.00024031
3.59637e-08
7.40581e-09
1.55769e-06
1.68495e-06
-2.49071e-10
-6.15759e-10
-1.52782e-10
0.0632111
5.91945e-09
3.30195e-08
-4.40819e-10
-9.8332e-10
-9.39222e-10
4.20963e-09
-2.93333e-07
0.0480615
0.000169252
0.000485585
-1.35124e-05
-1.55723e-10
-3.3777e-10
-0.00498534
-0.0155953
-2.15589e-08
-5.43994e-09
0.00113988
0.000956355
0.00117835
-0.00482636
-0.0031479
0.131047
0.0890693
-3.9262e-09
6.02293e-09
0.354296
0.319518
0.530685
-3.13882e-06
-1.12991e-05
0.193381
0.22665
-3.24413e-05
-2.33195e-05
4.24096e-09
0.879936
1.00874
1.00243
1.00692
0.999701
1.00095
0.999386
0.999218
0.999724
0.999388
0.999969
0.999817
1.00003
1.00002
1.00002
1.00004
1
1.00002
0.999998
1
0.999998
0.999997
1
0.999999
1
1
1
1
1
1
1
1
1
1
1
1
1
1
1
1
1
1
1
1
9.53866e-05
3.80569e-05
0.00435719
5.06691e-07
-4.44208e-05
-0.000441438
-0.00171174
-0.00387642
-0.000201908
0.00014097
-8.37555e-08
-7.07534e-08
-0.0139241
0.00440276
-1.24665e-07
-1.05827e-10
-0.0336682
-0.000229377
8.79798e-09
2.42507e-07
3.72367e-07
0.780991
-1.47898e-07
1
1
1
1
1
1
1
1
1
1
1
1
1
1
1
0.999999
0.999999
0.999995
0.999997
0.999992
0.999993
0.999998
0.999995
1.00008
1.00006
1.00019
1.00016
1.00015
1.00016
0.998981
0.999226
0.998223
0.998413
0.998123
0.998119
1.0032
1.00187
1.01341
1.01118
1.02359
1.02135
1.01956
1.0201
0.962433
0.972126
5.83601e-09
1.69871e-06
0.346474
0.622718
0.833725
0.88118
0.684939
4.15414e-10
3.86975e-09
-3.92036e-10
-2.72672e-07
-2.20592e-07
-9.0415e-08
0.267512
-1.7672e-07
-2.08149e-07
0.000350958
3.25497e-06
-2.02777e-06
1.5609e-06
0.886167
0.000287941
-4.18424e-05
-0.000179514
0.000204599
1
-0.0103095
-0.011471
-0.0106715
1.2734e-06
4.98083e-09
-1.53056e-10
-3.11059e-10
-2.02548e-10
4.64557e-07
6.12568e-07
0.47685
-8.63226e-06
-4.78156e-06
0.000478159
-0.00670087
-0.00808767
0.304602
-0.00767234
0.000621074
0.106403
0.122299
7.18218e-09
-4.60799e-10
-7.6647e-10
-4.12739e-10
0.0664724
-2.21306e-05
1.7285e-08
-1.40573e-07
1.44913e-06
2.12822e-06
6.70848e-08
1.00402
-6.09543e-11
5.91094e-09
-4.01629e-10
-1.84989e-10
1
1.01541
1.01414
-0.0233254
-0.0203341
-0.0316184
-5.10882e-08
-3.36521e-08
0.00078499
-0.00122876
0.00128921
0.00113447
0.00088316
0.22091
0.174747
6.23091e-09
5.41043e-09
1.85907e-08
-2.1792e-08
-6.74669e-09
0.665993
4.86005e-07
6.34087e-07
1
-0.00592733
-0.00198228
0.000126831
1.78578e-05
0.277146
0.978469
0.951112
1.00491
0.0358867
1.00053
1.00326
0.999383
0.99972
0.999575
0.999247
0.999889
0.999657
1.00002
0.999961
1.00003
1.00004
1.00001
1.00003
1
1.00001
0.999998
0.999998
0.999999
0.999998
1
0.999999
1
1
1
1
1
1
1
1
1
1
1
1
1
1
1
1
1
9.75621e-09
1.06944e-06
0.627688
-5.0367e-10
-4.68905e-10
-2.82807e-10
0.437174
7.54591e-07
9.02461e-07
-1.645e-05
0.456599
-1.0287e-07
-8.65201e-08
-1.19591e-07
0.432493
0.803209
0.877272
0.559652
0.0416717
-2.69325e-05
-1.94362e-05
-3.20088e-05
0.000479894
0.000458639
8.80807e-09
1
1
0.419474
1
1
1
1
1
1
1
1
1
1
1
1
0.999997
0.999998
0.999995
0.999997
0.999996
0.999997
1.00001
1.00001
1.00011
1.00009
1.00017
1.00015
0.999932
0.999952
0.998594
0.998851
0.998278
0.998416
0.99913
0.999061
1.00591
1.00465
1.01635
1.01423
1.02292
1.0208
1.00385
1.00709
0.924468
0.932965
-3.16149e-06
-1.22507e-05
-1.53414e-07
-0.015964
2.38007e-06
1.99413e-06
3.15869e-06
0.381817
0.499253
-7.62268e-08
1.01371
7.62721e-07
9.6512e-07
-5.55273e-10
-6.93721e-10
0.000527746
-0.000164831
0.000361504
-0.000287044
0.128616
3.25228e-07
1.60597e-06
-0.013472
-0.0144674
-8.26219e-08
-7.11554e-08
0.172818
0.202327
0.341204
0.533558
0.289265
-0.0118349
0.000289449
-0.000741117
0.000640461
0.906247
-4.67663e-08
0.00134828
-9.04916e-06
-3.1901e-05
0.831769
-2.17802e-07
-1.08723e-07
2.80648e-07
1.81982e-06
3.82759e-09
3.59089e-09
1.01162
1.01238
0.721183
9.98822e-10
7.10572e-09
-0.010565
0.556302
0.576792
0.862376
-0.0270742
0.0267824
0.00076635
0.00124397
0.981158
0.92895
-0.00350095
-0.00984845
2.5341e-09
5.95959e-09
2.91152e-10
1.00616e-06
1.17648e-06
0.655429
0.000620495
0.000338902
-0.0119362
-0.0160637
0.401242
-3.15266e-08
-3.13652e-09
0.0876916
8.01434e-08
-7.91464e-08
1.00173
0.999604
1.00064
0.999431
0.999252
0.999759
0.999442
0.999977
0.999838
1.00003
1.00002
1.00002
1.00004
1
1.00002
0.999998
1
0.999998
0.999997
1
0.999998
1
1
1
1
1
1
1
1
1
1
1
1
1
1
1
1.65646e-06
6.79083e-07
-0.0124204
2.28401e-06
2.65775e-06
0.000411367
0.000130936
0.770035
1.01328
0.53441
-0.0242724
-0.0275042
1
1
1.01787
-0.00932724
-0.00389188
1.01195
1
1
1
1
1
1
1
1
1
1
0.999996
0.999997
0.999997
0.999998
1
1
1.00003
1.00003
1.00013
1.00011
1.0001
1.00008
0.999604
0.999661
0.998221
0.998491
0.998736
0.998784
1.00091
1.00074
1.0096
1.00809
1.01887
1.01689
1.01742
1.01801
0.976646
0.979242
0.740171
0.279127
0.472314
-6.52456e-09
-6.15085e-10
-1.80392e-07
0.0202866
0.997624
-2.53327e-10
-7.58945e-10
-0.00652444
-0.000149674
-1.39155e-07
0.763882
-8.03548e-05
0.000597013
5.5292e-09
-6.71176e-08
1.00161
-0.0284753
1.00725
-9.90345e-08
-1.07615e-07
1.5374e-06
-0.00267232
3.8393e-10
0.738593
5.00226e-09
6.49587e-09
1.30575e-07
1.01144
-0.000264896
-0.00233333
0.000359955
-2.1442e-09
0.70465
0.460538
-0.0293575
-1.82169e-05
1.00559
0.000592156
-0.000829491
8.38209e-05
0.000270407
2.73809e-05
-2.35268e-06
2.87261e-07
2.34426e-06
2.63397e-06
8.46237e-09
-1.88263e-09
-8.91302e-08
-1.19961e-07
1.01362
0.0830909
0.234105
0.957663
0.92776
0.881635
-8.44176e-06
-4.39853e-06
0.00120477
-0.000416164
2.01922e-06
2.28034e-06
-6.67108e-06
-6.25071e-05
0.820437
-0.0155092
-0.0265401
-4.68321e-10
1.19393e-06
1.34374e-06
0.000390993
-0.0147561
-0.0127698
1.0464e-06
1.25931e-06
-0.00132135
-0.00036434
0.387795
0.20309
0.827453
2.13036e-08
4.00141e-07
-9.37203e-08
0.728687
1.85481e-09
0.0492095
0.147492
0.0201104
1.0133
-0.00632605
-0.00459309
-0.0150856
-0.0197762
0.0576171
1.00019
0.999395
0.999584
0.999612
0.999309
0.999903
0.999692
1.00002
0.999968
1.00003
1.00004
1.00001
1.00003
1
1.00001
0.999998
0.999998
0.999999
0.999998
1
0.999999
1
1
1
1
1
1
1
1
1
1
1
-1.76761e-08
-3.39681e-08
2.02623e-06
1.08698e-06
-0.0056437
-0.00451528
-0.0132217
9.1489e-10
0.818346
1.00967
1.015
0.896368
-2.36782e-05
0.736095
8.30128e-10
1
1
1
1
1
1
1
1
0.999999
0.999999
0.999995
0.999996
1
1
1.00001
1.00001
1.00005
1.00004
1.00012
1.0001
0.999939
0.999934
0.999205
0.999321
0.998003
0.99829
0.999822
0.999717
1.00359
1.00318
1.01384
1.01213
1.02028
1.01859
1.01138
1.01559
-3.47157e-05
9.32841e-06
-2.19718e-05
0.605893
0.000661187
0.000473081
-5.5435e-08
-1.54219e-08
1.00356
1.0084
0.841673
1.19804e-06
1.26544e-06
2.06224e-07
2.19409e-08
-9.71291e-05
0.0875564
-0.0125938
-4.97466e-08
1.00221
-0.00288745
0.993516
1.00751
0.940191
0.878479
8.24931e-07
3.97547e-09
4.52953e-09
6.93126e-09
-5.04329e-05
0.0507072
0.00424132
0.000179596
0.000435476
0.000107345
-7.4812e-05
0.767038
0.599717
0.00485839
-7.7575e-08
-6.38768e-09
-5.73651e-07
0.0010149
0.00117617
1.48694e-06
-5.8312e-08
-1.13725e-07
-1.52026e-05
-1.08167e-05
0.348079
0.542241
5.1642e-08
-1.76242e-05
-0.00833909
0.946004
-2.21858e-05
-2.72827e-05
-2.35048e-07
-0.0023117
-0.00713617
-0.0279461
-0.00206619
1.97851e-06
2.07909e-06
-6.41722e-06
-2.62379e-06
-0.00164963
-5.0239e-05
8.21643e-09
4.01013e-07
1.28201e-06
3.82943e-05
0.000817819
-0.00880192
-0.00728412
-1.76227e-07
0.130342
0.101115
0.296923
1.00112
0.999536
1.00028
0.999477
0.999282
0.999785
0.999501
0.999981
0.999854
1.00003
1.00002
1.00002
1.00004
1
1.00002
0.999998
1
0.999998
0.999997
0.999999
0.999998
1
1
1
1
1
1
1
1
1
8.13216e-07
-0.0190645
-0.016939
-0.0265801
0.985419
0.288061
0.225981
2.07849e-06
1.44681e-06
0.870739
1.01144
0.99959
-1.99437e-07
-4.75332e-08
9.43553e-07
8.5853e-07
0.541504
-1.93634e-08
-1.38738e-05
1
1
1
1
1
1
0.999998
0.999999
0.999996
0.999996
1.00001
1.00001
1.00003
1.00002
1.00007
1.00006
1.00008
1.00006
0.999679
0.999716
0.998814
0.99897
0.998229
0.998529
1.00175
1.0014
1.00698
1.00629
1.01791
1.01584
1.01838
1.01778
-1.97836e-07
1.67717e-09
-9.91303e-09
5.93319e-09
1.01176
1.01455
-8.01432e-08
-7.4871e-08
4.68745e-07
1.28997e-06
1.81853e-07
-0.0112273
-1.1909e-06
-0.0132099
0.188152
0.97655
1.00569
1.00419
1.01099
0.338375
2.85677e-07
-3.48083e-06
0.780278
-2.44845e-08
0.665984
-0.0103635
-0.00503521
0.950365
-3.06959e-08
1.59049e-06
-0.00880671
0.000295704
0.264643
0.120573
-3.06393e-05
-0.0147845
0.000766349
-0.00178299
1.00019
-2.21448e-05
-1.872e-05
0.667943
0.826044
9.85103e-07
7.80744e-07
0.927355
0.869073
-0.0115181
0.0335643
0.149668
-2.97445e-06
-4.70666e-06
-2.8222e-05
-2.26668e-05
-6.29925e-05
-1.29673e-05
-8.4055e-06
0.000530667
0.000458162
0.000577214
3.49829e-07
7.81937e-08
0.000220619
6.17687e-05
-0.0198135
-0.0222008
-7.14259e-05
1.31444e-06
1.61289e-06
4.04978e-07
1.00271
0.999967
1.0015
0.999398
0.999474
0.999645
0.999357
0.999913
0.999725
1.00002
0.999973
1.00003
1.00004
1.00001
1.00003
1
1.00001
0.999998
0.999998
0.999999
0.999998
1
0.999999
1
1
1
1
1
-0.0233531
-0.0236821
0.0193939
7.21616e-07
6.14594e-07
1.43398e-06
0.000200118
0.418289
0.361246
0.60754
-8.03313e-07
-1.44837e-06
-5.32379e-08
-2.25653e-05
-3.53384e-05
0.570564
0.00120413
0.00102182
0.000826403
0.967891
1
1
0.999999
0.999999
0.999998
0.999998
0.999997
0.999998
1.00002
1.00001
1.00004
1.00003
1.00006
1.00005
0.999966
0.99997
0.999352
0.999442
0.998561
0.99874
0.999145
0.999136
1.00469
1.00401
1.0105
1.00946
1.02007
1.01825
0.671142
-0.0111866
-0.0151103
1.0082
0.989854
1.17092e-06
1.16503e-06
-1.17168e-06
1.0144
1.01544
1.12875e-05
0.485269
-0.0099402
-0.0035829
-0.000900937
0.0776623
0.0181797
1.46296e-06
1.09738e-06
-8.97006e-07
8.3986e-07
0.998755
0.98388
-0.0144545
-0.00431005
0.00155393
-0.0210107
-0.0226953
1.01172
-4.99721e-06
0.000436377
-3.76348e-05
-6.29701e-05
0.251209
0.431572
-2.72061e-05
-2.86616e-05
0.916069
-7.5377e-06
-9.99189e-06
0.586383
0.370003
1.0069
1.00856
0.85759
0.910342
0.668479
-0.00598251
-2.04683e-05
-1.66914e-05
0.000457037
-9.26679e-05
0.00065499
-0.0137399
-0.0133782
-2.85123e-06
-4.40759e-06
-4.26582e-05
0.000149547
-5.27001e-06
-7.48909e-06
-1.41328e-06
-2.82099e-05
1.00069
0.999444
0.999918
0.999499
0.999258
0.999816
0.99955
0.999993
0.999891
1.00003
1.00003
1.00002
1.00004
1
1.00002
0.999998
1
0.999998
0.999997
1
0.999998
0.723696
0.662241
0.86705
0.000386954
0.000149636
-1.37929e-06
-0.0127689
-3.09388e-05
0.0383787
0.0165615
0.999998
0.999998
0.999998
1
1
1.00003
1.00002
1.00004
1.00004
1.00003
1.00003
0.9998
0.99983
0.999043
0.99919
0.998602
0.998757
1.00061
1.0003
1.00796
1.00671
1.01393
1.01267
1.02084
1.02005
-1.32438e-05
-1.64361e-05
0.920023
1.88038e-06
1.07261e-06
0.156875
1.01464
1.00319
1.00474
1.00869
-0.00342613
-0.00652624
0.772084
-0.0167493
8.16313e-05
-0.0122748
-0.0111749
-4.57389e-06
0.30163
-0.0138667
-0.00796824
-4.35245e-05
-3.75118e-05
-4.26595e-05
-2.00264e-05
0.00943287
0.0806594
0.0546642
0.558119
0.715762
0.999999
-2.6175e-05
-3.60846e-05
-1.11476e-05
0.112263
1
0.0734353
0.0579547
0.214871
-2.56782e-05
-2.65218e-05
0.994354
0.949441
0.803964
0.772312
-9.9166e-06
0.000164063
0.00132723
0.000235723
2.22408e-06
-1.88811e-05
-2.31076e-05
0.000399627
0.00116889
0.99476
0.934028
1.00799
1.01006
1.01146
-0.0198167
-0.020562
0.000610166
0.000553713
4.49409e-05
-4.79526e-06
1.01449
1.008
0.883278
-0.0150259
0.99975
0.999397
0.999363
0.999674
0.999372
0.99993
0.999746
1.00003
0.999982
1.00003
1.00004
1.00001
1.00003
1
1.00001
0.999998
0.999998
0.999998
1
0.000276578
0.000568071
0.000191496
-2.30755e-05
-2.73952e-05
-1.14607e-06
-8.5097e-06
1.96016e-07
-0.00499075
-0.0131116
0.199715
0.171017
0.999998
1.00749
-2.49308e-05
1.00001
1.00003
1.00003
1.00003
1.00003
0.99996
0.999971
0.999592
0.999649
0.998847
0.998997
0.999153
0.999256
1.00274
1.00224
1.01114
1.00958
1.01554
1.01443
1.01908
1.01491
-0.00230115
-0.00105842
-0.00115872
-0.00532525
1.00209
1.00593
1.001
0.0032637
0.0102757
-5.39648e-06
-0.0179377
1.01716
-2.46071e-05
0.435721
0.0372472
-0.00630528
1
9.65916e-06
0.000299988
-8.76917e-06
-3.2416e-05
0.808821
-2.89217e-05
1.01375
1.01394
0.384246
-0.000664318
0.332992
0.505387
-2.54303e-05
0.994281
0.85151
-0.00443294
-0.00310203
0.167539
0.129251
-0.00887073
0.945567
0.912913
0.647953
0.699436
0.435297
0.00123654
-0.000670539
-0.0143863
-0.0139429
-2.56287e-05
0.969707
0.893585
-3.09145e-05
-2.55973e-05
1.01035
1.01677
0.990659
1.00404
0.999397
0.999535
0.999277
0.999839
0.999602
0.999999
0.999908
1.00003
1.00003
1.00002
1.00004
1.00004
-0.0164481
-4.31937e-05
-0.00756933
-0.0113781
-0.0110763
-0.016562
-0.0100798
5.31603e-06
0.299933
-1.64314e-05
0.129571
0.103931
0.296632
-5.16027e-06
2.65497e-05
5.72212e-05
0.000109149
0.000529068
-2.85012e-06
4.74813e-05
2.46544e-05
0.956791
1.00705
0.622848
1.00001
1.00002
0.999865
0.999898
0.999385
0.999489
0.998821
0.998969
1.00035
1.00014
1.00581
1.00519
1.01389
1.01236
1.01511
1.00874
1.01467
-5.75606e-06
0.000125958
6.11115e-05
-3.8902e-05
0.0162214
-0.00751857
0.76953
0.645131
0.885385
1.00041
1.00257
-1.17428e-05
-3.10375e-05
0.300527
0.999739
1.00003
1.00001
0.0573537
-0.00278139
-0.000971771
0.000417634
0.000702922
0.000356042
-0.00735801
0.000576221
0.00110816
-0.00593376
-0.00211726
0.505847
-6.56805e-06
1.00913
1.01068
0.563285
0.220859
0.446843
0.151712
9.09893e-05
6.26974e-05
0.000466654
-0.0169294
-0.00384585
0.778864
0.0264936
0.0398972
1.00002
1.01646
1.01497
0.00013775
0.999413
0.999716
0.999429
0.999942
0.999786
1.00002
1.00004
0.999981
0.032865
-0.010008
0.999965
0.999964
-0.00211639
-0.00479517
0.0610977
0.0779166
-0.0129169
-0.0142713
-0.0130244
1.00144
0.831263
0.999748
0.999789
0.999253
0.999349
0.999208
0.999295
1.00219
1.00184
1.00933
1.00843
1.01722
1.0152
0.000233665
0.999562
1.00043
1.01368
0.0724523
0.00024158
0.000548881
0.000527142
-0.0106501
0.936641
0.985986
1.0115
1.00048
0.000857026
-0.0136264
-0.0160989
0.999266
0.12727
1.01226
0.615431
-0.013218
-0.0154108
0.00025755
-0.000934639
0.000671503
0.735529
0.535939
0.431091
0.000372166
0.222608
0.429868
0.164832
0.885974
0.000193427
0.197309
0.168824
0.395793
1.00647
0.000217043
0.000155395
1.00474
1.01277
1.01794
1.01322
0.000257186
2.49375e-05
0.00028939
0.0203365
0.108245
0.000343218
-0.00974889
-0.00445975
0.964253
0.989238
0.999346
0.000348349
0.99958
0.99929
0.999856
0.999868
0.999637
0.283992
0.777672
-0.00393892
0.227249
0.343349
0.273698
-0.00885651
0.000727242
0.000874615
0.9992
0.999959
0.999785
1.00467
1.00376
1.01295
1.01119
1.0171
1.01627
1.00947
0.000619136
0.0574164
0.0186382
0.000670872
1.00305
1.00777
0.999612
0.999288
0.99967
0.000610112
0.968889
0.00066094
0.000602502
0.000626173
0.754426
0.545524
0.866351
0.999484
1.00003
-0.0124514
0.0152264
0.000765065
-0.00727742
-0.0122782
0.000563631
0.21251
0.000175593
1.00173
1.0058
0.42415
-0.0133943
0.000600084
0.900799
0.786855
0.000508047
0.133343
1.01529
1.00013
0.200024
0.38721
1.01594
1.0152
-0.00284821
-0.000395508
-0.000363364
1.0119
0.00672602
-0.00912917
0.999397
0.982874
0.999518
-0.013797
-0.00752915
0.000309033
-0.000122168
0.587406
0.500177
0.366611
-0.0150032
0.00036289
1.00701
1.01469
1.01296
1.01267
1.01206
0.991967
0.930978
0.14708
-0.000965827
-0.000761324
-0.00617226
0.999863
0.966026
0.00397014
1.00504
1.01061
0.0693443
-0.00217622
0.0461866
1.00013
1.00093
0.0565413
0.180959
0.999331
0.490501
-0.0147206
-0.0122596
0.544041
0.653533
0.624102
-0.00149859
-0.00357384
-0.00307772
0.736383
0.693075
0.974936
1.01435
0.947785
1.00569
1.00101
0.506513
0.370612
0.999318
1.00558
0.942342
0.908983
0.808675
0.985906
-0.00649608
-0.0131136
0.547438
0.724691
1.00368
1.01702
0.848821
1.00059
1.01098
0.797179
0.87511
-0.0056151
0.80119
0.702272
0.768157
0.44197
0.851823
0.689614
1.00924
-0.0103175
-0.00946594
-0.0136111
0.130384
1.01395
1.01367
1.00261
1.00807
1.00265
0.9418
0.999003
0.94399
0.999883
-0.00728731
1.0138
1.01612
-0.0103902
-0.0156269
-0.010526
0.298615
0.513975
-0.0010286
0.0502844
0.330458
0.87335
0.0838871
0.868958
1.00698
1.0063
0.0239321
-0.0105999
-0.00977572
0.975077
1.01286
0.912687
0.993439
0.157411
0.427025
0.658064
0.342966
0.839998
1.01399
0.00904247
-0.00843578
0.985632
0.927783
1.00334
1.00528
1.01249
1.0143
1.01153
0.829817
0.950622
0.975369
0.870575
1.0151
0.111197
0.268628
-0.0149252
0.734471
1.01495
-0.0136768
-0.00109133
-0.0140691
-0.0131523
-0.0127105
-0.0138362
0.669565
0.138314
0.065416
0.621911
0.68385
0.422973
-0.0123903
-0.0136918
0.608729
0.00585166
0.0437132
-0.0037888
1.00013
-0.0152745
0.0190473
0.0943859
0.570564
0.95012
1.01036
0.746829
0.596982
0.759271
0.929088
0.287159
0.399915
0.992319
0.341024
-0.00796522
-0.0061233
0.0128419
0.261794
0.125852
0.881217
0.689103
0.346811
0.026038
0.0854953
0.0132035
0.420979
0.802212
0.463851
0.0370458
0.16549
0.365831
0.958147
)
;

boundaryField
{
    frontAndBack
    {
        type            empty;
    }
    hot
    {
        type            fixedValue;
        value           uniform 1;
    }
    cold
    {
        type            fixedValue;
        value           uniform 0;
    }
    defaultFaces
    {
        type            zeroGradient;
    }
}


// ************************************************************************* //
