/*--------------------------------*- C++ -*----------------------------------*\
  =========                 |
  \\      /  F ield         | OpenFOAM: The Open Source CFD Toolbox
   \\    /   O peration     | Website:  https://openfoam.org
    \\  /    A nd           | Version:  7
     \\/     M anipulation  |
\*---------------------------------------------------------------------------*/
FoamFile
{
    version     2.0;
    format      ascii;
    class       volScalarField;
    location    "0.45";
    object      T;
}
// * * * * * * * * * * * * * * * * * * * * * * * * * * * * * * * * * * * * * //

dimensions      [0 0 0 1 0 0 0];

internalField   nonuniform List<scalar> 
5936
(
0.509388
0.913124
0.999003
0.982342
1.00586
1.01594
1.00206
1.00701
1.00021
1.00101
0.999887
0.999757
0.99995
0.999843
0.999998
0.999979
1
1
0.999999
0.999998
0.999999
0.999996
0.999999
0.999998
1
1
1
1
1
1
1
1
1
1
1
1
1
1
1
1
1
1
1
1
1
1
1
1
1
1
1
1
1
1
1
1
1
1
1
1
1
1
1
1
1
1
1
1
1
1
1
1
1
1
1
1
1
1
1
1
1
1
1
1
1
1
1
1
1
1
1
1
1
1
1
1
1
1
1
0.116255
-0.00308434
-0.000220618
4.08866e-05
-3.18442e-07
4.16369e-07
-5.42864e-09
-1.34974e-08
2.5211e-09
1.34967e-10
-8.17817e-11
-7.42036e-12
2.94804e-13
1.17471e-13
6.32193e-15
-2.17634e-16
-4.48445e-17
-2.64091e-18
3.95566e-20
1.12674e-20
5.82022e-22
1.72177e-24
-1.06141e-24
-5.40577e-26
5.47682e-43
-2.86434e-27
5.15185e-26
9.30133e-24
1.47531e-22
2.37326e-21
3.49959e-20
1.23773e-18
5.66923e-18
7.29604e-17
1.75618e-15
1.25894e-14
1.46954e-14
-6.57291e-14
-3.50218e-12
-7.62785e-12
5.19562e-11
-3.79e-11
1.35403e-10
-1.60387e-09
2.45653e-09
3.33646e-09
9.02306e-11
2.62216e-08
3.48742e-08
5.25174e-08
1
1
1
1
0.999995
0.999997
1.00001
1
1
1
1
1
0.99992
0.99995
1.00008
1
1.00035
1.00029
0.999795
1.00007
0.998585
0.998984
0.999007
0.998749
1.00284
1.00137
1.00818
1.00626
1.00798
1.00803
0.991628
0.997139
0.952706
0.966182
0.887822
0.910145
0.797859
0.826172
0.69203
0.72412
0.571976
0.60772
0.454372
0.488505
0.346271
0.377678
0.253265
0.27967
0.182281
0.202332
0.125418
0.141324
0.083765
0.0952909
0.0546982
0.0625928
0.0344375
0.0398908
0.0212564
0.0247947
0.0128684
0.0150592
0.00758419
0.00895104
0.00434083
0.00517189
0.0024564
0.00293836
0.00133409
0.00161304
0.000727352
0.000879372
0.000387802
0.000472563
0.000199346
0.000245327
0.00010357
0.00012732
5.19254e-05
6.45873e-05
2.548e-05
3.186e-05
1.27717e-05
1.59227e-05
6.14968e-06
7.76821e-06
3.00134e-06
3.80674e-06
1.40315e-06
1.82552e-06
6.80112e-07
8.99829e-07
3.38961e-07
4.54562e-07
1.36464e-07
7.17811e-08
1.88711e-07
-3.75244e-27
4.23826e-08
0.0134562
-0.00159039
6.86279e-05
7.15701e-06
1.00002e-07
1.80906e-07
-3.5344e-08
3.4909e-10
1.15677e-09
-1.1763e-10
-2.97948e-11
-9.41949e-13
2.72662e-13
3.35067e-14
4.77692e-16
-1.30302e-16
-1.24398e-17
-3.08031e-19
3.36555e-20
2.89297e-21
7.74243e-23
-2.71668e-24
-2.68437e-25
-0.000922366
-9.77906e-27
6.03012e-08
-3.25627e-26
-1.07013e-25
-3.85038e-23
-1.0646e-21
-7.05781e-22
-2.98031e-19
-3.72616e-18
-7.74732e-18
-3.9923e-16
-6.03145e-15
-1.61306e-14
-1.39873e-14
8.35827e-13
7.06784e-12
-7.29464e-12
-6.59698e-11
4.2075e-11
5.88476e-10
-1.72489e-09
3.9211e-09
-3.55477e-09
1.32902e-08
3.74262e-08
0.000131141
0.0664675
1.97006e-06
0.457247
0.000144117
3.03864e-05
6.47036e-07
5.31554e-07
-9.82732e-08
-1.0769e-10
3.60609e-09
-3.44991e-10
-1.071e-10
-3.99943e-12
9.4427e-13
1.25837e-13
2.73572e-15
-4.56064e-16
-4.61952e-17
-1.47909e-18
1.16729e-19
1.12491e-20
3.69779e-22
-8.18757e-24
-1.08021e-24
-3.97069e-26
4.5627e-26
-4.26027e-23
-1.03135e-21
1.08242e-21
-2.67659e-19
-3.37487e-18
-6.22742e-18
-3.56036e-16
-5.40155e-15
-1.22943e-14
-3.8985e-14
6.0219e-13
7.17732e-12
-6.42547e-12
-7.57077e-11
5.58131e-11
5.76838e-10
-1.99195e-09
5.18565e-09
-3.84587e-09
1.88116e-08
5.02313e-08
-3.78913e-26
1.14583e-06
2.50351e-09
-4.10896e-08
6.87698e-09
5.13765e-10
-2.79384e-10
-2.75577e-11
8.83467e-13
4.08308e-13
2.62299e-14
-6.04831e-16
-1.69106e-16
-1.08955e-17
5.72897e-20
4.30832e-20
2.41295e-21
2.29973e-23
-3.87155e-24
-2.2276e-25
1.01658e-23
1.21412e-22
2.42794e-21
2.72089e-20
1.103e-18
5.15242e-18
7.05063e-17
1.54e-15
1.09696e-14
1.39248e-14
4.10523e-14
-3.39995e-12
-8.24658e-12
5.68597e-11
-4.6439e-11
2.03749e-10
-1.99841e-09
3.16377e-09
4.05611e-09
1.30572e-09
3.65553e-08
4.92456e-08
-0.00556441
-0.00532447
1.1527e-25
0.596807
-0.00118088
0.957427
1.0026
0.985737
1.00456
1.0082
1.00136
1.00401
0.999967
1.00053
0.999869
0.999793
0.999989
0.999958
1.00002
1.00005
1.00001
1.00003
1
1.00001
0.999998
0.999998
0.999999
0.999998
1
1
1
1
1
1
1
1
1
1
1
1
1
1
1
1
1
1
1
1
1
1
1
1
1
1
1
1
1
1
1
1
1
1
1
1
1
1
1
1
1
1
1
1
1
1
1
1
1
1
1
1
1
1
1
1
1
1
1
1
1
1
1
1
1
1
1
1
1
1
1
3.01327e-25
0.00151946
6.2374e-05
0.260823
-5.70328e-06
6.6133e-08
2.91307e-07
-5.48589e-08
8.34836e-10
2.0803e-09
-8.47979e-12
-3.43554e-11
-3.41848e-12
5.35481e-14
3.25746e-14
1.82584e-15
-3.2038e-17
-1.08119e-17
-6.51496e-19
-3.46896e-21
1.69167e-21
9.43854e-23
1.27812e-24
-9.53598e-26
1.13017e-23
-0.00316852
-0.00458951
-0.00327853
-8.08603e-27
1.02145e-07
1.77136e-07
-3.6776e-06
-8.96165e-06
-1.29433e-06
0.532986
9.20616e-23
4.20169e-21
1.59168e-20
1.31992e-18
8.26846e-18
7.4349e-17
1.87392e-15
1.64537e-14
2.18491e-14
1.86771e-13
-4.6702e-12
-1.61734e-11
8.20288e-11
-3.72919e-11
3.7739e-10
-3.7526e-09
6.67533e-09
4.52354e-09
7.53304e-09
6.60456e-08
7.29168e-08
1.26858e-07
0.0517236
0.189634
0.0225263
-9.55937e-05
-0.000690353
4.39341e-05
1.58752e-05
-6.92719e-06
1
1
0.999998
0.999998
1.00001
1
0.999999
1
0.999997
1
0.999939
0.999946
1.00008
0.999995
1.0003
1.0003
0.999787
1.00013
0.998716
0.998966
0.999255
0.998609
1.00284
1.00101
1.00753
1.00612
1.00649
1.00879
0.990133
1.00048
0.952776
0.972324
0.890795
0.920252
0.801039
0.841689
0.692095
0.736417
0.5746
0.621781
0.456807
0.501376
0.350187
0.389581
0.257651
0.29144
0.184505
0.209798
0.127859
0.147158
0.0863148
0.100507
0.0560379
0.0660491
0.0353339
0.0419018
0.0220867
0.0263307
0.0132056
0.0159702
0.00773541
0.0093989
0.00451077
0.0055147
0.0025292
0.00311285
0.00138329
0.00172145
0.000753543
0.000935632
0.000402055
0.000502637
0.000209683
0.00026547
0.000108591
0.000137218
5.47849e-05
6.9689e-05
2.72674e-05
3.49896e-05
1.34343e-05
1.71674e-05
6.55989e-06
8.43046e-06
3.29536e-06
4.20955e-06
1.63384e-06
2.09874e-06
8.98587e-07
1.16465e-06
0.780431
-5.94238e-26
0.830481
3.4969e-25
-4.96505e-18
-4.50204e-18
4.15239e-05
1.00235e-24
-2.89147e-26
7.6136e-18
7.7109e-07
-1.518e-08
-2.0139e-08
4.10569e-09
4.94604e-10
-6.50036e-11
-1.24317e-11
-5.51734e-13
7.90546e-14
9.2163e-15
2.01166e-16
-2.63002e-17
-3.1584e-18
-9.1232e-20
3.62955e-21
4.64062e-22
1.46614e-23
-1.63879e-25
1.68363e-23
-3.81821e-19
-2.90116e-19
-1.61319e-21
-1.25897e-21
-6.58183e-23
4.37069e-21
-8.36015e-23
3.29307e-21
1.57215e-18
1.43978e-06
-5.91405e-18
-4.15863e-16
-7.23095e-15
-1.8617e-14
-6.82698e-14
4.7174e-13
1.15839e-11
-2.35232e-13
-1.46191e-10
1.35723e-10
5.33085e-10
-2.06635e-09
8.08797e-09
-7.15167e-09
3.78466e-08
8.44891e-08
-1.06636e-07
9.20397e-14
-1.03721e-13
8.38827e-25
-1.10294e-11
4.64639e-07
-8.9951e-11
8.21807e-08
8.20028e-09
6.2609e-09
7.56986e-09
-4.41945e-09
4.68269e-10
-6.37592e-11
1.01964e-10
-1.73664e-11
-5.36669e-12
2.76095e-13
1.68715e-14
-2.81167e-25
7.43239e-24
3.47428e-22
4.57006e-21
-3.68576e-20
-2.42911e-18
-2.90949e-17
-1.95648e-20
6.84998e-15
1.05857e-07
4.51369e-08
-8.43835e-09
1.02533e-08
-3.01324e-09
7.55488e-10
1.43104e-10
-1.65794e-10
-4.64483e-12
1.35222e-11
5.72467e-13
-9.16746e-14
-1.4382e-14
-8.16742e-15
-5.70042e-16
5.39945e-21
1.76575e-26
6.03145e-23
1.53372e-21
6.2906e-21
-4.00158e-19
-9.8203e-18
-6.66356e-17
9.84399e-16
2.9081e-14
1.76082e-13
-2.3137e-12
-3.5595e-11
-1.19277e-10
1.79381e-09
8.05291e-09
-5.8378e-08
7.93958e-08
-6.15776e-18
1.88816e-10
5.5512e-09
-6.06658e-09
8.50602e-07
1.33296e-22
1.66397e-14
2.88612e-20
2.28827e-15
1.06545e-16
8.05818e-05
-5.92985e-18
0.994132
1.00615
1.00363
1.00319
1.00652
1.00017
1.00137
0.999567
0.99932
0.99981
0.999466
0.999986
0.999886
1.00002
1.00003
1.00001
1.00003
1
1.00001
0.999999
0.999998
1
0.999999
1
1
1
1
1
1
1
1
1
1
1
1
1
1
1
1
1
1
1
1
1
1
1
1
1
1
1
1
1
1
1
1
1
1
1
1
1
1
1
1
1
1
1
1
1
1
1
1
1
1
1
1
1
1
1
1
1
1
1
1
1
1
1
1
1
1
1
-3.80039e-19
-1.54415e-11
2.2675e-14
6.4355e-07
5.25206e-23
-7.03811e-19
-9.31657e-14
8.24123e-07
5.37529e-07
1.62529e-06
-4.37474e-08
-2.01348e-08
3.44893e-09
1.37709e-07
5.62568e-10
2.80068e-07
-1.09587e-11
-3.00772e-11
2.26322e-24
-2.73149e-12
-7.04293e-13
-2.34242e-12
-4.44928e-13
1.74747e-07
1.29571e-14
1.49975e-15
4.39462e-17
-3.10909e-18
-3.3603e-19
-1.18817e-20
2.94446e-22
3.91561e-23
-3.62036e-06
-7.6154e-07
1.82606e-09
1.71814e-09
-1.29157e-22
9.62699e-23
1.06277e-17
8.11967e-18
2.27721e-18
7.40226e-21
2.36624e-15
1.58835e-18
1.88234e-18
-6.41181e-18
-1.67098e-21
7.58777e-21
0.00017144
0.000193372
-6.54334e-16
2.93944e-15
1.82196e-21
-4.95778e-19
-9.7073e-15
-1.09352e-14
2.19717e-14
1.54475e-14
5.89185e-13
-5.91009e-12
-3.01266e-11
1.35069e-10
-1.24637e-11
7.4838e-10
-7.64246e-09
1.45498e-08
5.69845e-09
2.59812e-08
8.81186e-08
1.69622e-07
2.41375e-07
3.21419e-08
0.999999
0.999999
1
0.999999
1
1
0.999997
1
0.999953
0.999962
1.00004
0.999973
1.00027
1.00025
0.999926
1.0002
0.9989
0.999159
0.99922
0.998691
1.00213
1.00056
1.00638
1.00511
1.00636
1.0085
0.993556
1.00255
0.96138
0.979463
0.903595
0.932961
0.818708
0.85689
0.712877
0.756289
0.595298
0.643032
0.476189
0.521615
0.368319
0.408273
0.273873
0.30877
0.196564
0.223141
0.136818
0.157736
0.092694
0.107595
0.0610083
0.0715544
0.0385611
0.0459103
0.0238473
0.0283731
0.0144978
0.0174237
0.00857232
0.0104026
0.00495528
0.00603941
0.00280089
0.0034397
0.00154265
0.00191821
0.000828423
0.00103135
0.000445905
0.000556334
0.000237168
0.000298837
0.000122235
0.000154608
6.21238e-05
7.93074e-05
3.08173e-05
3.95495e-05
1.52763e-05
1.95802e-05
7.41177e-06
9.57563e-06
3.68441e-06
4.68618e-06
1.91331e-06
2.4111e-06
9.02592e-11
3.99334e-10
2.24055e-11
1.99551e-07
3.25056e-07
-2.19822e-21
8.45727e-25
-1.84939e-11
-7.44677e-12
-0.00209077
2.45879e-24
0.92558
7.64414e-07
7.40861e-07
1.29814e-24
-1.39894e-14
1.22722e-14
2.24106e-07
4.49303e-09
-1.20996e-07
-5.94513e-08
-6.24744e-08
2.64391e-10
-7.25181e-12
2.89589e-14
5.3388e-15
3.08278e-16
-8.86405e-19
-1.26786e-18
-7.24736e-20
-8.0583e-22
1.41278e-22
1.27577e-23
0.0094725
2.61702e-07
-1.08738e-05
-1.1299e-05
-8.70453e-15
-1.86322e-14
0.959572
8.89386e-21
1.06359e-16
-2.02964e-13
-9.53169e-14
-1.24101e-13
-7.33094e-12
-1.61138e-13
2.03938e-11
1.25625e-11
-3.01961e-10
3.12642e-10
2.43624e-10
-1.85167e-09
1.46775e-08
-1.28522e-08
1.06008e-07
0.0767339
0.0425133
1.15116e-06
2.61805e-22
9.04333e-07
2.9612e-05
-1.95861e-05
2.82472e-08
8.54327e-09
1.67089e-08
-9.10226e-09
9.36808e-10
-5.56349e-11
-1.60055e-22
1.22899e-22
-1.51263e-08
1.86924e-08
-3.36199e-09
-0.00337859
0.000562427
-0.00375686
5.78345e-10
0.684452
3.4254e-10
-3.43515e-10
5.79537e-12
3.83669e-22
-5.99234e-21
-2.51729e-19
-3.41796e-18
1.52203e-17
1.12463e-15
-9.4488e-09
7.92128e-24
-0.000220622
-0.000990807
0.000205357
1.48575e-20
0.78693
5.4959e-24
1.41462e-14
-4.86936e-20
-1.09889e-18
2.9034e-23
-5.84968e-18
5.50364e-09
1.96184e-16
4.80175e-15
1.98325e-23
-1.13258e-15
2.31687e-11
-8.38798e-16
1.2709e-20
1.54444e-16
7.80932e-13
1.7162e-10
-3.31731e-11
0.322933
1.26312e-11
1.0091
1.00853
1.01706
1.00223
1.00743
0.999797
1.00081
0.999655
0.999395
0.999897
0.999686
1.00001
0.999964
1.00002
1.00003
1.00001
1.00002
0.999999
1
0.999999
0.999997
1
0.999998
1
0.999999
1
0.999999
1
0.999999
1
0.999999
1
0.999999
1
0.999999
1
0.999999
1
0.999999
1
0.999999
1
0.999999
1
0.999999
1
0.999999
1
0.999999
1
0.999999
1
0.999999
1
0.999999
1
0.999999
1
0.999999
1
0.999999
1
0.999999
1
0.999999
1
0.999999
1
0.999999
1
0.999999
1
0.999999
1
0.999999
1
0.999999
1
0.999999
1
0.999999
0.999999
0.999999
0.999999
0.999999
0.999999
-2.42082e-06
4.06548e-24
3.16786e-11
-6.8226e-21
1.26687e-12
2.00564e-20
-5.97187e-08
5.97255e-16
5.46279e-07
-7.36916e-23
1.08407e-10
6.70922e-11
-3.1053e-14
-1.10084e-13
-1.06393e-09
-1.09006e-19
3.40114e-07
1.22744e-24
1.49704e-15
1.56741e-15
1.59599e-15
-1.75591e-08
4.84725e-18
-2.73942e-19
-2.80077e-19
-3.09455e-20
-2.31049e-20
-1.76089e-08
-9.14243e-15
-7.52031e-14
1.96306e-09
4.24608e-07
-1.23485e-23
1.31358e-16
0.000166321
3.02795e-15
-5.18925e-19
-4.57412e-13
-3.68387e-13
0.873027
2.02081e-10
-7.64118e-12
3.5837e-11
0.211792
-1.05983e-21
-5.19492e-22
4.12918e-11
2.61268e-10
-2.60789e-22
-3.16058e-22
-6.90892e-23
1.06744e-10
1.29754e-09
-8.7476e-10
8.79604e-10
2.49794e-08
6.01494e-09
-2.21303e-08
1.97671e-07
7.15324e-07
1.28792e-20
3.36378e-20
0.999999
0.999998
1
1.00001
0.999999
1
0.999966
0.999978
1.00001
0.999952
1.00023
1.00019
1.00004
1.00027
0.999059
0.999383
0.999146
0.998749
1.00136
0.999968
1.00543
1.00397
1.00682
1.00818
0.997659
1.00493
0.970514
0.987247
0.917867
0.945824
0.836951
0.874938
0.733454
0.779373
0.616998
0.665973
0.498846
0.545772
0.388576
0.431837
0.290131
0.32719
0.210233
0.238938
0.14749
0.170228
0.100298
0.116432
0.0667295
0.0783463
0.0421866
0.0506171
0.0258165
0.0310159
0.0159603
0.0192458
0.00943766
0.0115324
0.00546105
0.00668883
0.00311858
0.00386025
0.00170712
0.00213785
0.000927113
0.00115972
0.000502719
0.000631241
0.000266584
0.000337176
0.000139929
0.000177569
7.15563e-05
9.17689e-05
3.55573e-05
4.59308e-05
1.77418e-05
2.28625e-05
8.62887e-06
1.1244e-05
4.19075e-06
5.41294e-06
2.03261e-06
2.57156e-06
-1.56525e-13
-1.89021e-13
1.64596e-12
2.83643e-07
3.61661e-07
4.20627e-07
6.82285e-10
1.68321e-09
-1.06102e-05
-9.18235e-06
3.53594e-17
2.28423e-17
7.47394e-08
2.43417e-07
-1.75013e-21
-2.51471e-21
1.35384e-20
-9.15725e-10
-1.05156e-08
2.07257e-09
1.48385e-07
6.01399e-07
-6.83297e-09
-1.50468e-14
-7.20253e-14
-4.7844e-15
1.8903e-23
-4.55512e-21
0.000386158
0.000200542
8.3934e-07
8.56935e-07
2.00896e-18
-1.22209e-20
1.40609e-06
2.97535e-15
7.91008e-10
-3.80451e-12
4.73893e-07
-9.13109e-20
6.94177e-13
2.47113e-23
-5.39224e-08
8.5675e-08
1.66216e-16
-1.09516e-07
-4.22438e-19
1.50608e-06
-6.55251e-12
-3.44709e-12
-5.34293e-08
1.25853e-16
1.44662e-06
3.65289e-08
5.08712e-16
2.57745e-09
1.20699e-09
-8.41946e-06
-1.99706e-05
1.71702e-17
1.78159e-16
0.97501
-1.00721e-15
0.658389
3.62231e-15
-4.24164e-20
-3.53943e-20
-1.86954e-12
3.00377e-14
1.45329e-14
-2.41376e-12
0.739487
-9.24576e-12
9.55843e-09
1.00093
-5.59689e-11
-5.92031e-10
0.0211096
-1.48042e-08
3.04846e-08
4.45506e-10
1.18371e-09
3.57823e-10
1.06511e-17
3.28696e-17
3.53524e-11
1.50598e-23
-7.18912e-18
4.58614e-18
-6.83024e-10
-0.00115434
-0.00019902
-1.43029e-12
-1.26685e-12
-0.00506757
-0.00383954
-1.44207e-14
-1.25432e-14
-6.21601e-11
0.91765
-1.26416e-15
-6.76683e-19
3.23738e-08
-1.26358e-09
4.90153e-11
-1.79421e-08
3.56195e-08
-7.65661e-19
-8.01845e-06
-1.02451e-10
1.00927
1.00429
1.00996
1.0005
1.00288
0.999621
0.999813
0.999766
0.99951
0.999957
0.999819
1.00002
0.999999
1.00001
1.00003
1
1.00001
0.999997
0.999998
0.999997
0.999996
0.999998
0.999997
0.999998
0.999998
0.999998
0.999998
0.999998
0.999998
0.999998
0.999998
0.999998
0.999998
0.999998
0.999998
0.999998
0.999998
0.999998
0.999998
0.999998
0.999998
0.999998
0.999998
0.999998
0.999998
0.999998
0.999998
0.999998
0.999998
0.999998
0.999998
0.999998
0.999998
0.999998
0.999998
0.999998
0.999998
0.999998
0.999998
0.999998
0.999998
0.999998
0.999998
0.999998
0.999998
0.999998
0.999998
0.999998
0.999998
0.999998
0.999998
0.999998
0.999998
0.999998
0.999998
0.999999
0.999998
0.999999
0.999997
0.705216
1.30005e-06
1.627e-17
-1.6509e-13
3.9374e-19
-1.1907e-15
1.80222e-16
6.97815e-07
1.30128e-06
-1.13829e-09
-1.64388e-15
-6.79369e-08
8.80595e-11
-1.04605e-20
1.95794e-07
1.44286e-09
5.80089e-08
-5.76043e-08
0.323259
-2.59062e-20
-2.63997e-20
-6.09856e-12
6.14343e-08
-1.20028e-14
-6.81217e-15
-8.10148e-21
-4.47811e-20
-2.79317e-08
3.08075e-10
2.6133e-10
3.16009e-18
1.89833e-18
1.8874e-18
-1.50142e-19
-1.00376e-18
2.9974e-09
-0.00929557
0.00117511
-7.28226e-22
-2.79034e-21
-8.75815e-21
-2.09411e-21
2.83268e-10
-1.30553e-09
-4.99861e-09
-3.35048e-08
0.0676589
1.09376e-10
3.92635e-10
2.06885e-18
-0.00541543
0.000585061
-6.66529e-18
0.0712045
0.0315683
0.109767
1.07016e-08
7.28535e-08
0.882953
0.720368
2.03516e-09
-4.97646e-09
2.31515e-16
3.50526e-16
1.00001
1
1.00001
0.999977
0.999989
0.999975
0.999925
1.00019
1.00011
1.00014
1.00032
0.999281
0.999642
0.999152
0.998914
1.0006
0.999381
1.00439
1.00272
1.00713
1.00758
1.00137
1.00712
0.979788
0.994114
0.933797
0.959915
0.858107
0.896378
0.758399
0.805187
0.645236
0.694758
0.526209
0.576051
0.412782
0.458589
0.312316
0.35227
0.227116
0.259435
0.160473
0.185602
0.110129
0.12835
0.0733409
0.0865607
0.0471753
0.0565517
0.0292063
0.0352756
0.0178999
0.0216706
0.0106685
0.0130659
0.00620643
0.00762972
0.00354409
0.00439362
0.00196959
0.00247159
0.00106951
0.00135082
0.000577788
0.000731806
0.000311629
0.000394959
0.00016463
0.000210358
8.40355e-05
0.000108427
4.28893e-05
5.55704e-05
2.12984e-05
2.78838e-05
1.04085e-05
1.37833e-05
5.13092e-06
6.87458e-06
2.27058e-06
5.26342e-05
0.000174468
1.22749e-05
-1.52962e-05
-1.94944e-05
4.30517e-20
-1.50502e-19
6.32462e-17
5.08578e-17
-1.76597e-08
2.19785e-07
4.69265e-11
-1.15229e-10
-5.85144e-13
2.78126e-09
-3.64565e-12
-1.95771e-16
-1.48999e-08
-1.23712e-21
-2.61437e-08
6.006e-07
1.48517e-19
-0.0110107
-0.00772806
-6.82129e-18
3.21991e-06
6.69097e-07
7.78965e-07
3.79439e-10
4.71179e-10
0.18927
1.15732e-17
6.40822e-11
1.76368e-11
1.6885e-09
5.24807e-07
3.58434e-07
2.54009e-14
-2.56165e-13
5.35233e-08
4.0356e-08
-9.801e-12
-7.95845e-12
7.97009e-17
1.65089e-05
-1.35418e-05
8.39628e-09
1.06388e-16
2.04133e-16
-2.01581e-15
-6.85367e-07
-6.52816e-14
-5.32028e-14
1.70528e-16
3.90985e-15
2.71667e-14
7.28813e-10
7.90638e-10
1.00726
0.992244
-5.18218e-22
1.92758e-18
1.02376e-10
-2.31743e-22
-4.47858e-22
-2.35133e-21
0.239597
7.80368e-09
-5.08343e-06
2.03956e-18
-4.64638e-08
-9.91718e-08
-4.32743e-08
1.00001
0.999999
2.3272e-12
3.0232e-12
-7.24149e-12
4.97276e-15
1.00931e-06
1.0405e-06
1.23492e-06
-0.000322888
7.2327e-18
-6.42747e-18
1.1902e-16
-6.14133e-14
-4.37804e-14
4.34893e-07
-0.00301203
-0.00762411
-0.00187686
-8.81212e-13
-1.19738e-12
-5.96016e-18
2.34671e-20
2.53161e-20
7.16932e-20
-9.96677e-09
-2.17944e-09
5.42654e-11
5.21339e-07
-1.82767e-14
-1.67199e-14
0.926392
7.51636e-07
-4.71627e-18
3.89673e-08
1.00652
1.0016
1.0051
0.999788
1.00058
0.999641
0.999496
0.999872
0.999662
1
0.999939
1.00002
1.00003
1.00001
1.00003
1
1.00001
1
1
1
1
1
1.00001
1
1.00001
1
1.00001
1
1.00001
1
1.00001
1
1.00001
1
1.00001
1
1.00001
1
1.00001
1
1.00001
1
1.00001
1
1.00001
1
1.00001
1
1.00001
1
1.00001
1
1.00001
1
1.00001
1
1.00001
1
1.00001
1
1.00001
1
1.00001
1
1.00001
1
1.00001
1
1.00001
1
1.00001
1
1.00001
1
1.00001
1.00001
0.461913
0.999999
-6.15591e-06
1.37483e-09
1.10501e-08
8.66572e-07
1.56295e-18
6.11291e-08
-9.44739e-17
-2.24318e-13
-1.23094e-18
-1.98026e-09
1.36469e-09
0.441637
1.84533e-17
1.89886e-18
1.62583e-18
-2.19887e-18
2.63761e-10
-2.12865e-09
2.40285e-09
-2.63529e-14
4.28432e-07
5.66611e-15
8.88093e-07
1.23468e-12
9.672e-12
-6.08144e-13
4.18675e-20
0.000193121
0.000256872
0.480209
3.1853e-19
1.94007e-19
0.980043
5.84902e-18
4.61056e-18
6.5201e-11
0.145561
3.72051e-14
3.08296e-14
7.26627e-14
-5.76564e-13
-1.85928e-13
0.380168
1.37918e-06
1.0195e-13
-3.37562e-12
7.52956e-11
1
1.0092
1.01153
1.00152
2.37e-10
3.70847e-10
-2.28751e-09
-4.70153e-08
3.93196e-08
0.811421
0.89862
0.516607
1.20015e-07
8.30057e-08
7.41061e-10
7.04248e-11
1.33843e-09
-1.42429e-08
-5.79351e-08
-1.14121e-15
-6.32645e-16
0.999987
0.999945
0.999928
1.00011
1.00003
1.00022
1.00032
0.999558
0.999886
0.999219
0.999139
0.999821
0.998868
1.00309
1.00147
1.00691
1.0065
1.00428
1.00852
0.988224
0.999738
0.949427
0.972834
0.881262
0.916964
0.788342
0.832228
0.676983
0.72832
0.557136
0.608774
0.443312
0.49056
0.339079
0.381576
0.249028
0.28354
0.178419
0.205618
0.122555
0.143374
0.0823013
0.0966184
0.0540862
0.0644197
0.0334438
0.0406278
0.020471
0.0247622
0.0123464
0.0151476
0.00714178
0.00886565
0.00410393
0.00509773
0.0023261
0.00292536
0.00126745
0.00160298
0.000696219
0.000879322
0.00037565
0.000477915
0.000197313
0.000251298
0.000103403
0.000133616
5.24741e-05
6.83496e-05
2.70066e-05
3.51493e-05
1.37839e-05
1.82635e-05
7.01149e-06
9.49328e-06
1.93924e-06
2.14216e-06
3.2647e-06
-3.91016e-19
-1.56605e-18
2.76932e-17
4.01309e-17
4.59909e-07
1.07764e-06
-1.71381e-10
2.41503e-10
2.48227e-09
-1.61795e-08
-3.27288e-08
1.15933e-18
-2.12195e-05
-1.38379e-05
-1.57008e-13
-1.46839e-13
2.30439e-09
3.28287e-09
2.68956e-09
3.20763e-10
1.44207e-10
5.30835e-07
2.3474e-12
1.23586e-12
3.05084e-18
-8.19029e-14
-7.42285e-14
1.70949e-17
0.227186
1.79778e-20
-1.66764e-22
-1.89329e-10
8.01979e-05
3.32414e-05
1.09933e-06
1.13808e-06
-4.57703e-13
-0.00126066
1.1842e-06
-2.43539e-15
6.16797e-15
1.47126e-06
1.73076e-06
-6.34517e-15
5.28305e-10
1.44765e-07
-1.22084e-10
3.10517e-10
4.28884e-20
1.08317e-21
4.80754e-20
-5.2088e-08
-7.3735e-08
1
1.05031e-17
-3.04184e-15
0.0898449
0.0176228
-1.35728e-11
-4.43693e-12
4.59085e-06
0.000143063
0.000315284
9.09972e-05
2.06962e-16
7.9216e-17
-5.46274e-18
-3.02193e-17
2.93501e-16
-0.00493141
-0.00382024
-2.09645e-14
-1.89563e-14
2.58303e-07
3.24869e-08
7.64546e-20
1.28062e-19
-4.39581e-19
-1.25003e-05
-4.04744e-06
3.56394e-09
-2.05733e-14
5.29968e-13
4.19714e-13
-4.31091e-15
1.62513e-18
-1.88247e-14
1.00315
1.00033
1.00207
0.999619
0.999795
0.999766
0.999531
0.999956
0.999815
1.00002
0.999996
1.00002
1.00003
1.00001
1.00002
1.00001
1.00001
1.00001
1
1.00001
1
1.00001
1.00001
1.00001
1.00001
1.00001
1.00001
1.00001
1.00001
1.00001
1.00001
1.00001
1.00001
1.00001
1.00001
1.00001
1.00001
1.00001
1.00001
1.00001
1.00001
1.00001
1.00001
1.00001
1.00001
1.00001
1.00001
1.00001
1.00001
1.00001
1.00001
1.00001
1.00001
1.00001
1.00001
1.00001
1.00001
1.00001
1.00001
1.00001
1.00001
1.00001
1.00001
1.00001
1.00001
1.00001
1.00001
1.00001
1.00001
-2.05213e-18
-7.82538e-08
-9.57443e-18
-5.96819e-16
2.16065e-05
3.24338e-06
8.64138e-11
1.20529e-07
4.87092e-09
-0.000373045
0.000170343
2.31611e-06
5.03894e-06
2.66108e-06
3.3123e-06
3.88443e-06
2.10454e-18
2.8728e-18
8.46821e-08
4.24091e-10
2.29616e-07
1.21944e-07
1.11359e-07
2.76781e-07
-7.08013e-22
0.999955
-2.5129e-15
-1.89471e-15
1.00005
0.999981
1.00025
1.00026
0.999781
1.00008
0.999279
0.999375
0.999099
0.99859
1.00193
1.00033
1.00652
1.0053
1.0065
1.00877
0.995272
1.00424
0.964407
0.983481
0.904954
0.937861
0.816987
0.860429
0.712379
0.76125
0.593253
0.646419
0.475649
0.52458
0.3698
0.412918
0.274142
0.312374
0.197539
0.226881
0.138393
0.161335
0.0924912
0.109056
0.0615444
0.0727114
0.0388041
0.0470373
0.0235181
0.0286831
0.0143353
0.0174565
0.00847392
0.0104853
0.00484142
0.00601954
0.00280083
0.00347897
0.00153709
0.00195053
0.000836252
0.00106102
0.000455086
0.000579353
0.000237176
0.000305072
0.000126084
0.000160788
6.59202e-05
8.47944e-05
3.42007e-05
4.40163e-05
1.87007e-05
2.40482e-05
1.04032e-05
7.23597e-06
1.41943e-05
3.52176e-12
-1.61592e-11
7.32407e-07
-9.78788e-07
1.87524e-06
-1.09037e-16
-6.3158e-17
1.8019e-06
2.85069e-06
5.00425e-10
6.78661e-10
-0.0074235
-0.00937812
-3.61897e-08
-9.96019e-08
-1.14819e-08
1.09193e-07
-3.25771e-08
-1.25381e-08
3.63182e-09
6.11616e-09
-1.24054e-21
-1.55558e-21
-2.57736e-22
0.800147
-1.79249e-13
1.00668
1.39216e-18
1.95019e-18
1.00001
1.00743
1.0082
1.3634e-10
5.05778e-11
-7.24702e-09
4.61054e-12
0.999957
6.98353e-12
-1.6156e-18
-1.98658e-08
-1.69577e-15
-2.52698e-14
1.15544e-07
1.00001
1.01124
5.40231e-12
1.65733e-12
-0.00306835
1.738e-12
-6.50126e-13
0.0001698
0.00011116
1.14787e-06
-2.38255e-14
-4.24533e-16
-3.98968e-09
-3.37739e-09
5.82924e-19
-0.00162041
6.71307e-15
-2.66456e-14
-2.91612e-10
-2.66688e-10
-8.57888e-15
1.47248e-18
7.10181e-21
1.04871e-06
7.97062e-20
-2.34299e-09
-6.20285e-08
0.967021
0.990013
0.880758
5.64997e-08
7.38778e-09
-1.9556e-14
0.406815
0.525811
0.186207
-3.04586e-09
-1.69886e-09
1.01209e-13
-7.30604e-15
-3.91081e-15
-4.77138e-15
7.22985e-15
1.16851e-11
1.01146e-10
-4.20647e-16
-1.21376e-05
-1.76335e-05
-2.88617e-17
0.000257551
0.00023459
5.20563e-10
1.28884e-11
9.04135e-12
1.19647e-06
3.31437e-14
4.5844e-14
-0.00714398
-0.00703026
9.39817e-10
-9.72991e-19
-2.68103e-18
-1.61468e-09
-3.68905e-10
1.16912e-19
2.1374e-19
-1.12083e-18
3.67335e-09
-1.05728e-12
2.15497e-12
1.87808e-06
9.95696e-07
2.58242e-09
4.58028e-19
2.16401e-06
-4.03448e-08
2.58274e-07
2.62829e-13
1.11888e-12
1.26058e-13
1.00543
5.83651e-12
4.43181e-12
1.00131
1.00409
0.999722
1.00041
0.999628
0.999476
0.999859
0.99965
0.999987
0.999906
1.00001
0.999996
0.999995
0.999994
0.999987
0.999977
0.999984
0.999969
0.999984
0.999966
0.999984
0.999967
0.999985
0.999967
0.999985
0.999968
0.999985
0.999969
0.999985
0.999969
0.999987
0.99997
0.999986
0.99997
0.999986
0.999969
0.999985
0.999967
0.999985
0.999969
0.999985
0.999969
0.999985
0.999969
0.999984
0.999968
0.999984
0.999967
0.999985
0.999968
0.999985
0.999969
0.999985
0.999968
0.999985
0.999969
0.999985
0.999969
0.999985
0.999968
0.999983
0.999968
0.99998
0.999965
0.999973
0.999953
0.99996
-2.06305e-15
-7.87075e-08
1.00185
-4.87118e-17
1.02857e-07
0.000429897
-7.13673e-17
3.30589e-14
5.60559e-14
-5.31343e-21
1.72966e-19
-2.29705e-15
-3.71368e-15
-2.65763e-11
1.01137e-11
-3.51788e-10
1.51535e-19
-5.41008e-09
-6.61046e-09
-9.20124e-08
3.53498e-06
3.65697e-18
-9.88983e-19
-3.7048e-19
9.91282e-20
3.6762e-07
1.03218e-06
2.79593e-07
-2.23797e-16
-1.62676e-16
1.86435e-13
4.12144e-07
1.58511e-07
2.25063e-06
4.3205e-06
0.999997
0.999954
6.91697e-16
4.98259e-16
1.00022
1.00017
0.999953
1.00016
0.999445
0.99961
0.998768
0.998622
1.00102
0.999741
1.00555
1.00405
1.00705
1.00783
0.999982
1.00652
0.975745
0.99128
0.925656
0.953057
0.846243
0.884766
0.745221
0.79022
0.630356
0.680515
0.510075
0.559808
0.399275
0.443472
0.3017
0.34022
0.219827
0.250298
0.155057
0.178683
0.10532
0.123396
0.0696016
0.0820114
0.0445641
0.053212
0.0277295
0.0334817
0.0166386
0.0202704
0.00994665
0.0121381
0.00580444
0.00717981
0.0032939
0.00408446
0.0018575
0.00232126
0.00102807
0.00129264
0.000552904
0.000696545
0.000294356
0.000375414
0.000154435
0.000197707
8.07549e-05
0.000103541
4.25901e-05
5.41518e-05
2.33823e-05
2.86454e-05
1.70562e-14
5.4006e-15
3.18337e-10
-6.38923e-09
-0.0050976
-0.00953234
-1.13366e-07
2.83839e-07
4.48936e-07
2.648e-06
-1.04811e-08
7.53968e-09
-5.04448e-09
1.00993
1.0101
-4.76372e-17
-3.11257e-11
3.40627e-12
2.54052e-07
2.42236e-18
-4.19974e-09
-1.43839e-07
4.66237e-12
4.98617e-12
1.01004
1.63011e-05
4.10865e-11
1.45915e-13
8.84445e-14
-0.00201944
2.35599e-13
3.92447e-13
-1.41468e-12
1.88439e-11
4.61294e-07
-3.35031e-08
2.20004e-11
-8.02612e-16
-0.000342658
9.92746e-11
-3.83853e-10
7.82259e-14
1.07599e-19
-9.14525e-07
-1.96066e-15
-8.94158e-18
0.97733
0.948339
9.24541e-09
0.415645
5.94785e-06
8.69807e-06
-3.93828e-16
8.41279e-09
7.88876e-09
5.47935e-06
4.39839e-06
8.05434e-18
1.16455e-17
-1.00708e-16
0.0315322
5.11692e-07
9.78082e-09
-2.79288e-14
4.62558e-14
-5.9359e-15
9.49247e-10
-3.25367e-17
-7.26888e-09
0.0094332
0.77553
0.856435
0.520653
-6.55321e-16
0.120649
-8.1647e-09
-1.5543e-15
-7.06851e-15
5.06652e-06
6.38809e-06
7.45678e-06
0.000297517
0.000350351
-2.42793e-05
-1.10098e-05
1.33404e-11
9.60016e-05
-3.59567e-18
8.59207e-19
-1.85474e-06
-0.0052241
5.03314e-07
-0.00840643
-0.00933658
1.93342e-07
5.14749e-08
1.74678e-08
-1.38064e-10
3.37136e-11
0.000304605
0.000273602
-1.81105e-08
-8.08281e-06
-5.64541e-06
-5.40227e-18
6.25096e-10
1.02682e-09
-7.96214e-09
-8.9611e-09
1.66203e-11
8.28216e-12
-5.48033e-11
-4.69919e-11
1.00834
-8.3135e-06
-1.36175e-07
1.00284
1.00693
1.00004
1.00146
0.999515
0.999539
0.999736
0.999487
0.999929
0.999812
0.999988
0.999973
0.999982
0.999998
0.999969
0.99998
0.999961
0.999968
0.999959
0.999958
0.999958
0.999959
0.999959
0.999956
0.999959
0.999957
0.999958
0.999956
0.99996
0.999955
0.999959
0.999956
0.999959
0.999957
0.99996
0.999958
0.99996
0.999958
0.99996
0.999959
0.99996
0.999956
0.99996
0.999958
0.999959
0.999958
0.999959
0.999957
0.99996
0.999958
0.999958
0.999959
0.99996
0.999956
0.99996
0.999958
0.99996
0.999958
0.999956
0.999957
0.99995
0.999959
0.999952
0.999978
0.999967
-1.89655e-08
1.49949e-07
0.203942
0.000174071
7.84681e-13
5.18224e-13
-2.74363e-18
-2.2716e-18
1.23275e-14
6.21084e-07
9.6352e-07
1.77642e-09
-1.90286e-16
4.39466e-11
1.08782e-10
9.50162e-09
-3.18254e-16
-3.67434e-16
1.31669e-05
1.03786e-15
1.40356e-15
-1.73272e-15
8.83464e-15
8.26039e-15
-7.40733e-18
-5.77277e-18
7.83862e-12
-3.76198e-09
-1.37267e-09
9.09188e-08
1.49498e-07
7.03633e-06
4.20429e-05
-5.39321e-06
1.67955e-08
1.36866e-08
-1.62371e-07
-1.89376e-07
-2.27402e-17
-1.77448e-17
1.00018
1.0001
1.00006
1.00021
0.999589
0.999808
0.998668
0.998783
1.00051
0.99936
1.00463
1.00295
1.00686
1.00673
1.00362
1.00795
0.985686
0.997692
0.942092
0.966477
0.869853
0.905318
0.774525
0.817891
0.661074
0.71061
0.542236
0.591239
0.429716
0.473794
0.327365
0.367194
0.239311
0.271566
0.170602
0.19587
0.116853
0.13618
0.077793
0.0910776
0.0502745
0.0598054
0.0313668
0.037652
0.0191289
0.0231654
0.0114469
0.0139591
0.00668962
0.00822905
0.0038459
0.00474203
0.00218692
0.00271794
0.00120328
0.00150409
0.000650229
0.000818844
0.000347528
0.000440801
0.000184377
0.000233344
9.91663e-05
0.000126705
5.13009e-05
6.6489e-05
2.60176e-05
3.36257e-05
7.16948e-14
4.98957e-14
4.97459e-11
7.61078e-11
5.02164e-11
-0.00384546
-0.00121931
7.13587e-07
1.71649e-07
-8.53324e-09
1.78223e-08
0.00343698
-0.005474
5.95314e-07
8.79004e-07
4.94015e-06
8.5382e-06
-2.83499e-08
-1.88564e-07
0.988887
-3.04873e-09
2.41482e-08
-1.02985e-08
6.64942e-07
-1.86433e-05
-2.73518e-05
-2.04722e-05
6.51519e-07
-2.89968e-11
-3.02696e-12
-1.5102e-05
-2.04965e-12
-2.68969e-12
5.71192e-12
2.85517e-13
2.16763e-13
-2.14402e-11
1.63074e-06
1.4112e-06
4.29788e-07
0.141513
-0.00865828
-4.46018e-10
1.91675e-09
1.01091
-4.73375e-18
1.64668e-05
6.91445e-15
1.01309e-15
1.53018e-10
-3.21437e-10
4.72815e-11
-2.63743e-08
0.0278311
6.98669e-07
1.25682e-16
-8.92189e-11
-7.52397e-11
9.45655e-13
-2.75044e-14
0.00025438
-0.000275232
0.000522215
-1.50361e-17
1.31356e-13
1.35894e-12
-1.69255e-10
-1.18298e-10
-2.9042e-09
2.664e-09
-1.85195e-09
-7.04719e-17
7.57214e-12
2.90937e-12
7.57171e-13
2.31879e-12
5.27623e-13
5.78269e-06
0.0440124
0.398475
0.201112
1.04192e-05
8.48242e-06
1.0133
0.000207532
3.23394e-18
-8.88886e-15
-1.66932e-16
-5.70137e-17
-0.00831453
-0.0137831
6.01032e-07
7.95966e-07
2.24229e-17
2.64359e-17
-6.11982e-17
0.943207
0.905737
2.58189e-15
1.95306e-15
0.000350668
0.000423448
-1.06456e-08
-1.4834e-05
-5.56363e-06
1.00545
9.74734e-15
1.18709e-14
1.19203e-05
9.74441e-06
-1.30916e-08
-1.48488e-11
-5.01349e-13
1.00554
1.00099
1.00387
0.999583
1.0001
0.999648
0.999443
0.999912
0.999765
1.00004
1.00004
1.00006
1.00013
1.00005
1.00013
1.00004
1.00011
1.00003
1.0001
1.00003
1.0001
1.00003
1.00009
1.00003
1.00009
1.00003
1.00009
1.00003
1.0001
1.00003
1.00009
1.00003
1.00009
1.00003
1.00009
1.00003
1.00009
1.00003
1.0001
1.00003
1.00009
1.00003
1.00009
1.00003
1.00009
1.00003
1.00009
1.00003
1.00009
1.00003
1.00009
1.00003
1.00009
1.00002
1.00008
1.00003
1.00008
1.00004
1.00008
1.00005
1.00012
1.00009
8.15643e-11
-5.21834e-10
-0.00802431
-0.00320734
4.0711e-07
1.56737e-07
1.59103e-05
1.21483e-06
1.36987e-06
-6.40802e-18
-8.72659e-18
-1.41912e-19
0.9606
2.46173e-14
1.09592e-10
1.14363e-10
9.53383e-11
-1.87686e-09
-1.60228e-08
6.75769e-16
0.108714
-4.8695e-12
-3.72716e-12
5.01386e-15
3.10815e-15
-2.04988e-14
8.04684e-14
-4.30259e-15
-1.11642e-14
-1.02544e-09
-2.86674e-10
-3.63271e-09
-1.84027e-09
1.04071e-05
6.32169e-07
0.722886
0.786145
0.474098
0.000162755
3.91182e-05
1.17373e-05
6.14581e-09
-1.54561e-10
-9.49702e-08
1.34506e-06
-1.75138e-17
-1.30067e-17
1.00013
1.00023
0.999746
0.99994
0.998821
0.99905
1.0002
0.999229
1.00353
1.00194
1.00602
1.00544
1.0057
1.00839
0.992456
1.00253
0.955079
0.976092
0.890461
0.92173
0.800246
0.841222
0.689386
0.73649
0.572497
0.619534
0.457286
0.502231
0.350044
0.390379
0.258912
0.292151
0.186638
0.212746
0.128679
0.148867
0.0860671
0.100353
0.0559036
0.0660881
0.035259
0.0419438
0.0217953
0.0261889
0.0130409
0.0158248
0.00768011
0.00934342
0.00446703
0.00547157
0.00250807
0.00310149
0.00139129
0.0017249
0.000761693
0.000952524
0.000407965
0.000513368
0.000217855
0.000273406
0.000119358
0.00014912
6.49644e-05
8.22797e-05
9.32513e-14
7.2216e-14
3.70916e-06
4.16756e-06
1.22328e-05
5.55048e-08
6.53327e-07
3.09812e-08
1.37024e-08
0.0222829
0.0024222
1.14498e-06
1.67011e-07
-3.00357e-17
-2.37712e-17
1.00759
0.987444
1.35226e-05
1.97175e-05
-2.94881e-07
-1.71892e-07
1.46691e-05
-4.88778e-07
-3.80885e-06
3.93217e-07
-7.93997e-11
-2.12145e-12
-1.63781e-05
4.0335e-06
-2.5921e-05
1.42783e-06
1.74544e-14
0.000311697
1.29977e-14
2.20376e-05
1.78618e-05
1.03771e-11
-2.22901e-11
-0.00974089
2.53533e-13
2.29024e-13
-2.39936e-14
-1.829e-05
0.138454
0.335941
0.0776264
3.38349e-15
2.4666e-08
-1.31082e-14
7.29832e-15
-0.000275809
0.000242604
1.47939e-12
-4.6293e-15
6.42154e-17
1.01194
-2.66175e-10
-2.18779e-10
0.872112
0.820727
1.65703e-05
3.36802e-08
9.25262e-13
7.73678e-13
1.01535
6.29309e-18
-6.4947e-10
-1.67906e-09
-5.16832e-10
0.00114262
-0.00829034
-7.84421e-08
3.37363e-05
3.7305e-08
1.19332e-07
2.27755e-08
-2.97743e-07
2.1717e-16
2.01845e-16
4.36401e-15
1.76928e-06
-1.83736e-05
0.00025523
0.000459555
-3.51251e-07
2.84046e-09
-1.14125e-09
1.90519e-07
3.46011e-07
-1.35217e-10
-1.11754e-10
3.34565e-16
-8.18399e-08
1.67588e-08
3.55311e-09
-8.21219e-12
-6.55215e-12
1.01177
-1.68954e-17
2.06423e-12
2.12769e-12
-2.23911e-11
2.3126e-12
9.31778e-17
0.000109122
5.95539e-05
1.00282
0.999934
1.00119
0.999563
0.999419
0.999873
0.999576
1.00012
1.00001
1.0002
1.00022
1.0002
1.00026
1.00019
1.00026
1.00019
1.00024
1.00018
1.00024
1.00018
1.00023
1.00018
1.00023
1.00018
1.00023
1.00018
1.00023
1.00018
1.00023
1.00018
1.00023
1.00018
1.00024
1.00018
1.00023
1.00018
1.00023
1.00018
1.00023
1.00017
1.00023
1.00018
1.00023
1.00018
1.00023
1.00018
1.00023
1.00018
1.00023
1.00018
1.00023
1.00017
1.00023
1.00019
1.00022
1.00026
1.00021
1.00025
-7.47846e-15
-3.72e-15
-0.00202037
1.74074e-06
0.000278781
-0.0100013
-0.00525092
5.37878e-18
-2.17346e-05
-1.08919e-05
-5.11262e-07
1.31768e-15
7.59097e-16
2.11271e-06
-1.8841e-07
-6.15111e-07
1.23642e-11
-1.86336e-18
-1.78351e-08
6.62467e-15
4.66607e-15
2.346e-13
1.93104e-13
2.20881e-12
-9.85637e-15
-1.09154e-14
-1.65645e-14
2.61708e-05
2.17147e-05
2.48138e-14
2.02087e-14
4.65719e-05
0.992839
1.86482e-11
2.36535e-06
2.2065e-06
-4.53069e-10
3.1611e-09
0.999859
1.00004
1.01304
1.00745
0.999032
0.999335
0.999898
0.999057
1.00241
1.00104
1.00517
1.00426
1.00729
1.00871
0.998036
1.0061
0.965878
0.984224
0.907258
0.936329
0.821511
0.861003
0.714616
0.760045
0.59876
0.645458
0.480721
0.526806
0.371259
0.412624
0.278006
0.312727
0.200971
0.228661
0.139617
0.161401
0.0935772
0.109006
0.0614626
0.0722292
0.0390453
0.046426
0.0241468
0.0289482
0.0146462
0.0176914
0.00864354
0.0105372
0.00498109
0.00610471
0.00282174
0.00347564
0.00157754
0.00195571
0.00086432
0.00107931
0.000471499
0.000589802
0.000250653
0.000314755
0.000134703
0.00016685
5.43673e-14
5.67477e-14
-1.1546e-08
-2.08864e-07
0.0718781
0.0410168
4.57102e-08
2.41175e-06
1.26953e-07
2.68065e-06
6.98701e-17
1.00921
1.01591
-5.78694e-11
-1.72508e-11
1.50165e-16
-6.27829e-11
9.72637e-18
-3.36316e-06
-9.54125e-06
-2.2041e-06
-0.0105157
1.00742
-3.90265e-14
5.92166e-14
-2.26007e-06
5.27099e-14
1.89778e-07
0.000407648
2.2139e-10
2.15088e-10
3.37549e-05
1.02136e-09
-6.17374e-10
0.708994
-8.46937e-06
3.10469e-08
1.03617e-05
8.91473e-06
2.24759e-11
6.14479e-08
5.57993e-08
7.32557e-08
2.63406e-12
-0.00116428
-0.000346062
2.53485e-05
5.15801e-05
1.98349e-05
0.0105306
-0.00477368
9.08737e-08
2.84283e-13
4.50672e-13
-6.37195e-10
-1.07589e-09
-6.07194e-10
0.595362
0.642153
0.359032
-1.92856e-10
4.51369e-08
3.75748e-05
5.01514e-05
-8.58125e-10
-2.15112e-14
7.24853e-05
2.34036e-07
2.19252e-07
2.11632e-05
2.52863e-05
3.22769e-05
1.51992e-14
5.37826e-14
4.65779e-15
-2.45151e-14
7.14463e-16
5.43271e-15
1.39653e-11
2.73443e-11
-4.97649e-10
1.53339e-17
0.911622
3.05439e-05
-1.81776e-10
-1.51137e-10
-3.90297e-05
0.00042233
-4.74329e-09
-2.23711e-08
4.47209e-07
8.36104e-16
0.766577
-6.92028e-06
-6.17693e-06
0.946501
-1.21686e-11
-1.02634e-11
1.09041e-07
1.03759e-07
-2.02166e-10
-9.83051e-11
8.78422e-05
4.20766e-05
3.80173e-05
4.69132e-13
5.13889e-13
1.01316
-1.57993e-06
-2.6573e-07
2.52625e-07
1.00093
0.999492
0.999818
0.999569
0.999074
0.999896
0.999446
1.00005
0.999792
1.0001
0.999937
1.00011
0.99997
1.00011
0.999978
1.0001
0.999972
1.00011
0.999969
1.00011
0.999977
1.0001
0.999967
1.0001
0.999971
1.0001
0.999968
1.00011
0.999967
1.0001
0.999971
1.0001
0.999966
1.0001
0.999969
1.00011
0.999968
1.0001
0.999965
1.00012
0.999966
1.00011
0.999965
1.0001
0.999956
1.00011
0.999962
1.00013
0.999986
1.00012
1.00001
1.00002
0.0360651
0.999904
1.24394e-15
-0.00385861
4.60918e-05
-8.35695e-07
0.448538
0.206968
3.16353e-11
3.78163e-11
-6.80568e-11
5.83519e-05
0.181363
0.655337
3.81681e-15
3.7389e-12
-6.838e-08
7.0418e-05
-1.89506e-05
-1.33987e-05
1.00589
1.00399
1.01317
5.81019e-15
7.04049e-15
0.00022187
0.000451574
0.000175338
9.50551e-08
-5.41087e-08
2.51588e-06
4.89623e-07
3.73654e-08
1.3053e-08
-1.8541e-12
-4.12411e-13
6.66787e-05
8.35702e-05
8.89721e-05
4.46577e-09
-3.84767e-09
-1.90776e-14
1.74359e-15
0.843021
0.699439
-2.47023e-14
0.95897
0.877538
0.99927
0.024876
0.999512
0.998876
1.00138
1.00023
1.00435
1.0031
1.00846
1.00858
1.00232
1.0089
0.97484
0.991582
0.922077
0.949027
0.842702
0.880093
0.738961
0.785724
0.62188
0.671062
0.505154
0.552732
0.394506
0.438067
0.296784
0.333809
0.216814
0.246415
0.151534
0.175186
0.101788
0.118983
0.0672432
0.0789763
0.0430647
0.0513221
0.0267196
0.0321098
0.0164035
0.0198406
0.00967728
0.0118445
0.00558258
0.00685839
0.00317392
0.00392601
0.00177727
0.00220706
0.000990454
0.00123582
0.000544311
0.000685336
0.000288196
0.000368893
0.000147281
-5.7729e-14
-2.08438e-14
1.38783e-07
1.91503e-07
-4.14162e-07
-1.02493e-06
4.46252e-06
3.29625e-06
1.00826
1.01754
0.984541
-1.03773e-11
2.98719e-15
0.323126
0.408407
0.115647
-8.31574e-06
-5.42584e-13
-3.28651e-13
6.89336e-06
6.25533e-06
0.0565582
-0.0125484
0.408367
3.69365e-10
3.6234e-10
1.02898e-15
2.13374e-15
-2.71755e-14
-0.00861634
7.75174e-07
-1.45563e-10
2.14803e-13
-5.64122e-11
3.19992e-08
-2.29107e-10
-8.48006e-06
-4.11231e-06
-0.00253487
-0.00129281
0.000358003
4.30042e-12
-8.42021e-11
-3.16412e-11
-4.52936e-07
-1.4334e-05
0.000139659
0.0355893
0.00840321
-1.16413e-12
-5.67273e-13
-4.98313e-12
-0.00780663
1.53051e-10
5.03718e-06
1.10023e-12
1.12398e-12
5.99818e-12
-1.74105e-11
-1.4295e-11
5.02655e-05
7.0791e-05
-4.81509e-14
-5.83069e-14
-3.86341e-14
-1.19965e-10
5.07879e-09
-0.000934541
-0.000131168
-2.21113e-08
1.06738e-07
1.32057e-09
8.43534e-10
2.38274e-05
2.08648e-05
-2.29742e-10
-1.81742e-10
6.44594e-07
5.61397e-08
4.17208e-08
0.000103318
2.45513e-05
-9.99793e-09
-2.97457e-08
-1.12417e-10
-1.10427e-10
-9.79415e-11
0.999482
0.998903
0.998618
0.999139
0.998547
0.999366
0.998882
0.999474
0.999104
0.999527
0.999202
0.99953
0.999244
0.999522
0.999235
0.999539
0.999249
0.999532
0.999255
0.99954
0.999252
0.999543
0.999263
0.999536
0.999257
0.999541
0.999256
0.999529
0.999259
0.99953
0.999246
0.999532
0.999256
0.999528
0.999253
0.999505
0.999232
0.999504
0.999222
0.999482
0.999203
0.999486
0.999182
0.999543
0.999221
0.999647
0.99935
-2.12354e-07
-0.015758
2.26004e-09
1.07149e-09
-0.00636555
0.337301
0.513695
0.163083
0.000545884
0.000349803
4.90346e-11
5.85675e-11
-1.54344e-10
4.29538e-05
5.03958e-05
6.10257e-05
3.73503e-11
-3.55962e-11
1.68661e-06
9.10434e-09
-7.23023e-12
-2.3536e-11
-4.7917e-12
7.88545e-06
0.000123267
0.0003279
1.86836e-14
-1.13567e-14
2.2667e-13
0.700331
-4.42254e-15
0.998882
1.00044
0.999449
1.00344
1.00173
1.00879
1.00771
1.00567
1.01059
0.983443
0.998452
0.936836
0.962785
0.862832
0.899472
0.764694
0.81061
0.651876
0.701536
0.533427
0.583003
0.421043
0.466816
0.320119
0.36048
0.234242
0.266958
0.165545
0.190854
0.112482
0.131738
0.0738882
0.0873396
0.0480801
0.0571982
0.0302396
0.0364046
0.0185504
0.0224857
0.0110515
0.0135902
0.00633538
0.00784641
0.0036218
0.00449942
0.00205233
0.00256474
0.00114311
0.00143242
0.000637963
0.00079772
-1.37345e-13
-2.18277e-07
-9.03386e-08
-1.14974e-06
3.46175e-06
2.07192e-06
2.28761e-06
2.29138e-06
9.04129e-06
-7.0262e-06
7.77323e-06
-1.11423e-05
-8.17477e-07
-9.37162e-07
-1.45689e-06
0.504567
5.68776e-10
5.79151e-10
-0.0113277
0.000188585
4.49958e-05
2.32511e-12
0.00398789
-1.30441e-07
6.84366e-09
-8.69966e-09
0.000184949
-7.81825e-13
-5.31908e-13
4.16701e-08
1.90081e-08
-1.30076e-06
0.11187
-4.41591e-06
-0.00500213
-0.00354392
-2.80709e-10
-2.11211e-11
0.0844424
0.0493896
1.01315
-2.71685e-12
-1.94428e-12
1.0009
1.00246
-6.64097e-07
-4.78316e-07
5.86128e-10
-3.55394e-06
1.62596e-05
0.000411845
6.27147e-13
2.60209e-12
6.90518e-12
-2.42854e-11
3.91819e-14
6.89247e-13
4.69114e-06
-6.40922e-14
0.999364
0.998486
0.000353472
0.000106027
0.000143798
-9.65557e-07
1.12049e-05
2.36251e-06
-3.78357e-14
-6.13094e-15
5.86354e-09
1.59902e-08
4.36506e-09
1.00884
1.01563
0.000254945
-1.23389e-06
0.000403583
0.897849
0.742214
-0.00251283
-0.00128342
0.990257
1.00639
0.933883
1.45571e-07
-2.01962e-07
2.33777e-09
1.77383e-09
1.82205e-05
0.000449654
0.000237851
-2.41945e-10
-1.70165e-10
1.00723
5.17753e-05
0.000446744
1.00474
-5.01617e-11
-2.66623e-11
-0.00838186
9.39104e-12
1.00017
1.0033
9.68162e-05
8.1994e-05
0.998588
0.999225
0.998445
0.998201
0.998644
0.998277
0.998799
0.998517
0.998883
0.998653
0.998895
0.998719
0.998889
0.998707
0.998916
0.998726
0.99891
0.998749
0.998901
0.998733
0.998904
0.998724
0.998923
0.998738
0.998919
0.998751
0.9989
0.998742
0.998914
0.998739
0.998908
0.998751
0.998915
0.998756
0.998885
0.998753
0.998859
0.998755
0.998843
0.998734
0.998849
0.998691
0.998884
0.99878
0.998673
-7.09513e-08
-9.85582e-10
0.999578
0.000277683
0.000213958
0.000402137
3.98114e-05
1.00904
7.69451e-05
5.10568e-05
0.290107
-6.32075e-06
-4.31014e-06
-0.0108844
-2.51434e-08
1.63655e-07
6.64277e-06
4.55166e-05
6.1607e-11
7.36825e-11
-3.04411e-10
3.98159e-10
9.16267e-11
-1.30977e-13
-1.73892e-13
-5.55348e-14
-2.0778e-06
-1.76323e-06
4.72908e-06
7.71343e-06
1.01088
1.0105
1.0139
0.999642
1.00197
1.00776
1.0057
1.00766
1.01058
0.991581
1.00326
0.952293
0.975635
0.885106
0.919772
0.793104
0.838365
0.68348
0.733242
0.565734
0.616102
0.451288
0.499748
0.347177
0.389665
0.257289
0.291902
0.182209
0.210753
0.124263
0.145409
0.0833428
0.0982086
0.0546107
0.0650402
0.0344562
0.0416115
0.0213287
0.0258552
0.0128888
0.0158186
0.00740008
0.00920877
0.00424578
0.00527603
0.00244299
0.00306021
0.00135396
0.00170648
0.000748094
0.000935109
-0.000886517
0.238495
-0.0121804
8.55895e-10
7.76345e-09
-2.89179e-10
-3.00962e-10
1.08539e-11
0.000489297
0.990192
0.969714
0.999876
0.0246982
-0.00819701
-0.006711
-6.33892e-13
-5.51564e-13
0.000197448
7.86211e-10
8.19382e-10
-3.27832e-07
-4.18458e-06
-1.34823e-06
-2.93138e-12
-2.37174e-12
-5.48308e-07
6.2564e-11
8.31031e-10
-9.78737e-07
-8.19631e-07
-9.84151e-12
-2.37765e-11
-7.75136e-12
9.41085e-05
-3.32842e-11
7.64318e-11
1.65712e-12
4.99818e-12
5.67787e-12
1.54503e-11
-9.83567e-11
0.000109418
-0.000182338
0.000284399
4.15516e-05
1.19151e-13
1.81308e-12
1.37991e-05
6.64453e-06
6.92952e-09
6.01057e-09
-1.5413e-06
-1.76787e-06
-1.88971e-06
-0.00489054
-0.00340349
0.130975
0.088917
2.14452e-09
1.89495e-09
9.15355e-05
0.00011251
0.000129572
-1.82254e-08
-3.37935e-08
0.000180918
0.00015351
2.80007e-05
5.82687e-06
-3.71991e-11
0.000418907
1.0092
1.00303
1.00842
1.00005
1.00237
0.999216
1.00007
0.999243
0.999654
0.999369
0.999773
0.999458
0.999933
0.999459
0.99998
0.999456
0.999967
0.9995
0.999979
0.999494
0.999996
0.999462
0.999983
0.999456
0.999978
0.999498
0.999979
0.999475
1
0.999463
0.999979
0.999457
0.999961
0.999435
0.999967
0.999506
1.00003
0.999542
1.00009
0.999558
1.00016
0.999592
1.00024
0.000138228
0.000111717
0.00424034
-2.52828e-07
5.65726e-06
5.67102e-06
1.19635e-05
1.57429e-05
2.03825e-07
-5.38963e-07
1.31184e-08
1.40303e-08
-0.0138771
9.43949e-05
-5.14432e-10
-6.9155e-14
2.20501e-05
0.00010951
6.51606e-10
9.9539e-10
1.11282e-09
0.000264471
1.44455e-08
1.00553
1.00844
1.00974
0.998069
1.0071
0.967169
0.986323
0.9074
0.939818
0.823448
0.864496
0.718837
0.767584
0.600076
0.653243
0.485215
0.533764
0.37927
0.423847
0.28097
0.319617
0.201245
0.231203
0.139705
0.162847
0.0942569
0.111267
0.0624143
0.0741231
0.039978
0.0481956
0.024805
0.0300528
0.0150647
0.0183942
0.00882599
0.0109994
0.00503767
0.00629437
0.00295655
0.00368539
0.00164006
0.0020899
0.000865181
0.0011046
-2.07061e-06
-1.97563e-06
0.346449
0.622617
0.833608
0.881058
0.684888
4.161e-11
2.21111e-10
-5.94626e-13
-2.30311e-10
7.67288e-11
-5.53924e-10
0.267496
-8.57571e-10
-1.0969e-10
0.000300397
8.98441e-09
-1.69383e-08
9.10277e-10
0.000542827
0.000285937
-2.05927e-08
2.38188e-07
0.000182677
0.999678
-0.0103222
-0.0113619
-0.0106345
-4.15264e-07
6.70234e-10
-5.29914e-14
-1.26834e-12
-1.5003e-12
-3.78745e-10
-4.33194e-10
0.47691
-2.02009e-06
-2.75499e-06
-1.22495e-06
2.59379e-05
2.23612e-05
0.00028573
-0.00761508
0.000434267
0.000233793
0.000196676
1.67606e-11
-6.85974e-12
-7.89356e-12
-6.60955e-12
0.0661839
1.60628e-06
1.77451e-11
-9.28749e-10
-8.81451e-07
-8.12801e-07
-7.57522e-08
1.00396
9.81795e-12
2.27334e-11
4.04869e-12
1.16703e-11
1.00351
1.01638
1.01421
7.19837e-06
1.01699e-05
2.52633e-05
2.97539e-09
3.57436e-09
-8.31305e-07
1.27578e-05
-2.62106e-06
-3.12969e-06
-1.59291e-06
0.220868
0.17456
-5.65593e-11
-5.98442e-11
2.87397e-11
6.6113e-10
9.97957e-10
0.000199458
1.28817e-09
1.4762e-09
1.00033
-0.00614724
-0.00232749
0.000160823
7.35553e-05
0.000343481
0.978787
0.951225
1.00844
0.0357332
1.00405
1.00865
1.00235
1.00473
1.00199
1.00346
1.00204
1.00329
1.00215
1.00338
1.00209
1.00343
1.00205
1.00337
1.0021
1.00336
1.00206
1.00338
1.00204
1.00331
1.00208
1.00332
1.00209
1.00338
1.00207
1.00336
1.00203
1.00329
1.00207
1.00324
1.0021
1.00327
1.0022
1.00335
1.00238
1.00355
1.00273
1.00446
1.00395
6.15145e-10
-3.39315e-07
0.000244825
9.7407e-13
2.36431e-12
6.19977e-12
0.437267
2.11966e-10
-9.55565e-11
2.97017e-06
0.000344222
-6.6127e-09
-4.66421e-08
-1.21931e-09
0.000166192
0.80326
0.877642
0.559889
0.000212353
2.03124e-05
5.60183e-05
1.31516e-05
0.000268983
0.000303736
2.14133e-11
1.00868
1.00853
0.000552491
1.00276
1.00894
0.978882
0.994078
0.927386
0.95529
0.850352
0.888463
0.751863
0.797606
0.637752
0.687829
0.521256
0.570634
0.410916
0.455109
0.308812
0.348628
0.221613
0.254084
0.156243
0.180585
0.107693
0.125799
0.0718168
0.0845313
0.0466132
0.0556758
0.0287987
0.034813
0.0176166
0.0213755
0.0105805
0.0129978
0.00617002
0.00766718
0.00361318
0.00448017
0.00203415
0.00259934
0.00102092
0.00132095
-8.80519e-07
8.23312e-07
-1.22341e-06
-0.0158549
2.93356e-09
3.46019e-09
1.05135e-08
0.00019867
0.000283968
4.32218e-10
1.01412
1.78378e-09
2.22335e-09
2.81251e-12
6.31856e-14
6.82631e-05
2.34785e-07
-1.29343e-06
-0.000262722
0.128318
-1.31198e-07
-3.26747e-07
-0.0131229
-0.014126
-3.6593e-09
-1.20125e-09
0.00046921
0.000404446
0.341464
0.534176
0.289459
3.65463e-05
-0.000122454
-0.00132415
0.00019072
0.907245
-1.88487e-09
-4.35023e-06
-3.13868e-08
-3.29558e-08
0.000502933
-1.36939e-09
1.89837e-11
-3.05482e-07
-4.18246e-07
-1.11637e-10
-1.09812e-10
1.0164
1.01512
0.000345319
1.94533e-11
3.21579e-11
-0.0099846
0.000598203
0.000486024
0.000670069
6.10395e-05
0.000235699
-2.61963e-06
-5.29118e-06
0.982324
0.930394
2.4407e-05
4.23412e-05
1.49137e-10
2.69387e-10
3.84598e-11
2.53514e-09
1.85021e-09
0.000382586
0.000181954
0.000171907
-0.0109627
-0.0148089
0.000666845
-9.79385e-10
5.48259e-11
0.0878071
-9.24111e-08
-2.87305e-08
1.00944
1.00711
1.01046
1.00644
1.00871
1.00638
1.00831
1.0064
1.00825
1.00637
1.00826
1.00631
1.00823
1.00629
1.00819
1.00627
1.00819
1.00627
1.00815
1.00628
1.00811
1.00634
1.00815
1.00624
1.00815
1.00619
1.008
1.00623
1.00787
1.00638
1.00777
1.0068
1.00789
1.00762
1.00872
1.00822
-2.96487e-07
-1.41197e-07
-0.0120685
8.2608e-09
7.31104e-09
-2.5627e-07
1.18135e-06
0.000552212
1.01808
0.00100602
1.70122e-05
1.28607e-05
1.00603
1.00959
1.02105
-0.00904606
-0.00412977
1.01358
0.987446
0.998988
0.94333
0.96697
0.875165
0.908825
0.780826
0.82256
0.670882
0.718488
0.554521
0.603205
0.440163
0.485268
0.333223
0.37396
0.243164
0.276597
0.173551
0.199329
0.120644
0.139896
0.0810799
0.0951306
0.0528888
0.0626865
0.0329259
0.0395579
0.0203408
0.0245393
0.0124244
0.0151314
0.00739222
0.00913259
0.00438335
0.00544319
0.00246694
0.00310568
0.000651982
0.000757067
0.0011772
-1.00716e-10
-9.73223e-11
-1.49549e-09
0.0205677
0.99956
1.75555e-11
1.11031e-11
-0.00439429
2.74034e-07
-1.80033e-08
0.765003
1.3172e-07
-2.74185e-06
2.09589e-10
-3.61052e-09
1.00416
6.41427e-05
1.01409
-1.14416e-08
-7.81811e-09
-7.37157e-08
2.55826e-05
2.33024e-11
0.00138273
1.93954e-10
1.74963e-10
9.12444e-10
1.01545
-0.000879597
-0.00297362
-0.000416272
-2.07797e-10
0.705486
0.461056
2.78963e-05
3.63785e-05
1.01482
0.00168649
6.4553e-06
9.7391e-05
0.000174712
8.28661e-05
6.19832e-07
2.69346e-07
1.76287e-08
1.5314e-08
1.21976e-11
-2.20167e-10
-1.50308e-08
-1.09312e-08
1.02073
0.000422771
0.000865795
0.959548
0.929268
0.001253
1.43914e-06
5.21486e-07
-6.37445e-06
4.76172e-06
1.1654e-08
1.45322e-08
-2.93489e-08
-1.10103e-08
0.822023
5.71014e-05
3.54534e-05
2.11487e-11
8.26864e-09
7.02992e-09
-0.000341761
-0.0118329
-0.0109951
3.32769e-09
3.82246e-09
-0.00195461
-0.00132925
0.387754
0.202571
0.828568
-4.51936e-08
-1.11437e-07
-3.40167e-08
0.729238
7.70514e-11
0.0498651
0.14758
0.0222108
1.0169
-0.00596551
-0.00480905
0.000142621
0.000151231
0.000463434
1.01038
1.00922
1.01036
1.00904
1.0096
1.00897
1.00943
1.00885
1.00922
1.00881
1.00927
1.00877
1.00922
1.0088
1.00924
1.00885
1.00927
1.00884
1.00922
1.00886
1.00916
1.00885
1.00932
1.00903
1.00927
1.00917
1.0091
1.00943
1.00887
1.00954
1.00734
1.00822
-3.18378e-10
-3.62245e-10
-1.2649e-07
-9.72638e-08
4.45983e-05
4.74508e-05
6.66816e-05
3.12155e-11
0.000877068
1.01687
1.0194
0.00161678
9.79899e-06
0.000912671
5.54516e-11
0.992556
1.00224
0.955123
0.974778
0.894693
0.924624
0.804359
0.844425
0.697872
0.743397
0.584952
0.633048
0.466693
0.513453
0.355761
0.396931
0.263848
0.297963
0.190153
0.216826
0.133492
0.153379
0.0904746
0.105536
0.0588082
0.0692643
0.0370826
0.0442644
0.0232078
0.0277954
0.0143134
0.0172355
0.00878106
0.0106712
0.00542851
0.0066936
2.76124e-05
4.63752e-05
6.45718e-06
0.00171955
-0.000121134
7.12037e-05
-2.53391e-09
-6.9466e-10
1.01303
1.01691
0.00198236
2.10043e-08
1.8176e-08
-4.58073e-08
-3.64871e-08
2.20879e-07
0.0882654
-0.0110268
-7.10785e-10
1.01281
-0.00307831
0.993642
1.00732
0.937445
0.877005
2.42559e-07
7.58697e-11
9.09042e-11
1.51517e-11
-2.76391e-08
0.0539099
0.00794717
9.20965e-05
0.000118027
8.66758e-05
-4.48544e-09
0.00220162
0.599523
0.000323608
-3.06052e-09
1.66722e-08
1.26596e-08
-4.94102e-06
-8.03451e-06
8.45859e-09
-1.32773e-08
-9.44966e-09
4.22173e-06
2.6845e-06
0.0013471
0.0020218
8.98458e-11
-4.76711e-08
8.04042e-05
0.00306918
3.78938e-05
1.63924e-05
-2.08605e-09
1.96054e-05
8.74187e-05
7.10222e-05
0.000356783
3.25235e-08
2.84997e-08
1.5841e-06
1.00771e-06
-0.00238214
-0.000908023
1.62504e-10
1.62166e-09
8.34783e-09
-2.42528e-07
-5.2665e-06
-0.00709973
-0.0062459
-3.31137e-09
0.000810779
0.000904602
0.0015437
1.00667
1.00526
1.00294
1.00494
1.00216
1.00463
1.00182
1.00438
1.00137
1.00443
1.00125
1.00441
1.00128
1.00464
1.00148
1.00468
1.00146
1.00456
1.00148
1.00481
1.00157
1.00501
1.00216
1.00601
1.00267
1.00571
1.00164
1.00444
0.996594
0.999449
-8.89712e-08
9.0778e-05
0.000106722
8.34268e-05
0.977285
0.286251
0.225305
1.0601e-07
-1.57891e-08
0.00319575
1.00562
0.98594
-2.31249e-09
-1.58929e-09
4.70092e-08
4.10056e-08
0.540373
-4.98697e-10
-4.56095e-08
0.964549
0.98124
0.910245
0.936872
0.824511
0.863112
0.723827
0.768813
0.613368
0.66143
0.49277
0.540333
0.378397
0.421943
0.282498
0.317805
0.205824
0.234031
0.145125
0.166692
0.0985429
0.114808
0.0642478
0.0754408
0.041256
0.0488917
0.0259789
0.0310476
0.016145
0.0193444
0.0101661
0.0121809
-2.91983e-09
-1.143e-10
-4.98714e-10
-7.76965e-11
1.01062
1.00496
-4.46847e-09
-3.31681e-09
-3.06142e-08
-3.60684e-08
-2.72023e-08
-0.00718068
5.91604e-07
-0.00938053
0.0015387
0.0040994
1.00881
1.00545
1.0076
0.332449
1.39635e-10
-1.28522e-07
0.00118521
-5.82272e-10
0.662158
-0.00691193
-0.0040207
0.0044417
-7.61043e-09
2.09699e-08
-0.00345977
4.99111e-05
0.260288
0.119866
1.20024e-05
-0.0108812
-7.92766e-06
1.86837e-05
0.0064703
6.6115e-06
4.63352e-06
0.00289379
0.00377551
5.53326e-08
4.82073e-08
0.913266
0.860468
0.000144165
0.000701529
0.00169288
1.95554e-08
1.07085e-08
-7.21476e-08
-6.72939e-08
-2.56971e-08
2.51414e-06
1.79378e-06
-0.000119089
-0.000583758
-1.70744e-05
9.63474e-08
8.51265e-08
6.36851e-05
4.47238e-05
0.000169599
0.000146941
-3.35206e-08
3.60049e-07
8.59119e-08
-1.3376e-08
0.987501
0.985843
0.978591
0.985547
0.977129
0.985503
0.977425
0.985123
0.977258
0.985061
0.976868
0.985396
0.976803
0.984912
0.976783
0.985414
0.976321
0.985437
0.976914
0.986701
0.977792
0.987702
0.979829
0.992609
0.983018
0.986516
0.971473
0.978925
0.00017139
0.000191348
0.00074983
3.20277e-09
1.91918e-09
2.24323e-08
-1.2759e-06
0.00235231
0.0026599
0.0033539
8.73064e-08
7.50249e-08
-1.38616e-09
2.03457e-05
1.61346e-05
0.56403
-8.84129e-06
-9.8186e-06
-1.06028e-05
0.93946
0.922566
0.946671
0.844786
0.882
0.751114
0.795809
0.643321
0.692129
0.520715
0.571355
0.402014
0.450017
0.301715
0.339972
0.223306
0.253926
0.157334
0.181426
0.107217
0.124656
0.070553
0.0835395
0.0448393
0.0533452
0.0292388
0.034851
0.0181695
0.0219295
0.659276
-0.00481795
-0.00798453
0.978093
0.948088
2.23233e-08
1.23557e-08
1.62512e-07
0.98875
0.97477
4.04921e-05
0.00392532
0.000155811
-0.003347
-0.0015377
0.0804775
0.0232002
5.76436e-08
7.85547e-08
1.8871e-07
-5.91875e-09
0.00768673
0.00787398
0.000243685
4.8628e-05
0.00923561
0.000284718
0.00024439
0.0111952
8.44133e-07
-4.03719e-05
-9.92503e-08
-6.08433e-08
0.00277637
0.00451808
7.90051e-06
6.14637e-06
0.00541114
2.09519e-08
5.81878e-09
0.568851
0.356117
0.980306
0.989355
0.836367
0.876229
0.644619
0.0031708
2.7526e-06
2.1104e-06
-0.000391951
-0.00113959
-0.000240778
-0.00252355
-0.0057484
1.37796e-07
1.11855e-07
-2.1478e-07
-1.3115e-06
2.12198e-07
1.65559e-07
1.84456e-05
1.59918e-05
0.949641
0.949261
0.933895
0.9494
0.933967
0.949415
0.934593
0.948507
0.934078
0.948642
0.933764
0.94858
0.933756
0.948913
0.933338
0.948736
0.933263
0.950614
0.935298
0.952485
0.941472
0.00469173
0.00541929
0.00626226
-3.89733e-06
2.38388e-05
5.84338e-07
0.000263664
-9.11005e-08
0.0430816
0.0256174
0.866639
0.783121
0.828195
0.678645
0.730434
0.552294
0.608848
0.432536
0.48355
0.328761
0.371044
0.244409
0.27807
0.172701
0.200195
0.117504
0.137463
0.0785359
0.0929997
0.0504776
0.0604133
0.0332789
0.0397691
0.0209995
0.025593
1.98328e-08
-4.20899e-09
0.860712
3.27058e-08
1.82174e-07
0.151876
0.981179
0.934981
0.950265
0.0131826
4.62078e-05
0.000100643
0.00749009
0.000398379
2.69413e-05
0.000474413
0.000416312
3.55051e-07
0.289157
-0.00658895
-0.004581
-1.48462e-07
-1.30755e-07
-2.53458e-07
-7.70996e-06
0.0196461
0.0792644
0.0594964
0.00662985
0.00859475
0.902317
6.71974e-06
5.6724e-06
9.53577e-07
0.111627
0.933171
0.00144395
0.00161439
0.00317344
2.25777e-06
1.8938e-06
0.925441
0.86884
0.743531
0.730457
2.56205e-07
-0.000691716
-1.56842e-05
-1.25751e-05
1.06677e-07
2.80605e-08
-2.11568e-08
-3.74426e-06
-1.74514e-05
0.0126336
0.00859545
0.016396
0.935867
0.951009
0.000502509
0.000439696
-0.000474902
-0.000158139
1.00819e-05
1.09886e-05
0.946385
0.92005
0.00924775
0.000431207
0.89128
0.891762
0.868034
0.891146
0.867684
0.891512
0.867995
0.892041
0.868318
0.891351
0.868452
0.890228
0.86654
0.890185
0.864442
0.90042
0.883758
0.870352
0.955871
-1.19685e-05
-8.87486e-05
2.87674e-06
6.38135e-08
-3.64376e-08
2.69149e-07
7.43069e-07
1.87607e-07
0.0101714
-0.00120788
0.186561
0.158334
0.825558
0.892166
1.99937e-07
0.723232
0.59499
0.656608
0.471359
0.526219
0.36181
0.408216
0.270362
0.307591
0.192001
0.222375
0.131623
0.154193
0.0891628
0.105332
0.0582503
0.0699474
0.039051
0.0466736
0.0242523
0.0287371
-0.00209512
-0.00162237
-1.67252e-06
9.6602e-05
0.890321
0.868031
0.866907
0.00107209
0.000984032
3.92497e-07
0.000663102
0.934355
8.62078e-07
0.404899
0.0419
-0.00405923
0.785998
-7.46865e-07
-3.67859e-06
3.23342e-06
3.53254e-06
0.0114789
-3.86545e-08
0.868328
0.89168
0.353657
-0.00101601
0.00518385
0.00759797
5.04897e-08
0.0172635
0.75155
-0.00241387
-0.00205158
0.142159
0.11266
0.000190743
0.0127226
0.0144375
0.584494
0.604952
0.383817
-2.48534e-05
-1.02783e-05
0.000963607
0.0008433
3.65972e-07
0.846349
0.760115
-4.26585e-07
5.43461e-07
0.882051
0.863632
0.837623
0.811316
0.812148
0.812957
0.784739
0.813355
0.78584
0.813713
0.786304
0.812396
0.785518
0.807674
0.779899
0.646858
0.000720998
-2.4792e-07
0.000189455
0.000356182
-0.00406018
-0.00372286
-0.00403587
-2.0556e-06
0.263605
-9.10643e-07
0.00297123
0.00320005
0.00585782
-4.5845e-07
-1.8246e-06
-5.11989e-06
-0.000779779
-0.000307114
-1.59134e-06
-4.17691e-06
-2.41197e-06
0.0187483
0.0272227
0.585248
0.517069
0.570728
0.400839
0.450515
0.301132
0.343363
0.214307
0.248469
0.149322
0.175391
0.101461
0.119235
0.0686974
0.0814445
0.047143
0.035043
0.0571548
-7.73108e-07
-4.6009e-06
2.33412e-07
-2.09125e-07
0.0283548
0.00657442
0.0131969
0.0111018
0.0183998
0.811677
0.783824
6.29689e-07
-5.0869e-07
0.252165
0.784763
0.700057
0.801713
0.0529047
1.63704e-05
0.00169563
-6.13424e-05
-0.000204319
-3.51043e-05
-0.00223117
-8.23376e-06
-2.80771e-05
-0.00204427
-0.00116612
0.426123
-1.13189e-06
0.782633
0.810491
0.449023
0.167879
0.347556
0.11642
-2.11071e-06
-2.24045e-06
-8.69488e-06
0.00111803
0.00187897
0.635652
0.00226417
0.00213306
0.768702
0.780966
0.808302
-5.28755e-06
0.724035
0.72365
0.690555
0.72486
0.692089
0.718203
0.671798
0.689014
0.0379736
0.000360032
0.552353
0.603932
4.49662e-06
6.02179e-05
0.00466436
0.00434484
-0.00196541
0.00208945
-0.00261941
0.722932
0.64777
0.441666
0.491924
0.337753
0.383166
0.242426
0.280942
0.171796
0.2008
0.116431
0.137284
0.0776969
0.0899974
-2.19704e-05
0.722801
0.690736
0.716612
0.057736
-2.17011e-05
-0.000114902
-7.41034e-05
-0.00130983
0.750521
0.0345442
0.772201
0.795039
-3.7501e-05
0.000648008
0.00121084
0.690367
0.00842073
0.0601887
0.0130545
0.00138305
-4.71988e-06
-0.000436368
-0.00093146
-0.000313252
0.547506
0.387903
0.00911434
-3.41331e-05
0.15132
0.302488
0.111372
0.0228414
-5.23887e-06
0.00566157
0.00624697
0.0104784
0.720987
-1.1436e-05
-1.23504e-05
0.689775
0.686055
0.680193
0.710491
-1.95944e-05
0.0134136
-1.13354e-05
0.00339674
0.00906291
-3.61702e-05
-0.00154933
-0.00112867
0.739111
0.044853
0.621623
-2.21616e-05
0.624928
0.58824
0.630098
0.585701
0.598222
0.0181724
0.0197881
4.29727e-05
0.0109803
0.0174295
0.0103032
0.00853025
-1.70714e-05
-4.50621e-05
0.379173
0.275749
0.320045
0.197858
0.231802
0.134565
0.160938
0.0869026
0.107694
0.62047
-0.000100732
0.0477458
0.0244002
-0.00011074
0.624001
0.5887
0.484065
0.427639
0.533594
-1.85063e-05
0.0490482
-3.58954e-05
-6.9848e-05
-5.90786e-05
0.0235528
0.0162133
0.0334022
0.589453
0.624659
0.00194881
0.00376031
-3.24982e-05
0.00015804
0.000664846
-0.000112367
0.126609
-5.46353e-05
0.591381
0.604965
0.0287296
0.000825431
-0.000158801
0.649593
0.552276
-0.000152652
0.0824673
0.617378
0.0651338
0.0161845
0.0316363
0.584695
0.57615
-0.00100682
-0.000503512
-0.000355179
0.52153
0.0192363
0.00732737
0.512413
0.690876
0.533012
8.38451e-05
-0.000584348
-6.78727e-05
-0.000236586
0.0399483
0.326364
0.231625
0.00504314
-0.000378482
0.232616
0.160615
0.190717
0.107819
0.130215
0.498844
0.628979
0.0807203
-7.18325e-05
-9.21131e-05
0.000131117
0.664743
0.0657227
0.0132819
0.526103
0.491164
0.0425877
-0.000245883
0.0314903
0.480199
0.522658
0.00705759
0.0179586
0.488707
0.018151
0.00115433
0.00213135
0.0279114
0.0373603
0.0260663
-0.000442229
-6.73428e-05
-6.68173e-05
0.0561636
0.459981
0.551422
0.512908
0.572671
0.270949
0.316089
0.296486
0.208666
0.427555
0.469966
0.44267
0.464682
0.504965
0.0827723
0.00976847
0.00341631
0.0491293
0.063982
0.491094
0.482451
0.48876
0.368342
0.415491
0.0364001
0.0478851
-0.000701931
0.0492404
0.373224
0.370321
0.222826
0.0607575
0.423774
0.274266
0.000381003
0.000404427
0.00122317
0.0612759
0.190717
0.224539
0.370261
0.315307
0.416147
0.0807554
0.130554
0.097696
0.15575
-0.000180642
0.427015
0.388897
0.000453797
0.0024191
0.000310467
0.0310895
0.05458
0.00362963
0.00798105
0.159783
0.368193
0.0394122
0.088861
0.434683
0.397622
0.0184268
0.00043517
0.000236801
0.400131
0.403264
0.349418
0.374603
0.0614807
0.180403
0.293573
0.138212
0.101997
0.222718
0.0137099
0.00637669
0.159479
0.132035
0.195583
0.329444
0.310248
0.259202
0.349969
0.283584
0.308344
0.288428
0.263368
0.347941
0.0146387
0.0338623
0.00170661
0.294477
0.311974
0.00220386
0.0040542
0.0009769
0.00116335
0.00242557
0.00229056
0.0800874
0.047555
0.0255238
0.229101
0.223568
0.148168
0.00353367
0.00499653
0.0873969
0.00939297
0.0188167
0.00725338
0.266804
0.00276534
0.00683221
0.0155999
0.171416
0.218907
0.247153
0.198335
0.156527
0.124204
0.232345
0.0958623
0.0547083
0.206977
0.0991514
0.00420237
0.0048338
0.00708067
0.0714906
0.0337747
0.147497
0.136069
0.0573856
0.011703
0.0233537
0.00918831
0.101195
0.182751
0.0847507
0.0109619
0.0262983
0.0817363
0.190566
)
;

boundaryField
{
    frontAndBack
    {
        type            empty;
    }
    hot
    {
        type            fixedValue;
        value           uniform 1;
    }
    cold
    {
        type            fixedValue;
        value           uniform 0;
    }
    defaultFaces
    {
        type            zeroGradient;
    }
}


// ************************************************************************* //
