/*--------------------------------*- C++ -*----------------------------------*\
  =========                 |
  \\      /  F ield         | OpenFOAM: The Open Source CFD Toolbox
   \\    /   O peration     | Website:  https://openfoam.org
    \\  /    A nd           | Version:  7
     \\/     M anipulation  |
\*---------------------------------------------------------------------------*/
FoamFile
{
    version     2.0;
    format      ascii;
    class       volScalarField;
    location    "0.3";
    object      T;
}
// * * * * * * * * * * * * * * * * * * * * * * * * * * * * * * * * * * * * * //

dimensions      [0 0 0 1 0 0 0];

internalField   nonuniform List<scalar> 
5936
(
0.509388
0.913123
0.999004
0.982343
1.00586
1.01594
1.00206
1.00701
1.00021
1.00101
0.999884
0.999749
0.999947
0.999837
0.999996
0.999976
1
1
1
1
0.999998
0.999997
0.999999
0.999998
0.999999
0.999999
0.999999
0.999999
0.999999
0.999999
0.999999
0.999999
0.999999
0.999999
0.999999
1
0.999999
1
0.999999
0.999999
0.999999
0.999999
0.999999
1
0.999999
0.999999
0.999999
1
0.999999
1
1
1
1
1
0.999999
0.999999
0.999999
0.999999
0.999999
1
0.999999
0.999999
0.999999
0.999999
0.999999
0.999999
0.999999
0.999999
0.999999
0.999999
0.999999
1
0.999999
0.999999
0.999999
0.999999
0.999999
0.999999
0.999999
0.999999
0.999999
0.999999
0.999999
1
0.999999
1
0.999999
1
0.999999
0.999999
0.999999
1
0.999999
1
0.999995
0.999997
0.999992
1.00001
0.999999
0.116255
-0.00308411
-0.000221021
4.05883e-05
2.28501e-07
3.32756e-07
4.5733e-08
-2.45088e-09
-1.31304e-09
-1.1475e-10
-4.95974e-13
5.22181e-13
3.30582e-14
3.48255e-16
-4.88491e-17
-3.28058e-18
-6.70207e-20
1.8413e-21
1.52739e-22
3.74888e-24
-3.63108e-30
-3.08941e-27
-1.05825e-28
-1.6878e-30
6.53301e-48
2.36667e-32
2.34435e-30
4.31143e-28
4.22234e-27
-1.4199e-25
3.89047e-25
-6.74043e-23
-9.20799e-22
6.6448e-22
-5.76083e-20
-2.90791e-19
1.55324e-18
-1.25321e-16
-4.87668e-16
-1.05486e-15
-8.45283e-16
5.50884e-15
-5.19816e-15
-7.74927e-14
3.08262e-13
9.55547e-14
6.11701e-13
1.73212e-12
1.58608e-12
1.95335e-12
0.999994
1.00004
0.999877
0.999881
1.00023
0.999987
1.00046
1.00067
0.998642
0.999442
0.999036
0.998736
1.00142
0.999834
1.00965
1.00675
1.01388
1.01401
0.986899
0.997829
0.913336
0.937821
0.799262
0.835994
0.658305
0.702343
0.514771
0.557522
0.380731
0.419621
0.266217
0.298541
0.179084
0.203463
0.114372
0.13237
0.0706738
0.0823907
0.0430606
0.0503371
0.0245051
0.0292176
0.0136595
0.0163937
0.00733705
0.00892203
0.00378811
0.00465463
0.00199799
0.0024455
0.00100041
0.001244
0.000491547
0.000615358
0.000239786
0.000300573
0.000112522
0.000142699
5.25194e-05
6.68512e-05
2.43131e-05
3.0925e-05
1.0997e-05
1.40795e-05
4.83471e-06
6.24301e-06
2.12542e-06
2.74802e-06
8.91248e-07
1.16359e-06
3.81698e-07
4.96707e-07
1.60224e-07
2.09885e-07
6.43883e-08
8.51026e-08
2.65317e-08
3.49413e-08
1.04894e-08
1.39822e-08
4.06837e-09
5.4407e-09
1.6382e-09
2.18104e-09
6.30377e-10
8.49959e-10
2.48859e-10
3.36144e-10
9.40652e-11
1.304e-10
3.72695e-11
5.26458e-11
1.59624e-11
2.29622e-11
5.75406e-12
2.80853e-12
8.46669e-12
-5.95796e-33
1.84833e-12
0.0134574
-0.00159227
6.87001e-05
7.49515e-06
2.12021e-07
1.69938e-07
5.34143e-09
-2.45351e-09
-4.73063e-10
-1.81634e-11
1.04871e-12
1.58246e-13
4.80986e-15
-8.38598e-17
-1.47958e-17
-5.66428e-19
-1.20264e-21
6.44213e-22
2.73719e-23
3.53211e-25
-1.0236e-26
-6.32367e-28
-1.47441e-29
-0.000923803
-1.54679e-31
2.72896e-12
-1.28515e-30
-4.98821e-29
-9.29773e-28
-7.35942e-27
3.34287e-25
6.65395e-24
3.44016e-22
5.58518e-22
7.66534e-21
2.42734e-19
-1.18135e-18
2.29755e-17
3.09901e-16
6.7758e-16
1.51646e-15
-4.33413e-15
6.756e-15
-1.47321e-14
1.13148e-13
1.93958e-13
-1.27839e-14
1.3422e-12
1.93835e-12
0.000131481
0.066468
3.1937e-06
0.457247
0.000144405
3.15068e-05
1.02151e-06
5.93116e-07
2.23646e-08
-8.5454e-09
-1.69539e-09
-7.83891e-11
3.23597e-12
5.98426e-13
2.23846e-14
-1.87169e-16
-5.68793e-17
-2.49058e-18
-2.03054e-20
2.47088e-21
1.23404e-22
1.97299e-24
-3.18193e-26
-2.76345e-27
-7.16877e-29
-8.54698e-31
-4.35315e-29
-7.98024e-28
-8.77354e-27
4.81489e-25
7.69487e-24
4.00364e-22
8.17302e-22
8.73677e-21
2.52126e-19
-1.8053e-18
2.25675e-17
3.61561e-16
8.00835e-16
1.84301e-15
-5.45431e-15
8.96237e-15
-2.37319e-14
1.68072e-13
2.85864e-13
4.40864e-14
1.94282e-12
2.75848e-12
-1.57343e-30
1.07665e-06
1.70273e-07
-8.61347e-09
-4.26641e-09
-4.49266e-10
-4.63709e-12
1.74679e-12
1.38617e-13
2.08529e-15
-1.68066e-16
-1.3555e-17
-3.38238e-19
5.8736e-21
6.23677e-22
1.83509e-23
8.28664e-26
-1.22231e-26
-4.81579e-28
-8.58802e-30
4.85424e-28
3.38955e-27
-1.85046e-25
4.76949e-25
-7.82077e-23
-1.13887e-21
5.06245e-22
-5.83493e-20
-2.63346e-19
3.57341e-18
-1.42866e-16
-5.79169e-16
-1.25653e-15
-1.19754e-15
7.4047e-15
-7.73606e-15
-9.4447e-14
4.33418e-13
1.43499e-13
9.18918e-13
2.51743e-12
2.3749e-12
-0.0055642
-0.00532756
2.0549e-30
0.596807
-0.00117555
0.957421
1.0026
0.985732
1.00455
1.00821
1.00136
1.00403
0.999981
1.00056
0.999886
0.999825
1
0.999981
1.00003
1.00006
1.00002
1.00005
1.00001
1.00002
1.00001
1.00001
1.00001
1.00001
1.00001
1.00002
1.00001
1.00002
1.00001
1.00002
1.00001
1.00002
1.00001
1.00002
1.00001
1.00002
1.00001
1.00002
1.00001
1.00002
1.00001
1.00002
1.00001
1.00002
1.00001
1.00002
1.00001
1.00002
1.00001
1.00002
1.00001
1.00002
1.00001
1.00002
1.00001
1.00002
1.00001
1.00002
1.00001
1.00002
1.00001
1.00002
1.00001
1.00002
1.00001
1.00002
1.00001
1.00002
1.00001
1.00002
1.00001
1.00002
1.00001
1.00002
1.00001
1.00002
1.00001
1.00002
1.00001
1.00002
1.00001
1.00002
1.00001
1.00002
1.00001
1.00002
1.00001
1.00002
1.00001
1.00002
1.00003
1.00003
1.00003
1.00001
1.00003
2.7365e-30
0.00151962
6.12273e-05
0.260823
-4.85609e-06
-4.85612e-07
2.48388e-07
3.28896e-08
4.01245e-10
-3.2536e-10
-2.63805e-11
-3.90834e-13
7.46207e-14
4.4359e-15
8.67882e-17
-3.70913e-18
-3.42234e-19
-8.80739e-21
4.03879e-23
1.13169e-23
3.63406e-25
3.43249e-27
-1.36889e-28
-6.00543e-30
7.03923e-28
-0.00316599
-0.0045848
-0.00327203
-1.91033e-31
4.95464e-12
8.9729e-12
-3.43956e-06
-8.65142e-06
-2.27926e-06
0.532987
1.92437e-27
-2.63083e-25
9.63856e-25
-9.87657e-23
-1.95787e-21
7.19998e-22
-7.02403e-20
-5.62574e-19
9.32648e-18
-2.0017e-16
-1.02883e-15
-2.22365e-15
-3.29483e-15
1.59166e-14
-2.06712e-14
-1.29578e-13
7.66454e-13
2.02569e-13
2.01777e-12
4.53937e-12
3.70522e-12
6.8679e-12
0.0517201
0.189631
0.0225273
-9.19291e-05
-0.00068495
4.32053e-05
1.50471e-05
-6.64768e-06
0.99991
0.999882
1.00017
1.00003
1.00046
1.0007
0.998942
0.999412
0.99924
0.998569
1.00095
0.99887
1.0094
1.0065
1.0136
1.01683
0.986514
1.00536
0.913149
0.950529
0.800814
0.850234
0.664688
0.721892
0.519598
0.576295
0.38407
0.43337
0.271454
0.311898
0.182426
0.212381
0.118327
0.139572
0.0733123
0.0880811
0.0434859
0.0525942
0.0251233
0.0308587
0.0140238
0.01733
0.00758692
0.00946434
0.00396553
0.00502614
0.00206885
0.00260733
0.00104673
0.0013325
0.000526171
0.000673951
0.000253044
0.000327392
0.000118564
0.000153999
5.68427e-05
7.36729e-05
2.57485e-05
3.38803e-05
1.14829e-05
1.51337e-05
5.21311e-06
6.87945e-06
2.25569e-06
2.99351e-06
9.54613e-07
1.28072e-06
4.09911e-07
5.45287e-07
1.71597e-07
2.29645e-07
7.01568e-08
9.51412e-08
2.87862e-08
3.87905e-08
1.14479e-08
1.55279e-08
4.53301e-09
6.19497e-09
1.78415e-09
2.42047e-09
6.98492e-10
9.52804e-10
2.86232e-10
3.86967e-10
1.16741e-10
1.58325e-10
5.44814e-11
7.46148e-11
0.780432
-3.25874e-30
0.830477
2.73833e-30
7.74025e-22
5.48812e-22
3.92263e-05
-1.02969e-29
-2.05589e-30
-2.54888e-21
3.43366e-07
1.0294e-07
7.44892e-09
-5.93491e-10
-1.05308e-10
-4.89076e-12
1.41006e-13
2.06193e-14
7.47123e-16
-6.88107e-19
-1.34961e-18
-6.18484e-20
-8.27365e-22
4.05379e-23
2.24876e-24
4.52195e-26
-1.89548e-28
-3.52051e-29
9.51601e-28
1.27798e-23
6.8622e-24
-2.60117e-26
-2.78191e-26
-1.0386e-27
-3.99786e-25
-1.03028e-27
9.73895e-25
-1.47396e-22
4.90048e-07
2.00255e-21
1.06554e-20
3.57387e-19
-2.77083e-18
1.91583e-17
5.89681e-16
1.44851e-15
3.42845e-15
-8.01139e-15
1.18696e-14
-5.04914e-14
3.9857e-13
4.15358e-13
2.16678e-13
3.63831e-12
4.7953e-12
9.99241e-08
4.21977e-16
1.55745e-14
-3.72743e-29
1.95868e-13
2.51557e-11
-2.50072e-12
6.13184e-12
2.63625e-12
2.87657e-13
1.02646e-12
-1.87266e-13
-2.54724e-14
2.01383e-14
-3.8356e-15
-2.86254e-15
-1.28544e-15
-2.69108e-16
1.27059e-17
-2.61988e-29
-3.86997e-28
2.13573e-26
1.48699e-24
3.74852e-23
-1.7542e-22
-3.7344e-20
-1.13361e-18
-8.44621e-18
6.39909e-12
4.87362e-12
2.56206e-13
5.98922e-13
4.96848e-13
-6.56028e-14
1.73966e-14
-1.14721e-14
4.40271e-15
1.89422e-15
7.76798e-16
2.79127e-17
-4.44875e-18
4.44218e-19
1.8988e-20
1.24895e-24
-1.26148e-28
5.95998e-28
2.14364e-25
8.55311e-24
9.97167e-23
-4.60335e-21
-2.48371e-19
-3.95888e-18
2.7268e-17
2.98841e-15
6.77892e-14
1.32634e-13
-1.84882e-11
-3.18441e-10
-8.69075e-10
2.65341e-08
2.93241e-07
2.34443e-21
-8.55641e-11
-8.1008e-10
3.80614e-09
6.37429e-07
2.14287e-27
-4.63541e-19
1.24662e-24
-1.00232e-19
2.66079e-22
7.44126e-05
9.93676e-22
0.994153
1.00617
1.00364
1.00319
1.00651
1.00016
1.00132
0.999552
0.999266
0.999791
0.99941
0.999964
0.999827
1
0.999971
0.999995
0.999973
0.999985
0.999951
0.999984
0.999943
0.999983
0.99994
0.999981
0.999935
0.999982
0.999936
0.999982
0.999937
0.99998
0.999935
0.99998
0.999935
0.99998
0.999932
0.999976
0.999933
0.99998
0.999934
0.99998
0.999937
0.999983
0.99994
0.999983
0.999939
0.999981
0.999936
0.999982
0.999937
0.999982
0.999938
0.999983
0.99994
0.999985
0.999943
0.999984
0.999941
0.999982
0.999936
0.999982
0.999936
0.999982
0.999937
0.99998
0.999936
0.999983
0.999938
0.999984
0.999941
0.999984
0.999941
0.999983
0.999939
0.999982
0.999936
0.999981
0.999939
0.999981
0.999933
0.999976
0.999929
0.999975
0.999927
0.999979
0.999931
0.999938
0.999919
0.999916
0.999906
0.999898
9.46906e-24
-5.17669e-13
-1.01883e-18
3.68411e-11
-5.7413e-27
4.84287e-21
1.74621e-15
-1.91914e-08
-1.1213e-06
-4.99791e-07
7.14759e-08
7.89812e-09
2.07515e-11
1.0428e-11
-4.57841e-11
1.48665e-11
-3.31452e-12
-2.21675e-12
4.81012e-29
1.5614e-14
6.55786e-15
1.78706e-14
5.55387e-15
1.0976e-11
5.68082e-17
5.32608e-20
-8.88585e-20
-3.93228e-21
-4.84297e-23
2.24039e-24
1.18877e-25
2.3576e-27
-4.81299e-06
-3.92596e-06
-9.5028e-11
-1.14336e-10
-1.5753e-27
-7.3608e-27
-3.93718e-21
-5.04389e-21
5.49987e-21
-5.21936e-25
-1.09405e-19
-1.67984e-22
-2.49626e-22
1.42766e-21
-6.78468e-26
-8.02335e-25
0.000163363
0.000182506
2.67235e-20
-1.6065e-19
2.13923e-24
1.83019e-23
5.63955e-19
7.06581e-19
-8.10238e-19
2.62297e-17
-3.48126e-16
-2.02538e-15
-4.76627e-15
-9.36625e-15
3.97883e-14
-6.00988e-14
-2.14156e-13
1.71223e-12
4.41717e-13
5.40876e-12
9.01803e-12
1.41898e-11
1.22277e-07
1.70585e-07
1.0001
1.00002
1.00051
1.00054
0.999155
0.999543
0.999032
0.99868
0.999561
0.998179
1.00794
1.00473
1.01504
1.0169
0.993648
1.01048
0.928411
0.962344
0.82279
0.871349
0.689642
0.745745
0.546572
0.602143
0.407776
0.459078
0.28917
0.33084
0.196898
0.228933
0.128317
0.151578
0.0798115
0.0953629
0.0479072
0.0577388
0.02782
0.0340447
0.0154311
0.0190779
0.00842153
0.0104787
0.00448608
0.00565565
0.00232445
0.00293016
0.00118025
0.00150935
0.00059181
0.000757193
0.000289541
0.000373882
0.000136947
0.000178731
6.39778e-05
8.29e-05
2.95313e-05
3.86062e-05
1.33597e-05
1.76024e-05
5.95504e-06
7.85253e-06
2.6006e-06
3.44946e-06
1.11343e-06
1.49274e-06
4.65009e-07
6.22442e-07
1.96129e-07
2.62732e-07
8.24858e-08
1.11344e-07
3.34481e-08
4.52914e-08
1.34728e-08
1.83605e-08
5.29601e-09
7.25154e-09
2.09983e-09
2.86275e-09
8.15983e-10
1.122e-09
3.28709e-10
4.44839e-10
1.4399e-10
1.91099e-10
-1.41498e-11
-4.21118e-11
-1.11496e-11
1.13866e-11
1.91697e-11
-7.00688e-26
8.19025e-30
-2.37367e-13
-2.68262e-14
-0.00209491
2.03769e-29
0.925589
1.84304e-07
4.55695e-11
1.46998e-29
1.29652e-15
3.61523e-16
1.55706e-11
-1.51304e-10
7.31183e-08
2.79018e-08
2.46052e-08
1.39811e-09
1.70457e-14
2.36745e-16
6.42107e-18
-2.67706e-19
-2.15401e-20
-5.59066e-22
2.74107e-24
5.84348e-25
1.89462e-26
1.23947e-27
0.00947927
1.64637e-11
-1.00029e-05
-1.30289e-05
-1.02041e-17
-6.31566e-18
0.959583
2.45721e-24
1.7904e-22
1.55754e-15
1.21137e-15
8.54283e-18
-2.60777e-15
1.8412e-17
3.37303e-15
7.6938e-15
-1.53864e-14
1.87865e-14
-1.25662e-13
1.06857e-12
8.05443e-13
8.82548e-13
1.21145e-11
0.0767427
0.0425198
7.59507e-11
4.36638e-25
1.26342e-06
2.69065e-05
-1.84899e-05
7.03761e-12
6.08891e-13
2.30469e-12
-3.22629e-13
-7.45446e-14
5.06249e-14
-1.10142e-27
1.09394e-26
1.09773e-12
1.16693e-12
1.34077e-12
-0.00338276
0.000557856
-0.00376814
-1.66637e-13
0.684454
2.96956e-14
-2.2291e-14
9.90534e-15
7.98511e-26
2.02469e-24
-1.04887e-23
-2.40655e-21
-7.20447e-20
-4.88616e-19
5.54192e-09
1.93509e-28
-0.000222348
-0.000996161
0.00019646
3.16696e-24
0.786941
9.39373e-29
3.10719e-17
5.47585e-24
-2.87673e-22
1.15715e-27
-1.52051e-20
6.03555e-10
-2.72147e-19
2.38211e-18
1.67651e-27
3.56116e-17
4.27767e-15
4.26914e-20
3.11565e-24
-7.32615e-22
-4.60743e-16
-1.1139e-14
-6.21374e-15
0.322935
-1.33908e-12
1.00904
1.00846
1.01701
1.00216
1.00737
0.999737
1.00077
0.999597
0.999359
0.999828
0.99964
0.99994
0.999914
0.999955
0.99999
0.999936
0.999976
0.99993
0.999959
0.999928
0.999953
0.99992
0.999944
0.999924
0.999943
0.999927
0.999945
0.999922
0.999942
0.999921
0.999946
0.999933
0.999947
0.999924
0.999949
0.999928
0.999942
0.999924
0.999941
0.999922
0.999943
0.999926
0.999944
0.999923
0.999943
0.999927
0.999943
0.999926
0.999939
0.99992
0.999934
0.999923
0.999939
0.999924
0.999944
0.999918
0.99994
0.999923
0.999941
0.999928
0.999943
0.999924
0.999941
0.999923
0.999936
0.999921
0.999937
0.999922
0.999938
0.999922
0.999938
0.999914
0.999932
0.99991
0.999943
0.999921
0.99995
0.999918
0.999958
0.999924
0.999961
0.999949
0.999972
0.999984
1.00008
1.00004
-4.31011e-06
1.97635e-28
7.10826e-15
-8.98494e-26
-5.42949e-16
6.01504e-24
2.78555e-08
5.26343e-19
3.42969e-11
2.82172e-26
-4.45065e-12
-3.81026e-12
6.39404e-17
4.84828e-16
-2.86509e-13
-3.43199e-23
2.49035e-11
1.98375e-27
2.68873e-17
4.53064e-18
2.60953e-18
4.63384e-09
-5.20133e-21
-2.32669e-22
-1.48826e-22
-3.55493e-24
-1.41708e-24
3.17038e-12
-1.41196e-17
8.61867e-17
1.81259e-10
2.87527e-11
-3.2914e-26
-7.8931e-23
0.000158892
-1.89542e-19
9.27053e-24
1.09648e-15
1.19295e-15
0.873018
-2.40792e-14
-4.34928e-15
9.01314e-15
0.211801
7.2833e-26
8.15042e-26
1.67152e-14
-2.94668e-14
-3.38229e-27
-2.03284e-27
-4.73624e-26
9.58854e-14
-1.62673e-13
-3.88676e-13
2.74888e-12
1.51606e-12
1.08579e-12
4.04992e-12
2.19322e-11
-2.39753e-07
-8.86352e-25
7.79489e-24
1.00044
1.00035
0.999271
0.999786
0.998871
0.998879
0.998641
0.997745
1.00651
1.00282
1.01589
1.0161
1.00067
1.01496
0.944204
0.976096
0.846902
0.895474
0.717064
0.773689
0.573329
0.631653
0.430813
0.486032
0.309324
0.353839
0.214111
0.249295
0.139993
0.166021
0.087465
0.104831
0.0527568
0.0640274
0.0305409
0.0375666
0.0171658
0.0212877
0.00948102
0.011869
0.0050311
0.00637409
0.00263968
0.00334156
0.00135495
0.00173756
0.000677403
0.000869044
0.000337654
0.000435771
0.000158464
0.000209538
7.18288e-05
9.46762e-05
3.41363e-05
4.48285e-05
1.54219e-05
2.0517e-05
6.85136e-06
9.10337e-06
3.0427e-06
4.07369e-06
1.28233e-06
1.73723e-06
5.42274e-07
7.30569e-07
2.31382e-07
3.11924e-07
9.62565e-08
1.30717e-07
4.00553e-08
5.43865e-08
1.62644e-08
2.2293e-08
6.39206e-09
8.818e-09
2.55805e-09
3.50915e-09
9.99415e-10
1.38521e-09
3.91382e-10
5.36977e-10
1.59242e-10
2.13285e-10
-3.78444e-17
-4.40225e-17
-7.24095e-16
2.42215e-11
3.38921e-11
3.36686e-11
2.11793e-14
-2.10309e-13
-8.52416e-06
-1.02043e-05
-1.47669e-20
-1.54101e-20
1.42719e-11
3.00223e-11
-1.51455e-25
-1.79068e-25
-1.39119e-24
1.10935e-09
3.7122e-09
7.57232e-10
5.81387e-09
-1.04786e-07
3.92871e-08
1.25335e-16
3.98566e-16
9.13823e-17
3.32561e-27
1.09408e-25
0.000376912
0.000191715
-1.31387e-06
6.40882e-11
-4.1153e-21
-1.22737e-21
9.76434e-11
1.80266e-17
3.88087e-14
-2.94646e-13
3.54751e-11
-1.87287e-23
-1.00971e-12
5.69356e-27
1.40194e-08
1.8856e-11
1.43647e-20
3.21761e-08
-8.65258e-22
-9.48315e-07
-1.91453e-13
-4.23087e-14
1.29222e-08
-2.1808e-20
1.05755e-10
-3.84096e-06
2.15147e-19
9.58816e-11
6.81803e-12
-1.32726e-06
-1.23321e-05
1.07499e-20
-3.8833e-22
0.974971
6.53393e-20
0.65839
-2.7116e-19
4.87824e-24
7.72918e-24
2.37514e-15
-1.93131e-18
-2.20512e-17
3.03001e-15
0.739477
-5.56593e-15
1.47868e-12
1.00089
-1.06205e-14
-2.7029e-14
0.0210967
-2.63642e-13
3.76951e-12
-9.54726e-12
-9.74368e-12
-1.02639e-11
-7.31699e-21
1.23229e-20
2.16375e-14
2.17015e-26
1.76672e-21
-9.35702e-21
-4.00779e-14
-0.00114916
-0.000197205
-2.28338e-15
8.46019e-16
-0.00507618
-0.00383488
1.09545e-18
8.40988e-19
-1.36925e-14
0.917627
9.97522e-20
2.19758e-23
2.23294e-12
3.51946e-12
1.23403e-13
-4.2915e-13
5.10131e-12
-2.69232e-25
-5.26338e-06
-2.42982e-14
1.00934
1.0044
1.01018
1.00066
1.00315
0.999813
1.00015
0.999956
0.999869
1.00014
1.00018
1.00023
1.00039
1.00023
1.00046
1.00023
1.00046
1.00023
1.00046
1.00022
1.00045
1.00022
1.00045
1.00022
1.00044
1.00023
1.00045
1.00022
1.00045
1.00023
1.00045
1.00021
1.00044
1.00023
1.00044
1.00023
1.00046
1.00022
1.00045
1.00023
1.00046
1.00022
1.00044
1.00022
1.00045
1.00023
1.00046
1.00022
1.00046
1.00022
1.00044
1.00022
1.00045
1.00022
1.00044
1.00022
1.00044
1.00023
1.00044
1.00022
1.00045
1.00023
1.00045
1.00023
1.00046
1.00022
1.00045
1.00023
1.00046
1.00025
1.00047
1.00025
1.00047
1.00026
1.00049
1.00021
1.0005
1.00021
1.00045
0.705211
1.04043e-10
1.62753e-21
1.43434e-16
-2.45343e-22
7.62678e-18
2.74348e-19
5.53761e-11
1.15152e-10
-4.18616e-14
1.63228e-19
5.25112e-09
-1.10831e-12
-1.8691e-24
3.74508e-11
-1.14502e-14
-2.50432e-08
-6.31351e-09
0.32326
-1.18566e-23
-7.53389e-24
4.63132e-15
8.14888e-12
2.88674e-17
2.35971e-17
-6.27227e-23
-4.44841e-23
4.28281e-15
-7.94795e-13
-1.93737e-12
-5.88563e-22
-6.49118e-22
-2.92424e-22
1.11268e-23
1.79441e-23
2.99548e-12
-0.00931169
0.00115764
-1.98021e-26
-2.2984e-25
-1.09922e-24
-1.10797e-25
-6.08044e-14
-6.65042e-14
-6.22776e-13
-1.86792e-13
0.067648
3.71821e-14
-7.44187e-14
-4.21764e-22
-0.00543773
0.00058068
2.34184e-21
0.0712056
0.0315849
0.109761
7.13614e-12
1.11663e-11
0.882959
0.720384
-4.38291e-13
-8.638e-13
1.60607e-18
1.0643e-18
0.999573
0.999042
0.999275
0.99823
0.997572
1.00469
1.00017
1.01581
1.0137
1.00702
1.01828
0.960842
0.989913
0.873404
0.919522
0.74935
0.806605
0.604682
0.666346
0.461319
0.519891
0.336399
0.384644
0.235407
0.273505
0.156295
0.185361
0.0977136
0.117922
0.0589303
0.0719872
0.0346979
0.0426829
0.0196717
0.0245016
0.0108578
0.013649
0.00588071
0.00746878
0.00306902
0.00392976
0.0015811
0.00203882
0.000798942
0.00103307
0.0003957
0.000516292
0.000189517
0.000250622
8.73279e-05
0.000116024
4.07793e-05
5.39574e-05
1.85681e-05
2.47805e-05
8.28617e-06
1.10714e-05
3.65902e-06
4.91564e-06
1.56913e-06
2.13348e-06
6.61141e-07
9.02327e-07
2.78994e-07
3.80707e-07
1.18825e-07
1.6186e-07
4.99095e-08
6.84325e-08
2.01307e-08
2.78261e-08
8.21239e-09
1.137e-08
3.2571e-09
4.55124e-09
1.27678e-09
1.8033e-09
5.14806e-10
7.36155e-10
1.9422e-10
5.62542e-05
0.000177529
2.59004e-05
-8.77133e-07
-7.79164e-06
1.49074e-23
1.865e-23
3.35963e-20
1.5221e-20
1.03133e-11
4.84038e-11
1.50638e-14
-3.13599e-14
-2.76483e-15
-5.65639e-13
-2.02907e-14
5.47004e-18
1.77167e-09
-3.43345e-25
1.27428e-11
5.83553e-11
-1.94215e-22
-0.0109887
-0.00770576
2.65762e-21
2.9491e-10
5.68425e-11
5.2114e-11
2.93382e-13
2.27256e-13
0.189273
-3.93352e-22
-1.04974e-12
-3.97692e-13
1.23877e-14
-2.01922e-07
-1.27437e-07
-2.93611e-17
1.96134e-16
4.09029e-12
2.74323e-12
-1.16214e-14
-9.35031e-15
2.3465e-20
3.85539e-05
1.65047e-05
9.16204e-12
5.79242e-21
6.84784e-21
2.37231e-19
-2.75034e-06
-2.37801e-16
-1.98822e-16
1.6265e-19
-3.79112e-19
-1.52529e-18
1.22024e-11
3.961e-12
1.00742
0.992288
-1.18763e-26
-4.77364e-22
4.72434e-14
-1.2386e-25
-1.73027e-25
-4.35266e-25
0.239582
3.84721e-12
-5.85236e-06
-6.8747e-22
4.56649e-09
8.1508e-09
4.33426e-09
1.00019
1.00025
-7.6283e-16
-1.09778e-15
5.94929e-15
-5.57588e-19
-8.88741e-07
-2.43681e-06
-6.50957e-07
-0.000310209
-1.38227e-20
-1.7899e-20
2.45839e-20
6.99902e-17
7.38934e-17
5.33162e-11
-0.00296602
-0.00756593
-0.00183563
-2.04282e-14
-1.25361e-14
3.74467e-21
-1.19614e-24
-2.21573e-24
1.93026e-23
1.42472e-09
4.97752e-10
1.90953e-14
7.13953e-11
1.61577e-18
1.26346e-18
0.926468
7.95993e-11
3.71967e-21
1.77403e-11
1.00674
1.00188
1.00523
1.00009
1.0007
0.999897
0.999574
1.00011
0.999688
1.00029
0.999966
1.00033
1.00014
1.00036
1.00019
1.00038
1.00023
1.00038
1.00024
1.00037
1.00026
1.00038
1.00025
1.00038
1.00025
1.00038
1.00024
1.00037
1.00024
1.00036
1.00023
1.00037
1.0002
1.00036
1.00023
1.00036
1.00021
1.00038
1.00021
1.00035
1.00018
1.00035
1.00019
1.00037
1.00019
1.00037
1.00023
1.00037
1.00023
1.00038
1.00024
1.00038
1.00024
1.00038
1.00025
1.00037
1.00023
1.00035
1.00022
1.00037
1.0002
1.00037
1.00022
1.00036
1.00023
1.00039
1.00021
1.00039
1.00023
1.00038
1.00018
1.00039
1.00014
1.00041
1.00022
1.00018
0.4619
1.0002
2.56715e-05
5.11403e-13
3.00667e-11
7.91013e-11
4.96271e-23
4.92942e-12
3.98562e-19
-1.02907e-16
-3.50231e-23
-4.46399e-14
6.66446e-13
0.441658
1.23739e-20
-8.03393e-22
-1.09242e-21
4.87514e-21
7.78177e-12
8.69338e-12
3.82276e-11
-4.78276e-18
-1.15202e-07
-9.13787e-19
1.21562e-10
-1.03213e-13
-3.0914e-13
-7.34193e-14
-1.27227e-23
0.000190862
0.000248373
0.480195
-3.07787e-23
-3.25243e-23
0.980238
1.40164e-21
5.8561e-22
3.08757e-14
0.145613
-3.74344e-18
-2.9507e-18
-4.52729e-17
-1.21636e-15
7.83958e-17
0.38021
1.34591e-10
-7.06111e-15
-1.81038e-14
3.92238e-14
0.999458
1.00942
1.01164
1.00166
7.48799e-14
-1.46191e-13
-8.16263e-14
1.65171e-12
2.30413e-11
0.811529
0.898704
0.51666
1.7371e-11
7.59718e-12
9.99438e-11
3.48038e-10
5.81453e-11
-1.1504e-12
1.84477e-12
1.59673e-18
1.27125e-18
0.997951
1.00152
0.997557
1.01314
1.00962
1.01143
1.01868
0.977249
1.00057
0.901275
0.944159
0.782897
0.841128
0.643148
0.704396
0.500187
0.56058
0.368691
0.421976
0.261363
0.302566
0.17645
0.208876
0.110992
0.133802
0.0680458
0.0826663
0.040342
0.0498119
0.0228289
0.028516
0.0128638
0.0161376
0.00704648
0.00895247
0.00369391
0.00472803
0.00193939
0.00249719
0.000972202
0.00126737
0.000482504
0.000626706
0.000237967
0.000313268
0.000108962
0.000146256
5.04234e-05
6.67921e-05
2.32597e-05
3.12253e-05
1.0232e-05
1.38648e-05
4.52462e-06
6.11262e-06
1.99246e-06
2.72106e-06
8.38277e-07
1.14869e-06
3.61528e-07
4.93606e-07
1.54437e-07
2.11535e-07
6.39788e-08
8.75933e-08
2.66893e-08
3.71465e-08
1.07588e-08
1.50263e-08
4.45823e-09
6.20258e-09
1.85294e-09
2.62278e-09
7.83837e-10
1.1323e-09
1.82762e-10
2.2352e-10
3.2233e-10
2.47502e-23
-2.44987e-23
7.77103e-20
4.96757e-20
9.17149e-11
1.63963e-10
-5.33549e-14
9.41318e-14
-1.10145e-12
-1.64336e-12
1.37919e-09
-3.01301e-23
1.22129e-05
4.60582e-07
-4.70404e-15
-1.17624e-15
1.12691e-11
-1.539e-13
-1.66683e-13
4.14905e-12
6.28101e-13
1.20785e-10
-3.10682e-14
-2.37308e-14
2.80533e-19
-1.42385e-16
-6.5502e-17
7.13346e-21
0.227179
-9.96373e-24
-2.95487e-24
-6.74951e-14
0.000111531
8.70035e-05
-4.50916e-07
-3.38602e-07
3.08324e-16
-0.00124545
1.30664e-10
3.41415e-19
-1.22441e-18
1.78776e-10
1.87381e-10
3.87728e-18
-1.85096e-13
2.40801e-11
4.70503e-11
3.06645e-11
-8.51508e-25
-6.43246e-25
-2.07259e-24
1.39599e-10
2.0773e-09
0.997961
3.00015e-20
4.96419e-19
0.0898999
0.0176454
8.24845e-15
-2.22416e-14
4.8113e-10
0.000152859
0.000320044
0.000122349
4.17117e-20
4.53704e-20
-2.44954e-20
-3.08125e-20
4.31171e-20
-0.00485228
-0.00377366
1.99604e-18
1.47019e-18
-7.31728e-08
-1.87878e-08
3.47797e-23
4.56709e-23
4.36278e-23
-2.99262e-06
-2.49557e-06
-1.43919e-12
4.36543e-18
-7.22662e-16
-5.75116e-16
3.9468e-18
7.43617e-22
-6.19754e-17
1.00257
0.999673
1.00091
0.998735
0.998321
0.998728
0.997718
0.998922
0.997859
0.998982
0.998003
0.999047
0.998087
0.999078
0.998152
0.999071
0.99809
0.999062
0.99814
0.999121
0.998189
0.999088
0.998214
0.999083
0.998173
0.999062
0.99816
0.999064
0.998162
0.999093
0.998182
0.999028
0.998159
0.999067
0.998124
0.999101
0.998278
0.999083
0.998206
0.999066
0.998211
0.999081
0.998167
0.999064
0.998161
0.999085
0.998172
0.999085
0.998184
0.999054
0.998091
0.999015
0.998117
0.999089
0.998155
0.999082
0.998214
0.999101
0.998237
0.9991
0.998231
0.999042
0.998207
0.99902
0.998187
0.998877
0.99809
0.998746
0.997866
-1.77403e-22
7.82212e-12
2.03863e-20
2.22165e-19
6.54056e-05
3.60323e-10
6.4733e-14
8.5903e-11
-7.35619e-13
-0.000416295
0.000129383
2.95007e-10
5.77995e-10
3.08579e-10
4.19334e-10
4.77138e-10
4.17273e-21
2.72687e-21
9.68835e-12
-3.63873e-13
3.65461e-11
1.47219e-11
4.44664e-11
5.0444e-11
-4.09072e-25
0.999088
-2.10479e-19
2.50977e-19
1.00965
1.0056
1.01393
1.01694
0.991003
1.01039
0.928516
0.965736
0.822719
0.876092
0.684943
0.74763
0.542023
0.603828
0.408549
0.465007
0.29143
0.337115
0.200184
0.234518
0.127332
0.15358
0.0780638
0.0951251
0.0472289
0.057964
0.0270721
0.0339369
0.0153198
0.0191787
0.00856511
0.0107801
0.00450741
0.00580555
0.00235956
0.00303086
0.00121499
0.00158171
0.000590444
0.000775082
0.000295859
0.000385393
0.000138922
0.000186381
6.26867e-05
8.41698e-05
2.92423e-05
3.8926e-05
1.32255e-05
1.79051e-05
5.76291e-06
7.80485e-06
2.6089e-06
3.51173e-06
1.10269e-06
1.52219e-06
4.68658e-07
6.42244e-07
2.01834e-07
2.77163e-07
8.23328e-08
1.14085e-07
3.49778e-08
4.77386e-08
1.45866e-08
2.01448e-08
6.10072e-09
8.40051e-09
2.77998e-09
3.80753e-09
1.32565e-09
8.81983e-10
1.94367e-09
-8.68486e-16
1.0538e-14
-1.30788e-06
-2.77359e-06
-1.13524e-06
8.27881e-20
6.33681e-20
2.78927e-10
3.98884e-10
1.52193e-13
-4.55909e-13
-0.00738266
-0.00930491
-1.71403e-12
8.65192e-12
2.64127e-11
1.07914e-10
1.45355e-09
6.72733e-10
1.14901e-12
-8.04976e-13
-6.10958e-25
-2.05212e-24
-8.74747e-25
0.800093
-6.79295e-16
1.00635
-2.13885e-21
-1.51812e-21
0.998847
1.0064
1.00768
-2.17786e-15
-1.69044e-13
3.33402e-11
-1.31107e-15
0.996847
-1.24927e-14
1.43047e-20
-1.48526e-09
-3.86224e-16
-2.50341e-16
5.70003e-11
0.997655
1.01037
-1.40063e-14
-6.44929e-15
-0.00310127
-1.49639e-15
4.18056e-16
0.000167008
0.000157726
-5.86639e-07
1.65313e-18
1.30059e-19
-5.63396e-14
1.359e-14
1.01183e-22
-0.00159155
-2.11055e-18
2.56909e-18
-1.43716e-13
-1.15928e-13
-7.32162e-18
4.44103e-22
-8.81531e-25
2.25145e-10
4.1387e-24
6.76886e-11
-7.14589e-09
0.966886
0.989485
0.88041
-1.22238e-08
-7.19061e-09
-3.55627e-17
0.406807
0.525704
0.186232
2.06978e-10
1.52094e-10
-5.56297e-17
-3.42587e-18
6.93763e-19
9.98434e-19
-2.76008e-18
-3.47148e-14
8.10372e-14
2.13454e-19
4.97012e-05
1.5566e-05
-4.25355e-20
0.000248795
0.000260601
1.94368e-13
-9.94502e-14
-8.64144e-14
2.90888e-10
-6.29684e-18
-7.27432e-18
-0.00708096
-0.00705485
-2.57807e-12
5.61464e-23
-1.81077e-22
5.1906e-11
1.75142e-11
8.42711e-23
1.13175e-22
1.00722e-22
1.4909e-12
6.39807e-16
-1.89273e-15
-5.27187e-07
-2.21104e-07
-3.3644e-12
4.66143e-23
3.73085e-10
-2.69351e-12
1.01229e-10
-1.86136e-15
-5.33905e-15
-1.35098e-15
1.0041
-8.74574e-16
-4.52633e-16
0.999997
1.00318
0.998031
0.999236
0.997602
0.997762
0.997644
0.997526
0.997599
0.99755
0.99763
0.997476
0.997703
0.99762
0.997737
0.997666
0.997644
0.997585
0.997759
0.997536
0.997693
0.997657
0.997709
0.997566
0.997688
0.997557
0.997752
0.997631
0.997795
0.997678
0.997675
0.997651
0.99771
0.997533
0.997735
0.997685
0.997723
0.997569
0.997724
0.997674
0.997725
0.99763
0.997671
0.99763
0.997676
0.997549
0.99772
0.997659
0.997744
0.99768
0.997599
0.99757
0.997743
0.997567
0.99774
0.99768
0.997627
0.997589
0.997634
0.9976
0.997537
0.997617
0.997513
0.99764
0.997262
0.998002
0.997777
-3.27466e-18
-9.97896e-13
1.0008
1.08993e-20
2.02653e-11
0.00038928
-5.24507e-20
-1.43357e-17
-1.49616e-17
4.12503e-21
3.15543e-22
-2.00344e-17
-1.32375e-17
1.38592e-14
-4.3491e-14
-2.3223e-13
4.86402e-24
2.55409e-13
-5.45211e-12
-2.12192e-12
6.20164e-10
5.32031e-21
1.25035e-21
8.90393e-22
2.05601e-24
-6.08955e-08
-1.75357e-07
-4.29699e-08
-5.65114e-21
1.48847e-20
-8.54932e-17
7.27913e-11
3.03589e-11
5.254e-10
8.37486e-10
1.00651
1.00254
7.87389e-20
8.12561e-20
1.01398
1.0142
1.0012
1.01411
0.951624
0.98218
0.855922
0.902909
0.727589
0.784995
0.58617
0.64668
0.449851
0.504839
0.326978
0.374633
0.223582
0.260214
0.145435
0.172845
0.0911598
0.109805
0.0552151
0.0670625
0.0325461
0.040169
0.01844
0.0230278
0.0102219
0.0128257
0.00553553
0.00703341
0.00292894
0.00373386
0.00150648
0.00193374
0.000747421
0.000975393
0.000366333
0.00047716
0.00017462
0.000229996
8.19576e-05
0.000108985
3.7022e-05
4.94719e-05
1.69003e-05
2.24968e-05
7.57943e-06
1.02335e-05
3.30798e-06
4.45428e-06
1.44889e-06
1.96343e-06
6.30204e-07
8.58567e-07
2.65865e-07
3.61341e-07
1.11392e-07
1.53385e-07
4.62707e-08
6.38178e-08
1.92793e-08
2.65012e-08
8.25986e-09
1.12357e-08
3.79019e-09
4.92646e-09
-9.79229e-17
-6.86596e-17
-8.26169e-13
1.97179e-13
-0.00512864
-0.00954534
2.57569e-11
1.3323e-10
2.31765e-10
6.93267e-10
5.80072e-10
-2.43094e-12
-7.38249e-12
1.00861
1.00908
-6.38125e-20
1.78087e-14
1.67812e-15
-2.40059e-08
-3.40033e-21
3.60694e-11
3.22843e-11
-3.43145e-15
1.59585e-15
1.00901
2.40014e-09
-2.18694e-13
-3.80186e-16
-2.96901e-16
-0.00223523
-9.80211e-17
-1.5837e-16
8.61889e-16
1.84881e-15
-1.14772e-06
-4.76713e-10
3.51232e-14
-3.52089e-19
-0.000506769
1.25509e-13
-2.90007e-13
-3.28724e-17
2.08541e-22
-2.26693e-07
-1.83389e-18
4.40721e-21
0.976667
0.947605
7.89857e-11
0.415412
7.80848e-10
1.17105e-09
1.91723e-19
3.08247e-12
2.31197e-12
8.87196e-10
6.46939e-10
1.67937e-21
2.19329e-21
-7.67704e-20
0.0314812
3.0377e-10
-2.94117e-12
1.17538e-18
-3.49061e-17
1.19722e-18
2.99823e-13
1.04916e-20
1.76179e-10
0.00933681
0.775061
0.855872
0.520424
-1.47603e-19
0.120604
1.90335e-10
4.36604e-19
1.67674e-18
6.8643e-10
9.42044e-10
1.06633e-09
0.000185823
0.000276081
8.43188e-06
1.04538e-06
2.01895e-13
0.000101676
-6.27627e-22
-4.52337e-21
-9.52228e-07
-0.00520265
1.01692e-10
-0.00828946
-0.00919568
-1.73367e-08
-5.78684e-09
1.02855e-10
1.23961e-11
3.56345e-12
0.000157511
0.000192866
1.7563e-10
1.18399e-06
2.46363e-07
3.44255e-21
-1.04068e-12
3.80972e-13
-5.656e-11
2.17567e-11
1.23321e-13
2.7758e-14
2.88949e-14
2.2618e-14
1.00939
-7.09052e-07
8.09567e-11
1.0046
1.01073
1.00168
1.00575
1.00071
1.00331
1.00053
1.00262
1.00034
1.00246
1.0004
1.00225
1.00046
1.00236
1.00032
1.00233
1.00019
1.00225
1.0004
1.00223
1.00034
1.00245
1.0003
1.00223
1.0003
1.00221
1.0003
1.00216
1.00032
1.0022
1.00014
1.00211
1.00045
1.00216
1.00043
1.00244
1.00036
1.00228
1.00033
1.00227
1.00036
1.00222
1.00031
1.0023
1.00041
1.00223
1.00045
1.00235
1.00033
1.00233
1.00023
1.00217
1.0004
1.00215
1.00036
1.00224
1.00018
1.00203
1.00033
1.00202
1.00041
1.00233
1.00108
1.00443
1.00316
3.18486e-10
2.3924e-10
0.203794
-5.9891e-05
-3.00446e-16
-1.90676e-16
2.06057e-22
1.13872e-22
-1.93635e-17
-3.73606e-07
-2.11979e-07
6.19685e-13
-1.42935e-19
-6.52398e-14
1.55803e-13
-7.21283e-12
-9.22949e-19
-5.91263e-19
1.91505e-09
1.54704e-19
1.40981e-19
6.49728e-19
-6.44646e-18
-4.9859e-18
2.12432e-22
1.86063e-22
7.09329e-13
3.76837e-11
1.75929e-11
4.70338e-11
2.96439e-10
1.40751e-09
9.26974e-05
3.73395e-05
4.65053e-12
-8.69167e-12
6.0959e-12
9.867e-11
-1.42109e-21
-6.61975e-22
1.01363
1.01189
1.00841
1.01689
0.970074
0.994381
0.88399
0.926491
0.762357
0.817832
0.62569
0.683966
0.488522
0.545875
0.355767
0.406253
0.246096
0.284852
0.162128
0.191939
0.102744
0.12306
0.06326
0.076635
0.0375494
0.0461398
0.021549
0.0267151
0.0121048
0.0150771
0.00662519
0.00836078
0.00347195
0.0044076
0.00179552
0.00229882
0.000895818
0.00116235
0.000441411
0.00057094
0.000213282
0.000279878
9.98817e-05
0.000131636
4.59143e-05
6.09377e-05
2.09054e-05
2.78438e-05
9.33931e-06
1.25095e-05
4.12744e-06
5.52823e-06
1.83696e-06
2.47192e-06
7.90729e-07
1.06673e-06
3.33738e-07
4.53264e-07
1.40053e-07
1.91365e-07
5.87814e-08
7.9855e-08
2.54846e-08
3.49002e-08
1.07511e-08
1.49118e-08
4.54429e-09
6.29159e-09
-5.96995e-17
-5.20284e-17
5.26612e-13
2.2523e-12
2.83238e-13
-0.0041668
-0.00154374
1.43311e-10
6.57567e-11
1.095e-12
6.19886e-12
0.00317729
-0.00547484
2.41824e-10
2.01391e-10
1.27193e-09
1.88554e-09
-1.14615e-11
4.45653e-12
0.989108
-9.8287e-10
-3.84102e-09
-5.23845e-10
-6.52187e-08
8.96e-06
2.80295e-05
5.55313e-06
3.13673e-10
3.41601e-13
8.31111e-15
4.97153e-06
1.22451e-15
1.66974e-15
-4.36566e-15
-2.08001e-17
-8.5364e-17
1.08588e-12
8.48461e-10
6.42177e-10
-2.66713e-08
0.141271
-0.0080591
-5.13555e-13
7.64662e-13
1.01132
-7.50273e-22
2.59039e-09
-1.4695e-17
-4.71691e-18
-2.2437e-12
-1.81335e-12
-7.79042e-14
-1.58033e-11
0.0275676
-8.26783e-08
-3.23706e-18
4.49019e-14
3.39527e-14
-3.21597e-16
1.54457e-18
-0.000100786
-0.000861112
0.000135061
-7.99552e-20
-7.5912e-17
-5.13685e-16
1.27784e-12
9.77892e-13
-4.81129e-11
-4.20032e-10
-2.40678e-10
-1.85371e-20
1.28158e-14
7.09205e-16
-9.73877e-16
-1.15948e-15
-9.57896e-16
1.66772e-09
0.043759
0.398241
0.20089
1.95874e-09
1.45544e-09
1.01584
7.52799e-05
-7.84269e-21
1.60168e-18
-8.40831e-20
-1.01706e-20
-0.00786284
-0.0126168
-5.01463e-08
-5.36148e-08
-3.99219e-21
-4.34297e-21
-9.46321e-20
0.944549
0.905863
2.74681e-19
3.05932e-19
-5.53111e-05
3.61349e-05
1.05937e-12
3.47073e-06
9.28822e-07
1.00716
-1.5391e-17
-1.25082e-17
2.07381e-09
1.55048e-09
3.31474e-12
2.38795e-13
7.07053e-14
1.01409
1.01033
1.01679
1.00909
1.01388
1.00864
1.01306
1.00822
1.01258
1.0084
1.01237
1.00846
1.01256
1.0083
1.01242
1.00812
1.01219
1.00839
1.01216
1.00829
1.01247
1.00824
1.01241
1.00817
1.01231
1.00828
1.01232
1.0083
1.01259
1.00819
1.01231
1.00833
1.01221
1.00828
1.01239
1.00822
1.01225
1.00828
1.01233
1.00822
1.01231
1.00808
1.01221
1.00836
1.01225
1.00843
1.01249
1.00816
1.01232
1.00796
1.01192
1.00816
1.01198
1.00808
1.01201
1.00773
1.0114
1.00895
1.01127
1.00988
1.01247
1.01184
2.49319e-13
-6.51661e-13
-0.00768211
-0.00340586
-2.21696e-08
-8.4396e-09
3.1775e-09
5.34214e-10
-2.00109e-07
-2.09571e-21
-2.72635e-21
-1.02456e-20
0.96403
-4.65279e-18
-1.11599e-13
-1.33553e-13
3.06268e-13
-3.79971e-12
3.55897e-12
-8.77877e-19
0.108421
3.22416e-15
2.34271e-15
-3.11969e-18
-2.47972e-18
-4.25456e-18
-8.58378e-17
1.31759e-18
2.6249e-18
1.4273e-11
4.96069e-12
-1.63588e-11
3.21793e-12
2.98902e-09
6.54954e-10
0.722713
0.78677
0.474334
8.736e-05
4.75759e-05
1.81757e-09
-1.85277e-11
3.53604e-12
2.18061e-10
6.90773e-10
-1.08512e-20
-7.63915e-21
1.0126
1.0181
0.98235
1.00139
0.905469
0.943868
0.793878
0.844877
0.662557
0.719364
0.524479
0.580328
0.386617
0.437821
0.268626
0.309919
0.178803
0.210027
0.11575
0.137111
0.0724178
0.0869963
0.0430844
0.0525111
0.0251021
0.03076
0.014198
0.0175777
0.00770314
0.00965087
0.00406259
0.00512791
0.00212905
0.00270077
0.00106809
0.0013716
0.000527647
0.000678913
0.000255461
0.000332525
0.000120704
0.000157412
5.65066e-05
7.42345e-05
2.55208e-05
3.38257e-05
1.14603e-05
1.51512e-05
5.16435e-06
6.85999e-06
2.24992e-06
3.00873e-06
9.73195e-07
1.30071e-06
4.16962e-07
5.62014e-07
1.74738e-07
2.36612e-07
7.39601e-08
9.95632e-08
3.30206e-08
4.41947e-08
1.50274e-08
2.02516e-08
3.86958e-17
1.02094e-17
1.65019e-09
2.10261e-09
3.89777e-09
1.28308e-10
8.22186e-10
8.20885e-12
-2.27178e-11
0.0217816
0.00274003
2.6678e-10
1.75372e-10
-4.15027e-20
-2.80773e-20
1.01208
0.992405
3.09347e-09
4.2903e-09
3.28283e-11
2.68229e-10
2.46368e-09
4.08276e-08
5.00407e-07
-4.00573e-08
2.89295e-13
9.56614e-15
1.81366e-05
4.25796e-05
1.43939e-05
3.79008e-10
-6.32315e-18
-3.41515e-05
-2.75678e-17
4.52136e-09
3.35223e-09
-7.34866e-15
2.54033e-14
-0.00765243
4.77209e-16
2.52361e-16
-3.77534e-18
7.34744e-06
0.138368
0.336473
0.0772715
6.47339e-19
-7.35472e-10
1.16854e-18
-3.29662e-17
-0.000860273
-0.000525301
-4.58783e-16
1.86803e-18
-9.72212e-21
1.01834
5.62712e-13
5.99399e-13
0.875799
0.823401
4.15968e-09
1.12693e-11
1.27051e-15
5.05515e-16
1.02262
-1.90525e-19
3.5849e-12
5.90046e-12
3.11862e-12
0.00253134
-0.0052654
-2.11626e-11
6.68797e-09
-2.17379e-09
-6.09615e-09
-1.49475e-09
3.78643e-08
-4.54772e-20
-7.04618e-20
6.01307e-19
1.91129e-05
1.67303e-05
-0.00041601
-0.000257553
3.29594e-11
1.08256e-12
-4.8168e-12
4.30591e-09
-1.19522e-08
6.66141e-14
4.79757e-14
-6.18483e-19
-2.94096e-11
-5.08868e-10
-1.53758e-10
6.04119e-15
4.48915e-15
1.02237
-1.31064e-19
1.15299e-14
6.68925e-15
2.95158e-14
4.48467e-14
-1.00765e-19
2.73346e-05
3.15655e-05
1.0177
1.01626
1.0187
1.01555
1.01745
1.01488
1.01694
1.01536
1.0166
1.01534
1.0169
1.01493
1.0169
1.01484
1.01649
1.01521
1.01635
1.0151
1.01677
1.01509
1.0167
1.01505
1.01674
1.01522
1.01663
1.01495
1.01661
1.01493
1.01631
1.01539
1.01679
1.01526
1.01715
1.01503
1.01678
1.01517
1.0167
1.01498
1.01652
1.01473
1.01652
1.01532
1.01649
1.0154
1.01687
1.01483
1.01679
1.01485
1.01629
1.015
1.01648
1.01582
1.01725
1.0142
1.01623
1.01886
1.01589
1.01604
-2.15751e-17
-1.85595e-17
-0.00267178
4.81445e-10
7.07731e-06
-0.00785873
-0.00456281
-1.7771e-20
5.60378e-06
2.00131e-06
1.21852e-10
-4.09488e-19
-3.36507e-19
1.81901e-09
-2.93508e-11
1.43572e-10
-9.27071e-15
-2.34228e-20
8.71707e-12
1.68046e-19
-5.33823e-19
-1.66613e-16
-2.05186e-16
-8.24088e-16
3.41503e-18
4.86154e-18
2.41664e-18
6.83087e-09
3.95177e-09
1.43686e-17
5.95737e-18
9.90021e-09
0.997558
-1.35235e-14
1.15048e-09
6.96758e-10
-1.08239e-12
1.36197e-12
0.989637
1.00672
1.02039
1.01105
0.922633
0.957712
0.822341
0.870799
0.69565
0.751237
0.556269
0.61341
0.413404
0.467734
0.288991
0.3335
0.195916
0.228773
0.128733
0.152001
0.0808275
0.0969573
0.0485221
0.0588457
0.0285296
0.0347815
0.0160256
0.0198625
0.00872038
0.0109048
0.0046771
0.00589518
0.00244638
0.00310314
0.00123856
0.00159053
0.000609544
0.000784888
0.00029949
0.000387059
0.000142491
0.000185911
6.61431e-05
8.67414e-05
3.03424e-05
3.99736e-05
1.36403e-05
1.8102e-05
6.05537e-06
8.04271e-06
2.66247e-06
3.54382e-06
1.16009e-06
1.55228e-06
4.95206e-07
6.6638e-07
2.12872e-07
2.85782e-07
9.01538e-08
1.21484e-07
3.97181e-08
5.25152e-08
1.31295e-16
7.3357e-17
-4.49623e-11
-4.36266e-11
0.071329
0.0416611
3.95056e-10
2.34624e-09
5.60368e-10
1.51233e-09
-1.46106e-20
1.02141
1.02554
2.3001e-13
8.63527e-14
-1.30434e-20
6.18382e-14
-4.45778e-20
3.8977e-07
1.3311e-06
2.23202e-07
-0.00599081
1.02226
8.53834e-16
5.34805e-16
1.76832e-07
-6.31727e-17
5.19741e-10
-0.000170093
-2.1577e-13
-1.78835e-13
7.5344e-09
-9.43445e-11
-2.28327e-11
0.712306
7.12636e-06
7.08757e-10
5.3048e-09
4.06894e-09
-1.74732e-14
1.85529e-11
1.32648e-11
-2.06021e-09
-7.63878e-16
-0.00167421
-0.00124842
5.07127e-09
1.02666e-05
1.19015e-05
0.0127803
0.000561816
-2.72538e-09
3.29573e-15
1.97399e-15
-1.28979e-12
-1.09717e-11
1.72846e-13
0.596899
0.644375
0.360037
-9.1176e-13
-7.54161e-10
8.13242e-09
1.14044e-08
-5.66195e-11
8.41327e-18
1.78699e-08
-7.65291e-09
-6.49149e-09
6.77533e-09
8.95523e-09
9.2115e-09
-6.0641e-17
-8.03665e-17
1.46935e-18
1.20524e-17
9.45803e-20
1.5687e-18
4.51079e-13
5.501e-13
-1.31713e-12
-5.3397e-20
0.915646
7.09591e-09
8.52365e-14
6.19061e-14
-0.000745211
-0.000524872
-7.63075e-12
9.89415e-12
-1.45932e-08
3.10004e-20
0.768012
7.54209e-07
5.44171e-07
0.947956
1.05846e-14
8.09463e-15
-1.84543e-09
-1.69344e-09
-3.48472e-13
2.32623e-14
2.30344e-08
1.01307e-08
9.57562e-09
-4.93944e-16
-3.84349e-16
1.01288
1.11798e-07
2.35937e-08
1.22716e-09
1.00964
1.00906
1.00356
1.00828
1.00288
1.0089
1.00279
1.0087
1.00315
1.00814
1.0031
1.00768
1.00221
1.00817
1.00236
1.00804
1.00253
1.00826
1.00218
1.00831
1.00287
1.00824
1.00274
1.00767
1.00272
1.00779
1.00227
1.00825
1.00203
1.00843
1.00259
1.00842
1.00305
1.00844
1.00267
1.00849
1.00257
1.00846
1.00264
1.00916
1.00267
1.00916
1.00317
1.00815
1.00276
1.00793
1.00243
1.00817
1.00421
1.01347
1.00765
1.00325
0.000413188
1.00421
1.351e-19
-0.00382792
1.08446e-08
4.01129e-10
0.44951
0.20755
-2.45971e-14
-3.15281e-14
7.44473e-14
1.58056e-08
0.181456
0.655837
3.27425e-18
-1.37704e-15
-1.04518e-10
1.81881e-08
6.24241e-06
2.60379e-06
1.01122
1.0049
1.0081
2.88601e-17
1.70966e-17
-1.47666e-05
-0.000101529
1.22494e-06
1.82738e-11
-1.30365e-10
8.74971e-10
1.56851e-09
-5.96133e-10
-2.16558e-10
1.86001e-14
1.20826e-14
1.76516e-08
2.38138e-08
2.45468e-08
1.96304e-12
-9.67801e-12
-3.76375e-18
-7.35211e-17
0.839474
0.692096
-4.44465e-18
0.950385
0.861619
0.938323
0.000263265
0.849707
0.891528
0.728602
0.783722
0.589728
0.649946
0.440744
0.498344
0.31376
0.361953
0.215013
0.250953
0.142435
0.167823
0.0905025
0.108021
0.054576
0.066498
0.0316724
0.0389595
0.018061
0.0223714
0.00995883
0.0124967
0.00534253
0.00674855
0.00283393
0.00358839
0.00143601
0.00185005
0.000706094
0.000915106
0.000348662
0.000450113
0.000166451
0.000218155
7.68273e-05
0.000101363
3.5904e-05
4.74046e-05
1.61068e-05
2.15025e-05
7.15013e-06
9.52909e-06
3.15224e-06
4.21814e-06
1.36676e-06
1.83444e-06
5.96057e-07
8.00861e-07
2.59007e-07
3.50515e-07
1.10571e-07
1.51448e-07
4.63082e-08
1.86193e-16
1.17999e-16
-9.28024e-10
-2.60037e-09
-1.62773e-11
4.67207e-10
2.4862e-09
1.29026e-09
1.001
1.00316
0.963955
6.23919e-14
1.42049e-18
0.323331
0.406749
0.114334
8.94704e-07
9.3646e-16
6.51348e-16
6.26748e-09
4.9696e-09
0.0568871
-0.00713358
0.410224
-3.05973e-13
-2.65643e-13
6.03449e-18
4.00691e-18
-2.74098e-17
-0.00121433
1.43057e-09
1.44174e-13
-2.01868e-16
9.1272e-09
9.14492e-10
-4.60399e-12
7.04324e-07
2.76769e-07
-0.00227403
-0.00175052
-0.000349874
-1.06423e-15
7.01666e-14
4.911e-14
-4.43741e-11
1.99036e-06
-1.04439e-05
0.0370169
0.0149897
4.22839e-15
2.88525e-15
-8.02083e-12
-0.00509483
-2.69391e-12
3.23804e-09
-8.82258e-16
-1.17391e-15
-2.08014e-15
1.84169e-14
1.37094e-14
1.50816e-08
2.07786e-08
2.07998e-17
2.8762e-17
-3.54194e-17
-2.14087e-12
2.44444e-12
-0.00112205
-0.000863932
2.15148e-11
2.79213e-11
-1.37864e-11
-9.37694e-12
1.30684e-08
1.0191e-08
1.03243e-13
6.49881e-14
1.78063e-09
1.40867e-10
-2.83144e-10
-3.81009e-06
2.33377e-06
-1.49033e-11
2.47445e-11
7.18469e-13
8.45662e-13
-2.63452e-12
0.972444
0.971889
0.956351
0.973019
0.956087
0.973219
0.95754
0.972542
0.957487
0.973111
0.957077
0.973206
0.957758
0.972972
0.957861
0.972942
0.957276
0.973041
0.957501
0.973771
0.958099
0.973732
0.958591
0.972944
0.958067
0.973293
0.957642
0.973425
0.957805
0.973126
0.957897
0.973446
0.957998
0.972782
0.95758
0.972446
0.957
0.972422
0.955385
0.971893
0.955631
0.971317
0.955288
0.973435
0.957081
0.97384
0.964165
-2.12593e-10
-0.00589185
-4.65313e-11
-2.96207e-11
-0.00436626
0.331908
0.504967
0.158306
-0.00025429
-8.38512e-05
-4.18306e-14
-5.36082e-14
1.70559e-13
1.56663e-08
2.04839e-08
2.0017e-08
-1.6389e-12
-4.01914e-13
3.71896e-09
-1.52771e-10
1.71647e-14
4.33289e-14
1.28597e-14
5.11091e-09
3.86084e-08
-5.29369e-05
-1.43774e-16
-1.71369e-16
-2.66461e-16
0.677822
1.6824e-17
0.871729
0.764721
0.822031
0.62867
0.695977
0.47516
0.53978
0.34415
0.397691
0.238007
0.278931
0.159018
0.18804
0.100738
0.120865
0.0615178
0.0749008
0.036367
0.0447093
0.0207425
0.025789
0.0115959
0.0145331
0.00627923
0.00796804
0.0032869
0.00420379
0.00169344
0.00217673
0.000847161
0.00110112
0.000407485
0.000533055
0.000198113
0.000259567
9.31643e-05
0.000123247
4.32591e-05
5.73755e-05
1.96978e-05
2.64538e-05
8.60736e-06
1.16132e-05
3.80218e-06
5.12583e-06
1.67047e-06
2.26076e-06
7.23325e-07
9.80293e-07
3.23108e-07
4.34451e-07
1.36091e-16
1.14146e-08
6.29101e-09
1.14282e-09
1.63858e-09
4.69794e-09
3.39081e-09
4.32845e-09
6.72808e-09
2.10802e-06
3.01464e-06
1.84993e-06
9.09365e-11
7.4867e-11
1.40987e-09
0.485446
-3.94456e-13
-3.66283e-13
-0.00518198
6.35749e-08
2.40524e-08
-1.98344e-15
0.0126794
4.16361e-09
3.66504e-12
-1.88906e-11
6.49021e-08
4.24577e-16
4.06278e-16
-3.23697e-10
-1.71784e-10
6.56249e-08
0.108436
5.95998e-07
-0.00284369
-0.00235449
2.98503e-13
2.52022e-14
0.0805612
0.0525096
0.969975
3.23939e-15
2.59389e-15
0.957352
0.97402
2.12584e-08
1.40957e-08
-3.52295e-12
1.9825e-07
1.28733e-08
-0.000141368
-5.9568e-16
-2.67353e-15
-1.05275e-15
3.3011e-14
-3.39142e-16
-8.12383e-16
2.45498e-09
9.06836e-17
0.955875
0.915317
1.47984e-07
3.35829e-08
4.91271e-08
4.38659e-08
4.06878e-07
7.26506e-07
-1.23146e-16
-4.13052e-16
-5.46512e-11
-1.40193e-10
-3.96575e-11
0.974237
0.957265
9.64196e-08
-0.000458719
-0.000342284
0.857657
0.698728
-0.0012417
-0.000969668
0.941291
0.937837
0.868268
1.72139e-11
-2.73074e-10
-1.29815e-11
-9.79704e-12
1.62639e-08
-9.93687e-05
-3.31577e-05
9.87423e-14
3.78941e-14
0.958385
3.09797e-08
1.99005e-07
0.904917
-2.09671e-13
-3.05411e-14
0.00489099
-2.49164e-15
0.904787
0.875435
4.4978e-08
3.4331e-08
0.904689
0.875238
0.9059
0.875766
0.906503
0.876893
0.906465
0.87757
0.906602
0.877683
0.90816
0.878566
0.907091
0.879434
0.907013
0.877971
0.908129
0.878455
0.908302
0.879296
0.907357
0.879116
0.908156
0.879025
0.907755
0.87965
0.907792
0.878772
0.907996
0.87907
0.908108
0.880209
0.907078
0.87924
0.905197
0.877474
0.903743
0.874253
0.902974
0.872226
0.903954
0.872032
0.916136
0.89272
0.877847
2.51861e-09
5.62954e-10
0.980267
1.12198e-07
8.06696e-08
1.79053e-07
3.2616e-08
0.896927
-4.75244e-06
-1.9576e-06
0.272376
5.3435e-07
2.57098e-07
-0.00513885
4.89921e-11
2.85955e-11
1.10419e-08
4.17602e-08
-5.89073e-14
-7.53899e-14
3.59293e-13
-2.45053e-12
-7.31085e-13
5.6008e-17
4.17505e-17
-2.09535e-16
8.40394e-08
6.16513e-08
3.33217e-09
1.38491e-08
0.905346
0.875716
0.87171
0.816149
0.68824
0.522916
0.597759
0.38431
0.44031
0.269585
0.313553
0.179957
0.212553
0.114117
0.137133
0.0705332
0.0859837
0.0419977
0.0517091
0.0243099
0.0302107
0.0137044
0.0172243
0.00747859
0.00948868
0.00398436
0.00507842
0.00204564
0.00264704
0.00101042
0.00131835
0.000499223
0.000652766
0.000244093
0.000320866
0.000114265
0.000152378
5.37262e-05
7.14256e-05
2.49743e-05
3.34913e-05
1.08512e-05
1.47705e-05
4.78063e-06
6.46422e-06
2.13584e-06
2.90985e-06
9.17901e-07
1.25599e-06
4.09576e-07
5.50949e-07
-0.000501959
0.222046
-0.00192727
-4.41503e-12
4.33878e-12
1.19114e-12
9.89857e-13
8.18087e-16
2.32699e-07
0.845203
0.857799
0.768668
0.0290617
-0.00254236
-0.00226888
-3.83002e-16
-2.84316e-17
-2.0531e-05
-4.46166e-13
-4.2624e-13
6.72456e-09
2.00727e-07
3.19307e-09
-5.51109e-16
4.77791e-16
-4.24829e-10
-6.76294e-14
-2.52852e-12
2.4399e-08
1.79072e-08
6.00914e-15
-3.34042e-15
6.57635e-15
5.59223e-08
5.05977e-14
-8.71986e-14
-1.74946e-15
-4.27639e-15
-5.882e-15
-1.88095e-15
-3.61136e-14
7.23078e-08
-0.00038156
-0.000171597
-2.06801e-06
-8.08211e-16
-2.34729e-15
1.06103e-08
4.87668e-09
-3.46961e-11
-3.11335e-11
5.30491e-10
5.33888e-10
3.80102e-09
-0.00115745
-0.000966508
0.112025
0.0779755
-4.199e-12
-4.58061e-12
3.16555e-08
4.27056e-08
4.47199e-08
-2.76799e-11
5.69118e-11
9.68767e-08
7.43901e-08
-1.10751e-06
-4.91664e-08
6.53993e-14
1.96563e-07
0.803257
0.802399
0.766976
0.803441
0.76633
0.806153
0.769063
0.806434
0.770588
0.806898
0.770936
0.808129
0.771077
0.807853
0.772085
0.807524
0.771401
0.807636
0.77193
0.807939
0.772172
0.808593
0.772573
0.809113
0.772789
0.80819
0.77282
0.808955
0.772484
0.808723
0.773074
0.810339
0.773146
0.809642
0.774004
0.806602
0.771329
0.803653
0.768562
0.800003
0.76425
0.79694
0.758033
-1.21086e-05
-7.9216e-06
0.0165138
4.68741e-09
1.01758e-08
8.13413e-09
1.8091e-08
1.38668e-08
-1.37056e-11
-5.5399e-10
-1.4403e-11
-5.12772e-11
-0.00303498
8.2097e-08
6.14539e-13
-9.21673e-16
3.12201e-08
1.05841e-07
-1.99176e-12
-3.90081e-13
-5.09569e-13
1.08329e-07
2.2591e-10
0.586247
0.427139
0.486325
0.300787
0.34849
0.202046
0.23794
0.130197
0.156403
0.0818079
0.0987834
0.0496445
0.0609144
0.0287337
0.0358591
0.0163146
0.0204159
0.00912818
0.0115552
0.00479358
0.00614827
0.00247203
0.00318076
0.00124674
0.00162382
0.00061642
0.000809216
0.000302877
0.00039856
0.000145106
0.000193248
6.8424e-05
9.09325e-05
3.17705e-05
4.24237e-05
1.41402e-05
1.92856e-05
6.11148e-06
8.34017e-06
2.80331e-06
3.79983e-06
1.21438e-06
1.68288e-06
5.13829e-07
7.07819e-07
7.09975e-08
5.64972e-08
0.307841
0.573648
0.74309
0.752845
0.600763
-4.59055e-13
-7.47647e-13
-1.16658e-13
8.76237e-14
-2.16098e-13
7.34609e-13
0.226658
1.18586e-12
1.10115e-14
-5.00209e-05
5.78237e-12
-3.60161e-11
-5.40213e-12
2.76035e-07
-3.50646e-05
1.03862e-10
-2.08583e-13
-1.73603e-05
0.790721
0.00306809
-0.00154656
-0.0017664
6.53794e-09
-4.41127e-13
-1.38163e-15
-5.35568e-15
-2.81506e-15
1.18047e-12
1.1024e-12
0.399949
1.32658e-07
1.23488e-07
-7.08887e-10
2.77341e-08
2.08294e-08
1.60795e-07
-0.000744252
-0.000123717
1.73253e-07
1.31668e-07
8.29062e-15
-1.43684e-14
-6.50963e-14
-7.04612e-15
0.0558776
8.50695e-08
-1.83048e-14
1.42673e-12
1.82218e-08
1.45009e-08
1.44135e-09
0.793537
-8.00377e-15
6.97612e-15
-4.54036e-15
-1.13822e-14
0.655599
0.764655
0.79979
7.60381e-09
1.10445e-08
3.96023e-08
1.7527e-11
3.45895e-12
8.11063e-09
2.31883e-08
1.97072e-09
2.32285e-09
1.01577e-08
0.171324
0.133002
1.06472e-13
1.35145e-13
-2.66342e-14
6.37905e-12
2.22961e-12
7.51972e-08
-6.75281e-13
-8.16363e-13
0.748667
-0.000756914
-0.000456224
-1.17952e-05
-4.11995e-06
2.12599e-07
0.737515
0.756778
0.68644
0.0376216
0.689483
0.647178
0.691573
0.650182
0.692643
0.652071
0.692317
0.652167
0.691816
0.651947
0.693207
0.652014
0.693123
0.65254
0.692616
0.652723
0.694325
0.652749
0.694551
0.654622
0.693001
0.65381
0.694337
0.652901
0.694195
0.654179
0.694778
0.654971
0.695201
0.655629
0.69376
0.655487
0.691578
0.653118
0.685959
0.647203
0.67397
0.616378
0.634795
-7.43478e-13
4.77418e-09
1.0067e-07
-5.25797e-15
-8.49719e-15
-7.15941e-15
0.350586
-6.41426e-13
-5.73678e-14
-5.24144e-08
1.77769e-07
2.18532e-10
8.89343e-10
1.25309e-10
6.70319e-08
0.653975
0.673004
0.43245
2.02892e-07
-7.24138e-07
-2.59006e-06
-3.88259e-07
-5.93295e-05
-4.23636e-05
3.90702e-14
0.461782
0.521779
3.64063e-07
0.329389
0.379026
0.226527
0.264059
0.149493
0.177716
0.094445
0.113566
0.0582764
0.0707767
0.0344359
0.0425148
0.0197355
0.0245979
0.0110325
0.0137872
0.00587359
0.00748584
0.00298935
0.00385094
0.00153064
0.00197298
0.000778695
0.0010112
0.000384522
0.000500491
0.000187829
0.000247675
8.73607e-05
0.000116047
4.05914e-05
5.38764e-05
1.85661e-05
2.49506e-05
8.26699e-06
1.12379e-05
3.77153e-06
5.08849e-06
1.67879e-06
2.34273e-06
6.6648e-07
9.38113e-07
3.06016e-08
3.05567e-09
3.1381e-08
3.60044e-06
-8.60229e-12
-1.03688e-11
6.57977e-12
8.8332e-08
1.3395e-07
-6.15388e-13
0.75944
-1.80002e-12
-2.33386e-12
-3.2459e-14
-2.06655e-14
-6.07181e-05
-1.12737e-10
-9.27407e-10
0.0121354
0.0844879
1.69427e-09
4.11401e-09
0.000708176
-0.00046453
5.93939e-11
3.35263e-11
3.99538e-07
3.10096e-07
0.228852
0.37479
0.183805
4.21851e-08
-0.000179093
-0.000370553
-0.000133296
0.636843
1.6962e-11
6.46088e-09
-5.42222e-11
1.20564e-10
2.61187e-07
2.26228e-12
-4.45538e-14
5.24809e-09
6.00691e-09
3.11615e-13
2.50405e-13
0.642402
0.681935
1.55486e-07
-1.45321e-14
3.89756e-14
0.000123288
3.58346e-07
2.68402e-07
3.74681e-07
8.59044e-08
2.53839e-07
-8.87034e-10
7.31933e-09
0.663456
0.603565
4.10118e-08
5.53449e-08
-5.27934e-13
-4.61356e-13
-1.63072e-13
-7.62891e-12
-5.33786e-12
1.85197e-07
-4.55428e-05
-2.02615e-05
0.00416362
0.00201899
4.78869e-07
1.04056e-11
2.2352e-12
0.0618011
1.10497e-09
3.46504e-10
0.568136
0.56905
0.5251
0.56758
0.524748
0.567626
0.523185
0.56777
0.523199
0.567291
0.523172
0.567196
0.522736
0.568488
0.523121
0.568973
0.524119
0.569567
0.525128
0.568637
0.524726
0.569098
0.524441
0.571072
0.525458
0.572058
0.528369
0.574229
0.529836
0.570874
0.529069
0.562186
0.522674
0.5458
0.488795
0.510406
3.28317e-09
1.39946e-09
0.0061767
-2.01112e-11
-1.61507e-11
2.54675e-08
2.0952e-08
2.90804e-07
0.558348
7.72611e-07
2.70437e-08
1.94077e-08
0.357745
0.406425
0.63493
-0.000185001
-0.000269929
0.674301
0.250316
0.288735
0.167927
0.197096
0.108016
0.128773
0.0671137
0.0807711
0.0404504
0.0493866
0.0232851
0.0288133
0.0129757
0.0161704
0.00688844
0.00871476
0.00357212
0.00456288
0.00185748
0.00237981
0.000951392
0.0012249
0.000473801
0.000615715
0.00023285
0.000303517
0.000108365
0.000143219
5.06876e-05
6.69418e-05
2.36564e-05
3.14746e-05
1.08262e-05
1.45715e-05
5.03256e-06
6.79522e-06
2.2705e-06
3.11381e-06
3.69786e-07
6.72924e-07
1.00617e-06
1.71485e-13
2.04374e-13
2.7405e-12
0.0233991
0.620666
-4.1961e-14
-2.90987e-14
0.00748944
-1.17182e-10
2.16991e-10
0.515272
-3.65188e-10
-1.28421e-09
-3.76716e-13
1.88411e-11
0.542947
1.04233e-07
0.565653
8.90811e-11
5.88121e-11
5.09513e-10
5.16537e-08
-2.46151e-14
1.04997e-06
1.09763e-12
1.08633e-13
-1.41472e-12
0.507886
-0.000153645
-0.000258287
-0.000122354
5.7436e-13
0.43218
0.261193
5.20442e-08
-1.38077e-06
0.524801
0.014905
4.87892e-08
-5.7808e-06
-1.44956e-05
-3.97004e-06
-9.43926e-09
-4.09152e-09
-3.98226e-11
-3.2412e-11
1.43397e-13
7.22195e-13
8.28726e-11
5.62046e-11
0.52015
4.56135e-07
8.60732e-07
0.476238
0.509271
9.17942e-07
-2.70418e-08
-8.49317e-09
1.77631e-08
5.97587e-08
9.67268e-12
1.07315e-11
-6.91539e-11
2.10355e-10
0.494933
8.18038e-08
6.89514e-08
-1.06104e-13
-2.54475e-11
-2.08131e-11
-4.97934e-05
0.0044861
0.00118915
-7.63368e-12
-7.39459e-12
-8.98278e-05
-8.25052e-05
0.199546
0.104196
0.445456
3.80299e-10
9.92493e-10
2.63514e-10
0.521856
-1.55857e-13
0.0319687
0.0757185
0.0211421
0.444338
1.93559e-05
-7.03169e-05
2.13301e-07
2.60194e-07
5.69025e-07
0.445176
0.444996
0.407397
0.44438
0.407512
0.443953
0.406153
0.443355
0.405514
0.442757
0.405022
0.444402
0.405203
0.445725
0.406977
0.445343
0.40798
0.445338
0.407033
0.445918
0.407449
0.44922
0.409549
0.452601
0.4132
0.449679
0.414228
0.442988
0.408908
0.429351
0.382439
0.398767
7.73134e-13
7.19596e-13
9.95407e-10
7.39289e-10
8.62306e-08
1.09737e-07
1.07989e-07
-3.41152e-14
5.42834e-07
0.446299
0.407083
1.28017e-06
-2.61324e-07
5.9361e-07
-1.13641e-13
0.269708
0.309739
0.183426
0.213105
0.121343
0.143151
0.0759824
0.0910249
0.0459377
0.0557052
0.026912
0.0331177
0.0148757
0.0185509
0.00787401
0.00992967
0.00421351
0.00532786
0.0022124
0.00280914
0.0011437
0.00145481
0.000577006
0.000743174
0.00027836
0.000360827
0.00013135
0.000172144
6.22311e-05
8.1513e-05
2.92572e-05
3.83856e-05
1.39892e-05
1.84647e-05
6.9523e-06
9.28271e-06
-8.966e-07
-1.74628e-06
-1.5054e-07
1.58161e-06
-3.91371e-05
-1.92144e-05
1.27487e-11
4.0405e-12
0.445334
0.407224
1.67812e-06
-6.81345e-11
-5.5264e-11
2.927e-10
2.12121e-10
-4.04442e-10
0.0391037
0.000560066
1.7278e-12
0.407404
3.2671e-06
0.430042
0.398571
0.36959
0.382998
-2.63932e-09
-6.23622e-14
-6.5141e-14
2.04266e-13
2.4797e-10
0.027086
0.0102812
-6.13896e-06
-1.40584e-05
-4.31601e-06
4.14294e-10
2.03098e-06
0.289183
5.30716e-07
1.1731e-11
9.88058e-12
1.25427e-11
-5.77162e-11
2.06621e-08
-2.5339e-11
5.53741e-11
3.65783e-11
-8.01072e-08
-4.55174e-08
1.412e-06
2.073e-06
-7.67014e-14
-9.60325e-11
1.82548e-07
3.2094e-06
-1.19099e-06
-4.21362e-07
4.15908e-12
1.1287e-07
2.34229e-07
1.44339e-07
6.63074e-07
-7.5224e-11
-6.10104e-11
-2.08257e-08
-1.18612e-08
-2.1548e-05
-2.7678e-05
-1.04797e-14
-3.58729e-12
-2.92548e-11
-8.35619e-10
-7.01287e-10
0.000361096
0.000166436
8.89797e-12
1.01003e-06
1.27615e-06
1.8146e-06
0.337439
0.337024
0.301225
0.334811
0.300084
0.333996
0.297926
0.334244
0.298339
0.334749
0.298572
0.33513
0.29883
0.337036
0.299617
0.335501
0.300126
0.335589
0.29895
0.338701
0.30055
0.342394
0.305052
0.344877
0.309664
0.340705
0.30971
0.327198
0.286665
0.301265
6.13583e-10
1.64031e-07
2.18697e-07
1.8806e-07
0.333106
0.119359
0.0900611
-1.13947e-09
1.72271e-11
3.29592e-06
0.336419
0.300683
5.11811e-12
6.08411e-12
-1.68e-10
-1.36363e-10
0.238017
1.63066e-12
-1.25652e-10
0.197806
0.227725
0.134251
0.156905
0.0843087
0.10074
0.051821
0.0627361
0.0305938
0.0375948
0.0168458
0.0210236
0.00903138
0.0113857
0.00484814
0.00610134
0.0025683
0.00325367
0.00132979
0.00169419
0.000669191
0.000862178
0.000321202
0.000415549
0.000155866
0.000202355
7.38659e-05
9.66155e-05
3.50163e-05
4.56981e-05
1.74496e-05
2.26123e-05
7.06064e-12
9.84726e-13
2.73148e-12
6.90293e-13
0.336059
0.300842
1.35207e-11
9.2198e-12
1.48889e-10
1.64761e-10
1.21017e-10
0.000728219
-5.48791e-09
0.00229249
2.24871e-06
4.68932e-06
0.336691
0.301241
0.300533
0.107778
-9.7754e-13
-9.78432e-10
8.287e-07
2.05698e-12
0.254178
0.000450482
0.000124263
5.47059e-06
2.37301e-11
-8.09479e-11
0.00655036
-5.57355e-06
0.079523
0.0384144
-2.68076e-07
0.00137551
4.68388e-08
1.42029e-07
9.1484e-06
-1.15402e-07
-7.04317e-08
3.21852e-06
4.28728e-06
-1.39343e-10
-1.13214e-10
0.284251
0.297995
3.92781e-07
1.30178e-06
2.80055e-06
-1.49143e-13
8.09454e-12
-1.81517e-10
-2.37211e-10
4.83437e-10
-3.07146e-08
-1.93523e-08
-1.48993e-05
-2.55698e-05
-1.168e-05
-3.87094e-10
-3.17907e-10
-4.10406e-06
-1.82697e-06
4.3495e-07
3.36728e-07
7.6637e-10
-3.04139e-09
-6.72685e-10
3.86224e-11
0.242601
0.241032
0.214896
0.240717
0.214105
0.241259
0.214275
0.241248
0.214892
0.241789
0.21488
0.242005
0.214913
0.240784
0.214454
0.241543
0.213866
0.2421
0.214786
0.246726
0.215936
0.251635
0.221297
0.2562
0.229037
0.241343
0.21005
0.224397
3.95905e-07
4.9667e-07
1.59016e-06
-1.17433e-11
-1.22353e-11
-9.81004e-11
-1.3901e-09
2.94741e-06
3.72667e-06
4.13639e-06
-2.55413e-10
-2.07025e-10
4.62373e-12
-5.06596e-07
-3.38928e-07
0.193954
4.57826e-09
4.67458e-09
5.70805e-08
0.242417
0.146569
0.169618
0.0932613
0.111172
0.0588071
0.0712499
0.0349424
0.0429862
0.0192757
0.0241744
0.0103429
0.0131774
0.00552834
0.00701176
0.00300486
0.00381489
0.00154385
0.00198399
0.000774503
0.000995985
0.000375656
0.000492066
0.000176761
0.000231358
8.84064e-05
0.000115175
4.19361e-05
5.526e-05
0.198781
0.0031717
0.00208443
0.243197
0.216183
-1.29644e-10
-6.34131e-11
-6.92883e-10
0.242624
0.216019
-1.29176e-06
5.87424e-06
4.99324e-07
6.62872e-05
6.14515e-06
0.0269544
0.0116576
-2.65331e-10
-3.91634e-10
-8.62661e-10
4.22704e-13
1.16913e-05
1.25544e-05
8.06391e-07
2.63819e-07
0.00797593
8.87756e-07
6.7943e-07
2.03109e-05
-6.8856e-09
-4.04566e-06
-3.11476e-10
8.76784e-10
4.78445e-06
7.56898e-06
-1.35205e-07
-8.98594e-08
6.95922e-06
-5.41558e-11
-1.81405e-11
0.152133
0.0895641
0.214667
0.242382
0.230301
0.214123
0.154311
0.0038934
-3.09149e-08
-2.02627e-08
-6.64474e-06
-1.93372e-06
-6.20249e-06
0.00264277
0.00107347
-4.90436e-10
-3.87041e-10
1.38963e-09
-1.65479e-09
-9.50368e-10
-7.5219e-10
-4.98515e-07
-3.47954e-07
0.1713
0.170312
0.149813
0.170927
0.149214
0.171299
0.150026
0.170821
0.15014
0.170998
0.150019
0.17095
0.150412
0.17102
0.150091
0.171005
0.149612
0.175381
0.150911
0.183964
0.158161
6.29662e-06
8.1077e-06
8.90541e-06
-3.15493e-06
-1.57052e-06
-4.27075e-09
1.02354e-06
-4.21196e-10
0.0124641
0.00879624
0.102998
0.0685967
0.0830779
0.040935
0.0509438
0.0223308
0.0284984
0.0122541
0.0156486
0.00666347
0.00850256
0.00360069
0.0045955
0.00184221
0.00239138
0.000905153
0.00117938
0.000447244
0.000587063
0.00021313
0.00028204
0.000108135
0.00014193
5.24349e-05
6.98673e-05
-1.99011e-10
-1.21344e-10
0.167417
-2.71783e-10
-1.16943e-09
0.0360729
0.214878
0.150259
0.171026
2.58723e-05
3.2598e-07
5.79736e-07
1.23233e-05
1.60939e-06
-1.13657e-06
1.3027e-06
1.05156e-06
-1.77766e-09
0.0674181
0.000693597
0.000245661
-5.53217e-10
-7.52838e-10
1.56343e-09
1.23539e-07
0.00490924
0.014032
0.0104452
1.20812e-05
1.56899e-05
0.12247
-1.18878e-07
-7.96421e-08
-7.35661e-09
0.0263445
0.158631
3.06557e-06
3.88619e-06
6.18099e-06
-2.75471e-08
-1.85559e-08
0.17109
0.148211
0.137107
0.154169
-1.47909e-09
2.804e-06
2.15842e-08
1.47891e-07
-6.21245e-10
-5.99594e-10
-3.95476e-10
-1.12961e-09
2.2493e-08
2.51046e-05
1.38036e-05
3.60135e-05
0.149985
0.170853
1.87555e-06
1.45205e-06
-3.65636e-07
-1.76573e-06
-3.99106e-07
-2.85294e-07
0.170504
0.150198
1.60071e-05
2.03526e-06
0.115923
0.115932
0.0998214
0.115829
0.099491
0.116263
0.0997354
0.116819
0.100258
0.11625
0.100492
0.115286
0.0996715
0.115791
0.0983283
0.122555
0.10865
0.100655
0.183901
-1.06252e-06
-1.73205e-06
-8.24392e-07
-1.59071e-09
-1.09246e-09
-1.60778e-09
-5.12094e-09
-1.02766e-09
0.00350807
0.00146862
0.0333481
0.0257266
0.0845596
0.116375
-3.81263e-09
0.0503897
0.0273794
0.0354946
0.0152201
0.0195137
0.0082827
0.0106353
0.00443554
0.00569426
0.00225148
0.00293306
0.00110216
0.00144908
0.000554426
0.000727552
0.000269694
0.00035936
0.000140943
0.000185491
6.5625e-05
8.52692e-05
4.17719e-05
2.06143e-05
2.95952e-07
7.12797e-07
0.115525
0.0998858
0.0995602
3.3848e-06
2.72935e-06
-2.16906e-09
3.2356e-06
0.149663
-2.05836e-08
0.0776981
0.00550485
0.000147334
0.0654726
2.62859e-09
-1.72851e-09
-9.28064e-08
-6.65735e-08
2.30668e-05
-2.65397e-09
0.100052
0.116493
0.061892
1.55225e-05
1.07893e-05
1.54779e-05
-5.62656e-09
4.04418e-05
0.108301
8.21917e-05
5.13545e-05
0.0164834
0.012425
1.23348e-06
2.47958e-05
3.09362e-05
0.0933339
0.0819638
0.0566701
7.05306e-08
3.53665e-07
4.19321e-06
3.23393e-06
-1.40218e-08
0.114871
0.0944523
-2.37586e-09
-8.50208e-09
0.116352
0.10031
0.0996025
0.076146
0.0761954
0.0765232
0.0656383
0.0767428
0.0659819
0.0769224
0.0661943
0.0763575
0.0662058
0.0740713
0.0646122
0.0353684
4.10357e-06
-9.41898e-10
1.53019e-06
2.64117e-06
0.000376358
0.000997618
0.000243822
-1.42793e-08
0.0364139
-3.74245e-09
7.37967e-06
8.97473e-06
1.36386e-05
-3.97759e-08
-5.0003e-08
-1.17015e-08
8.65824e-06
1.55282e-06
-6.39238e-09
5.73415e-11
-1.09159e-09
4.48296e-05
7.97306e-05
0.119024
0.019448
0.0245263
0.0104968
0.0134886
0.00554496
0.00718781
0.00275871
0.00362893
0.00138041
0.0018276
0.000690355
0.000904844
0.000354353
0.000463842
0.000194745
0.000116386
0.000261672
2.886e-09
-2.49867e-07
-1.95917e-07
-1.34143e-09
0.0039593
0.0016693
2.92539e-05
2.47306e-05
4.58601e-05
0.0761267
0.065489
-4.16409e-09
-1.48556e-09
0.0298045
0.0655645
0.0440038
0.0735044
0.0046338
7.0361e-07
7.53199e-06
-3.36561e-07
3.83716e-07
-3.64339e-07
0.00012049
4.1316e-09
8.14957e-08
7.89349e-05
2.76829e-05
0.0508162
-1.99127e-09
0.0651308
0.0759039
0.0452581
0.0138838
0.0316355
0.00898977
5.41497e-09
5.8802e-09
3.91911e-09
6.5412e-06
9.49152e-06
0.0683594
8.34384e-06
6.85619e-06
0.0610805
0.0650558
0.0760217
1.38641e-08
0.0499661
0.0498661
0.0422492
0.0500632
0.0425228
0.0482775
0.0394778
0.0422096
0.00335707
3.29885e-06
0.022905
0.0285966
8.61578e-07
1.64718e-06
2.04666e-05
1.66824e-05
0.000456571
0.00112267
0.000302504
0.0497674
0.0604891
0.0131972
0.0167793
0.00707013
0.00917496
0.00352068
0.0046543
0.00179604
0.00237299
0.000888479
0.00117549
0.000435554
0.000560019
-4.58699e-08
0.0496211
0.0421849
0.048834
0.00368474
4.94643e-08
5.22279e-07
1.94405e-07
0.000155388
0.0755182
0.000116855
0.0652878
0.0763988
2.15939e-07
5.58038e-06
8.24682e-06
0.0421276
3.89986e-05
0.000295074
3.22196e-05
0.000515769
0.000358781
4.96499e-06
1.64834e-05
2.69992e-06
0.0449637
0.0297483
2.24979e-05
1.71045e-07
0.00941557
0.0211878
0.00640842
6.3135e-05
1.32833e-08
1.65179e-05
2.05651e-05
2.88804e-05
0.0496475
3.68337e-08
-6.46631e-08
0.042266
0.0416033
0.0411023
0.0485788
7.41576e-08
0.00157865
3.60824e-08
1.74426e-05
4.73787e-05
1.30779e-07
0.000103621
3.92906e-05
0.0650492
0.000174748
0.0312007
9.75967e-08
0.0318287
0.026309
0.0321264
0.0265937
0.0275995
8.81855e-05
5.45809e-05
2.02128e-06
4.34636e-05
7.38752e-05
3.57779e-05
0.00111276
2.78313e-08
2.50969e-07
0.00907473
0.00455116
0.00607607
0.00234428
0.00312559
0.00116065
0.00157414
0.000534595
0.00075813
0.0312517
7.85525e-07
0.00281289
0.00159718
6.95796e-07
0.0315782
0.0264636
0.016528
0.0117358
0.02067
3.28338e-08
0.000212117
1.37621e-07
4.65153e-07
4.1354e-07
7.21891e-05
4.84797e-05
0.000117373
0.0264034
0.0315644
1.34022e-05
2.19201e-05
1.18792e-07
3.76531e-06
6.95009e-06
8.49617e-07
0.00604958
5.99377e-07
0.0267277
0.0303494
0.00014969
0.000195256
1.22766e-06
0.0486575
0.0393272
1.41569e-06
0.00378157
0.0310038
0.000324951
9.02644e-05
0.000185106
0.0260948
0.025608
2.38886e-05
7.56275e-06
4.99686e-06
0.0195562
0.00120817
0.000609419
0.0186434
0.0483819
0.0211376
0.000133498
5.12236e-05
7.15349e-07
2.19654e-06
0.000205029
0.0196801
0.0128408
0.000447167
4.26189e-06
0.00324078
0.00162771
0.00219806
0.000783387
0.00107764
0.0184883
0.040885
0.00311436
1.59306e-06
2.01403e-06
4.61637e-06
0.0408041
0.000348277
0.000589589
0.019804
0.0165037
0.00164403
6.59528e-06
0.00115756
0.0155104
0.0193287
4.22701e-05
0.000113068
0.0160554
6.1243e-05
1.14404e-05
1.69144e-05
0.000116971
0.000170699
9.61012e-05
8.90596e-06
7.34189e-06
4.72883e-06
0.000317317
0.0285975
0.0249269
0.0189704
0.0294528
0.00430039
0.00605188
0.0144853
0.00916996
0.0119033
0.0153861
0.0148754
0.0178471
0.0277324
0.000495994
0.000432964
0.000205727
0.000315564
0.000397374
0.0164394
0.0159183
0.0231283
0.00819579
0.0114695
0.000143831
0.000212886
2.96676e-05
0.000240318
0.0152477
0.0130039
0.00826179
0.000326362
0.0230578
0.00459019
8.65655e-06
1.127e-05
1.44148e-05
0.00174685
0.00228843
0.00305554
0.00861658
0.00600108
0.0110345
0.000503254
0.00112052
0.000686352
0.00152856
2.61577e-05
0.0120614
0.00959872
6.2133e-05
0.000148329
4.47739e-05
0.000214901
0.000391263
2.8463e-05
5.43568e-05
0.00541808
0.0106543
0.00101926
0.000620166
0.0123361
0.0101265
0.000522066
3.10988e-05
2.22482e-05
0.0110899
0.0103337
0.00888771
0.00920032
0.00137196
0.00513818
0.00915694
0.00361861
0.000802342
0.00309129
0.000372155
0.000198463
0.00164147
0.00119377
0.00233583
0.00691756
0.0059832
0.00406203
0.00764401
0.00623498
0.00639186
0.00529996
0.00504703
0.00773459
0.000105798
0.000266122
5.68124e-05
0.00795943
0.00592924
2.4637e-05
3.61069e-05
2.17862e-05
2.89248e-05
3.12859e-05
7.6729e-05
0.000640538
0.000910343
0.000479551
0.0055045
0.00467636
0.00332171
7.21157e-05
0.000147081
0.000800802
0.00018011
0.000330167
0.000133539
0.00440357
5.29681e-05
6.08117e-05
0.000129145
0.00321933
0.00307138
0.00371692
0.0032659
0.00257318
0.00128956
0.00362049
0.00194447
0.000476226
0.00268824
0.00174335
5.12174e-05
6.59367e-05
7.28898e-05
0.00115693
0.000481902
0.00153757
0.00164923
0.000575619
0.000160613
0.000310097
0.000120624
0.00148986
0.00256661
0.000950331
0.000115421
0.000235152
0.00109567
0.0023372
)
;

boundaryField
{
    frontAndBack
    {
        type            empty;
    }
    hot
    {
        type            fixedValue;
        value           uniform 1;
    }
    cold
    {
        type            fixedValue;
        value           uniform 0;
    }
    defaultFaces
    {
        type            zeroGradient;
    }
}


// ************************************************************************* //
