/*--------------------------------*- C++ -*----------------------------------*\
  =========                 |
  \\      /  F ield         | OpenFOAM: The Open Source CFD Toolbox
   \\    /   O peration     | Website:  https://openfoam.org
    \\  /    A nd           | Version:  7
     \\/     M anipulation  |
\*---------------------------------------------------------------------------*/
FoamFile
{
    version     2.0;
    format      ascii;
    class       volScalarField;
    location    "0.15";
    object      T;
}
// * * * * * * * * * * * * * * * * * * * * * * * * * * * * * * * * * * * * * //

dimensions      [0 0 0 1 0 0 0];

internalField   nonuniform List<scalar> 
5936
(
0.509335
0.913078
0.998914
0.982336
1.00596
1.01633
1.00237
1.00787
1.00059
1.00196
1.00025
1.00061
1.00025
1.00057
1.00026
1.00065
1.00028
1.00069
1.00026
1.00072
1.00028
1.00076
1.0003
1.00076
1.00029
1.00078
1.00027
1.00079
1.00033
1.00079
1.0003
1.00078
1.00028
1.00076
1.00032
1.00076
1.00027
1.00076
1.00033
1.00076
1.0003
1.00078
1.00027
1.00077
1.00031
1.00079
1.0003
1.00083
1.00033
1.00081
1.00032
1.00074
1.00024
1.00069
1.00026
1.00072
1.0003
1.00077
1.00029
1.00079
1.00027
1.00079
1.00034
1.0008
1.0003
1.00078
1.00028
1.00076
1.00031
1.00076
1.00024
1.00075
1.00027
1.00073
1.00031
1.00081
1.00032
1.00086
1.00035
1.00082
1.00032
1.00079
1.00032
1.00078
1.00034
1.00076
1.0003
1.00076
1.00024
1.00072
1.00034
1.00076
1.00049
1.00092
1.00068
1.00099
1.00094
1.00132
1.00095
0.116276
-0.00285685
-0.000259646
4.36869e-05
4.38487e-06
5.49771e-08
-6.07493e-09
-2.53769e-10
-5.75079e-13
2.35678e-13
9.74471e-15
1.87611e-16
7.96229e-19
-6.68273e-20
-2.11125e-21
-2.92134e-23
-4.33277e-26
7.70149e-27
2.00418e-28
2.59521e-30
1.2042e-32
-3.0998e-34
-8.10244e-36
-1.04285e-37
1.37812e-55
-1.07841e-39
1.33327e-37
2.55195e-35
3.90827e-35
-2.51758e-32
1.05176e-31
-8.29893e-30
1.16144e-28
6.88366e-28
-8.48408e-27
-2.51959e-26
-5.23655e-24
-1.10149e-23
-1.47784e-22
-7.05434e-23
-6.84947e-22
1.6452e-21
5.2087e-23
4.77815e-20
9.11358e-20
1.19782e-19
4.45456e-19
5.8363e-19
3.95418e-19
3.26926e-19
0.990602
0.994548
1.01609
1.00168
1.03423
1.0291
0.981619
1.00354
0.825714
0.875931
0.626947
0.688615
0.431561
0.488756
0.275255
0.318284
0.156129
0.186925
0.083893
0.102114
0.0436713
0.0537295
0.0219852
0.0273668
0.0104249
0.0132173
0.00489088
0.00621962
0.00221245
0.00284374
0.000957941
0.00124643
0.000409917
0.000535676
0.000165611
0.000220079
6.64434e-05
8.81546e-05
2.73733e-05
3.607e-05
1.03253e-05
1.3862e-05
3.91579e-06
5.25991e-06
1.43956e-06
1.95476e-06
5.07935e-07
6.93516e-07
1.90045e-07
2.5689e-07
6.68186e-08
9.16351e-08
2.32483e-08
3.19726e-08
8.15209e-09
1.11927e-08
2.73749e-09
3.79635e-09
9.27934e-10
1.28606e-09
3.15096e-10
4.35287e-10
1.05088e-10
1.45825e-10
3.40162e-11
4.748e-11
1.11112e-11
1.55156e-11
3.44685e-12
4.83993e-12
1.10958e-12
1.55105e-12
3.50592e-13
4.92826e-13
1.05594e-13
1.49164e-13
3.29841e-14
4.64273e-14
9.83305e-15
1.39952e-14
2.89052e-15
4.11028e-15
8.92991e-16
1.2672e-15
2.62545e-16
3.76303e-16
8.0226e-17
1.14972e-16
2.35829e-17
3.46285e-17
7.43213e-18
1.11129e-17
2.84176e-18
4.35678e-18
1.05224e-18
4.89224e-19
1.62257e-18
-2.24549e-39
4.42164e-19
0.0135463
-0.00152072
3.98892e-05
1.68518e-05
7.37436e-07
-1.18164e-08
-1.5041e-09
-2.84659e-11
6.99627e-13
5.46606e-14
1.45507e-15
1.86516e-17
-1.91206e-19
-1.33579e-20
-2.76215e-22
-2.29609e-24
3.17968e-26
1.34987e-27
2.48191e-29
2.21439e-31
-6.3531e-34
-5.70973e-35
-9.5998e-37
-0.00102357
-1.16021e-38
6.76616e-19
-4.59769e-38
-1.60792e-36
-1.84121e-35
-4.46196e-34
6.22643e-32
1.37543e-30
1.93345e-29
-8.90437e-28
3.64441e-27
3.21639e-26
8.50631e-25
1.06217e-23
3.36928e-23
1.69994e-22
3.73112e-22
1.39028e-21
-2.1252e-21
1.65407e-20
1.07068e-19
4.86983e-20
2.21428e-19
5.66642e-19
5.43826e-19
0.000145897
0.066729
1.66245e-05
0.457341
7.90292e-05
6.04959e-05
3.27655e-06
-2.80154e-08
-6.19181e-09
-1.49773e-10
2.0746e-12
2.28084e-13
6.94693e-15
1.01754e-16
-5.44863e-19
-5.97183e-20
-1.40231e-21
-1.39078e-23
9.74372e-26
6.48469e-27
1.31434e-28
1.29753e-30
-5.68929e-35
-2.78794e-34
-5.17295e-36
-5.69964e-38
-1.68941e-36
-1.45019e-35
-8.69166e-34
9.13006e-32
1.78092e-30
2.28996e-29
-1.31174e-27
4.69523e-27
4.43839e-26
1.11084e-24
1.50255e-23
4.5451e-23
2.45485e-22
5.27262e-22
2.07088e-21
-2.94424e-21
2.65512e-20
1.64448e-19
8.11585e-20
3.49453e-19
8.62497e-19
8.19849e-19
-6.46572e-38
3.2628e-07
-2.14903e-08
-1.1673e-09
-8.92447e-12
9.28369e-13
4.47727e-14
9.10119e-16
6.49203e-18
-2.68025e-19
-9.98954e-21
-1.59774e-22
-5.9293e-25
3.59972e-26
9.85773e-28
1.44509e-29
8.61617e-32
-1.30091e-33
-4.1247e-35
-5.54601e-37
3.48159e-35
-5.82287e-35
-3.56708e-32
1.93373e-31
-1.07477e-29
1.6821e-28
1.14476e-27
-9.70403e-27
-2.24786e-26
-7.34033e-24
-1.53186e-23
-2.13603e-22
-8.77118e-23
-9.4654e-22
2.4339e-21
8.38238e-22
7.56608e-20
1.41652e-19
1.89762e-19
6.85574e-19
8.89196e-19
6.26816e-19
-0.0051277
-0.00518978
1.95567e-37
0.596824
-0.00151948
0.957934
1.00198
0.983859
1.0034
1.00518
1.00002
1.00037
0.998339
0.99594
0.998129
0.994439
0.998153
0.994628
0.998222
0.994716
0.998285
0.994997
0.998322
0.995106
0.998315
0.99492
0.99843
0.99505
0.998272
0.995182
0.998266
0.994914
0.998376
0.99501
0.998213
0.995068
0.998412
0.994916
0.998263
0.995201
0.998219
0.994893
0.998329
0.994746
0.998245
0.995092
0.998186
0.994703
0.998152
0.994907
0.998163
0.994992
0.998328
0.994795
0.998448
0.995218
0.99839
0.995221
0.998341
0.994959
0.998442
0.995067
0.998281
0.995196
0.99827
0.994922
0.998383
0.995013
0.998246
0.995079
0.998473
0.994973
0.99851
0.995402
0.998363
0.995055
0.998295
0.995034
0.998194
0.995108
0.998123
0.994744
0.998135
0.994808
0.998057
0.99502
0.998038
0.99471
0.998361
0.995163
0.998233
0.995299
0.997702
0.994767
0.99706
0.994851
0.995281
0.993252
0.994148
4.33989e-37
0.00116086
-5.67762e-05
0.261296
6.53627e-06
5.32609e-07
6.1146e-09
-6.38304e-10
-2.9244e-11
-4.58713e-13
7.69585e-15
5.48026e-16
1.33016e-17
1.09642e-19
-2.74699e-21
-1.07203e-22
-1.90704e-24
-1.28504e-26
1.9883e-28
8.16277e-30
1.28674e-31
7.63138e-34
-9.99217e-36
-2.80743e-37
5.82962e-35
-0.00328734
-0.00503798
-0.0039209
-7.19087e-39
1.30501e-18
2.19885e-18
2.35112e-06
6.42293e-06
1.83348e-06
0.532792
-5.38024e-34
-5.84073e-32
4.72856e-31
-1.67577e-29
2.50018e-28
3.0837e-27
-1.21478e-26
-7.97668e-27
-1.33456e-23
-3.04799e-23
-4.12487e-22
-1.90208e-22
-1.71758e-21
4.04408e-21
6.45005e-21
1.6239e-19
2.49387e-19
4.10188e-19
1.39483e-18
1.67622e-18
1.03451e-18
2.08213e-18
0.0510761
0.189081
0.0215935
-0.00040947
-0.00135679
-0.000278153
5.67185e-06
1.28901e-05
1.01243
1.00034
1.0292
1.03294
0.977759
1.01603
0.823822
0.895056
0.632989
0.712716
0.44014
0.515862
0.276653
0.331323
0.159294
0.196851
0.0860646
0.108208
0.0453149
0.0575478
0.0226736
0.0290467
0.0111153
0.0144225
0.00519635
0.0068239
0.00233153
0.00308218
0.00104168
0.00138376
0.000437566
0.000585471
0.000181229
0.000243987
7.35021e-05
0.000100074
2.85676e-05
3.88992e-05
1.1067e-05
1.52518e-05
4.23749e-06
5.8181e-06
1.57138e-06
2.16797e-06
5.63659e-07
7.89969e-07
2.0776e-07
2.87081e-07
7.38656e-08
1.02818e-07
2.66647e-08
3.719e-08
9.13311e-09
1.28205e-08
3.04543e-09
4.28275e-09
1.0805e-09
1.51025e-09
3.56722e-10
5.05991e-10
1.16364e-10
1.64579e-10
3.9493e-11
5.5795e-11
1.26303e-11
1.79099e-11
3.95455e-12
5.66468e-12
1.28619e-12
1.81933e-12
4.04517e-13
5.74694e-13
1.2411e-13
1.7857e-13
3.86558e-14
5.50831e-14
1.15889e-14
1.6593e-14
3.49538e-15
5.04303e-15
1.05286e-15
1.50322e-15
3.15984e-16
4.53671e-16
1.01001e-16
1.43817e-16
3.25968e-17
4.63794e-17
1.2485e-17
1.80418e-17
0.780611
-1.44526e-37
0.830143
6.07496e-37
4.74136e-29
3.8219e-29
-1.70691e-05
-1.34041e-37
-8.04019e-38
4.60979e-28
8.21264e-08
-1.19269e-09
-1.64332e-10
-4.18974e-12
-1.74993e-14
2.66664e-15
9.34329e-17
1.46471e-18
-2.25474e-21
-6.63381e-22
-1.53916e-23
-1.81396e-25
-5.24386e-29
4.88686e-29
1.10349e-30
1.18187e-32
-4.26383e-37
-2.17442e-36
8.93778e-35
3.79493e-30
2.35679e-30
-4.26537e-33
-3.40061e-33
-3.09583e-35
-9.22772e-32
-6.53817e-36
1.98973e-31
-2.50345e-29
3.36397e-07
-2.54998e-27
7.14659e-27
8.59301e-26
1.49416e-24
2.86851e-23
7.41126e-23
5.40017e-22
9.91324e-22
4.5043e-21
-5.54829e-21
6.18119e-20
3.24599e-19
1.52825e-19
7.35888e-19
1.62658e-18
1.52627e-18
-1.72669e-09
-8.00919e-21
6.60292e-19
-1.30658e-36
5.8257e-17
5.51084e-18
2.11258e-15
2.44943e-18
2.03767e-18
5.85872e-19
3.72995e-19
2.32642e-19
7.66912e-21
6.22506e-21
-2.52893e-21
-2.78227e-22
-6.063e-22
-4.40687e-23
-2.00478e-23
-1.48679e-36
-3.34872e-35
4.85783e-33
6.20415e-31
3.48507e-29
5.94366e-28
-7.63179e-26
-8.89934e-24
-4.8035e-22
2.17257e-18
2.40621e-18
1.06629e-18
2.23403e-19
4.74812e-19
8.64893e-20
-8.03242e-21
6.45571e-21
1.47092e-21
7.8422e-22
1.18276e-22
4.10136e-23
2.47821e-24
1.18026e-25
1.04348e-26
2.77852e-31
-9.33415e-36
1.55438e-34
6.42415e-32
5.11498e-30
1.86373e-28
-3.18326e-27
-9.98208e-25
-6.84718e-23
-2.46976e-21
2.18989e-20
7.33787e-18
3.75276e-16
8.32466e-15
-1.8159e-13
-1.82332e-11
-5.64784e-10
-7.32734e-10
-3.88633e-27
1.19538e-14
-2.31753e-12
-1.20139e-10
3.95262e-08
-8.01566e-34
-1.44877e-26
7.09955e-31
-1.59717e-26
4.19064e-27
-3.31765e-05
7.49089e-29
0.989948
1.00203
1.00396
1.00114
1.01058
0.998777
1.00804
0.998062
1.00526
0.997575
1.00391
0.997118
1.0028
0.996901
1.00215
0.996883
1.0021
0.996823
1.00194
0.996958
1.00187
0.996736
1.00216
0.996852
1.00191
0.997137
1.00218
0.996593
1.00214
0.996949
1.00193
0.99695
1.00248
0.997005
1.00292
0.997057
1.00251
0.997258
1.00284
0.997142
1.00255
0.996855
1.00218
0.996929
1.00233
0.996723
1.00182
0.996892
1.00191
0.996893
1.00206
0.996793
1.00189
0.996923
1.0018
0.996721
1.00212
0.996842
1.00189
0.99713
1.00216
0.99658
1.00209
0.996775
1.00171
0.996857
1.00207
0.996806
1.00197
0.996828
1.00185
0.99692
1.00216
0.9969
1.00217
0.997164
1.00204
0.997041
1.00258
0.996824
1.00214
0.997364
1.00216
0.997384
1.00208
0.99582
1.00073
0.998172
1.00665
1.00346
4.62322e-30
8.92792e-17
2.69945e-26
8.48271e-18
-2.75475e-33
-7.08604e-27
7.04455e-20
3.73765e-08
1.89497e-07
1.35313e-07
3.90658e-10
-3.1728e-11
-1.48609e-12
4.39303e-18
-2.52753e-14
3.78668e-18
2.13414e-16
2.77874e-16
4.0836e-36
3.8744e-18
5.80307e-19
2.55775e-18
3.39888e-19
3.94689e-18
2.61013e-22
-1.96839e-23
-5.23848e-25
-6.81322e-27
-1.12868e-29
1.68917e-30
3.89782e-32
4.44129e-34
7.11778e-07
5.74724e-07
-2.21094e-13
-1.26088e-13
-7.92453e-35
-4.06498e-33
6.26897e-28
1.14816e-27
-1.07363e-26
-1.44619e-31
-9.49588e-27
-3.75076e-29
-5.53821e-29
9.08699e-29
-1.20288e-32
-2.305e-31
-0.000178708
-0.000120919
1.54921e-26
-9.35885e-27
1.55968e-30
7.66228e-30
2.16021e-25
2.97478e-25
5.48095e-26
-3.48456e-23
-8.83366e-23
-1.06344e-21
-5.79608e-22
-4.51601e-21
9.83028e-21
2.99901e-20
4.82401e-19
6.29298e-19
1.20158e-18
3.96518e-18
4.54238e-18
6.57821e-18
5.51098e-09
2.77579e-09
1.02898
1.03011
0.990458
1.02226
0.85083
0.917924
0.673814
0.749992
0.482504
0.558464
0.30384
0.364152
0.175077
0.216136
0.0968086
0.12094
0.0513955
0.0648152
0.025945
0.033301
0.0127349
0.0164679
0.00605654
0.00787498
0.00274281
0.00362181
0.00119544
0.00158922
0.000506157
0.000680379
0.000210228
0.000284025
8.45219e-05
0.000114911
3.35237e-05
4.56455e-05
1.31611e-05
1.80707e-05
4.92015e-06
6.79425e-06
1.83462e-06
2.53568e-06
6.78763e-07
9.46917e-07
2.45608e-07
3.4074e-07
8.75687e-08
1.23053e-07
3.1322e-08
4.38413e-08
1.09462e-08
1.54486e-08
3.74356e-09
5.30302e-09
1.27835e-09
1.79179e-09
4.3124e-10
6.07963e-10
1.43367e-10
2.03583e-10
4.73289e-11
6.70919e-11
1.53153e-11
2.17617e-11
4.88516e-12
7.00973e-12
1.52705e-12
2.18001e-12
4.83509e-13
6.90123e-13
1.54111e-13
2.21296e-13
4.70864e-14
6.77282e-14
1.43991e-14
2.07487e-14
4.29576e-15
6.21999e-15
1.30622e-15
1.87763e-15
3.89376e-16
5.65013e-16
1.22022e-16
1.74956e-16
4.37925e-17
6.1008e-17
-1.34381e-15
-1.08281e-14
5.70559e-17
3.59322e-18
5.67645e-18
-1.54375e-32
1.50538e-36
7.37063e-17
1.99931e-17
-0.00178163
3.61587e-36
0.922595
2.33087e-08
1.1597e-17
2.73019e-36
3.67125e-20
6.34159e-21
6.24319e-18
-9.47825e-13
5.98656e-12
-7.06473e-11
-8.77075e-11
-7.85938e-12
1.42014e-17
2.67522e-21
-5.72572e-23
-3.67878e-24
-6.69826e-26
-5.2849e-28
6.63026e-30
2.74745e-31
4.53782e-33
1.35663e-34
0.00947981
5.79477e-18
1.72937e-06
1.8464e-06
5.24994e-24
3.00326e-24
0.958283
6.18995e-31
1.03674e-26
2.89339e-22
1.87674e-22
7.75991e-23
-1.5958e-21
1.12595e-22
1.69765e-21
2.69203e-21
1.3727e-20
-1.40437e-20
1.96543e-19
8.93611e-19
4.20923e-19
2.16199e-18
6.73031e-18
0.0745204
0.042289
1.97685e-17
1.77811e-31
-1.13646e-06
-1.58417e-05
2.13326e-06
5.82067e-18
1.71731e-18
9.40811e-19
6.92093e-19
3.80498e-20
1.52067e-20
4.37143e-36
2.38845e-33
3.10484e-18
6.08096e-19
1.30433e-18
-0.0020947
0.00259406
-0.00262804
2.77153e-19
0.682573
-2.08801e-20
1.95486e-20
3.96362e-21
2.31639e-32
1.25031e-30
1.49526e-29
-3.12329e-27
-3.14477e-25
-1.50307e-23
-2.65286e-11
3.57822e-35
-0.000668009
-0.00151351
-0.000504683
8.70359e-31
0.785058
1.69286e-35
-5.44851e-23
6.29148e-30
-1.63683e-28
2.12475e-34
-3.61218e-26
-5.63731e-12
-2.44485e-24
-6.82953e-23
2.0903e-34
-5.20037e-23
2.42093e-21
2.17573e-26
2.38587e-30
1.41719e-26
-1.24955e-22
-6.71401e-21
-8.58843e-22
0.322116
-1.09941e-16
1.02267
1.02765
1.04236
1.02306
1.03957
1.02026
1.03391
1.0195
1.03165
1.01889
1.0306
1.01813
1.0299
1.01837
1.02958
1.01807
1.02954
1.0184
1.02919
1.0185
1.02984
1.01863
1.02974
1.01873
1.03007
1.01837
1.03009
1.01884
1.0297
1.01958
1.02987
1.01882
1.03096
1.01834
1.02915
1.01895
1.02989
1.01845
1.03006
1.01825
1.02911
1.01882
1.03034
1.01817
1.02979
1.01801
1.02942
1.01831
1.02946
1.01799
1.02943
1.01834
1.02909
1.01849
1.02979
1.01864
1.02971
1.01871
1.03004
1.01822
1.02997
1.01789
1.02933
1.01832
1.0293
1.0185
1.02962
1.01816
1.02953
1.01864
1.02944
1.01848
1.02962
1.01936
1.0294
1.01966
1.03118
1.01813
1.03075
1.0171
1.03015
1.02323
1.02942
1.02701
1.03056
1.02814
1.51529e-07
1.78811e-35
4.93302e-21
-7.82479e-32
-2.50107e-22
1.9255e-30
2.77312e-10
-1.04805e-25
1.07249e-17
6.29841e-33
-1.2104e-15
-6.16925e-16
-8.71764e-23
2.11654e-20
6.15339e-19
-2.97532e-29
1.06921e-17
2.82922e-34
3.19226e-22
2.1824e-23
6.11177e-24
-2.48037e-12
-1.61741e-26
-2.91403e-28
-1.58785e-28
-2.31977e-30
-8.48255e-31
6.24435e-18
5.92869e-24
-1.28481e-22
-3.42735e-13
1.07482e-17
-1.13738e-32
3.20525e-26
-0.000287081
3.85285e-26
8.33102e-30
1.25182e-19
8.32288e-20
0.881928
-1.10513e-20
-2.93586e-21
7.12643e-21
0.20969
1.60955e-32
2.16623e-32
7.30283e-21
-1.64288e-20
-3.68761e-34
-2.16774e-34
-1.76442e-32
2.30131e-20
1.2071e-19
8.76237e-19
2.42089e-18
1.18499e-18
3.5541e-18
9.17107e-18
1.25505e-17
1.16959e-08
-3.22374e-31
2.72104e-30
1.00239
1.02594
0.881849
0.947235
0.717721
0.797925
0.523414
0.605883
0.333262
0.399779
0.19639
0.243322
0.108684
0.136846
0.0585809
0.0741192
0.0299677
0.0386659
0.0146581
0.0190748
0.00702021
0.00919279
0.00315668
0.0042109
0.001376
0.00184253
0.000600301
0.00080993
0.000246896
0.000338182
9.99913e-05
0.000136617
4.01164e-05
5.50014e-05
1.54301e-05
2.13841e-05
5.83901e-06
8.11323e-06
2.22369e-06
3.09751e-06
8.08667e-07
1.1382e-06
2.97496e-07
4.15202e-07
1.07853e-07
1.52203e-07
3.81598e-08
5.3634e-08
1.37859e-08
1.93743e-08
4.64341e-09
6.69952e-09
1.50452e-09
2.1513e-09
5.3039e-10
7.52048e-10
1.75968e-10
2.52721e-10
5.76411e-11
8.23958e-11
1.91506e-11
2.75086e-11
5.95845e-12
8.65288e-12
1.88888e-12
2.71608e-12
6.08915e-13
8.74516e-13
1.9022e-13
2.75114e-13
6.01078e-14
8.6576e-14
1.85703e-14
2.69731e-14
5.52716e-15
8.06047e-15
1.70202e-15
2.46473e-15
5.13011e-16
7.49605e-16
1.56697e-16
2.26039e-16
5.35502e-17
7.52647e-17
2.12697e-22
3.10014e-22
-3.58757e-22
1.18977e-17
1.82436e-17
1.59496e-17
-3.34314e-20
1.65258e-19
1.80276e-07
2.64027e-07
-1.02723e-25
-7.12371e-26
1.13242e-17
1.89521e-17
-3.60849e-32
-5.05135e-32
-5.19173e-31
-1.34023e-12
-3.37331e-12
-1.0822e-12
2.08784e-09
7.81646e-09
1.24722e-09
2.83741e-21
1.29319e-20
1.5664e-21
5.09395e-34
1.7011e-32
-0.000208725
-7.47202e-05
4.90127e-08
2.49856e-17
-1.00961e-26
-2.23103e-27
2.67493e-17
1.42113e-22
-5.08021e-20
-2.29708e-18
1.54162e-17
-1.41792e-29
-4.19706e-17
9.1145e-34
2.0229e-11
1.67397e-17
-4.28627e-25
1.37297e-10
-1.37344e-27
3.63762e-08
2.66743e-18
1.90487e-18
2.89363e-12
-3.75543e-25
3.19235e-17
1.29147e-07
-1.10969e-24
-2.38339e-13
-6.36232e-14
-1.53949e-06
-4.93403e-07
-1.9331e-26
4.4609e-26
0.98771
3.24912e-26
0.660962
7.15872e-26
4.88022e-30
7.54857e-30
4.43697e-22
1.41825e-25
1.03413e-23
6.79887e-22
0.747562
-4.44861e-21
5.12826e-18
1.01863
-1.91411e-21
4.08496e-20
0.0223301
1.42561e-18
1.57382e-18
-9.82825e-15
-4.06734e-14
-5.6925e-15
1.41793e-27
-2.99559e-26
1.08026e-20
4.23693e-33
1.30395e-28
2.6087e-27
5.87685e-20
-0.000928269
-0.000700833
5.4845e-19
4.23751e-19
-0.0022906
-0.00211143
7.78904e-25
5.283e-25
-2.78475e-21
0.931551
4.55835e-26
1.43508e-29
1.73221e-18
3.57612e-18
3.58949e-20
2.08277e-18
2.36402e-18
1.20211e-29
-2.60098e-08
-6.57888e-21
1.02467
1.02777
1.0208
1.02895
1.02321
1.03005
1.0242
1.02941
1.02468
1.02869
1.02363
1.02954
1.0245
1.02851
1.02464
1.0285
1.02375
1.02867
1.02381
1.02841
1.02366
1.02886
1.02436
1.0285
1.0232
1.02837
1.02378
1.02912
1.02325
1.02809
1.02395
1.02832
1.02232
1.02984
1.02415
1.02883
1.02458
1.02835
1.02259
1.02962
1.02435
1.02841
1.02395
1.02913
1.02396
1.02982
1.02507
1.02857
1.02485
1.0285
1.02375
1.02869
1.02376
1.02849
1.0236
1.02905
1.02422
1.02873
1.02289
1.02867
1.02359
1.02991
1.02422
1.02948
1.02496
1.02882
1.02383
1.02998
1.02427
1.02829
1.02369
1.02829
1.02102
1.02735
1.02075
1.0249
1.02292
1.01922
1.02801
0.72023
4.31181e-17
-5.89573e-27
-2.10432e-22
-3.92636e-28
8.01694e-23
8.47834e-25
2.53842e-17
5.82489e-17
1.23318e-19
7.30386e-26
9.28515e-11
-3.31926e-16
-9.26288e-31
3.3008e-17
-7.16827e-20
5.52085e-10
3.48127e-10
0.326823
-8.08819e-30
-4.41104e-30
1.0505e-21
3.95854e-18
6.0943e-22
3.56415e-22
-6.32583e-29
-3.75456e-29
4.29027e-18
-2.25368e-15
-1.39069e-15
-2.09238e-27
-1.52021e-27
-8.8239e-29
1.45449e-29
2.37064e-29
1.08766e-17
-0.00331631
0.00689345
-5.76136e-33
-8.8617e-32
-4.78715e-31
-3.36622e-32
-2.67333e-20
1.74946e-19
1.97013e-18
6.14145e-18
0.0680646
2.07966e-20
-4.03539e-20
-1.28602e-28
-0.000925462
0.00851076
1.39228e-28
0.0703013
0.0381068
0.109524
6.77868e-18
5.9923e-18
0.890074
0.717334
4.73286e-19
2.78643e-18
9.41895e-24
4.68298e-24
0.91916
0.776168
0.856383
0.580581
0.673083
0.371922
0.452442
0.222927
0.276966
0.12779
0.161083
0.068789
0.0877258
0.0355024
0.0458744
0.0176634
0.0230117
0.00833705
0.0110207
0.00376258
0.00504588
0.00166753
0.0022443
0.00073147
0.000989039
0.000307587
0.000422384
0.000123578
0.000171151
4.88321e-05
6.78243e-05
1.91969e-05
2.66676e-05
7.33678e-06
1.02704e-05
2.75445e-06
3.86924e-06
1.03021e-06
1.4565e-06
3.73417e-07
5.30005e-07
1.35513e-07
1.92487e-07
4.86522e-08
6.91415e-08
1.73912e-08
2.48491e-08
6.00175e-09
8.65034e-09
1.98491e-09
2.86971e-09
6.81944e-10
9.78628e-10
2.28313e-10
3.28762e-10
7.50829e-11
1.08181e-10
2.47138e-11
3.56873e-11
7.84734e-12
1.14572e-11
2.4713e-12
3.61229e-12
7.82098e-13
1.13906e-12
2.51719e-13
3.65527e-13
8.05602e-14
1.17739e-13
2.46249e-14
3.61012e-14
7.69465e-15
1.1292e-14
2.34101e-15
3.4588e-15
7.07958e-16
1.05448e-15
2.26933e-16
3.432e-16
7.66296e-17
-1.42914e-05
-5.02685e-05
-8.49696e-06
-7.77877e-07
-3.46967e-07
6.14177e-30
2.24415e-29
3.51553e-26
-3.5692e-27
1.87318e-17
4.79058e-17
1.47495e-20
-9.59487e-21
5.73571e-20
6.40838e-19
1.75497e-18
4.44916e-23
6.03268e-13
-1.08185e-31
2.68803e-17
3.38699e-17
-2.51842e-28
0.000869936
-0.00112422
1.65471e-28
1.23439e-16
2.93809e-17
1.67932e-17
8.52121e-20
5.28429e-20
0.18478
-6.58374e-27
-1.88091e-16
-3.9329e-17
-1.10116e-19
2.69084e-09
1.83002e-09
9.42136e-24
-3.18883e-22
5.06985e-18
3.50076e-18
-1.23265e-20
-8.24233e-21
-5.5963e-26
-5.36477e-06
-3.21632e-06
9.99096e-18
1.0115e-25
1.41377e-25
1.0123e-25
2.58156e-08
8.6358e-22
6.06818e-22
3.37039e-25
2.84076e-25
3.14474e-25
-1.2595e-14
-8.66668e-15
1.00302
0.996458
-2.30212e-33
-2.08426e-28
3.02437e-20
-4.37988e-32
-6.62004e-32
-1.56741e-31
0.237566
1.54106e-17
2.24553e-08
-2.97632e-28
1.11347e-11
5.3263e-11
4.99704e-12
0.980706
1.00667
-7.43997e-22
-1.04786e-21
1.65535e-21
4.42837e-25
1.01631e-08
2.45963e-08
7.68306e-09
-0.000369501
3.0641e-27
6.20009e-27
-8.34004e-26
3.80508e-21
2.49829e-21
3.51815e-17
-0.000979536
-0.00174966
-0.000829606
-1.44496e-19
7.10801e-20
1.41504e-28
-6.3752e-31
-1.11347e-30
8.7483e-30
1.43913e-14
-1.17702e-13
2.11056e-20
5.21824e-17
1.86414e-24
1.35673e-24
0.912977
5.02793e-17
-1.18063e-32
1.83453e-17
0.96155
0.965839
0.932127
0.966183
0.931903
0.966399
0.933961
0.966517
0.9348
0.967225
0.93338
0.968223
0.936445
0.967883
0.936586
0.968728
0.936337
0.968455
0.937016
0.967355
0.937277
0.967452
0.935185
0.968062
0.936672
0.967795
0.935704
0.965962
0.935126
0.966406
0.934708
0.966823
0.933187
0.966378
0.935698
0.966693
0.934667
0.967694
0.934591
0.966653
0.934792
0.967379
0.934584
0.967724
0.934169
0.968298
0.936699
0.967817
0.936528
0.968621
0.936193
0.968218
0.936736
0.966718
0.936494
0.965451
0.933068
0.966132
0.934303
0.96813
0.934363
0.968379
0.93702
0.967821
0.937266
0.967058
0.934028
0.964506
0.93324
0.961418
0.92773
0.960394
0.922336
0.976009
0.955569
0.931192
0.465735
1.02551
-1.64009e-06
1.20418e-19
5.3205e-17
4.39925e-17
-1.57448e-28
1.06083e-17
2.2433e-24
1.88708e-20
4.67653e-30
3.47265e-19
1.91926e-19
0.422964
2.19945e-26
-5.0448e-28
-7.11797e-28
-2.32944e-28
-1.94526e-15
3.15933e-17
7.71689e-17
4.71084e-22
5.87525e-10
1.20038e-24
9.29167e-17
-3.84106e-18
-2.02272e-17
-1.55952e-18
-1.13068e-29
-0.000275698
-0.000107022
0.48862
-5.54112e-29
-4.12723e-29
0.915572
9.82934e-28
-6.03599e-29
4.2227e-20
0.133708
4.4141e-25
1.10541e-24
1.79026e-23
5.74433e-20
1.39664e-20
0.356515
8.06483e-17
-1.34908e-19
-2.1318e-20
6.11108e-20
0.852936
0.954057
0.925389
0.902252
5.64652e-20
-6.2791e-20
4.99449e-19
1.22651e-17
2.70105e-17
0.760096
0.800259
0.447264
9.93741e-18
1.53239e-17
-5.01776e-14
-1.26704e-13
-3.88071e-14
6.03226e-18
1.80346e-17
1.65766e-23
1.02717e-23
0.65979
0.431547
0.528482
0.265335
0.328126
0.154237
0.193279
0.0831638
0.105928
0.0434183
0.0562327
0.0213067
0.0280406
0.0101759
0.0134534
0.00470566
0.00632598
0.00209429
0.00283962
0.00092123
0.00124883
0.000397011
0.000546859
0.000158639
0.000220625
6.3801e-05
8.87265e-05
2.523e-05
3.53431e-05
9.42521e-06
1.32902e-05
3.62393e-06
5.1056e-06
1.37383e-06
1.95069e-06
4.97129e-07
7.07828e-07
1.85374e-07
2.64694e-07
6.56289e-08
9.43366e-08
2.33745e-08
3.32956e-08
8.3581e-09
1.2084e-08
2.73718e-09
4.01735e-09
9.2559e-10
1.3328e-09
3.14009e-10
4.58451e-10
1.01029e-10
1.48051e-10
3.31354e-11
4.83292e-11
1.0892e-11
1.60354e-11
3.40774e-12
5.01385e-12
1.10628e-12
1.62472e-12
3.58806e-13
5.25929e-13
1.12482e-13
1.64532e-13
3.57629e-14
5.34085e-14
1.09981e-14
1.63467e-14
3.51999e-15
5.20357e-15
1.14514e-15
1.71991e-15
3.94195e-16
6.0286e-16
9.7405e-17
1.40101e-16
1.55627e-16
4.18856e-29
1.77877e-29
2.47364e-25
1.22873e-25
9.07596e-17
1.38236e-16
-2.10481e-20
8.18907e-20
1.71307e-18
8.73724e-18
2.73177e-12
-1.72134e-28
-9.42633e-07
-2.4512e-07
-5.54313e-20
-4.83619e-21
4.58294e-17
-1.52996e-19
-8.54569e-20
-1.46173e-15
-4.28462e-16
1.34205e-16
-1.40943e-18
-7.4465e-19
1.23009e-24
1.48094e-21
1.44057e-21
8.83728e-27
0.229292
-7.28069e-30
-1.65643e-30
-3.0159e-20
-8.33888e-06
-5.46163e-06
2.0214e-09
1.62355e-09
-5.14471e-22
-0.000291399
8.8454e-17
1.79713e-25
1.8994e-24
1.33427e-16
1.26915e-16
9.87764e-23
-9.4979e-20
1.51019e-17
-5.62862e-15
-5.42214e-15
-9.94671e-31
-2.75449e-31
-1.81322e-30
2.1043e-11
1.21539e-11
0.777631
3.12389e-25
2.55358e-25
0.0895335
0.0255502
2.25295e-21
-3.14644e-20
2.44462e-16
-2.61888e-05
-7.28866e-05
-1.7243e-05
-1.30926e-25
4.38032e-25
6.78139e-27
1.29312e-26
-1.99363e-25
-0.000353081
-0.000473589
4.01401e-24
2.87259e-24
4.10837e-10
1.24349e-10
1.8773e-29
2.72075e-29
6.59463e-29
-1.2172e-07
-1.86274e-08
2.3812e-18
3.65185e-22
2.1953e-21
1.52596e-21
6.55085e-23
9.49956e-28
-3.76321e-22
0.833527
0.83395
0.776471
0.832944
0.776185
0.833525
0.774759
0.83433
0.775465
0.836503
0.777801
0.837678
0.779154
0.835645
0.778159
0.83493
0.775869
0.836273
0.777464
0.836508
0.779248
0.836802
0.779681
0.834819
0.777523
0.833201
0.776706
0.833927
0.775482
0.834916
0.775818
0.833237
0.776742
0.835362
0.777121
0.834785
0.780118
0.834394
0.778493
0.835308
0.777505
0.835077
0.777029
0.836544
0.778227
0.837499
0.779075
0.835344
0.777969
0.83401
0.775404
0.833415
0.776051
0.833597
0.776046
0.835865
0.778017
0.838656
0.780692
0.837825
0.782099
0.837191
0.780994
0.833312
0.777894
0.824997
0.770433
0.814338
0.757993
-8.20609e-29
3.70086e-17
6.35396e-26
2.59718e-24
-2.45537e-06
2.38412e-16
1.2495e-19
1.56361e-16
6.43362e-20
-0.0002519
-0.000110978
2.37698e-16
3.37635e-16
2.25556e-16
3.39377e-16
3.60108e-16
8.30198e-27
4.42061e-27
3.26399e-17
-1.51221e-19
2.47704e-17
4.63382e-17
5.0958e-17
3.73861e-17
-1.68287e-31
0.517918
1.02417e-23
8.57513e-24
0.318254
0.387365
0.185224
0.229822
0.100781
0.12877
0.0524237
0.0677095
0.026594
0.03481
0.0126891
0.0168722
0.00595235
0.00796163
0.00271041
0.00368069
0.00118043
0.00160886
0.000521793
0.000709604
0.000208838
0.000293101
8.27841e-05
0.000115547
3.32694e-05
4.65196e-05
1.25255e-05
1.78893e-05
4.84046e-06
6.79919e-06
1.88681e-06
2.65426e-06
6.81364e-07
9.81705e-07
2.51738e-07
3.5759e-07
9.23162e-08
1.33097e-07
3.16506e-08
4.57192e-08
1.15689e-08
1.64881e-08
3.90253e-09
5.74777e-09
1.26426e-09
1.84843e-09
4.34741e-10
6.28078e-10
1.44632e-10
2.12962e-10
4.63792e-11
6.77301e-11
1.58287e-11
2.29723e-11
4.95511e-12
7.38911e-12
1.58132e-12
2.31951e-12
5.1673e-13
7.61241e-13
1.584e-13
2.34167e-13
5.16269e-14
7.48226e-14
1.64448e-14
2.42644e-14
5.31932e-15
7.79465e-15
1.94291e-15
2.8321e-15
7.75506e-16
5.42232e-16
1.22196e-15
-2.10138e-21
3.52964e-21
3.53574e-09
-1.92527e-09
4.26308e-09
4.44161e-25
2.68441e-25
2.49457e-16
3.53932e-16
1.61996e-19
-2.28179e-19
0.00245155
0.000403381
1.87878e-17
5.32934e-17
9.66792e-17
2.25725e-16
1.39725e-12
2.79822e-13
2.6535e-19
-5.13309e-20
-2.64649e-31
-1.07356e-30
-4.07824e-31
0.658325
1.11022e-21
0.81954
-1.97672e-27
-1.35808e-27
0.80753
0.775513
0.829029
-2.89803e-16
-7.49888e-17
1.36957e-16
-2.96513e-21
0.607549
-2.50624e-18
3.65178e-26
5.11865e-12
-5.24215e-21
-2.6054e-21
7.43157e-17
0.74245
0.767157
-1.5654e-18
-3.74227e-19
-1.94978e-05
4.00371e-21
-7.70988e-22
-9.68847e-06
-6.97965e-06
-1.96297e-10
5.82072e-24
9.41167e-25
1.45576e-18
1.01037e-18
7.63231e-29
0.0127266
4.43621e-24
8.33844e-24
-9.16328e-20
-6.65599e-20
1.2693e-23
4.42536e-28
-5.30314e-31
2.54732e-16
5.01277e-31
1.08571e-14
7.97454e-11
0.784638
0.743632
0.664219
2.51357e-11
1.66045e-11
-9.52175e-23
0.33214
0.382516
0.146932
1.06772e-14
-5.48416e-15
7.12829e-24
2.53195e-23
5.2982e-25
7.68845e-25
6.80193e-24
-5.53496e-20
1.77154e-19
1.71549e-24
-1.64294e-06
-5.17007e-07
1.30488e-26
-3.28765e-05
-2.31369e-05
2.34024e-19
-1.10071e-17
-6.42706e-18
3.68101e-16
2.69057e-24
7.51065e-25
0.000830621
0.000383535
5.91138e-18
1.22942e-28
-7.70534e-29
4.50611e-15
3.24454e-16
6.01051e-29
8.89782e-29
1.91906e-28
4.29429e-19
-1.25386e-21
5.71765e-21
3.21014e-10
3.09463e-10
8.12399e-18
2.13137e-29
3.69527e-16
2.64645e-17
1.31308e-16
-5.04853e-20
-2.25175e-19
-2.80626e-20
0.654664
-8.54413e-21
-6.07946e-21
0.653702
0.593354
0.653074
0.593015
0.653136
0.592443
0.655545
0.593732
0.657071
0.59494
0.653925
0.595183
0.651841
0.591603
0.656066
0.591893
0.656957
0.596601
0.657478
0.596096
0.65587
0.596256
0.654585
0.594953
0.654356
0.594013
0.653788
0.593755
0.654952
0.594897
0.658263
0.596375
0.660321
0.597572
0.655629
0.596126
0.655019
0.592732
0.654873
0.594087
0.656271
0.595103
0.65705
0.595386
0.653831
0.595176
0.651508
0.591582
0.654988
0.591646
0.65581
0.595954
0.656046
0.594029
0.66005
0.595893
0.659968
0.59974
0.66046
0.597934
0.655965
0.597889
0.645999
0.589549
0.632496
0.553858
0.577025
-1.19179e-23
5.61372e-17
0.643645
5.8516e-26
1.01027e-16
-8.38968e-05
2.62847e-26
4.69758e-24
1.50643e-26
-1.07615e-27
3.60557e-28
-1.49536e-22
-7.4217e-23
4.3083e-21
-8.32355e-20
-1.84634e-19
-5.56478e-31
2.86001e-18
1.93364e-17
8.07638e-17
6.50898e-16
-1.97128e-27
2.13618e-27
1.27299e-27
-8.46728e-31
1.11971e-10
2.73616e-10
7.91267e-11
2.45461e-25
1.96e-25
1.99697e-23
6.026e-17
1.4572e-16
6.81084e-16
9.67288e-16
0.35722
0.430539
-5.32813e-25
-3.39047e-25
0.214676
0.263135
0.120337
0.151338
0.0646834
0.0825813
0.0329276
0.0425152
0.0161621
0.021173
0.00766761
0.0101861
0.00352066
0.00470108
0.00158144
0.00213638
0.000671787
0.000910454
0.000275162
0.000378967
0.000111851
0.000155234
4.42188e-05
6.12762e-05
1.73745e-05
2.43743e-05
6.66156e-06
9.40807e-06
2.53065e-06
3.55876e-06
9.50779e-07
1.34979e-06
3.55458e-07
5.05208e-07
1.29524e-07
1.83975e-07
4.54833e-08
6.57009e-08
1.60021e-08
2.29181e-08
5.46891e-09
7.88569e-09
1.86451e-09
2.72209e-09
6.1206e-10
8.91927e-10
2.05693e-10
2.96874e-10
6.83799e-11
1.00434e-10
2.21742e-11
3.22418e-11
7.24637e-12
1.05835e-11
2.37309e-12
3.49684e-12
7.54517e-13
1.10155e-12
2.38426e-13
3.53226e-13
7.5248e-14
1.11541e-13
2.40129e-14
3.51674e-14
8.024e-15
1.16406e-14
2.99501e-15
4.12396e-15
-1.3576e-21
-7.41023e-22
-3.16067e-19
4.09408e-18
0.00589556
0.0033938
1.03987e-16
1.95598e-16
4.45619e-16
1.0005e-15
1.22893e-13
1.23198e-18
2.73531e-17
0.654198
0.587339
1.63855e-26
6.85557e-21
-1.76889e-20
1.63719e-11
-3.83472e-27
2.89639e-14
1.52573e-16
9.92969e-21
-2.46459e-20
0.594203
1.65771e-15
-4.73442e-17
-9.92673e-21
-5.99212e-21
-7.86152e-05
-2.799e-23
-1.23358e-23
-1.87339e-21
-9.13703e-18
-4.21813e-09
3.24823e-12
-1.36171e-17
2.66597e-25
-6.75331e-05
3.45016e-19
-2.61998e-19
-1.13863e-23
2.00849e-28
-3.44162e-09
-2.7517e-24
1.20456e-26
0.570042
0.61776
2.83556e-16
0.279322
6.24242e-16
8.16718e-16
1.30967e-24
1.15492e-18
6.42251e-19
9.54767e-16
6.18761e-16
-5.21283e-27
-8.20686e-27
3.60885e-26
0.0333241
6.54381e-16
1.60166e-18
9.25232e-24
8.74267e-25
1.79246e-24
4.63553e-19
4.08331e-26
5.87952e-14
0.0200402
0.523816
0.514239
0.303167
5.75645e-25
0.0994622
1.06698e-13
2.73204e-24
2.73097e-24
5.96736e-16
9.00359e-16
9.40953e-16
-3.03017e-05
-2.36881e-05
-3.17142e-07
-8.33286e-08
-6.02143e-18
-2.37418e-06
-4.74944e-28
-5.29614e-27
-9.80806e-09
0.000406517
9.19603e-17
0.00237651
0.00147395
1.30352e-11
4.98878e-12
4.12153e-16
-1.71441e-16
-1.80986e-16
-6.9589e-06
-5.568e-06
7.8438e-13
-2.40247e-08
-1.38439e-08
7.63079e-27
-4.6345e-19
6.67968e-19
1.84931e-13
1.12287e-13
-5.55272e-18
-1.98856e-18
1.09817e-20
7.44067e-21
0.48109
-4.57645e-08
3.03429e-16
0.479473
0.424651
0.48076
0.424602
0.48229
0.426702
0.482416
0.426935
0.48209
0.42682
0.481366
0.42777
0.481765
0.426738
0.48429
0.42715
0.482747
0.42808
0.482989
0.426339
0.482669
0.426731
0.482162
0.427451
0.482757
0.426801
0.484617
0.428524
0.484666
0.429434
0.484233
0.428634
0.481466
0.427711
0.481401
0.427007
0.482898
0.426877
0.483394
0.428154
0.482944
0.427871
0.482241
0.427282
0.48148
0.427958
0.481887
0.427011
0.483858
0.427388
0.48211
0.428957
0.484622
0.428212
0.487111
0.43125
0.487969
0.434393
0.487201
0.434243
0.47751
0.429575
0.46179
0.392806
0.414205
4.4829e-13
8.69074e-16
0.131419
-6.27085e-05
-2.01966e-22
-1.74348e-22
5.80331e-28
3.44948e-28
-2.5982e-22
-1.7387e-09
-2.8141e-10
1.42981e-18
-2.86177e-25
-1.41083e-19
5.03448e-19
7.62286e-18
-3.76888e-24
-1.76709e-24
1.42122e-15
-8.4755e-25
-1.32219e-24
3.83447e-24
2.23087e-23
1.43895e-23
1.61437e-27
1.13417e-27
-6.67485e-18
1.66944e-14
3.80865e-15
3.25086e-16
1.22943e-15
1.74788e-15
-1.71653e-06
-6.17246e-07
1.80537e-18
9.77501e-18
1.71716e-16
4.35894e-16
3.90538e-27
3.19111e-27
0.241957
0.29285
0.1396
0.173687
0.0762753
0.0964423
0.039318
0.0506171
0.0194712
0.0254277
0.00939521
0.0123415
0.00441921
0.00588399
0.00193263
0.00260792
0.000822393
0.00111233
0.000342931
0.000470648
0.000140142
0.000192527
5.62976e-05
7.78949e-05
2.23258e-05
3.10921e-05
8.66499e-06
1.21095e-05
3.34153e-06
4.66479e-06
1.28272e-06
1.80579e-06
4.70405e-07
6.61587e-07
1.70775e-07
2.41623e-07
6.00158e-08
8.59204e-08
2.11536e-08
2.9997e-08
7.3638e-09
1.05851e-08
2.50289e-09
3.59348e-09
8.37482e-10
1.20847e-09
2.80428e-10
4.05156e-10
9.26711e-11
1.34108e-10
3.03131e-11
4.37707e-11
1.01427e-11
1.47034e-11
3.28197e-12
4.75067e-12
1.03893e-12
1.51101e-12
3.28669e-13
4.80721e-13
1.04777e-13
1.5185e-13
3.51195e-14
5.13096e-14
1.16553e-14
1.71968e-14
4.11732e-15
6.05855e-15
-1.87033e-21
-1.14206e-21
-6.15439e-17
-1.65667e-16
-4.48521e-17
0.000208424
2.81762e-05
1.52203e-16
4.54452e-16
8.3692e-18
2.82492e-18
0.0104324
0.00695223
3.58481e-16
2.27975e-16
1.91124e-15
2.57675e-15
6.5451e-17
2.42759e-16
0.46691
1.05062e-12
3.48443e-12
6.80475e-13
3.33626e-11
-1.31766e-07
-4.10338e-07
-8.39289e-08
5.25836e-16
1.20192e-17
-5.18412e-20
-3.32107e-08
-2.91649e-21
-4.44187e-21
1.41579e-20
-1.0202e-20
-6.74379e-21
9.83467e-18
2.09977e-15
1.33588e-15
-5.8229e-12
0.0920845
0.000831224
-5.93021e-19
2.03991e-18
0.480357
-5.94072e-28
2.09491e-15
-1.45892e-22
-3.19331e-23
-6.34729e-19
-4.95092e-19
-2.08484e-19
9.05687e-17
0.024388
2.17218e-11
-1.83672e-23
1.79845e-21
7.08749e-21
-7.75101e-22
1.27781e-23
-1.23294e-05
2.56352e-07
-1.27982e-05
-8.28762e-27
-5.65365e-23
-9.55304e-22
1.20632e-16
6.2671e-17
3.52781e-14
1.78612e-13
1.18572e-13
-1.02572e-26
-1.43529e-18
-4.0578e-19
-6.75262e-20
-2.71407e-19
-4.15888e-20
2.79028e-15
0.0350736
0.209215
0.100983
2.57207e-15
1.71123e-15
0.42603
-1.51966e-06
-1.07106e-26
6.76475e-24
-1.17428e-25
1.65585e-27
0.0038603
0.00248671
-1.07894e-10
-4.99025e-11
-1.91712e-26
-2.83814e-26
7.00672e-27
0.397276
0.442465
-3.08146e-24
-2.00971e-24
-1.62279e-06
-2.18455e-06
1.2063e-17
-2.12675e-08
-6.4546e-09
0.416886
7.06179e-23
4.65902e-23
2.44355e-15
1.60529e-15
2.38504e-17
5.20284e-18
4.76566e-19
0.331825
0.331819
0.285716
0.33015
0.284067
0.331022
0.282249
0.331151
0.283127
0.330454
0.283347
0.330589
0.282506
0.33036
0.283039
0.330043
0.283146
0.330422
0.28249
0.329792
0.2822
0.330289
0.281993
0.331191
0.282229
0.330968
0.282759
0.330031
0.281524
0.329764
0.281574
0.331459
0.28304
0.331044
0.283856
0.330794
0.282868
0.330318
0.283037
0.331384
0.282583
0.331428
0.283516
0.330826
0.283718
0.331059
0.283078
0.332564
0.284024
0.332822
0.285487
0.334118
0.285524
0.338547
0.288623
0.339487
0.292872
0.335156
0.293797
0.317976
0.265948
0.285208
1.03333e-18
-8.65947e-19
0.000489771
0.000139885
2.48991e-13
1.73549e-12
4.54898e-15
9.17057e-16
-6.65631e-11
-2.1149e-27
-2.92026e-27
-1.45733e-26
0.3168
-2.60529e-22
-3.41978e-19
-5.06928e-19
1.4632e-18
-1.23999e-19
3.37658e-17
-5.18245e-24
0.0575804
-1.1027e-20
-7.00831e-21
-4.11989e-23
-2.28685e-23
1.85014e-24
-2.32435e-23
7.96437e-24
1.00927e-23
2.05043e-15
3.63234e-16
2.21766e-14
6.02957e-15
5.23427e-15
2.47381e-15
0.375444
0.349033
0.205597
-1.21849e-06
-5.28098e-07
1.72219e-15
3.28966e-17
1.46376e-16
8.25063e-16
1.33547e-15
-1.66045e-26
-1.00236e-26
0.158244
0.194718
0.0888643
0.111302
0.0464269
0.0592874
0.0233342
0.0301018
0.0114941
0.0149344
0.00540791
0.00710946
0.0023855
0.0031876
0.00100779
0.00135736
0.00041959
0.000570745
0.000175909
0.000238467
7.26838e-05
9.95043e-05
2.86606e-05
3.96264e-05
1.13568e-05
1.56468e-05
4.43061e-06
6.13652e-06
1.66188e-06
2.31841e-06
6.05673e-07
8.4691e-07
2.22746e-07
3.12226e-07
7.86089e-08
1.11082e-07
2.77453e-08
3.91327e-08
9.66995e-09
1.37647e-08
3.31324e-09
4.70202e-09
1.13874e-09
1.62583e-09
3.75899e-10
5.40651e-10
1.24355e-10
1.77333e-10
4.177e-11
5.9928e-11
1.35813e-11
1.95372e-11
4.39567e-12
6.29778e-12
1.41534e-12
2.04635e-12
4.46028e-13
6.45988e-13
1.43533e-13
2.06171e-13
5.0268e-14
7.20537e-14
1.85291e-14
2.65897e-14
-1.3875e-21
-9.45867e-22
3.98397e-15
5.68552e-15
7.57159e-15
9.89665e-16
3.55319e-15
5.46844e-18
4.26012e-17
0.0149095
0.00970223
3.76796e-16
1.40098e-15
-9.00718e-26
-5.16323e-26
0.327731
0.276065
4.5518e-15
6.71519e-15
4.87903e-16
1.18062e-15
2.55403e-15
-9.56895e-10
-3.902e-09
-5.12506e-10
2.6426e-17
-7.13907e-20
-1.4514e-07
-3.77927e-07
-9.8963e-08
5.643e-16
-1.6343e-22
4.51075e-08
1.27828e-22
6.45927e-15
4.24369e-15
2.42357e-20
-1.44839e-19
0.0012334
-4.94093e-21
-4.23029e-21
6.33564e-24
-3.1468e-08
0.056803
0.129546
0.0360148
-4.58962e-24
9.10854e-14
2.34442e-23
1.91369e-22
1.41187e-05
4.52192e-06
-2.75959e-21
1.09621e-23
-6.1592e-26
0.32904
1.79922e-16
1.0522e-16
0.251091
0.2829
6.70908e-15
8.35034e-18
-4.48064e-20
-3.40973e-20
0.283156
-6.31705e-25
9.02891e-16
3.62689e-15
5.1864e-16
0.00506999
0.00341388
2.0601e-16
7.22572e-15
7.5831e-13
1.68044e-12
5.54643e-13
-2.19477e-10
-1.83158e-25
-2.39973e-25
-7.08452e-24
-1.1324e-07
-8.34861e-08
6.02722e-06
2.49169e-06
6.95952e-16
4.10041e-18
-3.87858e-19
-1.24977e-10
-3.03735e-11
-3.24826e-20
-2.80211e-20
-2.88546e-24
2.85233e-16
7.52301e-14
2.79383e-14
-2.67128e-20
-1.7553e-20
0.28478
-3.68053e-25
-1.35868e-19
-1.27088e-19
-1.96976e-19
-3.8432e-20
-3.0651e-25
-2.67406e-07
-2.39462e-07
0.213252
0.212039
0.180319
0.211664
0.179351
0.212899
0.179854
0.213004
0.18112
0.212001
0.180069
0.2126
0.179609
0.212043
0.179871
0.21117
0.179273
0.210935
0.178599
0.211196
0.178587
0.211381
0.179037
0.210675
0.179048
0.211624
0.178774
0.212288
0.179522
0.211258
0.178812
0.21148
0.178231
0.212119
0.179345
0.212144
0.179705
0.212032
0.179665
0.213284
0.18028
0.213564
0.181559
0.213226
0.180976
0.214073
0.180751
0.214548
0.181723
0.217124
0.18248
0.220399
0.185714
0.222374
0.188282
0.217064
0.178938
0.192353
-7.0921e-23
-5.90339e-23
7.35435e-05
9.61188e-16
-3.08539e-07
0.000800065
0.000264353
-2.96875e-26
-2.10314e-08
-6.89135e-09
1.40472e-15
-4.18886e-24
-2.32805e-24
7.33267e-15
6.27682e-16
2.01472e-15
3.43434e-20
-4.04723e-26
6.67332e-17
-2.87627e-23
-1.77226e-23
-2.33477e-22
-2.0758e-22
-3.57283e-21
2.27041e-23
3.1759e-23
3.56185e-23
1.19182e-14
4.36629e-15
-1.26925e-22
-1.07048e-22
1.14218e-14
0.21164
5.25919e-20
2.30177e-15
1.44662e-15
-1.77436e-18
5.8271e-18
0.102948
0.130199
0.212767
0.179422
0.0529629
0.0674213
0.0272955
0.0349126
0.0135262
0.0175852
0.00637516
0.00838788
0.00281842
0.00377111
0.00117417
0.00159273
0.000503075
0.000678805
0.000215947
0.000292241
8.9532e-05
0.000122449
3.56776e-05
4.89635e-05
1.43431e-05
1.9614e-05
5.4719e-06
7.60725e-06
2.03257e-06
2.82731e-06
7.53242e-07
1.05515e-06
2.7543e-07
3.86389e-07
9.85614e-08
1.39211e-07
3.4517e-08
4.87334e-08
1.23099e-08
1.737e-08
4.26199e-09
6.05486e-09
1.4432e-09
2.05404e-09
4.84585e-10
6.90268e-10
1.59848e-10
2.29222e-10
5.26336e-11
7.5208e-11
1.72613e-11
2.46562e-11
5.62075e-12
8.07376e-12
1.79874e-12
2.58965e-12
5.8633e-13
8.38496e-13
1.90012e-13
2.73334e-13
6.70956e-14
9.44249e-14
-8.39612e-23
-2.73812e-22
1.26106e-16
8.86609e-16
0.0195791
0.0135398
3.08768e-15
1.06109e-14
2.22235e-15
3.4024e-15
-9.07349e-26
0.214168
0.18027
1.46501e-17
3.319e-18
-1.73852e-25
-3.83521e-19
-9.18474e-26
-1.31448e-09
-4.31471e-09
-7.99589e-10
0.0012367
0.181148
6.08155e-21
1.91992e-21
-3.09432e-10
-3.43643e-22
4.37481e-15
1.98276e-06
-1.22977e-18
-7.96374e-19
1.16434e-14
1.93497e-14
5.90144e-15
0.168964
-2.11629e-08
3.25263e-15
1.61186e-14
1.09284e-14
7.59716e-20
2.945e-17
1.82228e-17
1.44816e-13
-9.23072e-21
4.68929e-05
2.57411e-05
6.38881e-15
-3.59063e-08
-3.97308e-08
0.00438002
0.00285249
3.64726e-14
7.80025e-21
-7.94301e-21
1.06984e-15
3.83682e-15
6.61962e-16
0.221542
0.197075
0.11289
1.88224e-16
-6.63362e-14
1.09385e-14
1.46978e-14
1.70589e-16
6.9468e-23
2.48566e-14
-2.86671e-12
-1.0243e-12
1.38076e-14
2.01376e-14
1.75646e-14
3.25978e-22
-4.26954e-22
-8.71003e-24
1.00142e-22
-7.46102e-25
-1.24956e-23
2.84172e-18
4.01825e-18
-2.47639e-18
-1.22835e-25
0.203072
1.21874e-14
-1.80255e-19
-1.18245e-19
1.39409e-05
8.02312e-06
2.69328e-18
9.54492e-17
-1.58134e-11
-1.21669e-24
0.150188
-1.43684e-09
-9.55068e-10
0.175031
-6.38194e-20
-4.2151e-20
-9.15755e-13
-4.37011e-13
1.20213e-16
3.43141e-17
3.40999e-14
1.70014e-14
1.78501e-14
-9.47779e-22
-9.71307e-22
0.130274
-1.9398e-10
-5.02503e-11
9.72721e-15
0.129991
0.130346
0.106761
0.13066
0.106779
0.129689
0.106774
0.129716
0.106065
0.129862
0.10638
0.12985
0.106601
0.129818
0.107036
0.129731
0.106797
0.129978
0.106849
0.129539
0.106677
0.129783
0.106342
0.13025
0.106982
0.129891
0.10751
0.129616
0.106978
0.130112
0.106854
0.130032
0.106898
0.130282
0.106831
0.130668
0.107074
0.131182
0.107195
0.130266
0.107052
0.129706
0.10603
0.130181
0.105704
0.131432
0.106936
0.135341
0.109407
0.140438
0.115346
0.134148
3.92543e-08
0.113502
-1.93309e-24
0.000159963
1.60779e-14
4.12712e-15
0.0939477
0.062053
1.15438e-19
1.65579e-19
-5.3106e-19
3.24816e-14
0.0457317
0.109317
-4.21517e-24
-1.22835e-20
4.60141e-16
2.9182e-14
-1.62197e-08
-5.94903e-09
0.130097
0.106717
0.106437
9.31093e-23
1.78946e-23
1.42149e-07
9.99118e-07
2.40208e-08
6.79895e-17
6.22378e-16
2.64208e-15
1.36024e-14
-1.05605e-14
6.99014e-15
2.89929e-19
1.12384e-19
3.21373e-14
4.67814e-14
4.17541e-14
1.21143e-17
3.43242e-18
8.28309e-23
4.99756e-22
0.122159
0.0940959
1.32807e-22
0.126
0.100741
0.0571221
2.30329e-08
0.0310828
0.0388619
0.016076
0.0208015
0.00761652
0.0100845
0.00327185
0.00441761
0.00140646
0.00191019
0.000610199
0.000825123
0.000264159
0.000357138
0.000111803
0.000151631
4.46047e-05
6.17291e-05
1.72559e-05
2.393e-05
6.67359e-06
9.24604e-06
2.49574e-06
3.50777e-06
9.22357e-07
1.29489e-06
3.45328e-07
4.82315e-07
1.23052e-07
1.7494e-07
4.31355e-08
6.13014e-08
1.55562e-08
2.18719e-08
5.38224e-09
7.68472e-09
1.79017e-09
2.56643e-09
6.15587e-10
8.79583e-10
2.01778e-10
2.91325e-10
6.63652e-11
9.51922e-11
2.18249e-11
3.1362e-11
7.03104e-12
1.01271e-11
2.31446e-12
3.32312e-12
7.6614e-13
1.10631e-12
2.55178e-13
3.70649e-13
8.79909e-14
1.60027e-21
7.65173e-22
-7.64769e-12
-4.27511e-12
1.92875e-15
5.83427e-15
5.92608e-15
3.91742e-15
0.12919
0.10601
0.103643
1.7462e-18
-4.6092e-24
0.06114
0.0602133
0.0187438
-1.07964e-09
1.73899e-20
9.06813e-21
3.08574e-14
2.16406e-14
0.00971141
0.000829795
0.107273
-2.672e-18
-1.76882e-18
2.04524e-24
-3.76028e-24
3.05855e-22
0.00121288
6.17678e-15
-1.06413e-18
-1.43102e-21
-2.85465e-11
-1.77233e-12
6.50366e-16
-7.60655e-10
-2.79791e-10
7.34055e-05
4.60102e-05
3.65653e-06
-2.8591e-20
2.14144e-17
5.47411e-18
2.66899e-15
-4.07874e-09
6.50134e-08
0.00457335
0.0028511
8.29479e-20
3.93473e-20
9.43004e-16
0.000324143
1.08984e-16
8.64834e-15
-3.46372e-21
-3.68176e-21
-3.89169e-20
-1.51798e-19
-9.91034e-20
3.14835e-14
4.64053e-14
2.40546e-22
3.70814e-22
4.75107e-22
-4.81611e-18
1.73137e-17
1.87433e-05
1.15552e-05
1.88997e-16
9.48495e-17
2.41481e-16
2.52152e-16
4.54716e-14
3.14236e-14
-6.62979e-19
-4.2567e-19
8.87395e-15
-1.02018e-12
-2.5086e-13
2.83908e-08
-8.07959e-10
1.63302e-17
2.68423e-16
7.44665e-18
1.05698e-17
-6.83752e-18
0.0753461
0.0755048
0.0615218
0.0754517
0.062011
0.0754363
0.0617655
0.075758
0.0618074
0.0764435
0.0622544
0.0759816
0.0626199
0.0763576
0.0623724
0.075944
0.0626292
0.0757526
0.0622087
0.0764847
0.0623327
0.076953
0.062878
0.0762504
0.0629783
0.0764285
0.0625987
0.0761606
0.0627297
0.076082
0.0624429
0.0763587
0.0626075
0.0761641
0.0626607
0.0757673
0.0623233
0.0748584
0.0618717
0.0742036
0.0609582
0.0754203
0.0607225
0.0779816
0.0624034
0.0830777
0.0659102
1.57721e-15
0.000781927
3.62071e-15
2.78398e-15
0.000213012
0.04205
0.0585648
0.017349
2.1845e-06
5.92111e-07
2.40611e-19
3.42087e-19
-1.44618e-18
3.76029e-14
5.4766e-14
4.56079e-14
8.0009e-17
2.74826e-17
2.95097e-14
8.42402e-15
7.29077e-19
3.18491e-18
4.10541e-19
1.4621e-14
8.14691e-14
3.21076e-07
8.76192e-22
1.34891e-21
-1.78833e-21
0.0633291
5.27194e-23
0.0333642
0.0197753
0.0256364
0.00927991
0.0126045
0.00391557
0.00540071
0.00173524
0.00238359
0.000758824
0.0010393
0.000333533
0.000454129
0.000138087
0.000189729
5.56897e-05
7.70986e-05
2.1932e-05
3.05038e-05
8.3541e-06
1.16926e-05
3.18688e-06
4.46441e-06
1.18928e-06
1.68217e-06
4.32147e-07
6.13411e-07
1.58528e-07
2.24626e-07
5.73265e-08
8.18274e-08
1.96891e-08
2.81819e-08
6.94096e-09
9.91527e-09
2.35949e-09
3.39657e-09
7.98809e-10
1.14956e-09
2.67117e-10
3.88402e-10
8.56674e-11
1.24812e-10
2.81738e-11
4.09033e-11
9.22457e-12
1.34118e-11
2.9969e-12
4.35927e-12
1.0364e-12
1.48971e-12
1.91129e-21
-1.09326e-11
-6.52757e-12
1.13873e-14
7.54338e-15
4.16419e-14
1.62461e-14
2.36522e-14
2.15184e-14
-2.91845e-09
-3.42511e-09
-2.36237e-09
5.76594e-15
8.1735e-15
1.64565e-14
0.0455828
-5.44655e-18
-3.59552e-18
0.000329383
1.28349e-13
8.54458e-14
-1.19966e-20
0.00137887
-2.14203e-12
3.75334e-17
2.16995e-17
1.43752e-13
1.91046e-20
1.02063e-20
-1.36405e-13
-2.64587e-14
-5.90472e-11
0.0108685
-4.08066e-10
8.20018e-05
5.23402e-05
-2.72891e-18
-2.48094e-19
0.0055134
0.00359105
0.075015
1.35046e-19
7.73466e-20
0.0619216
0.075895
-1.08515e-11
-6.94395e-12
4.94931e-18
-1.82575e-10
6.17965e-14
8.8859e-07
-5.15509e-21
-1.44378e-20
-8.76123e-20
-3.73136e-19
2.11181e-21
-6.59952e-21
1.12372e-14
8.53676e-22
0.0671507
0.0426621
3.82091e-13
8.2014e-14
1.16177e-13
-3.73817e-11
7.30852e-10
-1.75878e-10
1.13556e-21
3.16533e-21
-1.48237e-15
-1.21882e-14
-2.36819e-16
0.0758718
0.0615435
2.27733e-13
4.56811e-06
2.7755e-06
0.0705871
0.0514317
2.14382e-05
1.32444e-05
0.0734745
0.0601687
0.0575816
2.41414e-16
2.18008e-15
-4.60481e-16
-1.42691e-16
8.7507e-14
5.25067e-07
1.44386e-07
-1.75063e-18
-1.03161e-18
0.0622683
1.23042e-13
5.44549e-13
0.04243
1.84123e-17
5.00125e-18
0.00089307
-1.23114e-19
0.042472
0.0337813
1.43053e-13
9.76284e-14
0.042794
0.033779
0.0425294
0.0340588
0.04267
0.0338391
0.0429951
0.0340494
0.0431462
0.0342751
0.0433805
0.0345145
0.0432191
0.0345243
0.0431193
0.0344195
0.0432219
0.0344036
0.0432576
0.0343865
0.0433443
0.0343759
0.0435633
0.0346658
0.0433468
0.0347017
0.0432829
0.0345498
0.0433923
0.0345887
0.0433928
0.0347919
0.0432411
0.034636
0.0427726
0.0344374
0.0418943
0.033976
0.0415455
0.0331644
0.0425208
0.0328978
0.0456998
0.0378252
0.0343199
-1.32616e-12
-3.76143e-13
0.0831201
2.91438e-13
2.06285e-13
5.09946e-13
1.74072e-13
0.0431259
1.7629e-08
7.71941e-09
0.0214142
-3.7273e-10
-1.70249e-10
0.000213026
5.3044e-16
3.49366e-16
9.16651e-14
2.49635e-13
4.1582e-19
5.88918e-19
-3.76246e-18
2.06594e-17
1.24651e-17
1.18572e-21
2.09219e-21
1.84322e-21
-4.88384e-11
-3.31446e-11
2.29167e-14
1.28696e-13
0.0430879
0.0342115
0.0345771
0.027104
0.0127205
0.00509093
0.00727099
0.00230161
0.00313601
0.00102017
0.00139403
0.000438237
0.000598621
0.000176549
0.000244799
7.16518e-05
9.98946e-05
2.80406e-05
3.92972e-05
1.08845e-05
1.53141e-05
4.19039e-06
5.91603e-06
1.56865e-06
2.22507e-06
5.86472e-07
8.32551e-07
2.14883e-07
3.07583e-07
7.5375e-08
1.08373e-07
2.66632e-08
3.8353e-08
9.43147e-09
1.35663e-08
3.14939e-09
4.59551e-09
1.08283e-09
1.56704e-09
3.73063e-10
5.4306e-10
1.18164e-10
1.74398e-10
3.85505e-11
5.63402e-11
1.28452e-11
1.89342e-11
4.14524e-12
6.10697e-12
1.45625e-12
2.09923e-12
4.96427e-06
0.0155095
0.000356775
-1.38729e-17
5.22504e-17
2.99544e-17
1.99925e-17
-2.76142e-19
7.05377e-13
0.034169
0.0420276
0.0182733
0.00129902
9.14462e-05
5.91809e-05
1.66244e-20
9.99667e-21
7.79447e-08
-6.56659e-18
-5.41845e-18
-1.93609e-12
-1.25368e-10
3.26756e-14
1.43333e-19
8.65423e-20
5.40964e-15
5.71795e-19
-1.47412e-16
-7.59887e-12
-5.23306e-12
8.5272e-19
3.08475e-18
5.19791e-19
2.29217e-13
-6.65739e-19
8.05201e-19
-1.82135e-20
-4.35186e-20
-5.3455e-20
-3.8421e-19
-2.30754e-18
3.29395e-13
3.05626e-06
1.01482e-06
4.79798e-09
4.39283e-21
-2.26854e-20
3.69452e-14
3.28284e-14
-5.71701e-15
-2.68925e-15
1.74306e-14
2.42118e-14
4.57929e-14
2.17366e-05
1.37078e-05
0.00455496
0.00296824
-1.30702e-15
-6.90023e-16
7.86178e-14
1.16181e-13
1.19788e-13
6.83299e-17
7.52172e-16
3.68064e-13
2.54627e-13
2.50872e-09
4.34499e-10
-9.94588e-19
6.27384e-13
0.0230532
0.0228339
0.0182599
0.0232417
0.0181976
0.0232209
0.0186295
0.0232259
0.0185252
0.0233994
0.0185143
0.0236192
0.0187033
0.0234089
0.0187498
0.0235064
0.0185929
0.0235241
0.0187956
0.023453
0.0187308
0.0234935
0.0187137
0.0237135
0.0187759
0.0235364
0.018834
0.0236641
0.0187482
0.0236327
0.0189178
0.0238158
0.0188659
0.0235377
0.0189205
0.0232998
0.0186556
0.0230528
0.0185268
0.0223901
0.0182726
0.0218515
0.0175541
3.38893e-08
1.93343e-08
0.000845967
-1.24463e-12
6.37967e-14
4.43806e-14
1.14314e-13
5.39188e-14
8.94531e-16
7.38527e-15
-4.97669e-14
-2.58537e-14
0.000230537
4.92139e-13
-7.20566e-18
7.95393e-21
2.71338e-13
7.0613e-13
-7.45218e-17
-4.84779e-18
-4.2289e-19
3.03486e-13
-2.19832e-13
0.00737448
0.00310759
0.00422101
0.00134124
0.00182601
0.000557494
0.000766803
0.000227462
0.000316221
9.37399e-05
0.000129512
3.77135e-05
5.28447e-05
1.45351e-05
2.05465e-05
5.56567e-06
7.84952e-06
2.17229e-06
3.08834e-06
7.95563e-07
1.13355e-06
2.90859e-07
4.14331e-07
1.04286e-07
1.50245e-07
3.66415e-08
5.28921e-08
1.28652e-08
1.86177e-08
4.43071e-09
6.45666e-09
1.53289e-09
2.21761e-09
5.25374e-10
7.62096e-10
1.71407e-10
2.53441e-10
5.39804e-11
7.96614e-11
1.861e-11
2.72819e-11
6.13475e-12
9.15828e-12
2.05493e-12
3.03416e-12
-2.31009e-11
-1.77383e-11
0.0154646
0.0352831
0.0380152
0.0307938
0.0290118
1.01719e-17
-1.18673e-17
3.43478e-18
-4.3652e-18
-2.52548e-18
-9.86088e-18
0.0096238
-1.79343e-17
-6.74677e-18
1.94482e-07
1.08361e-16
9.3256e-17
-1.96966e-17
9.43566e-13
1.16492e-07
1.49043e-15
1.24973e-15
4.05073e-08
0.0220152
0.000348389
8.97796e-05
5.72751e-05
-1.17221e-12
-2.27978e-16
1.15445e-20
1.11279e-19
7.32922e-20
8.54336e-17
5.67899e-17
0.0157643
-1.75547e-11
-2.97348e-11
1.76766e-14
1.39908e-13
9.01462e-14
6.63104e-13
2.05396e-05
6.10985e-07
9.24249e-13
6.28535e-13
-8.54857e-19
7.93365e-19
2.41319e-18
5.2691e-19
0.00137263
1.69166e-10
5.61927e-20
-2.47376e-17
-3.16654e-12
-2.60313e-12
-3.87315e-13
0.0237593
-1.53697e-19
-1.22493e-18
-5.9829e-20
-2.01028e-19
0.0100964
0.0183934
0.0231297
6.96741e-14
1.01792e-13
3.85401e-13
-1.00452e-14
-5.55227e-15
8.78059e-14
1.66156e-13
5.07088e-14
7.30378e-14
1.27609e-13
0.00488844
0.00333462
-1.8009e-18
-2.68912e-18
4.85068e-20
-1.57122e-15
-8.93265e-16
2.21639e-13
4.18161e-17
2.91932e-17
0.0165334
1.28312e-05
4.80396e-06
2.3318e-08
6.79098e-09
9.65671e-13
0.0191318
0.0236423
0.0123324
0.000897461
0.0126375
0.00977189
0.0126086
0.00999864
0.0126181
0.00996861
0.0126873
0.00996061
0.0126768
0.00999717
0.0126803
0.0100182
0.012741
0.0100126
0.0126672
0.0100292
0.0127622
0.0100057
0.0127593
0.0100909
0.012726
0.0100497
0.0127826
0.0100663
0.0128022
0.010106
0.0128442
0.0101658
0.0128711
0.010207
0.0127167
0.0102444
0.0125839
0.0100947
0.0122215
0.00988988
0.0113816
0.00852486
0.00940403
-1.28835e-16
-8.1708e-13
3.23886e-13
2.77262e-20
2.06817e-20
-1.16923e-19
0.0117419
2.29069e-16
1.57095e-16
1.07668e-10
7.04705e-13
-6.74187e-14
-2.37554e-13
-4.04214e-14
1.99467e-13
0.0220001
0.0184797
0.0115418
1.39156e-12
9.81077e-10
3.77755e-09
5.08006e-10
2.08782e-07
1.24542e-07
-2.75392e-18
0.00378007
0.00515173
1.82336e-12
0.00164585
0.00223858
0.000706429
0.000959841
0.000299432
0.000413134
0.00012304
0.000169767
5.06353e-05
6.99411e-05
1.99344e-05
2.80167e-05
7.74369e-06
1.09081e-05
3.00612e-06
4.19835e-06
1.11525e-06
1.59114e-06
3.9622e-07
5.67113e-07
1.43693e-07
2.04494e-07
5.20448e-08
7.47235e-08
1.83056e-08
2.6172e-08
6.47535e-09
9.38337e-09
2.19605e-09
3.18567e-09
7.49281e-10
1.0812e-09
2.51332e-10
3.67294e-10
8.21247e-11
1.21516e-10
2.81457e-11
4.11481e-11
9.7295e-12
1.47759e-11
3.05843e-12
4.64848e-12
1.90618e-12
4.40386e-11
-3.07247e-12
0.000223315
-3.6615e-17
-5.08631e-17
1.53977e-16
2.90185e-13
4.81059e-13
7.57174e-18
0.0188291
2.18893e-16
1.74893e-16
3.77848e-19
3.14645e-19
2.19712e-07
3.2588e-15
2.4849e-14
0.000358274
0.00124828
-2.78033e-13
-3.33532e-13
8.78473e-05
5.51265e-05
-9.96877e-15
-5.97389e-15
2.54371e-12
1.76305e-12
0.00419742
0.0078754
0.00288344
2.44309e-13
1.0242e-06
2.97312e-06
6.19313e-07
0.0132928
-1.59967e-15
1.54393e-13
2.51099e-16
2.10586e-15
9.80358e-13
-4.43868e-17
-9.00887e-19
1.54044e-12
2.05313e-13
-8.10041e-18
-5.37082e-18
0.00955363
0.0121329
5.47118e-13
-5.50808e-19
-3.88666e-18
1.93149e-05
1.71832e-12
1.18082e-12
1.50238e-12
8.18004e-13
1.96057e-12
5.85668e-14
2.14931e-13
0.0124677
0.0104836
3.06163e-13
3.53474e-13
-4.3005e-18
-3.0376e-17
1.86078e-19
6.2803e-16
4.08887e-16
7.32246e-13
1.36424e-07
4.56704e-08
8.23851e-05
5.19639e-05
2.62352e-12
-9.8836e-16
-2.63519e-16
0.000835627
-1.76351e-13
-5.48537e-14
0.0066763
0.00661188
0.00517373
0.00651765
0.00507126
0.00656256
0.00500956
0.00657983
0.00505153
0.00653229
0.00505381
0.00656143
0.00502392
0.00657453
0.00504586
0.00657996
0.00505492
0.00659291
0.0050642
0.006601
0.00507162
0.00660603
0.0050858
0.00669172
0.0051169
0.00671367
0.00519806
0.006797
0.00523492
0.00663114
0.00527935
0.00632801
0.00509094
0.00583529
0.00434829
0.00481028
-3.189e-13
-1.45706e-13
0.000229267
-1.2706e-16
-9.01715e-17
3.60655e-13
2.5319e-13
1.25473e-12
0.00640454
4.64295e-12
3.76866e-13
2.26332e-13
0.00196614
0.00263624
0.00943476
1.21723e-05
4.48506e-06
0.0120942
0.000866756
0.00116675
0.000379497
0.000512764
0.000158065
0.000216648
6.54723e-05
8.96694e-05
2.67184e-05
3.69795e-05
1.03687e-05
1.4469e-05
3.98296e-06
5.55809e-06
1.46151e-06
2.05865e-06
5.26258e-07
7.46205e-07
1.9393e-07
2.74826e-07
7.05508e-08
1.00223e-07
2.50217e-08
3.5784e-08
8.98477e-09
1.27986e-08
3.02626e-09
4.37189e-09
1.03592e-09
1.48827e-09
3.55962e-10
5.14674e-10
1.20503e-10
1.75387e-10
4.2441e-11
6.19275e-11
1.54443e-11
2.29284e-11
1.71988e-12
4.58075e-12
6.74165e-12
-3.09038e-18
-4.36725e-18
-6.12372e-17
0.00033546
0.00953586
-2.85555e-19
-6.30367e-20
6.88259e-05
4.69936e-15
-3.42558e-14
0.0094605
1.19254e-14
7.99392e-14
-1.65013e-17
-1.07857e-15
0.00621795
1.13808e-12
0.00657254
-8.45968e-15
-5.34871e-15
4.52563e-13
4.38654e-13
-6.76085e-19
6.82005e-12
-1.57913e-16
-4.28832e-17
6.81296e-17
0.00486785
1.00056e-06
2.77282e-06
6.2251e-07
-1.5895e-17
0.00656729
0.00316547
7.82285e-13
1.47489e-09
0.00512541
0.000216126
6.71703e-13
8.68303e-09
2.75718e-08
5.09971e-09
5.47674e-12
2.76517e-12
-2.92026e-16
-2.30209e-16
-8.65945e-18
-2.30581e-17
-4.92061e-15
-3.21404e-15
0.00502339
3.64076e-12
6.5583e-12
0.00452836
0.0059278
5.02794e-12
2.66722e-11
1.22977e-11
4.33126e-13
9.49741e-13
3.46273e-16
4.87417e-16
3.51189e-16
4.23036e-15
0.0070049
6.07603e-13
1.09117e-12
5.8347e-19
1.64632e-15
1.18135e-15
2.10363e-07
4.3769e-05
1.66882e-05
8.74452e-16
6.47898e-16
9.00685e-07
5.65109e-07
0.00202763
0.000972122
0.00507974
-3.8558e-14
-1.01926e-13
-2.53809e-14
0.0114986
-3.58988e-18
0.000266754
0.000639039
0.000172141
0.00338278
3.90957e-06
2.40622e-06
2.28791e-12
3.20065e-12
5.15997e-12
0.0033377
0.00330771
0.00258535
0.00331705
0.00257009
0.00332061
0.00256733
0.0032901
0.00257027
0.00329135
0.0025422
0.00332207
0.00255624
0.00332653
0.00257758
0.00331893
0.00257909
0.0033418
0.00257111
0.00335217
0.00260179
0.00342366
0.00262851
0.00346971
0.00269828
0.00341688
0.00271538
0.00327885
0.00265354
0.00302727
0.0022933
0.00252303
-1.99894e-17
-1.49668e-17
1.41769e-13
-1.65508e-14
7.67789e-13
1.11356e-12
8.83282e-13
-1.09865e-18
2.74537e-12
0.00336501
0.00261747
7.56973e-12
2.24752e-10
3.40331e-12
-1.8364e-18
0.00102031
0.00136617
0.000453168
0.000605609
0.000197604
0.00026664
8.29265e-05
0.000112946
3.36516e-05
4.61319e-05
1.33659e-05
1.85376e-05
5.03595e-06
7.03469e-06
1.81229e-06
2.55271e-06
6.8503e-07
9.60876e-07
2.55057e-07
3.58054e-07
9.36147e-08
1.31078e-07
3.39486e-08
4.80165e-08
1.18177e-08
1.67623e-08
4.04388e-09
5.77475e-09
1.40036e-09
1.99575e-09
4.8357e-10
6.87325e-10
1.72878e-10
2.46821e-10
6.72432e-11
9.6947e-11
8.47571e-10
1.67866e-09
1.19411e-10
1.16835e-11
1.30919e-07
4.52026e-08
-7.07361e-16
-2.30052e-16
0.00338066
0.00259297
1.19877e-11
4.09046e-15
2.87541e-15
-1.7095e-14
-1.2356e-14
1.64588e-14
0.000209222
1.05136e-05
-4.49504e-17
0.00261918
7.85465e-07
0.00328901
0.00257421
0.00236099
0.00296858
8.4344e-13
-4.58409e-18
-7.79485e-18
-1.34155e-17
6.03621e-15
0.00013396
5.2133e-05
8.84841e-09
2.73137e-08
5.24938e-09
1.22529e-14
1.64627e-11
0.00261906
6.51511e-12
-4.79682e-16
1.58515e-15
1.03642e-15
1.78598e-13
6.04712e-13
2.23687e-15
-2.00777e-15
-1.35292e-15
4.44653e-11
2.37237e-11
1.15882e-11
1.71056e-11
5.80221e-17
8.79636e-16
1.96087e-12
2.61722e-11
9.98846e-10
2.91508e-10
-1.0201e-16
1.76941e-12
2.84833e-12
2.35007e-12
9.2343e-12
-3.41881e-16
-4.15735e-16
7.05146e-12
3.66702e-12
4.98149e-07
1.89129e-07
-2.54674e-17
3.29921e-16
2.99983e-15
4.0829e-14
2.45253e-13
3.24296e-06
2.02721e-06
-2.99984e-16
9.54651e-12
1.3646e-11
1.67225e-11
0.00165728
0.00164029
0.00124982
0.00161652
0.00122307
0.00162417
0.00121011
0.00161944
0.00122584
0.00162722
0.0012197
0.00163083
0.00122686
0.00164376
0.00122948
0.00161922
0.00122859
0.00164115
0.00121784
0.00167876
0.00124708
0.00172808
0.00129023
0.00175117
0.0013406
0.00169656
0.00135505
0.00154326
0.00116069
0.00128921
-2.65232e-14
1.58544e-12
2.34805e-12
3.35706e-12
0.00173297
0.000772222
0.000513059
3.87827e-13
6.3765e-14
2.93449e-11
0.00168432
0.00132132
-1.4298e-16
-2.57009e-16
1.05923e-14
7.47313e-15
0.00181597
-5.74336e-17
1.24484e-15
0.00052734
0.000694866
0.000240061
0.000320509
0.000101079
0.000137105
4.16506e-05
5.70457e-05
1.65981e-05
2.30363e-05
6.1545e-06
8.63337e-06
2.26705e-06
3.18407e-06
8.55813e-07
1.19325e-06
3.20404e-07
4.47917e-07
1.17805e-07
1.65223e-07
4.26942e-08
6.04242e-08
1.47081e-08
2.07609e-08
5.2363e-09
7.40678e-09
1.79625e-09
2.55408e-09
6.26127e-10
8.83884e-10
2.36963e-10
3.31508e-10
-2.03999e-16
-5.83498e-17
-1.48021e-16
-3.79916e-17
0.00165085
0.0012694
-3.79981e-16
-2.34232e-16
-1.66049e-15
2.06361e-14
-3.15873e-15
2.68762e-06
1.21235e-12
1.34219e-05
2.55509e-11
4.12184e-11
0.0016718
0.00125858
0.00124697
0.000468057
3.78827e-16
5.67243e-14
4.93329e-12
-7.89751e-17
0.00151998
1.72516e-06
6.834e-07
5.36222e-11
-3.94244e-16
7.39187e-15
3.28637e-05
8.35043e-09
0.000305133
0.000135219
1.67494e-10
8.61748e-06
1.20683e-12
2.54954e-12
1.01521e-10
4.98217e-11
2.67845e-11
2.93964e-11
4.21941e-11
1.08353e-17
-9.30124e-17
0.00126139
0.00157573
5.20768e-12
1.87097e-11
3.60289e-11
5.09114e-15
3.39544e-15
2.97597e-15
4.15016e-15
1.72899e-14
9.19019e-12
5.06277e-12
4.19477e-08
1.18903e-07
2.52998e-08
2.77451e-14
1.97951e-14
4.96452e-09
1.66297e-09
6.54946e-12
4.34327e-12
3.47773e-14
6.15239e-13
1.32063e-13
2.57993e-15
0.000791905
0.000772536
0.000596798
0.000773133
0.000587836
0.000783307
0.000589683
0.000780149
0.000598444
0.000787054
0.000595251
0.000784979
0.000597835
0.000773395
0.000593465
0.000777462
0.000588356
0.000788947
0.000593744
0.000824519
0.000603966
0.00086282
0.000638446
0.000888647
0.000690649
0.000784554
0.000595279
0.000682507
7.44161e-12
1.03876e-11
2.61652e-11
1.46376e-15
2.1733e-15
1.01371e-14
1.40162e-13
2.96211e-11
4.19594e-11
4.2013e-11
3.32015e-15
2.08868e-15
-1.6982e-16
3.08988e-10
1.77253e-10
0.000976704
5.4701e-13
7.76291e-13
1.72206e-12
0.000843783
0.000286165
0.000375568
0.000122569
0.000165587
5.19417e-05
7.16058e-05
2.06605e-05
2.87481e-05
7.65327e-06
1.07911e-05
2.80248e-06
3.99916e-06
1.03701e-06
1.46309e-06
4.04788e-07
5.67678e-07
1.47814e-07
2.09705e-07
5.34909e-08
7.53824e-08
1.86709e-08
2.67711e-08
6.29224e-09
8.97496e-09
2.31115e-09
3.26818e-09
8.09617e-10
1.15491e-09
0.000809397
1.03135e-05
6.66068e-06
0.000812639
0.000639491
1.79495e-14
8.28935e-15
5.15666e-14
0.000792566
0.000615272
9.89865e-10
7.19917e-11
7.4892e-12
4.37249e-07
1.68484e-07
8.7526e-05
3.73359e-05
2.62682e-14
4.08979e-14
7.0934e-14
9.60985e-15
1.38902e-10
1.6323e-10
1.33035e-11
4.81141e-12
2.42842e-05
1.73176e-11
1.19529e-11
2.96436e-10
1.27007e-12
8.27914e-09
9.30128e-15
4.85498e-14
6.54851e-11
1.03848e-10
5.72505e-11
3.29445e-11
7.5787e-11
1.70823e-14
1.06563e-14
0.000526676
0.00026998
0.000600219
0.000794343
0.000863288
0.000680607
0.000445398
7.75568e-06
8.20696e-12
4.58282e-12
3.78149e-08
1.05856e-07
2.32796e-08
5.02968e-06
2.15775e-06
1.6913e-14
1.23637e-14
1.00068e-13
2.00802e-13
6.35451e-14
4.87412e-14
3.20724e-10
1.89583e-10
0.000377337
0.00037189
0.000282461
0.000378685
0.000280344
0.000378336
0.000284978
0.000378403
0.000284626
0.000379217
0.000285118
0.000377199
0.000287209
0.000376552
0.000284613
0.00037972
0.000282576
0.000405276
0.000288612
0.000460187
0.000315148
7.04668e-11
1.0177e-10
1.09263e-10
5.1059e-09
1.67621e-09
6.9894e-13
1.91064e-11
1.30885e-14
2.66438e-05
1.74885e-05
0.00014688
6.86532e-05
9.44353e-05
2.69376e-05
3.83408e-05
9.64806e-06
1.39699e-05
3.63896e-06
5.22406e-06
1.38141e-06
1.9682e-06
5.32339e-07
7.53884e-07
1.94303e-07
2.78869e-07
6.76565e-08
9.6933e-08
2.40756e-08
3.46142e-08
8.19374e-09
1.18778e-08
3.04603e-09
4.36926e-09
1.11077e-09
1.60197e-09
4.93326e-14
3.43562e-14
0.000400153
6.13991e-14
1.65083e-13
8.82941e-05
0.000597118
0.000286938
0.000380268
4.0651e-10
6.8371e-12
1.2541e-11
1.73065e-10
3.33291e-11
1.00627e-09
3.02314e-11
2.21786e-11
1.61594e-13
0.000180104
1.40054e-06
5.70079e-07
2.91495e-14
4.20603e-14
1.41484e-13
3.51182e-12
6.257e-06
2.03793e-05
1.36414e-05
1.84378e-10
2.45724e-10
0.000197221
4.92671e-11
2.73652e-11
1.26509e-12
5.88667e-05
0.000335189
5.18673e-11
7.48302e-11
9.55311e-11
7.75137e-12
4.22233e-12
0.000390404
0.000301043
0.000298752
0.000396626
1.54227e-13
3.14797e-08
1.732e-12
4.95451e-12
8.45071e-14
1.40706e-13
9.98328e-14
4.85313e-13
2.38262e-12
4.13309e-10
1.88545e-10
6.48725e-10
0.000288093
0.000381782
4.694e-11
3.28426e-11
1.93862e-08
7.06746e-09
2.79812e-10
1.62934e-10
0.000377726
0.000291838
2.46286e-10
4.7542e-11
0.000174453
0.000175122
0.000129114
0.000174379
0.000128994
0.00017621
0.000128919
0.000178109
0.000130868
0.000175431
0.000131496
0.000172348
0.000129177
0.000175273
0.000125715
0.000194241
0.000152364
0.000131655
0.000445729
1.45168e-09
4.28354e-09
8.61727e-10
3.93387e-13
2.77107e-13
2.0168e-13
7.57469e-13
1.16793e-13
4.18076e-06
1.78463e-06
5.8225e-05
3.95845e-05
0.000100724
0.000177182
1.04523e-12
3.88733e-05
1.34829e-05
2.01683e-05
5.19063e-06
7.52912e-06
1.95433e-06
2.82271e-06
7.37118e-07
1.05597e-06
2.64598e-07
3.82718e-07
9.03993e-08
1.31852e-07
3.28705e-08
4.74816e-08
1.14574e-08
1.67999e-08
4.44563e-09
6.41954e-09
1.52899e-09
2.15561e-09
1.37328e-07
8.52956e-08
9.52025e-12
1.77714e-11
0.000173276
0.000130204
0.000128472
9.11237e-11
6.40906e-11
2.24589e-13
8.41321e-11
0.000283857
8.0475e-12
0.000166431
4.86215e-06
3.63141e-07
5.91037e-05
3.0072e-13
6.64442e-13
4.6023e-11
2.64999e-11
4.02988e-10
7.55896e-13
0.000131305
0.000178179
0.000117209
2.79342e-08
1.82438e-10
2.64555e-10
1.83749e-12
8.00542e-10
0.000177761
1.13514e-07
7.18306e-08
1.73017e-05
1.17781e-05
3.21633e-11
4.18852e-10
5.85008e-10
0.000167621
0.000123115
8.94092e-05
5.01062e-12
1.3393e-11
1.30644e-10
9.08967e-11
5.31878e-12
0.000179655
0.000130387
4.60615e-13
2.53444e-12
0.000177471
0.00013092
0.000132971
8.0029e-05
8.07516e-05
8.09536e-05
6.05099e-05
8.15598e-05
6.07353e-05
8.20388e-05
6.12904e-05
8.0547e-05
6.15507e-05
7.55669e-05
5.87256e-05
2.11221e-05
1.20301e-10
9.08742e-14
4.57384e-11
8.39021e-11
4.66361e-07
1.16162e-06
2.95826e-07
1.13477e-11
5.02048e-05
1.43725e-12
1.49339e-10
2.05907e-10
2.58974e-10
2.37444e-11
3.76213e-11
2.18121e-11
1.71423e-08
5.9922e-09
4.28551e-12
8.80463e-12
3.05892e-12
9.37383e-10
2.06736e-09
0.000287083
7.89874e-06
1.12475e-05
2.87106e-06
4.16948e-06
1.04454e-06
1.51788e-06
3.57598e-07
5.25566e-07
1.25742e-07
1.8501e-07
4.48499e-08
6.49951e-08
1.69018e-08
2.42673e-08
7.17395e-09
3.3662e-09
1.06531e-08
4.18552e-13
2.48266e-10
1.48481e-10
1.27891e-13
3.21284e-06
1.30363e-06
5.66496e-10
4.73758e-10
1.02157e-09
7.9991e-05
5.97579e-05
5.66702e-13
2.83211e-13
3.49777e-05
5.98379e-05
2.98598e-05
7.63848e-05
2.89502e-06
2.61548e-11
2.59529e-10
1.22414e-09
3.58536e-09
7.3311e-10
9.05419e-08
1.55293e-12
6.95324e-12
5.74386e-08
2.17559e-08
6.37125e-05
9.95525e-13
5.96893e-05
8.02794e-05
4.73468e-05
1.00908e-05
2.92235e-05
5.86713e-06
8.87431e-13
1.26529e-12
2.218e-12
2.14425e-10
3.62777e-10
7.96428e-05
2.60984e-10
1.88174e-10
5.31234e-05
5.97752e-05
8.0513e-05
4.05497e-12
3.77163e-05
3.75729e-05
2.77178e-05
3.79426e-05
2.81142e-05
3.5289e-05
2.51959e-05
2.79491e-05
1.93773e-06
1.20363e-10
1.02707e-05
1.44962e-05
3.73119e-11
7.27572e-11
7.64255e-10
5.46899e-10
3.39807e-07
8.29646e-07
2.1648e-07
3.72294e-05
6.00773e-05
4.15851e-06
5.98556e-06
1.5224e-06
2.23807e-06
5.18498e-07
7.69599e-07
1.8567e-07
2.74473e-07
6.49708e-08
9.56148e-08
2.25356e-08
3.19455e-08
1.94658e-10
3.73221e-05
2.74139e-05
3.65579e-05
1.71114e-06
7.61903e-11
9.90857e-10
5.89138e-10
7.13636e-08
8.36048e-05
3.56131e-09
5.99541e-05
8.12347e-05
1.4981e-11
2.1821e-10
3.04368e-10
2.76312e-05
1.54349e-09
1.32058e-08
6.83676e-10
2.52887e-07
1.64087e-07
4.96904e-09
1.33599e-08
2.98609e-09
3.86086e-05
2.29367e-05
4.60738e-10
6.80357e-11
5.01012e-06
1.46668e-05
3.07352e-06
1.53087e-09
2.77856e-12
4.00382e-10
5.66096e-10
6.5949e-10
3.73162e-05
1.25339e-11
1.15265e-10
2.75925e-05
2.699e-05
2.661e-05
3.61821e-05
3.51836e-11
8.63384e-07
8.73502e-12
7.20702e-10
2.1109e-09
1.33995e-10
4.57073e-08
1.78137e-08
6.16959e-05
5.94904e-09
1.68109e-05
2.60995e-11
1.75176e-05
1.24327e-05
1.77196e-05
1.31125e-05
1.35602e-05
3.7214e-09
1.31909e-09
1.03623e-10
1.46545e-09
2.70498e-09
1.05069e-09
5.59274e-07
5.25276e-12
2.13662e-11
2.24508e-06
7.64186e-07
1.15384e-06
2.73841e-07
4.10402e-07
9.60674e-08
1.45974e-07
3.04699e-08
4.88467e-08
1.67619e-05
2.351e-10
1.17339e-06
6.21319e-07
4.43372e-10
1.70419e-05
1.24078e-05
6.02657e-06
3.28935e-06
8.48663e-06
7.47691e-12
8.32803e-09
2.54015e-11
8.91289e-11
5.85478e-11
1.92349e-09
1.22049e-09
3.5786e-09
1.24632e-05
1.71449e-05
5.50749e-10
1.00467e-09
1.72501e-11
1.99687e-10
3.10665e-10
1.74914e-10
2.44002e-06
4.51334e-11
1.26457e-05
1.56567e-05
6.90642e-09
5.76409e-08
7.48497e-10
3.83591e-05
2.87771e-05
4.27024e-10
1.36685e-06
1.65506e-05
1.45248e-08
4.30897e-09
9.62286e-09
1.21444e-05
1.14103e-05
1.07857e-08
3.69118e-09
1.38033e-09
7.66692e-06
4.23408e-07
2.03535e-07
7.18045e-06
3.6104e-05
9.10719e-06
3.68244e-08
1.38939e-08
6.4385e-11
4.71417e-10
9.36248e-09
1.16515e-05
6.8661e-06
1.36105e-07
2.13925e-09
4.46746e-07
1.5957e-07
2.42807e-07
5.29742e-08
8.23207e-08
6.83339e-06
2.78183e-05
9.61723e-07
1.35797e-10
1.99237e-10
2.84222e-10
2.63568e-05
1.70152e-08
1.45246e-07
7.80018e-06
5.68933e-06
4.63816e-07
1.08378e-09
3.0268e-07
5.19883e-06
7.51575e-06
2.07361e-09
6.06146e-09
5.38705e-06
1.7428e-09
5.50054e-10
7.81694e-10
4.24481e-09
6.84559e-09
3.02519e-09
2.46539e-09
7.99686e-10
4.66587e-10
1.63642e-08
1.79255e-05
1.15318e-05
7.29424e-06
1.574e-05
6.67635e-07
1.18592e-06
6.80279e-06
3.7551e-06
3.44001e-06
4.9456e-06
5.02762e-06
6.96097e-06
1.53619e-05
2.70437e-08
9.76086e-08
4.31942e-08
1.84376e-08
2.23975e-08
5.66624e-06
5.36669e-06
1.09623e-05
1.82653e-06
3.22753e-06
5.04039e-09
8.36896e-09
7.91745e-09
1.0655e-08
6.12972e-06
4.45525e-06
2.82526e-06
1.5888e-08
1.2686e-05
7.70487e-07
5.54589e-10
8.19227e-10
7.85371e-10
3.91946e-07
2.7132e-07
4.05943e-07
2.07881e-06
1.13732e-06
3.01858e-06
2.92633e-08
9.04124e-08
4.44774e-08
1.40224e-07
4.21758e-09
3.51058e-06
2.37258e-06
1.10591e-08
2.82727e-08
7.2799e-09
1.27879e-08
2.54948e-08
1.44011e-09
2.97558e-09
1.69298e-06
3.08766e-06
2.05741e-07
3.99931e-08
3.62045e-06
2.66156e-06
9.66186e-08
3.82228e-09
2.49572e-09
3.01743e-06
2.68261e-06
2.2422e-06
2.18884e-06
2.48377e-07
1.33158e-06
2.77232e-06
8.60705e-07
5.76512e-08
4.31202e-07
6.27849e-08
3.06159e-08
1.60582e-07
9.90226e-08
2.63641e-07
1.46607e-06
1.16301e-06
6.30718e-07
1.68455e-06
1.34326e-06
1.28103e-06
9.28314e-07
9.42968e-07
1.76872e-06
6.33343e-09
1.7997e-08
6.72945e-09
2.06618e-06
1.10139e-06
1.46225e-09
2.04085e-09
1.70289e-09
2.52047e-09
2.08479e-09
9.81727e-09
4.75716e-08
1.4461e-07
6.85265e-08
1.2535e-06
9.2055e-07
6.69421e-07
7.25306e-09
2.05411e-08
6.81966e-08
2.16807e-08
4.37933e-08
1.48717e-08
7.1629e-07
4.84287e-09
3.74507e-09
8.7484e-09
5.64055e-07
4.03062e-07
5.468e-07
5.11873e-07
3.92903e-07
1.26595e-07
5.37169e-07
3.46713e-07
3.6012e-08
3.36914e-07
2.68478e-07
3.70626e-09
5.27354e-09
5.07748e-09
1.64127e-07
5.55502e-08
1.47932e-07
1.88484e-07
5.02521e-08
1.55672e-08
3.35247e-08
1.09231e-08
1.96046e-07
3.39426e-07
9.31766e-08
8.72926e-09
1.73948e-08
1.30196e-07
2.67101e-07
)
;

boundaryField
{
    frontAndBack
    {
        type            empty;
    }
    hot
    {
        type            fixedValue;
        value           uniform 1;
    }
    cold
    {
        type            fixedValue;
        value           uniform 0;
    }
    defaultFaces
    {
        type            zeroGradient;
    }
}


// ************************************************************************* //
