/*--------------------------------*- C++ -*----------------------------------*\
  =========                 |
  \\      /  F ield         | OpenFOAM: The Open Source CFD Toolbox
   \\    /   O peration     | Website:  https://openfoam.org
    \\  /    A nd           | Version:  7
     \\/     M anipulation  |
\*---------------------------------------------------------------------------*/
FoamFile
{
    version     2.0;
    format      ascii;
    class       volScalarField;
    location    "0.85";
    object      T;
}
// * * * * * * * * * * * * * * * * * * * * * * * * * * * * * * * * * * * * * //

dimensions      [0 0 0 1 0 0 0];

internalField   nonuniform List<scalar> 
5936
(
0.509388
0.913124
0.999003
0.982342
1.00586
1.01594
1.00206
1.00701
1.00021
1.00101
0.999887
0.999757
0.99995
0.999843
0.999998
0.999979
1
1
0.999999
0.999998
0.999999
0.999996
0.999999
0.999998
1
1
1
1
1
1
1
1
1
1
1
1
1
1
1
1
1
1
1
1
1
1
1
1
1
1
1
1
1
1
1
1
1
1
1
1
1
1
1
1
1
1
1
1
1
1
1
1
1
1
1
1
1
1
1
1
1
1
1
1
1
1
1
1
1
1
1
1
1
1
1
1
1
1
1
0.116255
-0.00308433
-0.000220626
4.08817e-05
-3.12618e-07
4.17018e-07
-4.23756e-09
-1.40027e-08
2.90363e-09
-1.08073e-11
-6.94605e-11
1.13172e-11
-5.70805e-13
-1.48716e-13
5.81363e-14
-8.71332e-15
-3.62973e-16
4.72015e-16
-5.73938e-17
-1.02769e-17
3.36966e-18
5.02929e-19
-3.09469e-20
-1.28056e-20
5.92e-37
-3.00854e-21
1.53398e-20
-4.51992e-19
-2.10629e-17
3.67074e-16
-1.30781e-14
-2.15992e-13
-2.85825e-13
9.42427e-12
5.91823e-11
1.17164e-10
1.22463e-09
9.11202e-09
5.98856e-08
-3.32303e-07
-3.55667e-06
1.58527e-05
-6.85617e-05
0.000182757
-0.00022149
0.000724368
-0.00269832
-0.00208156
0.0166507
0.0490816
1
1
1
1
1
1
1
1
1
1
1
1
1
1
1
1
1
1
1
1
1
1
1
1
1
1
1
1
1
1
1
1
1
1
1
1
1
1
0.999996
0.999998
0.999993
0.999993
1
0.999997
1.00003
1.00002
1.00005
1.00005
0.999975
1
0.999787
0.99985
0.999741
0.999757
1.0001
0.999968
1.00085
1.00056
1.00174
1.0014
1.00211
1.00199
1.00035
1.00098
0.993397
0.995705
0.978415
0.983412
0.95232
0.960843
0.913715
0.925997
0.861736
0.878517
0.796019
0.816744
0.720952
0.744225
0.637629
0.663765
0.551111
0.577771
0.468549
0.493736
0.386094
0.410833
0.311473
0.333931
0.239615
0.261609
0.182576
0.201395
0.135375
0.14996
0.0869362
0.0563337
0.0973019
-2.25957e-21
0.0320124
0.0134562
-0.00159039
6.86186e-05
7.16026e-06
1.01484e-07
1.83366e-07
-3.61298e-08
7.26618e-10
1.14106e-09
-1.85678e-10
2.09718e-12
3.62276e-12
-7.47289e-13
8.19972e-14
6.49825e-15
-4.82554e-15
8.27937e-16
6.87168e-17
-4.17696e-17
2.39693e-18
1.62085e-18
7.0911e-20
-3.03258e-20
-0.000922382
-3.82181e-21
0.0385783
-1.32843e-20
5.21217e-19
-1.83527e-18
1.7189e-17
8.66689e-16
5.985e-14
5.78013e-13
-2.76944e-12
-2.25298e-11
-9.02698e-11
-4.80904e-10
-3.29432e-09
-1.55537e-08
-1.43048e-07
2.10062e-06
-1.62702e-06
-1.2645e-06
9.01137e-06
8.81986e-06
-4.95082e-05
-0.000345343
-0.00411667
0.00904401
0.000131136
0.0664675
1.98391e-06
0.457247
0.0001441
3.03963e-05
6.54724e-07
5.36432e-07
-9.9637e-08
6.91196e-10
3.44628e-09
-4.95688e-10
-5.15791e-12
1.1076e-11
-2.05194e-12
1.92517e-13
2.25697e-14
-1.3627e-14
2.15505e-15
2.14329e-16
-1.27516e-16
6.83743e-18
5.49629e-18
2.71588e-19
-9.81851e-20
-1.28531e-20
2.78656e-19
-5.77845e-18
-3.59443e-18
1.47788e-16
3.57421e-14
4.09627e-13
-1.53094e-12
-6.56726e-12
1.18301e-11
-2.21876e-10
-3.6786e-09
-5.89629e-09
-1.11597e-07
1.53156e-06
-5.9421e-07
-4.52672e-06
1.31247e-05
1.73412e-05
8.44861e-06
-0.000619978
-0.00405574
0.0103247
-1.30217e-20
1.14995e-06
4.36524e-09
-4.18441e-08
7.51543e-09
1.18621e-10
-2.15193e-10
2.84268e-11
-1.0002e-12
-4.7456e-13
1.5796e-13
-2.26776e-14
-1.31835e-15
1.41544e-15
-1.63073e-16
-3.28937e-17
1.07473e-17
1.76384e-18
-9.11132e-20
-4.30651e-20
3.54449e-19
-5.97046e-18
4.19728e-16
-8.44761e-15
-1.33157e-13
-3.59089e-13
4.29271e-12
1.62032e-11
-7.87564e-11
1.20138e-09
8.57731e-09
2.59535e-08
-1.99864e-07
-2.80356e-06
1.31533e-05
-5.70518e-05
0.000157852
-0.000177219
0.000552019
-0.00297498
-0.000868572
0.0200129
-0.0055644
-0.00532448
5.61964e-20
0.596807
-0.00118086
0.957427
1.0026
0.985737
1.00456
1.0082
1.00136
1.00401
0.999967
1.00053
0.999869
0.999794
0.999989
0.999958
1.00002
1.00005
1.00001
1.00003
1
1.00001
0.999998
0.999998
0.999999
0.999998
1
1
1
1
1
1
1
1
1
1
1
1
1
1
1
1
1
1
1
1
1
1
1
1
1
1
1
1
1
1
1
1
1
1
1
1
1
1
1
1
1
1
1
1
1
1
1
1
1
1
1
1
1
1
1
1
1
1
1
1
1
1
1
1
1
1
1
1
1
1
1
1.25334e-19
0.00151943
6.23973e-05
0.260823
-5.70122e-06
5.20638e-08
2.91934e-07
-5.98091e-08
1.72156e-09
1.47092e-09
-2.64957e-10
1.49863e-11
3.67571e-12
-1.23344e-12
1.78564e-13
4.26611e-15
-9.03766e-15
1.28418e-15
1.05614e-16
-8.29957e-17
-2.52213e-18
2.16431e-18
2.66595e-19
-2.19007e-20
-4.4814e-19
-0.00316853
-0.00458952
-0.0032785
-3.86279e-21
0.0561307
0.0841592
-3.68932e-06
-8.98206e-06
-1.32075e-06
0.532986
-4.65247e-18
5.51833e-16
-8.64048e-15
-1.54319e-13
-8.77142e-13
5.83611e-12
3.36193e-11
-9.77164e-11
1.48894e-09
1.28306e-08
2.59663e-08
-4.34292e-08
-4.72243e-06
1.81019e-05
-7.58705e-05
0.000215181
-0.000228608
0.000672356
-0.00473925
0.00264743
0.0279584
0.0519052
0.0517236
0.189634
0.0225263
-9.55505e-05
-0.000690296
4.39733e-05
1.58816e-05
-6.93586e-06
1
1
1
1
1
1
1
1
1
1
1
1
1
1
1
1
1
1
1
1
1
1
1
1
1
1
1
1
1
1
1
1
1
1
1
1
0.999996
0.999998
0.999994
0.999993
1
0.999995
1.00003
1.00002
1.00005
1.00005
0.999961
1.00001
0.999793
0.999849
0.999787
0.999746
1.00013
0.999921
1.0008
1.00047
1.00161
1.00132
1.00196
1.00214
1.00011
1.00157
0.993108
0.997247
0.978271
0.985963
0.952456
0.964969
0.914052
0.931632
0.863279
0.885877
0.798582
0.826745
0.723481
0.754841
0.64188
0.675094
0.556569
0.591393
0.471939
0.504365
0.389347
0.419683
0.314884
0.341511
0.245419
0.269223
0.193773
0.215877
0.780431
-1.68819e-20
0.830481
1.13446e-19
5.07802e-13
5.73635e-13
4.15287e-05
3.86676e-19
-4.86383e-21
-5.8497e-13
7.6824e-07
-1.96666e-08
-2.12185e-08
4.30596e-09
-1.12879e-10
-7.8522e-11
1.77923e-11
-1.73243e-12
-1.33623e-13
9.71791e-14
-1.68305e-14
-8.68672e-16
7.72973e-16
-1.04165e-16
-2.80076e-17
2.85014e-18
9.44829e-19
1.46224e-20
5.34145e-19
3.87687e-14
3.86112e-14
5.85428e-18
5.53578e-17
-9.05327e-18
6.56619e-16
-1.11999e-17
-9.01305e-16
-1.46492e-13
1.42716e-06
-1.56867e-12
-1.12221e-11
-1.84558e-11
-2.00518e-10
-4.51616e-09
-1.01357e-08
-1.97763e-07
1.94583e-06
2.41301e-06
-2.02444e-05
6.84721e-05
-7.4408e-05
0.000179874
-0.00171667
-0.00446643
0.0207788
-1.15585e-07
2.87644e-13
-2.82171e-12
4.15594e-19
1.31277e-11
0.141969
-2.54697e-12
0.00210756
-0.00469799
0.000637321
-0.000206496
0.000212242
-7.5765e-05
1.76632e-05
-4.0497e-06
-1.67672e-07
1.7217e-08
1.42275e-08
1.57652e-09
-3.64811e-20
8.60025e-19
5.10176e-18
-1.60304e-17
-1.98556e-16
4.8545e-16
1.98237e-15
-2.28846e-14
4.13147e-14
0.0215964
-0.00508024
-0.00148163
0.000117116
-1.60324e-05
4.12642e-05
-1.307e-05
7.84979e-07
1.96147e-06
-1.61424e-07
-7.88574e-09
-5.53484e-09
-8.19111e-11
5.36015e-11
-5.73541e-12
-4.11083e-16
1.28456e-19
2.53848e-18
4.41826e-18
-8.67717e-17
-1.62418e-16
1.88318e-15
-5.15656e-15
-3.05632e-14
2.4188e-13
-6.7992e-13
-1.9337e-12
3.70891e-11
-2.36801e-10
3.89174e-10
8.41331e-09
-6.17557e-08
7.19388e-08
-1.59735e-12
-4.99969e-10
4.34421e-09
-5.18535e-09
8.47417e-07
-3.50596e-18
-2.27853e-10
-1.00576e-14
1.08522e-11
4.11187e-12
8.0514e-05
5.83446e-13
0.994132
1.00615
1.00363
1.00319
1.00652
1.00017
1.00137
0.999567
0.999319
0.99981
0.999466
0.999986
0.999885
1.00002
1.00003
1.00001
1.00003
1
1
0.999999
0.999998
0.999999
0.999998
1
1
1
1
1
1
1
1
1
1
1
1
1
1
1
1
1
1
1
1
1
1
1
1
1
1
1
1
1
1
1
1
1
1
1
1
1
1
1
1
1
1
1
1
1
1
1
1
1
1
1
1
1
1
1
1
1
1
1
1
1
1
1
1
1
1
1
3.36539e-14
3.08859e-11
-3.4347e-10
0.165487
1.02475e-17
-9.57465e-13
-1.26186e-12
8.40353e-07
5.41115e-07
1.6514e-06
-5.15452e-08
-1.60375e-08
4.05646e-09
0.00881454
-3.57861e-10
0.108801
-4.12042e-11
3.72422e-11
3.58338e-19
1.20273e-12
-2.72425e-12
-4.15235e-12
-3.33914e-12
0.0384687
2.39731e-13
2.21502e-15
-8.18964e-15
1.75596e-15
1.47278e-16
-8.89702e-17
-7.91324e-18
1.61738e-18
-3.64602e-06
-7.59846e-07
8.31664e-10
-2.14286e-10
-1.61735e-17
4.97467e-18
-1.16297e-12
-7.60284e-13
-1.3276e-12
7.24714e-16
1.4373e-11
-1.20066e-13
-1.18368e-13
5.27987e-13
8.30656e-17
8.6412e-16
0.000171361
0.000193265
-4.27994e-12
-3.80741e-12
-8.25306e-15
3.31481e-14
4.53547e-11
1.13305e-10
-4.6191e-10
1.57401e-09
2.04919e-08
-6.42193e-09
1.37116e-07
-5.86497e-06
1.89366e-05
-8.05371e-05
0.000242859
-0.000187697
0.000380093
-0.00646063
-0.00419457
0.00603861
2.42673e-07
2.55141e-08
1
1
1
1
1
1
1
1
1
1
1
1
1
1
1
1
1
1
1
1
1
1
1
1
1
1
1
1
1
1
1
1
1
1
0.999997
0.999999
0.999994
0.999994
0.999999
0.999994
1.00002
1.00001
1.00004
1.00005
0.999971
1.00001
0.999818
0.99987
0.999807
0.999775
1.00007
0.999904
1.00064
1.00033
1.00142
1.00114
1.00195
1.00205
1.00056
1.00192
0.994573
0.998292
0.981406
0.988494
0.957532
0.969812
0.921438
0.938343
0.873287
0.8947
0.811204
0.838882
0.738221
0.768955
0.657942
0.692287
0.573169
0.608146
0.487337
0.520927
0.400031
0.431771
0.321642
0.346195
0.252925
0.274963
-2.70135e-10
-5.99076e-10
-1.79425e-10
0.070429
0.105506
3.16073e-17
2.25078e-19
4.3678e-11
1.77315e-11
-0.00209076
4.92547e-19
0.92558
7.76872e-07
0.167234
2.75051e-19
-5.12762e-13
3.12232e-15
0.0345797
3.10804e-09
-1.24358e-07
-6.16005e-08
-5.54536e-08
3.90159e-09
9.36972e-12
4.44995e-13
1.06349e-13
-1.87338e-14
8.23011e-17
9.21754e-16
-1.02279e-16
-3.56647e-17
6.30433e-19
-9.82793e-19
0.00947254
0.069715
-1.09001e-05
-1.1325e-05
2.64105e-10
1.71056e-10
0.959572
-1.98497e-15
4.32719e-12
-1.07045e-08
-1.37009e-08
-6.27199e-09
-5.40865e-09
-7.33121e-09
-2.27318e-07
1.99196e-06
5.95235e-06
-3.71564e-05
0.000121518
-0.000138646
0.000354923
-0.00330426
-0.0051858
0.0767339
0.0425133
0.205383
-2.82938e-17
8.82705e-07
2.95549e-05
-1.961e-05
-0.00656533
0.000454827
-0.000187998
0.000251906
-8.51523e-05
1.95237e-05
-1.87767e-17
2.93582e-18
-0.00295754
0.000274598
-6.15053e-05
-0.00337853
0.000562474
-0.00375685
8.526e-05
0.684452
-2.73854e-05
3.67405e-06
2.17451e-06
-2.09864e-18
-1.01525e-16
-9.39072e-17
2.34036e-15
-3.39821e-15
-3.04318e-14
-1.45634e-09
8.98921e-19
-0.000220651
-0.000990867
0.000205258
-1.42424e-15
0.78693
8.65281e-19
2.8605e-13
-1.93023e-16
6.78507e-16
2.17203e-18
3.0747e-15
8.09402e-09
-2.22039e-14
5.27197e-14
-2.15498e-20
1.54474e-09
-1.92907e-07
9.71511e-13
-9.60751e-15
2.86261e-12
2.15043e-08
-5.17945e-06
-4.42625e-08
0.322933
-6.16518e-12
1.0091
1.00853
1.01706
1.00223
1.00742
0.999796
1.00081
0.999654
0.999394
0.999897
0.999686
1.00001
0.999964
1.00002
1.00003
1.00001
1.00002
0.999999
1
0.999999
0.999998
1
0.999999
1
1
1
1
1
1
1
1
1
1
1
1
1
1
1
1
1
1
1
1
1
1
1
1
1
1
1
1
1
1
1
1
1
1
1
1
1
1
1
1
1
1
1
1
1
1
1
1
1
1
1
1
1
1
1
1
1
1
1
1
1
1
1
-2.37685e-06
3.82056e-19
-2.16018e-07
-7.08594e-17
2.97172e-08
-3.33293e-15
-6.88542e-08
-8.45288e-15
0.141849
-1.3012e-17
-2.31687e-10
-1.2005e-10
1.03889e-09
-1.20382e-12
0.000187476
2.42758e-16
0.0526273
-2.88362e-18
2.42735e-13
8.76866e-14
2.864e-14
-5.80157e-09
6.97814e-16
1.04141e-15
9.11576e-16
-4.41821e-17
-1.27748e-16
-0.0054394
7.32026e-10
8.62607e-10
3.34562e-09
0.0949726
3.11156e-17
3.20761e-12
0.000166277
-4.64259e-13
3.14713e-14
-3.13676e-12
-3.47772e-12
0.873027
-6.58049e-06
-3.77836e-08
-1.92068e-07
0.211792
-3.80748e-17
-3.76522e-17
1.99823e-06
-5.91947e-06
-2.40525e-17
-2.70689e-17
2.22968e-17
1.67802e-05
-7.51364e-05
0.000146672
-0.000197999
0.000452549
-0.000291828
-0.00507012
-0.00218608
7.49261e-07
7.92604e-16
-2.73851e-15
1
1
1
1
1
1
1
1
1
1
1
1
1
1
1
1
1
1
1
1
1
1
1
1
1
1
1
1
1
1
1
1
0.999998
1
0.999994
0.999995
0.999996
0.999992
1.00002
1.00001
1.00004
1.00005
0.999982
1.00002
0.999847
0.999897
0.999825
0.999809
1.00001
0.99987
1.00046
1.00017
1.00123
1.00091
1.00197
1.00195
1.00112
1.00225
0.996253
0.999471
0.984674
0.991493
0.963072
0.974606
0.929839
0.946105
0.883627
0.905564
0.824197
0.851199
0.754818
0.785864
0.676821
0.711831
0.592184
0.628518
0.504061
0.539423
0.412037
0.447031
0.325702
0.353872
0.248235
0.266863
-7.56514e-09
-8.2506e-09
3.04454e-08
0.0172729
0.0151776
0.0473956
-5.74063e-05
-8.4335e-05
-1.06098e-05
-9.1272e-06
-7.13852e-15
-2.53016e-15
-0.00815052
-0.00357246
1.27685e-16
8.46636e-17
9.69528e-16
6.181e-09
6.51572e-09
7.98363e-09
1.3965e-07
6.02422e-07
-2.46416e-08
6.51271e-14
-5.04356e-13
4.00537e-13
-9.81527e-19
-9.54617e-17
0.000386236
0.000200572
9.16648e-07
0.150851
3.38383e-15
1.96728e-15
0.220333
2.57761e-13
-4.72024e-05
3.86189e-11
0.0830192
6.32478e-17
5.7512e-11
-1.81481e-18
-4.75352e-08
-0.00853033
-1.96064e-14
-1.04024e-07
2.59242e-15
1.57948e-06
4.3604e-11
1.51694e-11
-3.21655e-08
-2.13906e-14
0.211916
1.45867e-07
-3.58559e-14
2.03177e-09
2.65334e-10
-8.35045e-06
-1.99214e-05
-5.95763e-13
1.69292e-12
0.97501
3.47289e-12
0.658389
-1.64319e-11
-7.50392e-15
-9.23004e-15
-2.66295e-08
-6.34148e-10
8.05922e-10
-2.18525e-08
0.739487
-3.88192e-08
-0.000210602
1.00093
3.35129e-07
1.02284e-05
0.0211096
0.000260068
-0.00010296
-4.86908e-10
-6.21621e-10
-5.90985e-10
-1.27639e-12
-1.09708e-12
2.20555e-06
-9.44835e-18
5.4646e-13
-8.27272e-13
7.64448e-06
-0.00115442
-0.000199005
-8.87821e-13
-5.31749e-12
-0.00506771
-0.00383963
1.71078e-10
9.92443e-11
1.54047e-07
0.91765
8.58262e-12
2.9184e-14
0.000379198
-0.000106981
1.83546e-05
0.000280709
-0.000113738
3.13735e-14
-8.0903e-06
5.76075e-07
1.00927
1.00429
1.00996
1.0005
1.00288
0.999622
0.999815
0.999768
0.999512
0.999959
0.999821
1.00002
1
1.00001
1.00003
1
1.00001
0.999999
0.999999
0.999999
0.999998
1
0.999999
1
1
1
1
1
1
1
1
1
1
1
1
1
1
1
1
1
1
1
1
1
1
1
1
1
1
1
1
1
1
1
1
1
1
1
1
1
1
1
1
1
1
1
1
1
1
1
1
1
1
1
1
1
1
1
1
0.705216
0.183332
-6.93818e-15
-2.50439e-10
1.87121e-15
2.22572e-13
-1.88834e-14
0.106009
0.161579
1.55278e-05
1.21376e-11
-8.64893e-08
-1.59998e-10
4.22123e-17
-0.00948845
-8.25396e-05
6.13214e-09
-1.15169e-07
0.323259
3.61908e-16
2.52476e-16
-5.19679e-08
3.38396e-05
2.10952e-13
4.44765e-13
1.08922e-15
1.1019e-15
0.000265839
-5.19302e-10
-4.97866e-10
5.57846e-16
3.00293e-15
-8.65156e-14
-6.61635e-15
2.74814e-14
-0.0016156
-0.0092957
0.00117501
-3.36573e-17
-3.43861e-17
-2.54434e-17
-5.2365e-17
-7.0651e-06
1.21173e-05
0.000272291
0.000304097
0.0676589
1.92691e-06
-6.70631e-06
-7.53847e-14
-0.00541554
0.000585025
4.45751e-13
0.0712045
0.0315684
0.109768
-0.000250927
-4.27941e-06
0.882953
0.720368
-5.68277e-05
0.000222177
5.60686e-14
1.80888e-15
1
1
1
1
1
1
1
1
1
1
1
1
1
1
1
1
1
1
1
1
1
1
1
1
1
1
1
1
1
0.999999
1
0.999995
0.999996
0.999994
0.999991
1.00001
1
1.00004
1.00004
0.999994
1.00003
0.999878
0.999927
0.999849
0.999845
0.999944
0.999845
1.00027
1.00002
1.00101
1.00064
1.00197
1.00179
1.00166
1.00247
0.997905
1.00066
0.988259
0.994232
0.969444
0.980029
0.939005
0.95506
0.895516
0.917165
0.83973
0.866193
0.773954
0.8054
0.698379
0.733621
0.615308
0.653247
0.52395
0.56358
0.427898
0.467186
0.334599
0.371298
0.239642
5.27704e-05
0.000174644
1.24349e-05
-1.54547e-05
-1.96931e-05
-5.11202e-15
-9.28599e-15
-2.06287e-14
-2.13375e-14
-0.00838371
-0.0103316
-1.75986e-07
3.46819e-07
-2.3271e-12
-7.79201e-05
5.65084e-12
1.9781e-13
2.09221e-09
1.9678e-16
-0.00784069
0.0323759
2.47227e-15
-0.0110106
-0.00772794
4.28043e-13
0.274531
0.0766278
0.159476
1.54457e-05
1.0742e-05
0.18927
-2.98264e-15
-3.99345e-11
2.61526e-11
-7.01735e-05
4.95306e-07
2.64229e-07
1.4952e-09
-1.00056e-10
0.000373038
0.000411773
-7.2928e-08
-7.25137e-08
-5.1233e-13
1.66211e-05
-1.37105e-05
-0.000146486
2.86409e-12
1.14153e-12
1.66116e-11
-5.91069e-07
-8.40675e-09
-7.49504e-09
-4.14182e-14
-1.32121e-11
-7.40491e-10
-2.50857e-10
-9.12892e-10
1.00726
0.992244
-2.87009e-17
-3.68499e-14
2.21158e-06
6.3023e-17
4.97421e-17
1.59668e-16
0.239597
-0.00132315
-5.03945e-06
-3.06875e-14
-3.45429e-08
-9.43393e-08
-1.41781e-08
1
1
4.09043e-08
4.19632e-08
-4.22468e-08
-3.01101e-11
1.07567e-06
1.14925e-06
1.21499e-06
-0.000322716
-1.33222e-12
-8.03735e-13
-1.27793e-12
-7.51152e-13
-7.41203e-14
0.00239191
-0.00301171
-0.00762379
-0.00187655
1.09041e-11
2.2703e-12
3.80708e-13
7.21938e-16
1.03773e-15
-4.33811e-15
1.0686e-08
6.70581e-09
-1.77762e-07
-0.000642436
2.18647e-10
1.49222e-10
0.926392
0.0298576
3.01236e-13
-0.000280036
1.00652
1.0016
1.0051
0.999788
1.00058
0.99964
0.999493
0.999871
0.999658
1
0.999934
1.00002
1.00003
1.00001
1.00002
1
1
0.999999
0.999998
0.999999
0.999998
1
1
1
1
1
1
1
1
1
1
1
1
1
1
1
1
1
1
1
1
1
1
1
1
1
1
1
1
1
1
1
1
1
1
1
1
1
1
1
1
1
1
1
1
1
1
1
1
1
1
1
1
1
1
1
0.461913
1
-6.69971e-06
-6.32295e-07
-0.0115823
0.0791186
-2.41184e-16
2.81498e-05
2.59057e-14
-2.91684e-12
3.52416e-14
1.97024e-05
4.42185e-06
0.441637
-2.15238e-14
8.14884e-15
2.31473e-14
2.50247e-13
-5.15025e-10
-0.00367475
-0.011152
-3.36004e-13
2.8175e-07
-3.28181e-11
0.00958797
3.79351e-11
6.92432e-11
3.58113e-11
9.37748e-16
0.000193266
0.000256987
0.480209
1.26661e-15
1.90449e-15
0.980044
-7.27145e-15
-4.47875e-15
-1.01663e-07
0.145562
-9.2292e-10
-1.022e-09
1.45865e-09
-5.53342e-12
-2.60204e-12
0.380168
0.117097
4.88189e-12
-9.83655e-08
-1.25466e-07
1
1.0092
1.01154
1.00152
1.62205e-06
-7.37663e-06
1.60552e-05
0.000248947
-0.000166951
0.811422
0.898621
0.516607
0.000168962
-6.2997e-06
2.30978e-09
6.74403e-09
7.87012e-10
0.000359556
0.000310969
1.85959e-13
1.37471e-13
1
1
1
1
1
1
1
1
1
1
1
1
1
1
1
1
1
1
1
1
1
1
1
1
1
1
1
0.999996
0.999998
0.999992
0.999991
1.00001
0.999999
1.00004
1.00003
1.00001
1.00003
0.999917
0.999959
0.999878
0.999886
0.999892
0.999837
1.00009
0.999904
1.00077
1.00038
1.00187
1.00157
1.00203
1.00252
0.999355
1.00164
0.991677
0.996658
0.975671
0.985177
0.948707
0.963257
0.909063
0.92876
0.85655
0.882602
0.795321
0.82471
0.72372
0.758322
0.640058
0.678424
0.550199
0.589376
0.453512
0.495639
0.355593
0.398189
0.19301
0.177811
0.255693
-5.79115e-15
2.79639e-14
-2.56822e-14
-4.54595e-14
-0.00959054
0.00563626
7.6994e-07
1.90761e-06
-2.18672e-05
0.000309275
-1.68753e-08
1.4526e-15
-2.20234e-05
-1.43011e-05
-2.468e-12
-3.39703e-12
-0.00330706
-9.39539e-05
-0.000103299
-8.72972e-10
-4.17718e-10
-0.0111783
3.03009e-11
2.32887e-11
-2.45629e-14
-2.32329e-12
-1.74672e-12
-2.28765e-14
0.227186
1.01309e-15
3.63982e-16
5.62946e-07
8.02064e-05
3.26367e-05
1.05772e-06
9.21167e-07
-1.80055e-09
-0.00126084
0.0525963
1.93006e-11
-4.02046e-11
0.0457479
0.10569
2.77398e-13
-6.98052e-06
0.000118871
1.25148e-09
-7.73117e-11
5.02436e-16
2.56725e-16
8.18147e-16
-7.69666e-08
-6.57645e-08
1
3.06318e-12
2.34497e-11
0.0898452
0.017623
-8.67906e-08
-1.03091e-07
0.295333
0.000143365
0.000315527
9.11758e-05
-7.74303e-13
1.41373e-12
-1.17725e-12
-6.15338e-13
-1.88729e-12
-0.00493101
-0.00382035
2.19856e-10
1.50023e-10
3.66811e-08
-7.36896e-08
-6.88481e-15
-6.01918e-15
-8.91907e-15
-1.27377e-05
-4.04009e-06
-4.93718e-05
2.22325e-13
-5.56335e-09
-4.32852e-09
4.05701e-13
-8.49455e-15
-1.48349e-12
1.00315
1.00032
1.00206
0.999611
0.999788
0.999759
0.999524
0.999949
0.99981
1.00002
0.999991
1.00002
1.00003
1
1.00001
0.999999
1
0.999999
0.999998
1
0.999999
1
1
1
1
1
1
1
1
1
1
1
1
1
1
1
1
1
1
1
1
1
1
1
1
1
1
1
1
1
1
1
1
1
1
1
1
1
1
1
1
1
1
1
1
1
1
1
1
4.19175e-14
0.000228113
-2.38362e-14
1.61853e-13
2.09627e-05
0.221199
-3.21918e-09
-0.015172
-0.000129093
-0.000373861
0.000169748
0.0771881
0.282604
0.148604
0.140655
0.212232
-1.98718e-14
-2.18395e-14
-0.000969684
-7.55505e-06
0.00026023
-0.00078645
-0.00028091
0.000192245
1.13906e-16
1
3.19792e-13
4.03733e-13
1
1
1
1
1
1
1
1
1
1
1
1
1
1
1
1
1
1
1
1
1
1
1
1
0.999997
0.999999
0.999992
0.999992
1
0.999995
1.00003
1.00003
1.00002
1.00003
0.99995
0.999984
0.999911
0.99993
0.999857
0.999842
0.999947
0.999818
1.00051
1.00014
1.0017
1.00129
1.00226
1.00241
1.00063
1.00223
0.994639
0.99864
0.981608
0.989244
0.958263
0.971358
0.92173
0.940644
0.874993
0.899249
0.817426
0.846775
0.748585
0.781152
0.667106
0.702582
0.574604
0.610724
0.483444
0.521719
0.388834
0.330657
0.435683
5.0614e-08
-7.18327e-08
8.58671e-07
-8.22707e-07
1.87897e-06
2.18693e-14
-1.60155e-14
0.0208177
0.0680315
1.20961e-06
-7.26384e-06
-0.00742323
-0.00937783
0.000463583
0.000330331
-0.00682734
-0.0149114
-3.48354e-10
6.30455e-09
-2.05358e-05
-0.000121693
1.09525e-16
3.35772e-16
2.46441e-16
0.800147
-5.13849e-12
1.00668
6.43089e-14
5.30999e-14
1
1.00742
1.0082
-3.30095e-10
-7.68404e-11
-0.00621224
5.17918e-08
1
4.428e-11
-3.85005e-14
-5.66826e-08
-3.40811e-12
-3.94451e-12
-0.000159154
1
1.01123
5.41715e-11
2.14273e-11
-0.00306925
1.26518e-09
-1.66287e-09
0.000170291
0.000111068
1.32779e-06
1.5707e-10
4.74932e-12
1.98765e-05
2.3298e-05
-1.93947e-15
-0.00162016
-4.11586e-11
2.37961e-10
7.56595e-07
9.80887e-07
2.82357e-14
-7.48183e-15
3.25713e-16
-0.00804859
-4.78892e-17
4.06444e-09
-1.52905e-07
0.967021
0.990011
0.880757
-8.80637e-08
-1.22197e-07
-7.60627e-13
0.406815
0.52581
0.186207
5.84022e-09
4.91803e-09
2.24415e-09
4.7199e-13
2.72427e-11
3.08684e-11
-4.37516e-11
-1.10974e-07
-6.10468e-08
1.27607e-13
-1.33108e-05
-1.8578e-05
-9.97289e-13
0.000257582
0.000234589
1.75196e-06
4.22908e-11
6.53445e-11
-0.0105957
-1.28534e-09
-1.21087e-09
-0.00714446
-0.00703087
3.81229e-05
-4.51448e-15
3.32717e-14
2.68941e-09
3.39492e-10
-8.97577e-15
-7.86758e-15
-8.61751e-15
-1.05972e-05
-3.65207e-09
-1.0436e-10
1.81111e-06
8.25546e-07
-7.2839e-06
-5.94508e-16
0.014483
0.00041286
-0.000239996
1.02673e-12
1.33647e-11
-4.13714e-12
1.00543
5.83824e-08
5.73665e-08
1.00132
1.00409
0.999727
1.00042
0.999636
0.999493
0.999871
0.999672
1
0.999931
1.00002
1.00002
1.00001
1.00002
1
1.00001
0.999999
0.999999
0.999999
0.999999
1
1
1
1
1
1
1
1
1
1
1
1
1
1
1
1
1
1
1
1
1
1
1
1
1
1
1
1
1
1
1
1
1
1
1
1
1
1
1
1
1
1
1
1
1
1
1
2.16424e-13
0.00057049
1.00185
2.02575e-14
-0.00273448
0.000429476
-4.45769e-13
-1.46165e-09
-1.47281e-09
1.77436e-13
-1.07368e-14
-9.34288e-13
-2.36291e-13
-1.32778e-07
-1.22056e-07
1.13979e-06
6.13416e-16
2.4578e-05
0.000123758
0.000523832
0.037442
1.60077e-13
-1.75609e-14
-2.02459e-14
6.81748e-16
1.15714e-07
6.26653e-07
-5.34803e-08
1.48286e-13
1.12072e-13
2.06591e-09
0.000129641
-0.00239997
-0.00307245
0.031002
1
1
-3.17019e-12
-1.73757e-12
1
1
1
1
1
1
1
1
1
1
1
1
1
1
1
1
1
1
1
1
1
1
0.999999
1
0.999992
0.999993
1
0.999993
1.00003
1.00002
1.00002
1.00003
0.999978
1
0.999943
0.999964
0.999848
0.999859
0.999855
0.999769
1.0003
1.00001
1.00144
1.00102
1.00222
1.00217
1.00134
1.00232
0.996773
0.999893
0.985863
0.992143
0.966275
0.976984
0.934335
0.950646
0.892574
0.913819
0.840015
0.866962
0.770627
0.802389
0.686178
0.720953
0.589692
0.622507
0.497351
0.520236
-3.10116e-12
-3.00252e-12
-6.99253e-06
2.13516e-05
-0.00509821
-0.00953309
0.000204005
-0.00012666
-0.0182614
-0.00654901
1.17322e-08
-0.000144457
6.34239e-05
1.00993
1.0101
-9.13119e-13
-1.10099e-07
5.74345e-08
-2.36867e-08
9.1659e-14
6.84727e-09
0.000325476
1.03542e-08
5.99771e-08
1.01004
0.435504
2.0733e-11
-2.32569e-12
-5.52505e-12
-0.00202113
2.94656e-09
2.69354e-09
-3.26036e-09
4.94829e-11
1.00784e-06
-4.15395e-08
-1.51436e-11
3.31545e-13
-0.000344297
1.28486e-07
9.49488e-07
-1.51519e-09
-1.06698e-14
2.43865e-07
5.54391e-13
-1.7529e-14
0.97733
0.948336
-0.0108235
0.415644
0.267617
0.328487
2.88455e-12
-3.20381e-05
-4.50234e-05
0.098754
0.107803
4.42513e-14
7.56655e-14
-4.46675e-13
0.0315322
-0.0182805
-0.000137956
1.47907e-10
-1.60712e-09
3.34731e-11
9.20729e-07
-6.18347e-15
9.84419e-09
0.00943255
0.775529
0.856433
0.520652
3.79256e-13
0.120649
7.47777e-09
8.15096e-12
3.6018e-11
0.192671
0.18786
0.268769
0.000297382
0.000351134
-2.47024e-05
-1.10646e-05
-1.60392e-10
9.66933e-05
5.47643e-14
1.09485e-13
-1.41741e-06
-0.0052235
5.41037e-05
-0.00840622
-0.00933471
-1.21119e-07
-9.1009e-08
-0.0101779
-5.92371e-10
-5.69746e-10
0.000307756
0.000276426
-6.22326e-09
-6.8135e-06
-3.4363e-06
-2.7692e-14
-6.43521e-06
1.48568e-06
2.1472e-09
9.9921e-09
-5.90362e-11
2.38044e-11
-1.57075e-07
-1.88247e-07
1.00836
-7.6933e-06
0.00015612
1.00287
1.00695
1.00006
1.00149
0.999541
0.999561
0.999767
0.999516
0.999963
0.999843
1.00002
1
1.00002
1.00003
1
1.00001
0.999999
1
0.999999
0.999998
1
0.999999
1
1
1
1
1
1
1
1
1
1
1
1
1
1
1
1
1
1
1
1
1
1
1
1
1
1
1
1
1
1
1
1
1
1
1
1
1
1
1
1
1
1
1
6.37541e-09
-0.0155982
0.203942
0.00017319
3.31213e-09
3.83902e-09
-7.21857e-15
-2.10499e-15
-2.63158e-12
1.73185e-06
1.27135e-06
7.48199e-07
2.87492e-13
-9.22481e-08
6.69774e-08
-0.000141158
2.90758e-13
5.09626e-13
0.391664
-3.18076e-12
-4.74395e-12
6.49345e-12
-5.06365e-11
-5.1836e-11
6.79378e-16
2.85874e-15
-4.83128e-10
6.969e-09
2.40357e-09
-0.0055008
-0.0145599
0.0630283
4.1338e-05
-6.55777e-06
-7.59625e-05
-0.000145503
0.000676464
0.000321193
3.372e-14
2.9604e-14
1
1
1
1
1
1
1
1
1
1
1
1
1
1
1
1
1
1
1
1
1
1
1
1
0.999993
0.999995
0.999996
0.999992
1.00002
1.00001
1.00002
1.00002
0.999996
1.00001
0.999969
0.999991
0.999842
0.999877
0.999788
0.999746
1.00016
0.999906
1.00126
1.00083
1.00206
1.00186
1.00166
1.00226
0.998254
1.0006
0.989414
0.994405
0.972559
0.981936
0.944908
0.959421
0.908953
0.92831
0.859497
0.884406
0.79028
0.819301
0.703178
0.738367
0.595565
0.634999
0.482289
0.513358
-3.76273e-12
-5.79298e-12
-2.84072e-10
-7.04614e-10
-1.80588e-10
-0.00384498
-0.00122037
-0.000401879
-0.00475924
2.40901e-05
-5.7531e-05
0.00343602
-0.00547394
-0.000239686
-0.000356157
0.00721767
0.0538109
0.000243773
0.000643031
0.988895
-3.33606e-08
-9.40314e-08
-1.65362e-08
2.203e-07
-1.86895e-05
-2.79407e-05
-1.88489e-05
-0.000128456
-3.84402e-10
4.78845e-08
-1.33931e-05
-4.89587e-09
-4.32981e-09
8.28717e-09
4.17481e-12
-2.40656e-12
-5.04858e-10
-0.0204439
-0.0200143
1.82875e-07
0.141512
-0.00865425
1.34121e-06
1.37264e-06
1.01093
4.50846e-14
0.404686
-2.23576e-12
-5.27472e-13
-5.37144e-06
-5.54049e-06
-1.15649e-07
0.000158229
0.0278305
4.69766e-07
1.47269e-14
-2.08399e-07
-2.45314e-07
4.26066e-09
1.79201e-10
0.000255706
-0.000274372
0.000526558
-1.11464e-12
-1.75687e-09
3.56098e-09
-5.1116e-10
-7.73773e-10
6.56317e-09
-1.40665e-08
2.24513e-10
1.27367e-13
6.62069e-11
3.97827e-11
1.17287e-11
3.76113e-11
3.02841e-12
0.00163247
0.0440114
0.398475
0.201112
0.138146
0.149909
1.01332
0.000210731
1.3005e-13
3.81407e-11
3.11974e-13
1.17688e-13
-0.0083109
-0.0137785
9.08013e-07
7.17793e-07
-8.3236e-14
-7.82952e-15
-7.50949e-13
0.943215
0.905741
-6.43771e-12
-4.78688e-12
0.000357631
0.000429946
2.35097e-05
-1.07707e-05
-2.77998e-06
1.00546
-5.97627e-11
-7.55474e-11
0.238278
0.249078
2.12735e-05
-3.08052e-10
-6.90037e-11
1.00554
1.00098
1.00383
0.999559
1.00004
0.999625
0.999374
0.99989
0.999693
1.00001
0.999959
1.00002
1.00003
1.00001
1.00002
1
1
0.999998
0.999998
0.999999
0.999998
1
1
1
1
1
1
1
1
1
1
1
1
1
1
1
1
1
1
1
1
1
1
1
1
1
1
1
1
1
1
1
1
1
1
1
1
1
1
1
1
1
2.96491e-07
1.17068e-06
-0.00802306
-0.00320816
-1.54002e-09
-8.62775e-08
0.201058
-0.000343814
1.29079e-06
7.67288e-14
6.91873e-14
1.53122e-13
0.960607
-4.23766e-12
-3.85828e-08
-8.85688e-08
1.91661e-07
-4.21499e-06
2.06702e-05
-2.92863e-13
0.108714
-5.19084e-09
-5.56325e-09
-2.07507e-12
-1.61255e-12
2.24605e-11
-1.83792e-09
1.47973e-11
4.34314e-11
9.71689e-10
-2.5343e-10
1.03489e-08
5.19181e-09
0.0249596
-0.0200202
0.722887
0.786149
0.474099
0.000161444
3.70051e-05
0.338738
-0.000114516
-8.33849e-10
0.000102231
-0.000227779
1.24192e-13
1.26485e-13
1
1
1
1
1
1
1
1
1
1
1
1
1
1
1
1
1
1
1
1
1
1
0.999994
0.999997
0.999995
0.999992
1.00001
1.00001
1.00002
1.00002
1.00001
1.00002
0.999987
1.00001
0.999849
0.999895
0.999768
0.999747
1.00007
0.99986
1.00108
1.00068
1.00177
1.00152
1.00163
1.00197
0.999051
1.00077
0.991811
0.996097
0.977762
0.985941
0.954668
0.967308
0.923571
0.941094
0.874874
0.897887
0.801646
0.828644
0.711211
0.73977
0.607933
0.645376
-6.99717e-13
-5.72032e-12
-0.0178667
-0.0196653
0.0184034
-0.00918176
-0.0190907
-0.000105382
-0.000136921
0.0222844
0.00242452
-0.00152007
-0.00821608
2.01691e-13
2.02574e-13
1.00759
0.987439
0.097417
0.191292
0.000757162
0.000304395
0.341419
1.14959e-06
-1.45872e-07
1.74422e-06
-5.62442e-10
5.21638e-08
-1.78144e-05
3.41025e-07
-2.52875e-05
-0.00135545
-5.058e-12
0.000315915
-9.35736e-11
0.296953
0.307307
2.12882e-08
2.2207e-08
-0.0097382
1.78777e-11
9.72667e-12
9.82952e-11
-1.99771e-05
0.138454
0.335944
0.0776274
-5.98992e-12
-4.39663e-08
4.04677e-11
-6.9235e-11
-0.000273617
0.000249317
4.53687e-09
1.19544e-11
-2.74717e-13
1.01194
1.67105e-11
-6.70606e-10
0.872111
0.820733
0.0887091
-8.48215e-05
2.86412e-11
2.15908e-11
1.01534
2.50156e-13
9.33509e-10
4.14686e-09
-1.13978e-10
0.00114671
-0.00828852
0.000384251
0.485517
-7.00401e-08
-1.29594e-07
-5.72546e-08
1.30085e-06
-1.69864e-12
-1.35575e-12
-7.39592e-12
-6.32712e-06
-2.59245e-05
0.000262823
0.000466895
0.000753103
6.16756e-07
-4.46614e-06
1.35305e-06
5.48161e-07
-2.61488e-07
-3.00124e-07
6.94066e-14
0.000285283
-2.63355e-08
-1.21578e-09
-4.71239e-09
-5.56048e-09
1.01175
3.13882e-13
4.19977e-11
6.16192e-11
3.34541e-08
1.62994e-11
5.25506e-14
0.000102348
4.55678e-05
1.00272
0.999805
1.00106
0.999435
0.99927
0.999748
0.99943
0.999976
0.999851
1.00003
1.00002
1.00002
1.00004
1
1.00001
0.999998
1
0.999999
0.999997
1
0.999999
1
1
1
1
1
1
1
1
1
1
1
1
1
1
1
1
1
1
1
1
1
1
1
1
1
1
1
1
1
1
1
1
1
1
1
1
1
-8.3644e-12
-7.55665e-11
-0.00202083
-0.00354293
0.000272812
-0.0100082
-0.00525976
1.61681e-13
-1.94695e-05
-7.59315e-06
0.000833528
-1.30647e-12
-7.05597e-13
-0.0238278
0.000548194
0.000846815
1.75971e-08
1.99048e-13
1.18973e-05
-3.47834e-12
-3.64063e-12
-1.81768e-09
-1.7963e-09
3.89664e-09
2.40218e-11
2.05192e-11
4.59551e-11
0.149353
0.405964
-3.65067e-12
-6.47069e-12
0.541918
0.992798
3.05282e-08
-0.000725471
-0.00324888
1.50785e-06
1.34791e-06
1
1
1.01298
1.00739
1
1
1
1
1
1
1
1
1
1
1
1
1
1
1
1
1
1
0.999996
0.999998
0.999995
0.999993
1.00001
1
1.00001
1.00001
1.00002
1.00002
1
1.00002
0.99986
0.999914
0.99977
0.999766
1.00002
0.999851
1.00092
1.00054
1.00141
1.00115
1.00145
1.00161
0.999514
1.0009
0.99392
0.997606
0.983076
0.990042
0.963977
0.975379
0.936448
0.952484
0.885829
0.908162
0.80312
0.830452
0.701389
0.727209
8.48736e-12
3.86828e-13
-6.54109e-05
0.000438981
0.0718793
0.0410178
-0.0139766
-0.023166
1.03002e-05
-0.000569955
-1.42992e-13
1.00914
1.01584
-6.2019e-10
-2.4967e-10
-4.11126e-13
-1.69834e-08
1.76108e-13
1.33213e-07
-3.82782e-06
1.60539e-06
-0.0105195
1.00733
3.57362e-11
3.16797e-11
1.26665e-06
-2.15359e-10
-0.0127538
0.000415984
-4.4409e-08
4.30432e-08
0.381644
8.47062e-09
7.34337e-09
0.708988
-2.16776e-05
0.000243095
-0.0137785
-0.0104706
2.58937e-08
-0.000115253
-0.000137169
-1.07163e-07
5.5387e-09
-0.00116949
-0.000344827
0.390889
3.00219e-05
-8.83885e-06
0.0105287
-0.0047783
-9.88427e-08
4.27044e-11
4.67997e-11
3.10303e-09
8.01634e-09
1.74784e-09
0.595367
0.642154
0.359034
1.38868e-09
-7.98844e-08
0.463112
0.525183
-0.000100962
3.59808e-11
0.598236
6.1616e-10
-1.15559e-07
0.0544463
0.0457862
0.140658
-1.28618e-10
-1.58185e-10
-4.97176e-12
3.18723e-11
-2.24061e-12
-5.41645e-12
4.6083e-07
3.25489e-07
1.36405e-06
1.367e-13
0.911601
0.273628
-3.01991e-07
-3.42503e-07
-3.29121e-05
0.000436691
-3.67919e-06
1.30158e-05
3.04889e-07
-1.90097e-12
0.766558
-2.72644e-06
-1.72322e-08
0.946465
-2.37347e-09
-3.51011e-09
-8.40851e-08
-1.39708e-07
2.39369e-10
-4.57218e-10
0.616215
0.382415
0.267245
-1.81306e-09
-1.6438e-09
1.01314
1.97923e-06
1.02636e-06
-0.0196608
1.00086
0.999447
0.999897
0.999557
0.99922
0.999874
0.999617
1.00001
0.999944
1.00003
1.00004
1.00001
1.00003
1
1.00001
0.999998
0.999998
0.999999
0.999998
1
0.999999
1
1
1
1
1
1
1
1
1
1
1
1
1
1
1
1
1
1
1
1
1
1
1
1
1
1
1
1
1
1
1
0.175402
1
-2.21309e-12
-0.00387183
0.465026
0.000875746
0.448532
0.206969
3.76196e-08
3.33628e-08
3.88685e-10
0.363922
0.181363
0.655316
-2.9317e-12
4.50632e-09
2.14128e-05
0.552978
-2.87937e-05
-1.42317e-05
1.00585
1.00404
1.01324
2.14825e-12
-1.54717e-12
0.000210062
0.000445645
0.000144303
-0.000163789
-3.33716e-05
-0.00666429
-0.0180102
-6.7859e-08
-1.96713e-08
2.03823e-12
5.80923e-11
0.488956
0.494542
0.573487
5.99023e-07
-3.73993e-06
3.62098e-11
-9.32468e-11
0.842991
0.699429
3.96663e-11
0.958931
0.877531
1
0.120827
1
1
1
1
1
1
1
1
1
1
1
1
1
1
1
1
0.999997
0.999999
0.999994
0.999993
1.00001
1
1.00001
1.00001
1.00002
1.00002
1.00001
1.00003
0.999879
0.999937
0.999792
0.999797
0.999998
0.999847
1.00074
1.0004
1.00096
1.00071
1.00117
1.0012
0.999938
1.00102
0.996277
0.999372
0.988525
0.994745
0.973189
0.983457
0.94813
0.963387
0.892812
0.91693
0.799138
0.835452
0.677041
2.64702e-11
1.93578e-11
2.37908e-07
3.3951e-08
0.000731949
0.000929346
-0.00150152
-0.00588725
1.00822
1.01758
0.984551
-1.36407e-10
-4.04399e-12
0.323115
0.408394
0.115642
-8.57747e-06
5.0619e-11
6.50678e-11
-0.0255137
-0.0253735
0.0565513
-0.0125687
0.408364
3.48818e-08
1.53195e-07
1.56821e-12
8.91122e-13
1.62463e-11
-0.00860766
-0.000204299
-6.60301e-08
-3.81434e-10
8.26928e-07
2.92758e-08
5.01413e-09
-5.02333e-06
-1.53392e-07
-0.00255742
-0.00130011
0.000393422
6.30802e-09
-8.15588e-10
-4.54281e-10
0.000604924
-1.06788e-05
0.00010515
0.0355906
0.00841865
3.59746e-11
6.52158e-11
5.84778e-09
-0.00783295
3.737e-09
-0.0012249
-1.48964e-09
-1.6967e-09
5.05349e-09
-4.40399e-12
-1.95281e-10
0.217123
0.349171
5.1649e-11
4.60449e-11
2.19397e-11
1.68165e-06
1.35299e-06
-0.000920105
-7.573e-05
-2.29121e-06
-0.000143261
7.45754e-09
8.70659e-09
-0.00274122
0.00374
-3.32055e-07
-3.6579e-07
8.82676e-05
-9.99185e-08
-1.02747e-07
4.77361e-05
-8.7568e-06
-4.28026e-06
2.67793e-06
6.25268e-07
4.95678e-07
1.59329e-06
0.999869
0.999424
0.999339
0.999729
0.999414
0.999966
0.999817
1.00003
1.00002
1.00002
1.00004
1
1.00002
0.999998
1
0.999998
0.999997
1
0.999999
1
1
1
1
1
1
1
1
1
1
1
1
1
1
1
1
1
1
1
1
1
1
1
1
1
1
1
1
0.000154339
-0.0157691
5.97641e-09
1.04925e-08
-0.00640065
0.337296
0.513698
0.163072
0.000577085
0.000349585
4.14148e-08
3.80127e-08
-3.56962e-08
0.0949671
0.0778754
0.20156
2.44755e-09
2.80786e-10
-0.0247614
-3.4286e-09
-1.03008e-10
-3.8741e-10
-1.24282e-11
-0.00287134
0.584233
0.00029779
-1.84929e-10
-1.37672e-10
-3.21182e-10
0.700363
8.34085e-12
1
1
1
1
1
1
1
1
1
1
1
1
1
1
1
0.999998
1
0.999994
0.999994
1
0.999999
1
1
1.00002
1.00002
1.00002
1.00004
0.999906
0.999962
0.999829
0.99984
0.999975
0.999855
1.00052
1.00024
1.00044
1.00023
1.00088
1.00075
1.00048
1.00119
0.99908
1.00148
0.994653
0.999883
0.982427
0.991937
0.95765
0.971751
0.896368
0.917974
4.56221e-11
6.47145e-07
3.95437e-07
0.000823286
-0.0107266
-0.0230166
-0.000608555
-0.000270196
-0.00245135
-2.16617e-05
-2.87974e-05
-2.14839e-05
0.000924295
0.000802369
0.000919226
0.504595
1.46984e-07
3.08759e-07
-0.0113647
0.710078
0.0269083
-1.10843e-09
0.00405661
2.88844e-07
5.5656e-07
-4.07653e-06
0.674896
3.57345e-11
8.41161e-11
-1.18167e-07
-4.99815e-08
1.44243e-06
0.111869
-1.62835e-05
-0.00504313
-0.00354704
-1.18004e-07
2.60871e-09
0.0844745
0.0494765
1.01342
-1.49616e-11
5.45277e-11
1.0014
1.00275
1.15798e-06
9.59985e-07
6.34171e-09
1.59302e-06
-0.0226595
0.000476092
-5.07624e-10
-1.26447e-09
7.43995e-09
3.23949e-09
-2.62056e-10
-4.65072e-10
-0.00960561
4.01581e-11
1
1
0.806034
0.453642
0.56103
1.56311e-06
-2.43893e-05
-3.06096e-05
-3.22827e-11
-2.11316e-10
-3.04092e-09
-3.19313e-08
6.79167e-09
1.00914
1.01603
0.738686
0.000112854
0.000550173
0.897912
0.742282
-0.00246464
-0.00113399
0.990407
1.00669
0.934043
-0.000174137
7.58716e-05
5.42162e-09
1.04295e-08
-0.0238173
0.00048033
0.000217727
-3.28283e-07
-3.46302e-07
1.00765
0.0173468
0.843235
1.00522
-5.37391e-10
-5.47591e-10
-0.00833133
5.93871e-09
1.00076
1.00364
0.12324
0.143138
0.999434
0.999878
0.999554
0.99925
0.999873
0.999624
1.00002
0.999947
1.00003
1.00004
1.00001
1.00003
1
1.00001
0.999998
0.999998
0.999999
0.999998
1
0.999999
1
1
1
1
1
1
1
1
1
1
1
1
1
1
1
1
1
1
1
1
1
1
1
1
1
7.43419e-08
-7.49478e-08
1
0.71959
0.654349
0.796789
-0.0127332
1.00953
2.61166e-05
-1.29117e-05
0.290108
-1.24281e-05
-3.29629e-06
-0.0109345
-1.91787e-05
-0.000156507
-0.0284679
-0.0153845
3.68399e-08
3.54711e-08
-8.11281e-08
5.73154e-09
1.76041e-09
6.98533e-11
4.53325e-11
-4.30048e-11
1.33961e-06
2.039e-06
-0.015517
-0.0267507
1.01142
1.01082
1.01432
1
1
1
1
1
1
1
1
1
1
1
1
0.999999
1
0.999995
0.999996
1
0.999997
1
0.999998
1.00002
1.00001
1.00003
1.00004
0.999938
0.999992
0.999876
0.999898
0.999955
0.999881
1.00027
1.00006
0.999864
0.999694
1.00059
1.00031
1.00112
1.00139
1.00225
1.00381
1.0011
1.00523
0.991032
0.999571
0.962437
0.975774
0.888325
0.909189
-0.000643525
0.238523
-0.0121964
1.94454e-06
1.34501e-06
6.58173e-07
8.18468e-07
8.98021e-09
0.812384
0.990509
0.969979
1
0.0248765
-0.00825165
-0.00669612
-5.29187e-11
4.28328e-11
0.00013991
2.87835e-07
4.87249e-07
7.39e-07
-2.39139e-07
0.000659211
-1.54834e-10
-3.74402e-11
0.000333576
2.63016e-08
7.37269e-09
1.55674e-06
1.684e-06
-2.65527e-10
-6.37518e-10
-1.69362e-10
0.0621595
4.70707e-09
2.7948e-08
-5.81227e-10
-3.22084e-10
-7.00984e-10
7.2533e-09
-2.94269e-07
0.0497852
0.000169251
0.000485585
-1.35132e-05
-3.44357e-10
-5.42695e-10
-0.00492068
-0.0137016
-2.17478e-08
-5.68898e-09
0.00110347
0.000984577
0.000839187
-0.00482636
-0.0031479
0.131047
0.0890693
-4.29418e-09
5.74698e-09
0.288908
0.270291
0.434828
-7.2711e-06
-1.45134e-05
0.177599
0.201527
-3.24421e-05
-2.33197e-05
5.2418e-09
0.75581
1.00874
1.00243
1.00692
0.999701
1.00095
0.999386
0.999218
0.999724
0.999388
0.999969
0.999817
1.00003
1.00002
1.00002
1.00004
1
1.00002
0.999998
1
0.999998
0.999997
1
0.999999
1
1
1
1
1
1
1
1
1
1
1
1
1
1
1
1
1
1
1
1
9.53864e-05
3.80561e-05
0.00435719
5.06795e-07
-0.000809771
-0.00129385
-0.00236089
-0.00418677
-0.000168093
0.000218029
-8.37366e-08
-7.09755e-08
-0.0139241
0.0089252
-1.71781e-07
-2.40888e-10
-0.027791
0.00424417
8.91581e-09
4.58833e-07
6.99488e-07
0.653534
-1.47733e-07
1
1
1
1
1
1
1
1
1
1
1
0.999996
0.999997
0.999999
0.999997
0.999996
0.999994
1.00001
1.00001
1.00004
1.00004
0.999979
1.00002
0.999936
0.999964
0.999937
0.999905
0.999985
0.99986
0.999291
0.999176
1.00038
0.999927
1.00187
1.00172
1.00558
1.00607
1.00737
1.01023
0.998204
1.00549
0.961728
0.977739
0.869822
0.896666
5.39045e-09
1.69753e-06
0.346474
0.622718
0.833725
0.88118
0.684939
4.85293e-10
4.00006e-09
-3.75023e-10
-3.05261e-07
-1.94662e-07
-1.27726e-07
0.267512
-2.15652e-07
-2.12794e-07
0.000350958
5.65773e-08
-6.21058e-06
1.88436e-06
0.780129
0.000287941
-4.03705e-05
-0.000159892
0.000204599
1
-0.0103095
-0.011471
-0.0106715
1.27264e-06
4.76908e-09
-2.80725e-10
-3.92433e-10
-3.08334e-10
8.5307e-07
9.90727e-07
0.47685
-8.632e-06
-4.78175e-06
0.000548173
-0.00670969
-0.00765964
0.276549
-0.00767234
0.000621074
0.103678
0.116284
1.03863e-08
-4.93548e-10
-8.00858e-10
-4.7018e-10
0.0664724
-2.21305e-05
6.08609e-09
-1.71377e-07
1.44754e-06
2.12674e-06
6.73964e-08
1.00402
7.40211e-10
8.50072e-09
-4.50324e-10
2.20573e-10
1
1.01541
1.01414
-0.0201967
-0.0183031
-0.027014
-5.15009e-08
-3.43144e-08
0.000288065
-0.00183276
0.00120609
0.00111863
0.000544702
0.22091
0.174747
4.49507e-09
5.91996e-09
1.19095e-08
-2.25122e-08
-7.3714e-09
0.555749
6.79659e-07
9.25372e-07
1
-0.00592734
-0.00198228
0.000126829
1.78561e-05
0.257556
0.978469
0.951112
1.00491
0.0358867
1.00053
1.00326
0.999383
0.99972
0.999575
0.999247
0.999889
0.999657
1.00002
0.999961
1.00003
1.00004
1.00001
1.00003
1
1.00001
0.999998
0.999998
0.999999
0.999998
1
0.999999
1
1
1
1
1
1
1
1
1
1
1
1
1
1
1
1
1
9.84434e-09
1.06986e-06
0.538082
-7.46156e-10
-6.0496e-10
-3.68068e-10
0.437174
1.07795e-06
1.18847e-06
-1.64491e-05
0.411892
-1.0282e-07
-8.62233e-08
-1.19985e-07
0.36741
0.803209
0.877272
0.559652
0.0432078
-2.69331e-05
-1.94375e-05
-3.20081e-05
0.000479894
0.000458639
1.13952e-08
1
1
0.389259
1
1
1
1
1
1
1
1
0.999998
0.999999
0.999998
0.999997
0.999993
0.999992
1.00001
1
1.00004
1.00004
1.00002
1.00005
0.999993
1.00002
0.999911
0.999917
0.999674
0.999615
0.998767
0.998706
1.00034
0.99978
1.00285
1.00244
1.00883
1.00873
1.0119
1.01409
1.00098
1.00706
0.954529
0.971599
0.846564
0.870807
-3.16169e-06
-1.22499e-05
-1.5466e-07
-0.015964
2.13291e-06
2.10169e-06
9.13875e-07
0.334362
0.439454
-3.03381e-08
1.01371
9.25993e-07
1.21098e-06
-6.0667e-10
-8.28436e-10
0.000527747
-0.000129813
0.000421909
-0.000287044
0.128616
3.25979e-07
1.60494e-06
-0.013472
-0.0144674
-8.30689e-08
-7.20983e-08
0.167655
0.192523
0.341204
0.533558
0.289265
-0.0111566
0.000289448
-0.000741118
0.00064046
0.906247
-4.77184e-08
0.00123451
-1.27798e-05
-3.27623e-05
0.730971
-2.45452e-07
-1.00942e-07
2.79013e-07
1.81799e-06
3.97952e-09
1.35838e-09
1.01162
1.01238
0.627877
1.83445e-09
9.14389e-09
-0.010565
0.515095
0.524006
0.775902
-0.0226229
0.0293209
0.000812288
0.0012064
0.981158
0.92895
-0.00392961
-0.00966217
2.67413e-09
6.13583e-09
3.40577e-10
1.27281e-06
1.36773e-06
0.581263
0.000620497
0.000338903
-0.0119362
-0.0160637
0.378532
-3.24455e-08
-3.48199e-09
0.0876916
8.13693e-08
-7.85825e-08
1.00173
0.999604
1.00064
0.999431
0.999252
0.999759
0.999442
0.999977
0.999838
1.00003
1.00002
1.00002
1.00004
1
1.00002
0.999998
1
0.999998
0.999997
1
0.999999
1
1
1
1
1
1
1
1
1
1
1
1
1
1
1
1.65781e-06
6.80922e-07
-0.0124204
2.31692e-06
2.24349e-06
0.000105266
-0.000310273
0.693242
1.01328
0.506749
-0.0223893
-0.0246093
1
1
1.01787
-0.00932724
-0.00389188
1.01195
1
1
1
1
1
1
0.999999
1
0.999997
0.999997
0.99999
0.99999
1.00001
1
1.00005
1.00004
1.00005
1.00007
1.00004
1.00006
0.999847
0.999881
0.999307
0.999321
0.998321
0.998298
1.00066
1.00001
1.00438
1.00378
1.0126
1.01186
1.01556
1.01742
0.998747
1.00692
0.935783
0.949331
0.67655
0.268616
0.454235
-1.78336e-08
-7.66619e-09
-2.03398e-07
0.0202866
0.997624
-2.4083e-10
-9.04372e-10
-0.00652444
-0.000127742
-1.39128e-07
0.763882
-4.81685e-05
0.000641893
5.87543e-09
-6.85026e-08
1.00161
-0.0248429
1.00725
-9.88143e-08
-1.08277e-07
1.53441e-06
-0.0031216
6.78148e-10
0.704998
5.04898e-09
6.77175e-09
1.81245e-07
1.01144
-0.000264897
-0.00233333
0.000359956
-4.51866e-09
0.70465
0.460538
-0.0269594
-1.82166e-05
1.00559
0.000592156
-0.00118173
8.38193e-05
0.000270407
2.73805e-05
-2.35505e-06
2.82358e-07
2.26471e-06
2.15439e-06
9.97769e-09
-2.45178e-09
-8.75649e-08
-1.20385e-07
1.01362
0.0827258
0.22875
0.957663
0.92776
0.821419
-8.43996e-06
-4.39854e-06
0.00108318
-0.000664431
-1.14263e-06
6.82787e-08
-1.06028e-05
-5.77402e-05
0.820437
-0.014742
-0.02496
-4.98075e-10
1.41461e-06
1.46986e-06
0.000390997
-0.0147561
-0.0127698
1.16958e-06
1.44462e-06
-0.00132135
-0.000364336
0.387795
0.20309
0.827453
2.3466e-08
4.0371e-07
-9.19419e-08
0.728687
2.02886e-09
0.0492095
0.147492
0.0201104
1.0133
-0.00632605
-0.00459309
-0.0120725
-0.0171831
0.05885
1.00019
0.999395
0.999584
0.999612
0.999309
0.999903
0.999692
1.00002
0.999968
1.00003
1.00004
1.00001
1.00003
1
1.00001
0.999998
0.999998
0.999999
0.999997
1
0.999999
1
1
1
1
1
1
1
1
1
1
1
-2.38043e-08
-4.38671e-08
2.02622e-06
1.08943e-06
-0.00587215
-0.00481393
-0.0129374
1.27516e-09
0.756583
1.00967
1.015
0.848922
-2.36749e-05
0.688404
9.8172e-10
1
1
1
1
1
1
0.999999
1
0.999996
0.999996
0.999989
0.99999
1.00001
1
1.00006
1.00005
1.00008
1.00009
1.00005
1.00007
0.999713
0.999761
0.998911
0.998998
0.998072
0.998118
1.0016
1.00083
1.00665
1.00582
1.01655
1.01534
1.01769
1.01886
0.996589
1.00737
-3.47122e-05
9.32881e-06
-2.19676e-05
0.585146
0.000661193
0.000473085
-5.69332e-08
-1.58778e-08
1.00356
1.0084
0.810705
1.37654e-06
1.34803e-06
2.10956e-07
2.61223e-08
-7.67816e-05
0.0875564
-0.0125938
-5.72825e-08
1.00221
-0.00288745
0.993516
1.00751
0.940191
0.878479
8.1487e-07
4.79749e-09
5.05199e-09
8.10762e-09
-4.92133e-05
0.0507072
0.00424132
0.000179594
0.000435477
0.000107343
-6.80041e-05
0.744753
0.599717
0.00661405
-8.09641e-08
-2.06915e-06
-3.46323e-06
0.00103846
0.00112767
1.61626e-06
-5.51821e-08
-1.15197e-07
-1.51975e-05
-1.08161e-05
0.33907
0.529061
6.34579e-08
-2.0544e-05
-0.00841017
0.914722
-2.21807e-05
-2.72758e-05
-2.51729e-07
-0.00256226
-0.00729394
-0.0261618
-0.000465382
1.85445e-06
1.57306e-06
-6.42378e-06
-2.63843e-06
-0.00164963
-5.02333e-05
8.9616e-09
4.45273e-07
1.36826e-06
6.46797e-05
0.000847869
-0.00880192
-0.00728412
-1.85025e-07
0.129016
0.101348
0.292326
1.00112
0.999536
1.00028
0.999477
0.999282
0.999785
0.999501
0.999981
0.999854
1.00003
1.00002
1.00002
1.00004
1
1.00002
0.999998
1
0.999998
0.999997
0.999999
0.999998
1
0.999999
1
1
1
1
1
1
1
8.1899e-07
-0.0183433
-0.0166171
-0.0254096
0.985419
0.288061
0.225981
2.071e-06
1.44658e-06
0.85161
1.01144
0.99959
-2.14722e-07
-5.00708e-08
1.0806e-06
9.11798e-07
0.541504
-2.29518e-08
-1.72242e-05
1
1
1
1
0.999999
1
0.999995
0.999996
0.99999
0.999991
1.00001
1
1.00006
1.00005
1.00009
1.00009
1.00001
1.00004
0.999482
0.999572
0.998538
0.998676
0.998323
0.998413
1.00339
1.00242
1.00954
1.00849
1.02004
1.01834
1.01582
1.01757
-2.05037e-07
1.8955e-09
-1.05001e-08
6.54473e-09
1.01176
1.01455
-8.28642e-08
-7.50314e-08
4.75814e-07
1.29601e-06
1.88533e-07
-0.0112273
-1.2165e-06
-0.0132099
0.186544
0.954954
1.00569
1.00419
1.01099
0.338375
2.95804e-07
1.35532e-05
0.737419
-2.72991e-08
0.665984
-0.0103636
-0.00503522
0.929853
-2.76107e-08
1.67413e-06
-0.00880671
0.000295697
0.264643
0.120573
-3.06311e-05
-0.0147845
0.000655971
-0.00196175
0.987445
-2.21369e-05
-1.87221e-05
0.654132
0.812511
8.24018e-07
2.79379e-07
0.927355
0.869073
-0.0114896
0.0343765
0.149486
-4.83919e-06
-7.2965e-06
-3.02613e-05
-2.53319e-05
-6.03001e-05
-1.29811e-05
-8.43911e-06
0.000530673
0.000458168
0.00057721
4.47988e-07
1.147e-07
0.000220607
6.17627e-05
-0.0195445
-0.0216095
-6.36676e-05
1.28901e-06
1.60416e-06
4.16181e-07
1.00271
0.999967
1.0015
0.999398
0.999475
0.999645
0.999357
0.999913
0.999725
1.00002
0.999973
1.00003
1.00004
1.00001
1.00003
1
1.00001
0.999998
0.999998
0.999999
0.999998
1
0.999999
1
1
1
1
1
-0.0221903
-0.0229045
0.020306
7.53598e-07
6.22497e-07
1.4904e-06
0.000219137
0.411521
0.357808
0.598733
-9.89334e-07
-1.92444e-06
-5.79395e-08
-2.25573e-05
-3.53283e-05
0.570564
0.00121003
0.00103714
0.000777019
0.967891
1
1
0.999999
1
0.999996
0.999997
0.999993
0.999993
1.00002
1.00001
1.00007
1.00006
1.00008
1.00008
0.99992
0.999962
0.999186
0.999328
0.998312
0.998482
0.999283
0.999024
1.00619
1.00491
1.01248
1.0112
1.02142
1.02015
0.671142
-0.0111866
-0.0151103
1.0082
0.989854
1.17734e-06
1.18502e-06
-1.15483e-06
1.0144
1.01544
1.12878e-05
0.480732
-0.0100112
-0.00358291
-0.000900936
0.0776623
0.0181797
1.51041e-06
1.12539e-06
-8.46175e-07
8.47694e-07
0.990168
0.973967
-0.0143849
-0.00446701
0.00155393
-0.0208248
-0.0222847
1.00816
-5.03922e-06
0.000436356
-3.86841e-05
-5.93592e-05
0.249805
0.429369
-2.71925e-05
-2.8665e-05
0.905681
-9.12998e-06
-1.21942e-05
0.586383
0.370003
1.0069
1.00856
0.85759
0.910342
0.668479
-0.00598251
-2.04782e-05
-1.67307e-05
0.000457042
-9.26635e-05
0.000654979
-0.0137399
-0.0133782
-3.01807e-06
-4.8301e-06
-3.50584e-05
0.000162161
-5.41651e-06
-7.82885e-06
-1.40793e-06
-2.81941e-05
1.00069
0.999444
0.999918
0.9995
0.999258
0.999816
0.999551
0.999994
0.999891
1.00003
1.00003
1.00002
1.00004
1
1.00002
0.999999
1
0.999998
0.999998
1
0.999999
0.715333
0.657042
0.859911
0.00038692
0.000149612
-1.42314e-06
-0.0127886
-3.28416e-05
0.0383787
0.0165615
0.999999
0.999996
0.999998
0.999997
0.999997
1.00003
1.00002
1.00007
1.00005
1.00004
1.00005
0.99977
0.999832
0.998912
0.999109
0.998386
0.998541
1.00074
1.0002
1.00915
1.00738
1.01533
1.0139
1.02188
1.02166
-1.4505e-05
-1.81676e-05
0.920023
1.88209e-06
1.05563e-06
0.156875
1.01464
1.00319
1.00474
1.00662
-0.00354322
-0.00660839
0.767663
-0.016682
8.16203e-05
-0.0118387
-0.0105315
-4.62245e-06
0.30163
-0.0138667
-0.00796826
-4.36694e-05
-3.85592e-05
-3.88688e-05
-0.000107776
0.00943288
0.0806594
0.0546642
0.555552
0.713097
1
-2.61327e-05
-3.60574e-05
-1.11993e-05
0.112263
1
0.0736513
0.058353
0.214555
-2.56547e-05
-2.65238e-05
0.994354
0.949441
0.803964
0.772312
-1.01625e-05
0.000164083
0.001323
0.000196639
2.21832e-06
-1.97725e-05
-2.43496e-05
0.000411494
0.00117587
0.991261
0.92935
1.0073
1.01006
1.01146
-0.0197132
-0.0203232
0.000610168
0.000553687
4.4951e-05
-4.74285e-06
1.01449
1.008
0.879666
-0.0150267
0.99975
0.999397
0.999364
0.999674
0.999372
0.999931
0.999746
1.00003
0.999982
1.00003
1.00004
1.00001
1.00003
1
1.00001
0.999999
0.999998
0.999999
1
0.000276527
0.000568019
0.00019148
-2.36079e-05
-2.81181e-05
-1.16043e-06
-8.54442e-06
2.0151e-07
-0.00499073
-0.0131116
0.199715
0.171017
0.999998
1.00749
-2.51786e-05
1
1.00003
1.00002
1.00005
1.00004
0.999973
0.999989
0.999579
0.999659
0.998756
0.998949
0.998988
0.9991
1.00285
1.00216
1.01196
1.01
1.01631
1.01518
1.01957
1.01545
-0.00230115
-0.0010584
-0.00121821
-0.00539206
1.00209
1.00593
1.001
0.00347849
0.0105677
-5.46155e-06
-0.0178912
1.01716
-2.45326e-05
0.435721
0.0372472
-0.0063053
1
1.60816e-05
0.000308091
-8.65283e-06
-3.22932e-05
0.806833
-2.92409e-05
1.01375
1.01394
0.384246
-0.000664239
0.332052
0.50421
-2.54729e-05
0.992636
0.85151
-0.00443293
-0.00310195
0.167539
0.129251
-0.00890228
0.943942
0.911739
0.647953
0.699436
0.435297
0.00122789
-0.000696134
-0.0143463
-0.0138347
-2.55308e-05
0.969707
0.893585
-3.09092e-05
-2.56635e-05
1.01035
1.01677
0.990659
1.00404
0.999397
0.999534
0.999276
0.999838
0.999601
0.999998
0.999907
1.00003
1.00003
1.00002
1.00004
1.00003
-0.016445
-4.26778e-05
-0.00759885
-0.0113806
-0.0110763
-0.016562
-0.0100798
5.59542e-06
0.299933
-1.62582e-05
0.129529
0.104097
0.296369
-4.92072e-06
2.67782e-05
5.7593e-05
0.000109222
0.000529075
-2.61701e-06
4.79529e-05
2.53437e-05
0.956649
1.00734
0.622848
1.00002
1.00002
0.999875
0.99991
0.999386
0.999505
0.998766
0.99895
1.00024
1.00003
1.00588
1.00513
1.01437
1.01259
1.0155
1.0093
1.01509
-2.57311e-06
0.000125986
6.12426e-05
-3.9354e-05
0.0162215
-0.00751854
0.768388
0.643921
0.884885
1.00041
1.00257
-1.18358e-05
-3.01361e-05
0.300527
0.999738
1.00003
1.00001
0.0573538
-0.00281497
-0.000944815
0.000417562
0.000702865
0.000356019
-0.00735799
0.000581792
0.00110974
-0.00593364
-0.00211709
0.505847
-5.65931e-06
1.00913
1.01068
0.563285
0.220859
0.446843
0.151712
9.55873e-05
6.48745e-05
0.000470578
-0.0169082
-0.00384179
0.778864
0.026578
0.0399926
1.00002
1.01646
1.01497
0.000138874
0.999411
0.999714
0.999426
0.99994
0.999782
1.00002
1.00003
0.999978
0.0328651
-0.0100155
0.999968
0.999963
-0.00212809
-0.00480733
0.0611166
0.077925
-0.0129169
-0.0142713
-0.0130245
1.00144
0.831263
0.999755
0.999795
0.999263
0.999364
0.999184
0.999296
1.00212
1.00178
1.00936
1.00838
1.01742
1.01525
0.000233694
0.99956
1.00043
1.01368
0.0724523
0.000241712
0.000548744
0.000527032
-0.0106502
0.936641
0.986248
1.0115
1.00048
0.0008487
-0.0136185
-0.0160986
0.999265
0.12726
1.01243
0.614979
-0.013218
-0.015411
0.000257627
-0.000934453
0.00067142
0.735529
0.535939
0.43059
0.000371956
0.222608
0.429868
0.164832
0.88603
0.000195939
0.197212
0.168888
0.39571
1.00647
0.000217383
0.000155573
1.00474
1.01277
1.01794
1.01322
0.000257267
2.49657e-05
0.000290249
0.0203284
0.108243
0.000343136
-0.00974888
-0.00445957
0.964253
0.989566
0.999345
0.000348313
0.999577
0.999289
0.999853
0.999867
0.999635
0.284021
0.777411
-0.00394098
0.227291
0.34336
0.273658
-0.00885655
0.000728241
0.000874368
0.999212
0.999956
0.999798
1.00463
1.00373
1.01295
1.01114
1.01718
1.01625
1.00947
0.000618319
0.0574164
0.0186382
0.000670472
1.00304
1.00777
0.999616
0.9993
0.999672
0.000610946
0.96905
0.000660213
0.000601307
0.000624134
0.754486
0.545408
0.866442
0.999484
1.00003
-0.0124485
0.0152162
0.000763727
-0.00727732
-0.0122761
0.000561866
0.21251
0.000170487
1.00173
1.0058
0.424182
-0.0133946
0.000599697
0.900799
0.786855
0.000507069
0.133343
1.01529
1.00034
0.200018
0.387234
1.01594
1.0152
-0.00284797
-0.000395403
-0.000363966
1.0119
0.00672591
-0.00912936
0.999401
0.982874
0.999519
-0.0137972
-0.00752908
0.000308743
-0.000123382
0.587467
0.500177
0.366611
-0.0150036
0.000362625
1.00699
1.01466
1.01292
1.01265
1.01203
0.991968
0.930978
0.14708
-0.000967725
-0.000761087
-0.0061694
0.999863
0.966097
0.00396989
1.00504
1.01061
0.0693443
-0.00217587
0.0461866
1.00014
1.00093
0.0565253
0.180955
0.999338
0.490548
-0.0147126
-0.0122625
0.544115
0.653606
0.624152
-0.00149847
-0.00357287
-0.00307735
0.736441
0.693075
0.974936
1.01435
0.947784
1.00569
1.00102
0.506513
0.370612
0.999329
1.00558
0.942343
0.908984
0.808675
0.985975
-0.00649643
-0.0131141
0.547468
0.724725
1.00369
1.01703
0.848821
1.00061
1.01098
0.797279
0.875222
-0.00561473
0.801269
0.702272
0.768157
0.44197
0.851895
0.689614
1.00923
-0.0103123
-0.00946157
-0.013607
0.130384
1.01393
1.01364
1.00262
1.00807
1.00266
0.941823
0.998966
0.943993
0.999849
-0.00728669
1.0138
1.01613
-0.0103902
-0.0156271
-0.0105252
0.298615
0.513985
-0.00103478
0.0502728
0.330458
0.873351
0.0838873
0.868972
1.00699
1.00631
0.023932
-0.0105983
-0.00977313
0.97508
1.01287
0.912689
0.993442
0.157411
0.427026
0.658065
0.342966
0.839993
1.01397
0.0090424
-0.00843602
0.985602
0.927769
1.00332
1.00528
1.01249
1.01429
1.01154
0.829819
0.950625
0.97537
0.870576
1.0151
0.111185
0.268623
-0.0149235
0.734472
1.01495
-0.0136723
-0.00109583
-0.0140636
-0.0131489
-0.0127077
-0.0138359
0.669573
0.138315
0.0654163
0.621912
0.683851
0.422973
-0.0123892
-0.0136917
0.608725
0.00585165
0.0437133
-0.00378858
1.00013
-0.0152719
0.019039
0.0943775
0.570563
0.950116
1.01035
0.746828
0.59698
0.759267
0.929087
0.287159
0.399914
0.992303
0.341024
-0.0079646
-0.00612241
0.0128378
0.261793
0.125852
0.88121
0.689097
0.346806
0.0260365
0.0854936
0.013202
0.420978
0.80221
0.463849
0.0370398
0.165484
0.365828
0.958136
)
;

boundaryField
{
    frontAndBack
    {
        type            empty;
    }
    hot
    {
        type            fixedValue;
        value           uniform 1;
    }
    cold
    {
        type            fixedValue;
        value           uniform 0;
    }
    defaultFaces
    {
        type            zeroGradient;
    }
}


// ************************************************************************* //
