/*--------------------------------*- C++ -*----------------------------------*\
  =========                 |
  \\      /  F ield         | OpenFOAM: The Open Source CFD Toolbox
   \\    /   O peration     | Website:  https://openfoam.org
    \\  /    A nd           | Version:  7
     \\/     M anipulation  |
\*---------------------------------------------------------------------------*/
FoamFile
{
    version     2.0;
    format      ascii;
    class       labelList;
    note        "nPoints: 6138 nCells: 5936 nFaces: 20876 nInternalFaces: 8804";
    location    "constant/polyMesh";
    object      neighbour;
}
// * * * * * * * * * * * * * * * * * * * * * * * * * * * * * * * * * * * * * //


8804
(
300
3
390
3
5
641
5
7
392
7
9
393
9
11
395
11
13
397
13
15
399
15
17
401
17
19
403
19
21
405
21
23
407
23
25
409
25
27
411
27
29
413
29
31
415
31
33
417
33
35
419
35
37
421
37
39
423
39
41
425
41
43
427
43
45
429
45
47
431
47
49
433
49
51
435
51
53
437
53
55
439
55
57
441
57
59
443
59
61
445
61
63
447
63
65
449
65
67
451
67
69
453
69
71
455
71
73
457
73
75
459
75
77
461
77
79
463
79
81
465
81
83
467
83
85
469
85
87
471
87
89
473
89
91
475
91
93
477
93
95
479
95
98
481
97
98
150
483
298
300
387
388
271
301
297
302
299
303
304
346
305
347
306
348
307
349
308
350
309
351
310
352
311
353
312
354
313
355
314
356
315
357
316
358
317
359
318
360
319
361
320
362
321
363
322
364
246
246
345
323
389
324
365
325
366
326
367
327
368
328
369
329
370
330
371
331
372
332
373
333
374
334
375
335
376
336
377
337
378
338
379
339
380
340
381
341
382
342
383
343
384
344
385
273
386
244
150
152
484
152
154
551
154
156
553
156
158
555
158
160
557
160
162
559
162
164
561
164
166
563
166
168
565
168
170
567
170
172
569
172
174
571
174
176
573
176
178
575
178
180
577
180
182
579
182
184
581
184
186
583
186
188
585
188
190
587
190
192
589
192
194
591
194
196
593
196
198
595
198
200
597
200
202
599
202
204
601
204
206
603
206
208
605
208
210
607
210
212
609
212
214
611
214
216
613
216
218
615
218
220
617
220
222
619
222
224
621
224
226
623
226
228
625
228
230
627
230
232
629
232
234
631
234
236
633
236
238
635
238
240
637
240
242
639
242
245
701
244
245
247
516
514
273
298
387
271
388
297
301
299
302
303
346
304
347
305
348
306
349
307
350
308
351
309
352
310
353
311
354
312
355
313
356
314
357
315
358
316
359
317
360
318
361
319
362
320
363
321
364
511
322
514
515
345
389
323
365
324
366
325
367
326
368
327
369
328
370
329
371
330
372
331
373
332
374
333
375
334
376
335
377
336
378
337
379
338
380
339
381
340
382
341
383
342
384
343
385
344
386
546
489
549
390
391
488
490
491
492
493
494
495
496
497
498
499
500
501
502
503
504
505
506
507
508
509
648
674
673
677
671
646
680
681
682
683
684
685
686
687
688
689
690
691
692
693
694
695
649
517
651
652
653
654
655
656
657
658
659
660
661
662
663
664
665
666
667
668
510
521
522
523
524
525
526
527
528
529
530
531
532
533
534
535
536
537
538
539
540
541
543
487
486
520
513
547
394
643
394
396
1028
396
398
769
398
400
770
400
402
772
402
404
774
404
406
776
406
408
778
408
410
780
410
412
782
412
414
784
414
416
786
416
418
788
418
420
790
420
422
792
422
424
794
424
426
796
426
428
798
428
430
800
430
432
802
432
434
804
434
436
806
436
438
808
438
440
810
440
442
812
442
444
814
444
446
816
446
448
818
448
450
820
450
452
822
452
454
824
454
456
826
456
458
828
458
460
830
460
462
832
462
464
834
464
466
836
466
468
838
468
470
840
470
472
842
472
474
844
474
476
846
476
478
848
478
480
850
480
482
852
482
485
854
484
485
552
856
644
699
512
545
548
647
520
544
518
550
519
679
756
761
696
755
754
760
753
759
752
758
702
751
700
750
698
749
697
748
723
747
722
746
721
745
720
744
719
743
718
742
717
741
716
740
642
715
669
676
512
513
1050
1091
642
516
542
874
518
519
1077
1052
641
672
762
675
739
670
764
645
678
650
757
738
766
737
765
736
763
714
735
713
734
712
733
711
732
710
731
709
730
708
729
707
728
706
727
705
726
704
725
703
724
542
695
1020
544
545
1130
1073
547
548
1026
1107
550
647
767
552
554
857
554
556
931
556
558
933
558
560
935
560
562
937
562
564
939
564
566
941
566
568
943
568
570
945
570
572
947
572
574
949
574
576
951
576
578
953
578
580
955
580
582
957
582
584
959
584
586
961
586
588
963
588
590
965
590
592
967
592
594
969
594
596
971
596
598
973
598
600
975
600
602
977
602
604
979
604
606
981
606
608
983
608
610
985
610
612
987
612
614
989
614
616
991
616
618
993
618
620
995
620
622
997
622
624
999
624
626
1001
626
628
1003
628
630
1005
630
632
1007
632
634
1009
634
636
1011
636
638
1013
638
640
1015
640
862
1075
643
649
1095
649
1023
646
768
650
907
669
699
897
679
761
696
756
755
760
754
759
753
758
702
752
700
751
698
750
697
749
723
748
722
747
721
746
720
745
719
744
718
743
717
742
716
741
715
740
1049
671
859
678
673
905
675
676
762
900
895
739
764
902
891
757
766
738
765
737
763
714
736
713
735
712
734
711
733
710
732
709
731
708
730
707
729
706
728
705
727
704
726
703
725
724
929
865
878
877
860
862
874
1017
872
926
925
924
923
922
921
920
919
918
917
916
1031
890
889
888
887
886
885
884
883
882
927
1071
1070
1069
1068
1067
1066
1065
1064
1060
1061
1055
913
909
1057
1106
1048
1047
1046
1045
1044
1043
1042
1033
879
1025
875
873
871
870
869
866
864
893
1039
1037
867
863
861
911
901
1058
908
1078
898
904
771
1056
771
773
1425
773
775
1132
775
777
1133
777
779
1135
779
781
1137
781
783
1139
783
785
1141
785
787
1143
787
789
1145
789
791
1147
791
793
1149
793
795
1151
795
797
1153
797
799
1155
799
801
1157
801
803
1159
803
805
1161
805
807
1163
807
809
1165
809
811
1167
811
813
1169
813
815
1171
815
817
1173
817
819
1175
819
821
1177
821
823
1179
823
825
1181
825
827
1183
827
829
1185
829
831
1187
831
833
1189
833
835
1191
835
837
1193
837
839
1195
839
841
1197
841
843
1199
843
845
1201
845
847
1203
847
849
1205
849
851
1207
851
853
1209
853
855
1211
855
858
1213
857
858
932
1215
903
912
876
1024
915
1054
1030
896
1022
899
1126
881
1032
868
1029
868
892
1218
930
1036
1038
1105
1035
1118
928
1034
894
1018
1021
876
1019
1228
1027
1121
880
1040
880
881
1413
1456
1034
1051
1041
1113
1104
1120
1103
1119
1102
1117
1101
1115
1100
1114
1076
1099
1087
1116
892
1053
1372
894
1035
1248
896
1086
1250
898
899
1447
1423
906
1110
910
914
903
904
1585
1451
906
1022
1278
908
1109
1252
910
1124
1253
912
1125
1254
914
915
1461
1432
1063
1122
1059
1127
1062
1123
1098
1129
1097
1128
1085
1096
1084
1094
1083
1090
1082
1089
1081
1088
1072
1080
928
1072
1367
930
1029
1277
932
934
1216
934
936
1280
936
938
1282
938
940
1284
940
942
1286
942
944
1288
944
946
1290
946
948
1292
948
950
1294
950
952
1296
952
954
1298
954
956
1300
956
958
1302
958
960
1304
960
962
1306
962
964
1308
964
966
1310
966
968
1312
968
970
1314
970
972
1316
972
974
1318
974
976
1320
976
978
1322
978
980
1324
980
982
1326
982
984
1328
984
986
1330
986
988
1332
988
990
1334
990
992
1336
992
994
1338
994
996
1340
996
998
1342
998
1000
1344
1000
1002
1346
1002
1004
1348
1004
1006
1350
1006
1008
1352
1008
1010
1354
1010
1012
1356
1012
1014
1358
1014
1016
1360
1016
1398
1362
1018
1019
1420
1444
1021
1051
1226
1378
1027
1031
1025
1131
1040
1093
1108
1219
1056
1111
1394
1075
1226
1112
1033
1255
1041
1234
1381
1037
1384
1038
1224
1105
1118
1401
1231
1113
1120
1104
1119
1103
1117
1102
1115
1101
1114
1076
1100
1087
1099
1086
1121
1074
1092
1249
1053
1079
1421
1055
1246
1122
1257
1110
1125
1124
1126
1060
1431
1062
1063
1127
1259
1364
1123
1129
1098
1128
1085
1097
1084
1096
1083
1094
1082
1090
1081
1089
1080
1088
1276
1074
1261
1608
1398
1221
1078
1079
1393
1697
1376
1274
1443
1442
1270
1269
1266
1227
1245
1273
1272
1092
1093
1441
1603
1232
1111
1130
1370
1440
1264
1262
1243
1241
1240
1408
1237
1406
1112
1116
1108
1109
1458
1454
1223
1427
1219
1387
1233
1397
1405
1374
1239
1225
1236
1235
1230
1220
1426
1429
1251
1222
1258
1439
1261
1229
1404
1134
1438
1134
1136
1756
1136
1138
1474
1138
1140
1475
1140
1142
1477
1142
1144
1479
1144
1146
1481
1146
1148
1483
1148
1150
1485
1150
1152
1487
1152
1154
1489
1154
1156
1491
1156
1158
1493
1158
1160
1495
1160
1162
1497
1162
1164
1499
1164
1166
1501
1166
1168
1503
1168
1170
1505
1170
1172
1507
1172
1174
1509
1174
1176
1511
1176
1178
1513
1178
1180
1515
1180
1182
1517
1182
1184
1519
1184
1186
1521
1186
1188
1523
1188
1190
1525
1190
1192
1527
1192
1194
1529
1194
1196
1531
1196
1198
1533
1198
1200
1535
1200
1202
1537
1202
1204
1539
1204
1206
1541
1206
1208
1543
1208
1210
1545
1210
1212
1547
1212
1214
1549
1214
1217
1551
1216
1217
1281
1882
1373
1417
1390
1260
1462
1244
1391
1366
1434
1279
1430
1386
1409
1238
1418
1724
1263
1450
1229
1446
1581
1247
1365
1256
1388
1271
1469
1242
1403
1369
1402
1267
1390
1389
1399
1238
1399
1558
1382
1414
1375
1396
1242
1410
1557
1244
1403
1572
1275
1407
1247
1433
1556
1383
1419
1395
1402
1268
1379
1424
1464
1392
1455
1428
1460
1465
1602
1256
1457
1710
1435
1463
1265
1453
1260
1436
1708
1571
1263
1391
1592
1265
1449
1595
1267
1268
1757
1760
1400
1468
1271
1371
1597
1467
1470
1437
1466
1275
1437
1706
1368
1377
1385
1411
1279
1380
1702
1281
1283
1771
1283
1285
1617
1285
1287
1618
1287
1289
1620
1289
1291
1622
1291
1293
1624
1293
1295
1626
1295
1297
1628
1297
1299
1630
1299
1301
1632
1301
1303
1634
1303
1305
1636
1305
1307
1638
1307
1309
1640
1309
1311
1642
1311
1313
1644
1313
1315
1646
1315
1317
1648
1317
1319
1650
1319
1321
1652
1321
1323
1654
1323
1325
1656
1325
1327
1658
1327
1329
1660
1329
1331
1662
1331
1333
1664
1333
1335
1666
1335
1337
1668
1337
1339
1670
1339
1341
1672
1341
1343
1674
1343
1345
1676
1345
1347
1678
1347
1349
1680
1349
1351
1682
1351
1353
1684
1353
1355
1686
1355
1357
1688
1357
1359
1690
1359
1361
1692
1361
1363
1694
1363
1416
1696
1365
1366
1749
1772
1368
1369
1717
1723
1371
1400
1613
1373
1422
1700
1375
1415
1704
1377
1407
1785
1379
1380
1715
1792
1382
1383
1767
1714
1385
1386
1776
1732
1388
1389
1890
1783
1405
1566
1393
1779
1698
1411
1417
1554
1724
1397
1555
1410
1416
1576
1568
1404
1412
1560
1578
1565
1450
1409
1414
1567
1415
1418
1569
1583
1747
1413
1730
1712
1564
1559
1724
1472
1615
1420
1796
1445
1422
1699
1741
1424
1448
1744
1438
1463
1428
1464
1435
1571
1751
1430
1465
1586
1434
1436
1433
1752
1734
1574
1912
1739
1588
1611
1449
1462
1453
1468
1590
1599
1467
1469
1466
1470
1445
1446
1944
1753
1448
1452
1740
1600
1591
1452
1605
1780
1562
1455
1459
1786
1457
1712
1789
1459
1589
1720
1461
1800
1752
1473
1553
1563
1471
1737
1609
1726
1580
1575
1587
1766
1701
1765
1709
1759
1476
1755
1476
1478
1931
1478
1480
1805
1480
1482
1806
1482
1484
1808
1484
1486
1810
1486
1488
1812
1488
1490
1814
1490
1492
1816
1492
1494
1818
1494
1496
1820
1496
1498
1822
1498
1500
1824
1500
1502
1826
1502
1504
1828
1504
1506
1830
1506
1508
1832
1508
1510
1834
1510
1512
1836
1512
1514
1838
1514
1516
1840
1516
1518
1842
1518
1520
1844
1520
1522
1846
1522
1524
1848
1524
1526
1850
1526
1528
1852
1528
1530
1854
1530
1532
1856
1532
1534
1858
1534
1536
1860
1536
1538
1862
1538
1540
1864
1540
1542
1866
1542
1544
1868
1544
1546
1870
1546
1548
1872
1548
1550
1874
1550
1552
1876
1552
1882
1878
1612
1881
1561
1696
1705
1728
1735
1748
1584
1718
1577
1713
1616
1750
1561
1723
2026
1596
1725
1746
1775
1570
1768
1582
1729
1573
1593
1707
1798
1711
1731
1570
1733
1903
2057
1573
1579
1909
1738
1774
1610
1736
1577
1784
1902
1579
1718
1913
1598
1743
1582
1754
1899
1584
1728
1916
1602
1605
1587
1703
1891
1716
1764
1603
1604
1603
1606
1594
1757
1593
1594
2059
2307
1596
1601
1892
1598
1614
1937
1608
1763
1601
1759
1935
1758
1607
1719
1721
1607
1727
1919
2057
1610
1743
1942
1612
1801
1894
1614
1711
1947
1616
1713
1949
1619
1770
1619
1621
1930
1621
1623
1951
1623
1625
1952
1625
1627
1954
1627
1629
1956
1629
1631
1958
1631
1633
1960
1633
1635
1962
1635
1637
1964
1637
1639
1966
1639
1641
1968
1641
1643
1970
1643
1645
1972
1645
1647
1974
1647
1649
1976
1649
1651
1978
1651
1653
1980
1653
1655
1982
1655
1657
1984
1657
1659
1986
1659
1661
1988
1661
1663
1990
1663
1665
1992
1665
1667
1994
1667
1669
1996
1669
1671
1998
1671
1673
2000
1673
1675
2002
1675
1677
2004
1677
1679
2006
1679
1681
2008
1681
1683
2010
1683
1685
2012
1685
1687
2014
1687
1689
2016
1689
1691
2018
1691
1693
2020
1693
1695
2022
1695
1722
2024
1722
1698
1699
1911
2090
1701
1742
1883
1703
1794
2029
1705
1750
2031
1707
1716
2033
1709
1797
2035
1790
1923
2037
1906
2072
1769
1795
1762
1793
1885
1802
1886
1887
1720
2086
1787
1781
1791
2028
1886
1726
1884
1731
1763
1894
1895
1730
2049
1907
2047
1733
1778
2063
1735
1922
2065
1737
1888
1764
1739
1928
1797
1745
1782
1742
2092
2061
1804
1745
1746
2083
2068
1765
1777
1749
2112
1773
1889
1775
1799
1920
1754
1946
2075
1756
1915
1801
1761
1766
1791
1934
1761
1762
2209
2078
1881
1900
2042
1896
1768
1769
2103
2080
1771
1879
1882
1773
1774
2286
2087
1904
1777
1778
2108
2288
1788
1910
1781
1782
2095
2093
1784
1924
2054
1798
1802
1787
1788
2297
2098
1790
1908
2051
1803
1793
1794
2077
2104
1796
2039
1945
1918
1905
1800
2101
1921
1939
2067
1898
2096
1938
2074
1807
1932
1807
1809
2317
1809
1811
2116
1811
1813
2117
1813
1815
2119
1815
1817
2121
1817
1819
2123
1819
1821
2125
1821
1823
2127
1823
1825
2129
1825
1827
2131
1827
1829
2133
1829
1831
2135
1831
1833
2137
1833
1835
2139
1835
1837
2141
1837
1839
2143
1839
1841
2145
1841
1843
2147
1843
1845
2149
1845
1847
2151
1847
1849
2153
1849
1851
2155
1851
1853
2157
1853
1855
2159
1855
1857
2161
1857
1859
2163
1859
1861
2165
1861
1863
2167
1863
1865
2169
1865
1867
2171
1867
1869
2173
1869
1871
2175
1871
1873
2177
1873
1875
2179
1875
1877
2181
1877
1880
2183
1879
1880
1930
2315
1912
2041
2062
1893
2046
1901
2050
1926
1917
2040
1943
2045
1950
2053
1923
1924
1897
2030
1893
1936
2305
1925
2032
2056
1897
1898
2314
2488
2048
2076
1901
2045
2192
2055
2110
2064
2102
2069
2100
2034
2070
1907
1908
2319
2381
1914
2058
1911
2066
2091
2057
1914
2040
2343
1933
1940
1917
2056
2201
1929
2060
1925
2085
1921
1922
2385
2367
1927
2044
1941
2027
2071
2043
2052
1929
2088
2191
2082
1932
1933
2312
2356
2036
2073
1936
2073
2342
1938
1948
2207
1940
1941
2310
2362
1943
2074
2203
1945
1946
2304
2365
1948
2038
2186
1950
2113
2211
1953
2082
1953
1955
2210
1955
1957
2213
1957
1959
2215
1959
1961
2217
1961
1963
2219
1963
1965
2221
1965
1967
2223
1967
1969
2225
1969
1971
2227
1971
1973
2229
1973
1975
2231
1975
1977
2233
1977
1979
2235
1979
1981
2237
1981
1983
2239
1983
1985
2241
1985
1987
2243
1987
1989
2245
1989
1991
2247
1991
1993
2249
1993
1995
2251
1995
1997
2253
1997
1999
2255
1999
2001
2257
2001
2003
2259
2003
2005
2261
2005
2007
2263
2007
2009
2265
2009
2011
2267
2011
2013
2269
2013
2015
2271
2015
2017
2273
2017
2019
2275
2019
2021
2277
2021
2023
2279
2023
2025
2281
2025
2089
2283
2027
2028
2190
2089
2030
2106
2185
2032
2053
2291
2034
2050
2293
2036
2060
2295
2038
2109
2299
2081
2303
2114
2042
2189
2107
2044
2332
2311
2301
2047
2193
2109
2049
2392
2318
2352
2052
2382
2323
2188
2055
2311
2326
2187
2059
2495
2308
2348
2062
2379
2336
2064
2290
2338
2111
2335
2099
2194
2070
2071
2069
2084
2345
2196
2198
2110
2113
2204
2205
2076
2366
2354
2079
2105
2079
2309
2353
2081
2355
2359
2315
2084
2094
2369
2086
2364
2344
2088
2287
2372
2197
2091
2092
2195
2378
2094
2097
2340
2096
2097
2377
2517
2099
2298
2386
2101
2339
2384
2103
2400
2355
2105
2106
2393
2389
2108
2376
2289
2388
2115
2112
2334
2321
2349
2202
2350
2327
2361
2118
2316
2118
2120
2409
2120
2122
2412
2122
2124
2414
2124
2126
2416
2126
2128
2418
2128
2130
2420
2130
2132
2422
2132
2134
2424
2134
2136
2426
2136
2138
2428
2138
2140
2430
2140
2142
2432
2142
2144
2434
2144
2146
2436
2146
2148
2438
2148
2150
2440
2150
2152
2442
2152
2154
2444
2154
2156
2446
2156
2158
2448
2158
2160
2450
2160
2162
2452
2162
2164
2454
2164
2166
2456
2166
2168
2458
2168
2170
2460
2170
2172
2462
2172
2174
2464
2174
2176
2466
2176
2178
2468
2178
2180
2470
2180
2182
2472
2182
2184
2474
2184
2329
2476
2313
2390
2300
2328
2292
2324
2212
2374
2337
2375
2197
2200
2347
2373
2302
2383
2306
2401
2195
2333
2484
2199
2294
2284
2199
2200
2664
2636
2202
2324
2631
2206
2320
2296
2341
2206
2208
2483
2208
2328
2510
2307
2309
2214
2322
2212
2368
2479
2214
2216
2514
2216
2218
2518
2218
2220
2520
2220
2222
2522
2222
2224
2524
2224
2226
2526
2226
2228
2528
2228
2230
2530
2230
2232
2532
2232
2234
2534
2234
2236
2536
2236
2238
2538
2238
2240
2540
2240
2242
2542
2242
2244
2544
2244
2246
2546
2246
2248
2548
2248
2250
2550
2250
2252
2552
2252
2254
2554
2254
2256
2556
2256
2258
2558
2258
2260
2560
2260
2262
2562
2262
2264
2564
2264
2266
2566
2266
2268
2568
2268
2270
2570
2270
2272
2572
2272
2274
2574
2274
2276
2576
2276
2278
2578
2278
2280
2580
2280
2282
2582
2282
2285
2584
2284
2285
2637
2611
2287
2321
2492
2289
2290
2670
2675
2292
2374
2507
2294
2403
2642
2296
2380
2588
2298
2344
2590
2300
2404
2592
2302
2320
2594
2304
2325
2596
2306
2396
2597
2308
2351
2351
2358
2363
2406
2330
2357
2314
2605
2500
2329
2317
2599
2330
2319
2684
2612
2634
2411
2329
2477
2331
2619
2482
2360
2621
2327
2408
2613
2405
2481
2332
2696
2407
2387
2615
2398
2410
2367
2397
2337
2668
2685
2399
2620
2346
2486
2370
2638
2342
2496
2396
2350
2402
2646
2346
2371
2649
2348
2494
2380
2361
2368
2501
2503
2383
2403
2394
2503
2391
2654
2504
2357
2358
2633
2656
2360
2506
2604
2586
2363
2364
2635
2660
2366
2596
2661
2509
2490
2370
2371
2651
2790
2373
2493
2625
2623
2376
2672
2669
2485
2516
2379
2484
2667
2652
2382
2612
2622
2512
2385
2487
2509
2387
2591
2678
2401
2404
2390
2395
2673
2392
2606
2683
2394
2395
2628
2774
2640
2398
2618
2608
2400
2629
2505
2497
2489
2495
2499
2480
2593
2677
2407
2408
2948
2949
2413
2610
2411
2603
2602
2413
2415
2699
2415
2417
2702
2417
2419
2704
2419
2421
2706
2421
2423
2708
2423
2425
2710
2425
2427
2712
2427
2429
2714
2429
2431
2716
2431
2433
2718
2433
2435
2720
2435
2437
2722
2437
2439
2724
2439
2441
2726
2441
2443
2728
2443
2445
2730
2445
2447
2732
2447
2449
2734
2449
2451
2736
2451
2453
2738
2453
2455
2740
2455
2457
2742
2457
2459
2744
2459
2461
2746
2461
2463
2748
2463
2465
2750
2465
2467
2752
2467
2469
2754
2469
2471
2756
2471
2473
2758
2473
2475
2760
2475
2478
2762
2477
2478
2515
2764
2491
2630
2498
2607
2600
2632
2508
2653
2511
2682
2624
2488
2601
2487
2627
2617
2500
2502
2628
2491
2587
2775
2493
2602
2780
2626
2692
2503
2589
2639
2498
2598
2803
2513
2641
2643
2502
2690
2791
2505
2506
2777
2929
2508
2659
2779
2616
2511
2677
2796
2513
2595
2798
2515
2519
2765
2517
2786
2638
2519
2521
2807
2521
2523
2809
2523
2525
2811
2525
2527
2813
2527
2529
2815
2529
2531
2817
2531
2533
2819
2533
2535
2821
2535
2537
2823
2537
2539
2825
2539
2541
2827
2541
2543
2829
2543
2545
2831
2545
2547
2833
2547
2549
2835
2549
2551
2837
2551
2553
2839
2553
2555
2841
2555
2557
2843
2557
2559
2845
2559
2561
2847
2561
2563
2849
2563
2565
2851
2565
2567
2853
2567
2569
2855
2569
2571
2857
2571
2573
2859
2573
2575
2861
2575
2577
2863
2577
2579
2865
2579
2581
2867
2581
2583
2869
2583
2585
2871
2585
2611
2873
2587
2614
2875
2589
2691
2884
2591
2655
2886
2593
2607
2888
2595
2647
2890
2687
2598
2648
2892
2600
2610
2894
2645
2787
2698
2609
2697
2680
2898
2644
2674
2694
2794
2701
2609
2908
2904
2919
2785
2877
2614
2951
2909
2624
2676
2617
2618
2772
2906
2622
2671
2675
2688
2681
2687
2879
2630
2659
2770
2626
2781
2917
2650
2771
2773
2689
2776
2923
2653
2690
2633
2972
2657
2647
2682
2658
2769
2637
2666
2785
2662
2640
2801
2648
2642
2957
2665
2644
2645
2968
2938
2655
2660
2913
2782
2650
2934
2939
2663
2789
2691
2692
2946
2661
2693
2953
2657
2658
3085
2954
2783
2769
2767
2663
2788
2961
2665
2666
2984
3090
2668
2770
2935
2670
2800
2700
2695
2793
2686
2799
2674
2920
2960
2700
2679
2880
2882
2679
2887
2964
2681
2914
2896
2768
2684
2795
2878
2686
2937
2975
2767
2689
2901
2905
2805
2925
2778
2694
2897
2944
2696
2903
2947
2698
2932
2926
2703
2958
2899
2804
2902
2703
2705
3216
2705
2707
2988
2707
2709
2989
2709
2711
2991
2711
2713
2993
2713
2715
2995
2715
2717
2997
2717
2719
2999
2719
2721
3001
2721
2723
3003
2723
2725
3005
2725
2727
3007
2727
2729
3009
2729
2731
3011
2731
2733
3013
2733
2735
3015
2735
2737
3017
2737
2739
3019
2739
2741
3021
2741
2743
3023
2743
2745
3025
2745
2747
3027
2747
2749
3029
2749
2751
3031
2751
2753
3033
2753
2755
3035
2755
2757
3037
2757
2759
3039
2759
2761
3041
2761
2763
3043
2763
2766
3045
2765
2766
2808
3047
2895
2797
2912
2915
2881
2772
2933
2907
2774
2792
2920
2876
2922
2777
2979
3058
2918
2924
2784
2962
2781
2926
3050
2802
2927
2784
2930
3069
2921
2787
2788
2974
3077
2790
2982
2934
2792
2806
3060
2911
2941
2795
2943
3079
2797
2883
3084
2891
2956
2800
2959
2900
2802
2885
3091
2804
2893
3093
2806
2963
3095
2808
2810
3048
2810
2812
3097
2812
2814
3099
2814
2816
3101
2816
2818
3103
2818
2820
3105
2820
2822
3107
2822
2824
3109
2824
2826
3111
2826
2828
3113
2828
2830
3115
2830
2832
3117
2832
2834
3119
2834
2836
3121
2836
2838
3123
2838
2840
3125
2840
2842
3127
2842
2844
3129
2844
2846
3131
2846
2848
3133
2848
2850
3135
2850
2852
3137
2852
2854
3139
2854
2856
3141
2856
2858
3143
2858
2860
3145
2860
2862
3147
2862
2864
3149
2864
2866
3151
2866
2868
3153
2868
2870
3155
2870
2872
3157
2872
2874
3159
2874
2921
3233
2876
2910
3161
2878
2879
3080
2911
2881
2916
2936
2883
2889
3166
2885
2977
3168
2887
2928
3170
2889
2902
3172
2891
2952
3178
2893
2927
3180
2971
2980
2896
2897
3055
3234
2929
2966
2900
2901
3089
3188
3057
2942
2986
2931
3187
2978
3190
2907
2908
3072
3197
2910
3224
3200
3092
2913
3163
2952
2967
3054
2953
2955
2965
3052
2918
3051
3246
2958
2980
3059
3090
2923
3063
2930
2925
3067
2977
3064
3232
2953
3070
3058
3073
2932
3251
3065
2940
3071
3075
2936
2937
3053
3211
2970
2973
2940
3076
3213
2942
3229
3217
2945
3081
2945
3236
3208
2962
2963
2948
2987
2950
2950
2951
3260
3223
3083
2955
3087
3070
2957
3056
2983
3176
2976
3088
2969
3061
2981
3078
3226
3174
2965
3171
3230
2967
3185
3237
2969
2970
3215
3238
2972
3220
3086
2974
3207
3214
2976
3212
3243
2985
2979
3203
3184
3062
2982
3194
3202
2984
3196
3182
3068
3222
2987
3186
3263
2990
3258
2990
2992
3436
2992
2994
3267
2994
2996
3268
2996
2998
3270
2998
3000
3272
3000
3002
3274
3002
3004
3276
3004
3006
3278
3006
3008
3280
3008
3010
3282
3010
3012
3284
3012
3014
3286
3014
3016
3288
3016
3018
3290
3018
3020
3292
3020
3022
3294
3022
3024
3296
3024
3026
3298
3026
3028
3300
3028
3030
3302
3030
3032
3304
3032
3034
3306
3034
3036
3308
3036
3038
3310
3038
3040
3312
3040
3042
3314
3042
3044
3316
3044
3046
3318
3046
3049
3320
3048
3049
3098
3322
3051
3066
3361
3053
3199
3327
3055
3249
3235
3179
3195
3094
3191
3183
3060
3061
3096
3332
3177
3219
3162
3192
3065
3066
3455
3503
3068
3247
3343
3074
3252
3204
3072
3257
3341
3074
3192
3344
3076
3202
3346
3078
3214
3209
3080
3082
3092
3082
3255
3228
3165
3221
3164
3167
3086
3087
3482
3205
3089
3193
3189
3182
3169
3253
3227
3094
3181
3359
3096
3175
3342
3098
3100
3323
3100
3102
3363
3102
3104
3367
3104
3106
3369
3106
3108
3371
3108
3110
3373
3110
3112
3375
3112
3114
3377
3114
3116
3379
3116
3118
3381
3118
3120
3383
3120
3122
3385
3122
3124
3387
3124
3126
3389
3126
3128
3391
3128
3130
3393
3130
3132
3395
3132
3134
3397
3134
3136
3399
3136
3138
3401
3138
3140
3403
3140
3142
3405
3142
3144
3407
3144
3146
3409
3146
3148
3411
3148
3150
3413
3150
3152
3415
3152
3154
3417
3154
3156
3419
3156
3158
3421
3158
3160
3423
3160
3356
3491
3162
3201
3425
3164
3165
3463
3494
3167
3173
3338
3169
3222
3427
3171
3206
3429
3173
3191
3431
3175
3259
3506
3177
3225
3507
3179
3221
3508
3181
3245
3433
3353
3184
3185
3334
3443
3218
3438
3197
3198
3189
3190
3265
3241
3328
3354
3244
3329
3210
3325
3196
3456
3471
3341
3250
3262
3231
3330
3201
3478
3448
3326
3242
3333
3205
3206
3484
3595
3240
3350
3254
3467
3210
3351
3497
3212
3327
3469
3256
3348
3349
3239
3435
3225
3258
3218
3481
3485
3220
3459
3483
3352
3466
3224
3261
3477
3357
3252
3259
3228
3229
3458
3479
3231
3430
3474
3245
3253
3353
3356
3235
3236
3492
3476
3248
3445
3239
3240
3501
3499
3242
3266
3472
3244
3470
3511
3335
3247
3362
3513
3249
3450
3515
3251
3510
3454
3336
3339
3255
3486
3457
3257
3522
3464
3365
3264
3261
3263
3622
3358
3441
3439
3337
3506
3266
3329
3613
3269
3447
3269
3271
3608
3271
3273
3536
3273
3275
3537
3275
3277
3539
3277
3279
3541
3279
3281
3543
3281
3283
3545
3283
3285
3547
3285
3287
3549
3287
3289
3551
3289
3291
3553
3291
3293
3555
3293
3295
3557
3295
3297
3559
3297
3299
3561
3299
3301
3563
3301
3303
3565
3303
3305
3567
3305
3307
3569
3307
3309
3571
3309
3311
3573
3311
3313
3575
3313
3315
3577
3315
3317
3579
3317
3319
3581
3319
3321
3583
3321
3324
3585
3323
3324
3364
3587
3326
3451
3347
3331
3360
3452
3453
3331
3446
3591
3342
3435
3334
3460
3444
3340
3461
3337
3345
3590
3432
3462
3340
3428
3593
3358
3442
3465
3514
3345
3355
3602
3347
3348
3531
3468
3350
3351
3490
3629
3496
3529
3471
3355
3426
3611
3488
3366
3520
3464
3360
3434
3618
3362
3505
3627
3364
3368
3587
3366
3437
3634
3368
3370
3636
3370
3372
3638
3372
3374
3640
3374
3376
3642
3376
3378
3644
3378
3380
3646
3380
3382
3648
3382
3384
3650
3384
3386
3652
3386
3388
3654
3388
3390
3656
3390
3392
3658
3392
3394
3660
3394
3396
3662
3396
3398
3664
3398
3400
3666
3400
3402
3668
3402
3404
3670
3404
3406
3672
3406
3408
3674
3408
3410
3676
3410
3412
3678
3412
3414
3680
3414
3416
3682
3416
3418
3684
3418
3420
3686
3420
3422
3688
3422
3424
3690
3424
3527
3692
3426
3449
3693
3428
3489
3697
3430
3600
3708
3432
3452
3713
3434
3461
3699
3440
3437
3447
3701
3439
3526
3704
3442
3516
3509
3598
3506
3444
3445
3607
3518
3475
3715
3532
3449
3743
3710
3519
3533
3498
3530
3535
3512
3614
3455
3718
3504
3528
3592
3458
3621
3480
3517
3594
3473
3606
3723
3463
3767
3495
3596
3466
3616
3489
3476
3523
3521
3603
3470
3591
3731
3487
3473
3615
3739
3475
3714
3740
3493
3478
3623
3742
3480
3481
3829
3744
3483
3484
3716
3595
3525
3728
3524
3620
3488
3592
3491
3604
3500
3633
3527
3493
3515
3695
3495
3496
3840
3753
3498
3630
3725
3500
3502
3755
3502
3516
3720
3504
3505
3777
3758
3517
3520
3528
3529
3510
3769
3717
3512
3732
3760
3514
3628
3762
3534
3590
3601
3519
3738
3709
3631
3522
3752
3597
3524
3696
3727
3526
3746
3735
3605
3624
3599
3531
3748
3603
3610
3702
3534
3730
3726
3619
3712
3538
3609
3538
3540
3953
3540
3542
3780
3542
3544
3781
3544
3546
3783
3546
3548
3785
3548
3550
3787
3550
3552
3789
3552
3554
3791
3554
3556
3793
3556
3558
3795
3558
3560
3797
3560
3562
3799
3562
3564
3801
3564
3566
3803
3566
3568
3805
3568
3570
3807
3570
3572
3809
3572
3574
3811
3574
3576
3813
3576
3578
3815
3578
3580
3817
3580
3582
3819
3582
3584
3821
3584
3586
3823
3586
3589
3825
3589
3637
5927
5934
4061
3705
3745
3605
3698
3770
3706
3716
3600
3597
3598
3837
3724
3625
3754
3716
3632
3707
3612
3705
3734
3617
3737
3626
3607
3774
3738
3609
3610
3981
3949
3612
3694
3857
3614
3615
3733
3836
3617
3763
3827
3619
3700
3845
3621
3772
3846
3623
3704
3847
3625
3626
3851
3692
3628
3759
3775
3630
3633
3853
3632
3635
3833
3721
3635
3703
3856
3639
3968
5932
5933
3639
3641
3858
3641
3643
3859
3643
3645
3861
3645
3647
3863
3647
3649
3865
3649
3651
3867
3651
3653
3869
3653
3655
3871
3655
3657
3873
3657
3659
3875
3659
3661
3877
3661
3663
3879
3663
3665
3881
3665
3667
3883
3667
3669
3885
3669
3671
3887
3671
3673
3889
3673
3675
3891
3675
3677
3893
3677
3679
3895
3679
3681
3897
3681
3683
3899
3683
3685
3901
3685
3687
3903
3687
3689
3905
3689
3691
3907
3691
3928
3970
3928
3694
3711
3909
3696
3726
3910
3698
3737
3912
3700
3747
3913
3702
3703
3990
3986
3736
3719
3707
3708
3832
3714
3729
3920
3711
3951
3936
3713
3958
3766
3834
3722
3745
3718
3926
3778
3720
3857
3756
3757
3854
3741
3828
3747
3770
3768
3839
3749
3855
3940
3771
3911
3744
3764
3730
3942
3957
3732
3831
3943
3761
3835
3750
3751
3736
3844
3848
3921
3918
3773
3852
3741
3941
3947
3743
3849
3950
3830
3831
3765
3843
3850
3749
3750
3930
3962
3752
3946
3838
3754
3842
3971
3756
3757
4082
3976
3759
3779
3933
3761
3944
3988
3763
3776
3993
3765
3980
3995
3767
3929
3841
3769
4001
3925
3915
3772
3932
3938
3774
3999
3919
3776
3934
4073
3778
3779
4146
4143
3782
3952
3782
3784
4010
3784
3786
4014
3786
3788
4016
3788
3790
4018
3790
3792
4020
3792
3794
4022
3794
3796
4024
3796
3798
4026
3798
3800
4028
3800
3802
4030
3802
3804
4032
3804
3806
4034
3806
3808
4036
3808
3810
4038
3810
3812
4040
3812
3814
4042
3814
3816
4044
3816
3818
4046
3818
3820
4048
3820
3822
4050
3822
3824
4052
3824
3826
4054
3826
4061
4056
3922
3994
3927
3931
3830
3846
3978
3927
3833
3834
3924
3941
3836
3984
3852
3838
3839
4077
3945
3841
3842
4013
4200
3844
3956
4006
3914
3997
3939
3848
3849
4007
4170
3917
3966
3935
3972
3959
3854
3855
3964
3960
3924
3987
3967
3860
3969
3860
3862
4092
3862
3864
4093
3864
3866
4094
3866
3868
4096
3868
3870
4098
3870
3872
4100
3872
3874
4102
3874
3876
4104
3876
3878
4106
3878
3880
4108
3880
3882
4110
3882
3884
4112
3884
3886
4114
3886
3888
4116
3888
3890
4118
3890
3892
4120
3892
3894
4122
3894
3896
4124
3896
3898
4126
3898
3900
4128
3900
3902
4130
3902
3904
4132
3904
3906
4134
3906
3908
4136
3908
4004
4138
3937
3967
3911
3973
3954
3916
3923
3914
3966
4075
3916
3917
4259
4187
3919
3920
4067
3974
3922
3923
4191
4162
4069
3926
4159
4145
4072
3935
4003
4012
3961
4009
3948
4008
3955
4059
3934
4144
4203
3983
3937
4164
4155
3939
4060
3979
3957
3973
4069
3975
4070
3944
4072
4153
4000
4079
3963
4078
3948
4141
4196
3982
3991
3951
4172
4163
3953
4005
4002
3955
4086
4168
3996
4080
4071
3997
4003
3985
3998
3961
3965
4177
3963
4009
4174
3965
3977
4176
4087
4083
3969
4061
4057
3983
4004
3972
4202
4063
4085
3975
4068
4184
3977
4084
4185
3979
3980
4264
4189
3982
4002
4066
4062
3985
3989
4140
3987
3992
4325
3989
4154
4194
3991
3992
4150
4326
3994
4074
4165
3996
4190
4198
4065
3999
4183
4157
4001
4180
4158
4089
4173
4064
4011
4090
4007
4081
4171
4142
4152
4147
4011
4015
4211
4013
4206
4201
4015
4017
4212
4017
4019
4214
4019
4021
4216
4021
4023
4218
4023
4025
4220
4025
4027
4222
4027
4029
4224
4029
4031
4226
4031
4033
4228
4033
4035
4230
4035
4037
4232
4037
4039
4234
4039
4041
4236
4041
4043
4238
4043
4045
4240
4045
4047
4242
4047
4049
4244
4049
4051
4246
4051
4053
4248
4053
4055
4250
4055
4058
4252
4057
4058
4092
4347
4060
4160
4276
4063
4064
4275
4148
4076
4181
4091
4149
4068
4157
4254
4141
4071
4208
4161
4142
4074
4204
4262
4076
4088
4267
4078
4079
4166
4268
4081
4167
4329
4083
4084
4156
4269
4086
4161
4322
4088
4188
4270
4090
4091
4387
4380
4151
4095
4151
4095
4097
4277
4097
4099
4278
4099
4101
4280
4101
4103
4282
4103
4105
4284
4105
4107
4286
4107
4109
4288
4109
4111
4290
4111
4113
4292
4113
4115
4294
4115
4117
4296
4117
4119
4298
4119
4121
4300
4121
4123
4302
4123
4125
4304
4125
4127
4306
4127
4129
4308
4129
4131
4310
4131
4133
4312
4133
4135
4314
4135
4137
4316
4137
4139
4318
4139
4148
4320
4182
4195
4324
4266
4144
4341
4339
4146
4357
4341
4179
4209
4210
4150
4415
4327
4347
4197
4256
4154
4266
4349
4156
4355
4353
4338
4159
4274
4356
4169
4257
4359
4193
4258
4164
4372
4354
4192
4263
4175
4334
4199
4272
4169
4323
4377
4171
4172
4331
4370
4181
4205
4175
4209
4375
4178
4186
4178
4179
4381
4369
4273
4332
4368
4183
4410
4366
4207
4255
4186
4269
4383
4188
4261
4388
4190
4265
4391
4192
4193
4395
4393
4195
4350
4365
4197
4335
4398
4199
4392
4403
4201
4202
4471
4405
4204
4340
4344
4206
4364
4534
4208
4412
4374
4400
4275
4342
4213
4386
4213
4215
4575
4215
4217
4416
4217
4219
4418
4219
4221
4420
4221
4223
4422
4223
4225
4424
4225
4227
4426
4227
4229
4428
4229
4231
4430
4231
4233
4432
4233
4235
4434
4235
4237
4436
4237
4239
4438
4239
4241
4440
4241
4243
4442
4243
4245
4444
4245
4247
4446
4247
4249
4448
4249
4251
4450
4251
4253
4452
4253
4408
4454
4255
4343
4346
4348
4373
4351
4379
4259
4260
4261
4362
4394
4363
4263
4345
4361
4265
4276
4468
4348
4271
4367
4332
4334
4353
4271
4390
4475
4330
4352
4274
4407
4464
4405
4379
4279
4385
4279
4281
4482
4281
4283
4485
4283
4285
4487
4285
4287
4489
4287
4289
4491
4289
4291
4493
4291
4293
4495
4293
4295
4497
4295
4297
4499
4297
4299
4501
4299
4301
4503
4301
4303
4505
4303
4305
4507
4305
4307
4509
4307
4309
4511
4309
4311
4513
4311
4313
4515
4313
4315
4517
4315
4317
4519
4317
4319
4521
4319
4321
4523
4321
4342
4525
4323
4360
4527
4325
4335
4328
4327
4328
4472
4358
4330
4331
4591
4371
4333
4337
4406
4336
4358
4337
4376
4536
4343
4366
4340
4533
4565
4531
4567
4479
4345
4566
4543
4411
4480
4408
4530
4350
4530
4549
4378
4458
4404
4457
4460
4355
4541
4461
4357
4465
4532
4463
4360
4374
4466
4396
4544
4363
4558
4389
4413
4467
4409
4550
4559
4368
4554
4413
4382
4401
4371
4372
4593
4540
4399
4417
4476
4376
4402
4568
4378
4529
4570
4469
4414
4537
4382
4384
4481
4384
4462
4577
4408
4455
4387
4660
4537
4389
4390
4654
4583
4392
4470
4551
4394
4397
4589
4396
4397
4564
4649
4399
4463
4555
4401
4402
4573
4702
4404
4552
4563
4459
4407
4539
4594
4410
4579
4560
4412
4598
4477
4484
4415
4562
4473
4419
4574
4545
4546
4419
4421
4719
4421
4423
4607
4423
4425
4608
4425
4427
4610
4427
4429
4612
4429
4431
4614
4431
4433
4616
4433
4435
4618
4435
4437
4620
4437
4439
4622
4439
4441
4624
4441
4443
4626
4443
4445
4628
4445
4447
4630
4447
4449
4632
4449
4451
4634
4451
4453
4636
4453
4456
4638
4455
4456
4483
4640
4592
4603
4547
4548
4471
4576
4461
4462
4708
4724
4474
4465
4595
4646
4478
4528
4535
4581
4469
4470
4547
4606
4534
4473
4474
4785
4556
4553
4584
4477
4478
4741
4737
4480
4561
4542
4572
4578
4483
4486
4641
4580
4601
4486
4488
4655
4488
4490
4661
4490
4492
4663
4492
4494
4665
4494
4496
4667
4496
4498
4669
4498
4500
4671
4500
4502
4673
4502
4504
4675
4504
4506
4677
4506
4508
4679
4508
4510
4681
4510
4512
4683
4512
4514
4685
4514
4516
4687
4516
4518
4689
4518
4520
4691
4520
4522
4693
4522
4524
4695
4524
4526
4697
4526
4582
4757
4528
4529
4840
4758
4545
4532
4533
4647
4762
4535
4596
4538
4569
4587
4539
4776
4770
4541
4769
4707
4597
4732
4544
4710
4585
4645
4557
4604
4605
4571
4643
4550
4645
4599
4552
4711
4720
4554
4700
4601
4556
4557
4785
4735
4590
4653
4560
4561
4659
4730
4588
4712
4602
4721
4586
4648
4566
4764
4765
4576
4582
4569
4704
4728
4571
4759
4744
4573
4733
4703
4575
4651
4657
4596
4578
4724
4748
4600
4658
4581
4841
4699
4650
4584
4718
4753
4586
4714
4760
4588
4706
4766
4590
4723
4767
4592
4593
4715
4769
4595
4771
4746
4650
4598
4772
4742
4600
4739
4709
4652
4603
4716
4726
4705
4780
4606
4644
4711
4609
4738
4609
4611
4887
4611
4613
4796
4613
4615
4797
4615
4617
4799
4617
4619
4801
4619
4621
4803
4621
4623
4805
4623
4625
4807
4625
4627
4809
4627
4629
4811
4629
4631
4813
4631
4633
4815
4633
4635
4817
4635
4637
4819
4637
4639
4821
4639
4642
4823
4641
4642
4656
4825
4644
4722
4783
4705
4647
4747
4763
4649
4740
4723
4699
4729
4752
4701
4725
4654
4736
4718
4656
4662
4826
4660
4717
4659
4774
4731
4706
4662
4664
4843
4664
4666
4845
4666
4668
4847
4668
4670
4849
4670
4672
4851
4672
4674
4853
4674
4676
4855
4676
4678
4857
4678
4680
4859
4680
4682
4861
4682
4684
4863
4684
4686
4865
4686
4688
4867
4688
4690
4869
4690
4692
4871
4692
4694
4873
4694
4696
4875
4696
4698
4877
4698
4839
4933
4836
4701
4754
4882
4703
4704
4829
4936
4739
4756
4708
4842
4835
4773
4789
4713
4765
4782
4734
4785
4714
4894
4921
4727
4786
4751
4885
4729
4755
4793
4738
4752
4721
4784
4750
4745
4830
4832
4835
4889
5061
4727
4886
4947
4775
4930
4900
4731
4732
4791
4777
4749
4828
4735
4766
4779
4768
4794
4743
4879
4837
4787
4761
4833
4742
4743
4884
4911
4745
4927
4943
4747
4942
4919
4749
4907
5005
4751
4893
4924
4790
4754
4795
4928
4756
4903
4781
4836
4839
4759
4881
4926
4761
4922
4937
4763
4764
4920
4931
4908
4781
4768
4834
4939
4786
4771
4891
4941
4778
4883
4774
4910
4896
4776
4923
4890
4778
4792
4899
4780
4916
4788
4916
4783
4784
4831
4892
4842
4788
4789
4993
4895
4838
4901
4792
4896
4952
4794
4795
4917
4955
4798
4898
4798
4800
4958
4800
4802
4959
4802
4804
4961
4804
4806
4963
4806
4808
4965
4808
4810
4967
4810
4812
4969
4812
4814
4971
4814
4816
4973
4816
4818
4975
4818
4820
4977
4820
4822
4979
4822
4824
4981
4824
4827
4983
4826
4827
4844
4985
4829
4897
5000
4831
4904
4988
4833
4834
4932
4989
4905
4841
4838
4888
4998
5061
4879
4881
5061
4906
4844
4846
4986
4846
4848
5007
4848
4850
5009
4850
4852
5011
4852
4854
5013
4854
4856
5015
4856
4858
5017
4858
4860
5019
4860
4862
5021
4862
4864
5023
4864
4866
5025
4866
4868
5027
4868
4870
5029
4870
4872
5031
4872
4874
5033
4874
4876
5035
4876
4878
5037
4878
5054
5077
4880
4913
4934
4935
4915
4929
4884
4946
4912
4886
4918
5041
4888
4898
5043
4915
4933
4891
5003
5082
4893
4988
5047
4914
4950
4909
4994
5052
4954
5005
5055
4945
4953
4901
4902
4992
4903
5085
5063
4944
4995
4906
4907
4947
5042
4914
4931
4910
5072
5069
4912
4913
5096
5070
5093
4997
5004
4940
4956
4925
5001
4920
5090
5006
4922
4951
5075
4949
5002
4925
5049
5067
4927
5073
5078
4929
4957
5080
4936
4948
5006
4938
4990
5054
4935
5102
5073
5000
4938
5076
5086
4940
4991
5087
4942
5083
5089
4944
5079
5094
4946
5065
5097
5040
4949
5059
5068
4951
5060
5153
4953
5074
5050
5039
5046
4956
4957
5053
5144
4960
5056
4960
4962
5109
4962
4964
5110
4964
4966
5112
4966
4968
5114
4968
4970
5116
4970
4972
5118
4972
4974
5120
4974
4976
5122
4976
4978
5124
4978
4980
5126
4980
4982
5128
4982
4984
5130
4984
4987
5132
4986
4987
5008
5134
4996
4990
4991
5104
5137
4999
5084
4994
5004
5058
4996
5051
5048
5066
5081
4999
5044
5156
5039
5041
5149
5003
5100
5147
5063
5062
5091
5008
5010
5135
5010
5012
5157
5012
5014
5159
5014
5016
5161
5016
5018
5163
5018
5020
5165
5020
5022
5167
5022
5024
5169
5024
5026
5171
5026
5028
5173
5028
5030
5175
5030
5032
5177
5032
5034
5179
5034
5036
5181
5036
5038
5183
5038
5206
5213
5059
5041
5042
5062
5044
5057
5188
5046
5067
5149
5141
5048
5049
5107
5205
5064
5187
5095
5106
5069
5074
5088
5145
5066
5056
5057
5228
5193
5071
5152
5140
5105
5143
5149
5152
5065
5239
5198
5077
5108
5099
5142
5201
5098
5101
5072
5226
5200
5150
5186
5076
5155
5209
5206
5079
5151
5220
5081
5146
5222
5083
5148
5223
5085
5229
5185
5103
5197
5088
5139
5218
5090
5224
5092
5092
5093
5216
5105
5095
5221
5233
5097
5098
5199
5235
5100
5192
5240
5102
5215
5195
5104
5212
5138
5217
5107
5214
5307
5190
5205
5111
5227
5111
5113
5312
5113
5115
5248
5115
5117
5249
5117
5119
5251
5119
5121
5253
5121
5123
5255
5123
5125
5257
5125
5127
5259
5127
5129
5261
5129
5131
5263
5131
5133
5265
5133
5136
5267
5135
5136
5158
5391
5138
5139
5320
5340
5141
5142
5191
5202
5154
5243
5145
5146
5196
5269
5148
5241
5304
5151
5195
5246
5185
5154
5155
5351
5328
5189
5230
5158
5160
5339
5160
5162
5279
5162
5164
5280
5164
5166
5282
5166
5168
5284
5168
5170
5286
5170
5172
5288
5172
5174
5290
5174
5176
5292
5176
5178
5294
5178
5180
5296
5180
5182
5298
5182
5184
5300
5184
5313
5302
5225
5187
5210
5232
5189
5194
5306
5191
5353
5203
5204
5244
5194
5310
5345
5273
5219
5270
5208
5209
5199
5324
5236
5201
5309
5210
5203
5204
5399
5321
5307
5207
5213
5222
5211
5275
5314
5277
5212
5364
5319
5313
5234
5274
5237
5272
5217
5276
5242
5219
5342
5332
5221
5247
5335
5271
5224
5305
5276
5226
5231
5322
5228
5362
5310
5230
5231
5348
5518
5238
5278
5234
5336
5343
5236
5237
5428
5350
5239
5329
5323
5241
5245
5354
5243
5327
5356
5245
5349
5395
5247
5318
5367
5250
5311
5250
5252
5432
5252
5254
5373
5254
5256
5374
5256
5258
5376
5258
5260
5378
5260
5262
5380
5262
5264
5382
5264
5266
5384
5266
5268
5386
5268
5391
5388
5270
5271
5316
5359
5273
5366
5318
5308
5337
5315
5317
5325
5278
5338
5330
5281
5334
5281
5283
5404
5283
5285
5407
5285
5287
5408
5287
5289
5410
5289
5291
5412
5291
5293
5414
5293
5295
5416
5295
5297
5418
5297
5299
5420
5299
5301
5422
5301
5303
5424
5303
5360
5426
5305
5355
5326
5346
5347
5308
5353
5322
5338
5369
5312
5405
5361
5358
5315
5328
5431
5333
5371
5363
5372
5392
5320
5436
5341
5349
5437
5441
5324
5401
5443
5326
5327
5496
5445
5352
5331
5400
5331
5403
5462
5333
5456
5449
5339
5389
5336
5368
5447
5344
5398
5402
5391
5341
5342
5505
5455
5344
5448
5440
5346
5370
5459
5348
5467
5518
5406
5365
5429
5352
5357
5430
5397
5355
5396
5539
5357
5446
5470
5359
5360
5371
5458
5362
5452
5439
5364
5473
5435
5366
5454
5393
5368
5394
5537
5370
5439
5475
5465
5438
5464
5375
5434
5375
5377
5545
5377
5379
5483
5379
5381
5484
5381
5383
5486
5383
5385
5488
5385
5387
5490
5387
5390
5492
5389
5390
5404
5552
5393
5394
5512
5556
5396
5450
5477
5398
5399
5547
5437
5401
5442
5500
5403
5453
5503
5444
5433
5451
5450
5457
5409
5444
5409
5411
5494
5411
5413
5519
5413
5415
5521
5415
5417
5523
5417
5419
5525
5419
5421
5527
5421
5423
5529
5423
5425
5531
5425
5427
5533
5427
5458
5517
5429
5443
5460
5431
5471
5464
5433
5434
5567
5482
5436
5579
5506
5547
5472
5495
5479
5474
5508
5453
5518
5463
5540
5499
5552
5446
5536
5560
5448
5538
5509
5466
5542
5504
5452
5582
5480
5469
5461
5511
5456
5507
5543
5478
5513
5465
5468
5476
5461
5501
5559
5463
5549
5569
5497
5466
5516
5468
5469
5564
5503
5471
5561
5554
5473
5555
5578
5478
5502
5476
5481
5577
5548
5565
5547
5480
5481
5629
5626
5546
5566
5485
5550
5485
5487
5618
5487
5489
5584
5489
5491
5585
5491
5493
5587
5493
5580
5589
5520
5551
5498
5575
5536
5539
5498
5554
5593
5500
5501
5541
5600
5510
5514
5549
5515
5565
5506
5507
5651
5644
5509
5510
5656
5622
5512
5563
5557
5514
5515
5661
5655
5517
5544
5534
5520
5522
5594
5522
5524
5605
5524
5526
5607
5526
5528
5609
5528
5530
5611
5530
5532
5613
5532
5535
5615
5534
5535
5627
5635
5572
5538
5558
5617
5548
5541
5553
5601
5543
5544
5636
5649
5546
5550
5654
5573
5564
5603
5580
5590
5580
5571
5592
5596
5576
5598
5557
5558
5639
5623
5562
5602
5561
5574
5630
5563
5625
5640
5568
5583
5567
5620
5581
5570
5577
5570
5571
5643
5646
5573
5574
5650
5685
5576
5632
5664
5604
5579
5599
5652
5582
5660
5628
5650
5663
5586
5633
5586
5588
5671
5588
5591
5673
5590
5591
5595
5675
5621
5662
5597
5631
5595
5606
5676
5597
5630
5680
5599
5634
5681
5601
5602
5662
5637
5619
5657
5626
5642
5606
5608
5703
5608
5610
5687
5610
5612
5688
5612
5614
5690
5614
5616
5692
5616
5635
5694
5624
5656
5619
5633
5701
5658
5659
5648
5698
5645
5666
5624
5641
5728
5638
5667
5669
5649
5670
5629
5746
5669
5686
5632
5720
5716
5715
5665
5678
5670
5644
5679
5638
5684
5744
5640
5641
5668
5740
5643
5730
5647
5653
5661
5697
5647
5648
5753
5722
5679
5706
5652
5653
5683
5712
5657
5658
5663
5672
5666
5696
5733
5660
5725
5768
5672
5684
5708
5665
5717
5735
5700
5668
5727
5739
5729
5707
5674
5714
5709
5674
5677
5745
5676
5677
5705
5747
5682
5726
5711
5719
5723
5682
5683
5784
5781
5699
5686
5706
5723
5689
5704
5689
5691
5796
5691
5693
5757
5693
5695
5758
5695
5734
5760
5702
5737
5721
5731
5699
5732
5743
5728
5731
5702
5724
5742
5704
5705
5799
5747
5718
5713
5734
5710
5718
5710
5721
5766
5712
5713
5781
5814
5715
5777
5724
5717
5783
5778
5750
5720
5767
5782
5751
5732
5754
5750
5771
5738
5792
5736
5752
5748
5755
5756
5730
5763
5791
5741
5764
5737
5738
5769
5736
5779
5807
5793
5762
5740
5749
5756
5774
5787
5772
5810
5744
5773
5755
5776
5780
5763
5768
5780
5749
5806
5816
5765
5774
5788
5785
5790
5754
5791
5797
5770
5787
5759
5795
5759
5761
5828
5761
5804
5834
5800
5801
5803
5773
5798
5766
5767
5789
5824
5794
5804
5815
5775
5805
5772
5809
5838
5775
5837
5827
5777
5832
5809
5779
5846
5843
5799
5786
5783
5826
5845
5785
5786
5817
5814
5816
5789
5855
5825
5808
5821
5822
5794
5802
5800
5810
5811
5796
5823
5812
5798
5822
5820
5812
5856
5802
5848
5819
5811
5822
5833
5806
5853
5841
5808
5844
5850
5851
5813
5818
5830
5839
5859
5815
5817
5840
5821
5819
5820
5862
5847
5833
5829
5831
5825
5826
5887
5885
5847
5849
5829
5836
5865
5831
5832
5872
5852
5835
5835
5836
5850
5868
5842
5854
5839
5857
5871
5841
5842
5867
5890
5844
5881
5891
5846
5886
5880
5861
5858
5883
5853
5860
5864
5852
5857
5874
5866
5855
5882
5888
5858
5859
5879
5875
5876
5863
5892
5862
5863
5883
5896
5869
5891
5870
5873
5867
5893
5898
5869
5870
5923
5916
5877
5884
5873
5874
5909
5879
5878
5895
5877
5878
5913
5910
5884
5881
5906
5915
5890
5897
5894
5903
5886
5889
5905
5888
5889
5904
5918
5898
5899
5893
5914
5901
5895
5896
5907
5914
5902
5904
5900
5912
5915
5901
5902
5922
5926
5908
5909
5919
5906
5920
5933
5911
5917
5913
5935
5916
5911
5930
5929
5923
5924
5930
5917
5925
5935
5921
5919
5920
5928
5932
5922
5929
5927
5935
5930
5931
5931
5933
5927
5928
5932
5934
5934
)


// ************************************************************************* //
