/*--------------------------------*- C++ -*----------------------------------*\
  =========                 |
  \\      /  F ield         | OpenFOAM: The Open Source CFD Toolbox
   \\    /   O peration     | Website:  https://openfoam.org
    \\  /    A nd           | Version:  7
     \\/     M anipulation  |
\*---------------------------------------------------------------------------*/
FoamFile
{
    version     2.0;
    format      ascii;
    class       volScalarField;
    location    "0.85";
    object      T;
}
// * * * * * * * * * * * * * * * * * * * * * * * * * * * * * * * * * * * * * //

dimensions      [0 0 0 1 0 0 0];

internalField   nonuniform List<scalar> 
10000
(
0.5
0.0669146
-0.0353169
-0.0277115
-0.00789976
0.00112931
0.00220711
0.000963794
3.88563e-05
-0.000206219
-0.000130475
-2.60559e-05
1.76156e-05
1.74837e-05
6.08561e-06
-9.06071e-07
-2.20759e-06
-1.13469e-06
-1.06163e-07
2.47859e-07
1.87024e-07
4.9395e-08
-2.13888e-08
-2.77866e-08
-1.17496e-08
4.15034e-10
3.66278e-09
2.25287e-09
3.96249e-10
-4.00522e-10
-3.77204e-10
-1.28468e-10
2.72483e-11
5.58372e-11
2.85372e-11
2.14233e-12
-7.093e-12
-5.30845e-12
-1.37604e-12
6.83554e-13
8.64618e-13
3.65812e-13
-1.85771e-14
-1.22723e-13
-7.56685e-14
-1.29189e-14
1.45431e-14
1.37905e-14
4.92611e-15
-8.3489e-16
-2.11114e-15
-1.34794e-15
-5.46959e-16
-2.65789e-16
-2.62451e-16
-2.29688e-16
-7.66337e-17
1.239e-16
2.70365e-16
3.12212e-16
2.5902e-16
1.53914e-16
4.38002e-17
-3.88468e-17
-8.12943e-17
-8.71173e-17
-6.89477e-17
-4.12391e-17
-1.52877e-17
2.81097e-18
1.17797e-17
1.34545e-17
1.08588e-17
6.77336e-18
3.03951e-18
4.80157e-19
-8.30687e-19
-1.20641e-18
-1.05451e-18
-7.08569e-19
-3.72027e-19
-1.31414e-19
2.95652e-21
5.65339e-20
6.25499e-20
4.79081e-20
2.9197e-20
1.40998e-20
4.57671e-21
-1.98941e-22
-1.88247e-21
-1.96517e-21
-1.44772e-21
-8.62436e-22
-4.18469e-22
-1.49136e-22
-1.60823e-23
3.29845e-23
3.98055e-23
2.95346e-23
0.933085
0.5
0.14482
-0.0139075
-0.0411718
-0.0230289
-0.00507433
0.00215701
0.00250723
0.00101071
-9.38734e-08
-0.000255324
-0.000158213
-3.18213e-05
2.20241e-05
2.24005e-05
8.17946e-06
-9.48178e-07
-2.86443e-06
-1.56602e-06
-2.00131e-07
3.13491e-07
2.58847e-07
7.77035e-08
-2.39625e-08
-3.79444e-08
-1.77304e-08
-5.20299e-10
4.83208e-09
3.30976e-09
7.47241e-10
-4.84999e-10
-5.38962e-10
-2.10525e-10
2.14979e-11
7.6803e-11
4.42269e-11
6.23628e-12
-9.1245e-12
-7.90478e-12
-2.489e-12
7.31474e-13
1.23554e-12
5.98521e-13
2.3191e-14
-1.66413e-13
-1.18085e-13
-2.81178e-14
1.75579e-14
2.11152e-14
9.92e-15
1.41214e-15
-1.14527e-15
-8.01625e-16
-4.11039e-16
-7.56664e-16
-1.35691e-15
-1.61801e-15
-1.35344e-15
-7.38719e-16
-7.02791e-17
4.22777e-16
6.47688e-16
6.30105e-16
4.60447e-16
2.40705e-16
4.88843e-17
-7.51486e-17
-1.26566e-16
-1.22914e-16
-8.9653e-17
-4.92592e-17
-1.59262e-17
4.8227e-18
1.36722e-17
1.43066e-17
1.08406e-17
6.39859e-18
2.71936e-18
3.85997e-19
-7.18043e-19
-9.89938e-19
-8.35417e-19
-5.46508e-19
-2.82601e-19
-1.01799e-19
-3.96989e-21
3.44144e-20
3.93555e-20
3.03104e-20
1.86036e-20
9.21019e-21
3.29846e-21
2.98152e-22
-8.27099e-22
-9.80378e-22
-7.55709e-22
-4.66066e-22
-2.41493e-22
-6.70164e-23
1.03532
0.85518
0.5
0.182448
0.00830364
-0.0419281
-0.032441
-0.0120093
3.84408e-05
0.00307766
0.00201936
0.000522644
-0.000189734
-0.000261936
-0.000118925
-6.07707e-06
2.86043e-05
2.02421e-05
5.19525e-06
-2.29056e-06
-2.95623e-06
-1.27806e-06
8.46554e-09
3.71768e-07
2.40892e-07
5.03709e-08
-3.68802e-08
-3.89006e-08
-1.47958e-08
1.67178e-09
5.45504e-09
3.1046e-09
4.35545e-10
-6.33136e-10
-5.48229e-10
-1.74177e-10
4.8361e-11
8.41877e-11
4.13499e-11
2.1601e-12
-1.10091e-11
-7.96957e-12
-1.97696e-12
1.09452e-12
1.32781e-12
5.52406e-13
-3.63255e-14
-1.94506e-13
-1.21485e-13
-2.41775e-14
1.97958e-14
2.12243e-14
1.04318e-14
3.8582e-15
2.91379e-15
3.53186e-15
2.88237e-15
7.91122e-16
-1.55778e-15
-3.06914e-15
-3.35328e-15
-2.64634e-15
-1.46743e-15
-3.13685e-16
5.01897e-16
8.80742e-16
8.87433e-16
6.67692e-16
3.73329e-16
1.14773e-16
-5.45893e-17
-1.29956e-16
-1.35172e-16
-1.02687e-16
-5.99579e-17
-2.37633e-17
-5.48729e-19
1.02357e-17
1.2354e-17
9.98693e-18
6.28836e-18
3.03014e-18
8.56973e-19
-2.63186e-19
-6.41512e-19
-6.15839e-19
-4.37111e-19
-2.48472e-19
-1.08731e-19
-2.66432e-20
1.08796e-20
2.14387e-20
1.92264e-20
1.30606e-20
7.24225e-21
3.19745e-21
9.16769e-22
-1.11886e-22
-4.18655e-22
-4.08271e-22
1.02771
1.01391
0.817552
0.5
0.206389
0.0268058
-0.0388677
-0.0384381
-0.0184166
-0.00302402
0.00284105
0.00282245
0.00118552
4.2633e-05
-0.000296282
-0.000211922
-6.02234e-05
1.88442e-05
2.95095e-05
1.43558e-05
1.17969e-06
-3.31264e-06
-2.541e-06
-7.3481e-07
2.46588e-07
3.7721e-07
1.7883e-07
8.57306e-09
-4.67553e-08
-3.3615e-08
-8.56666e-09
4.24374e-09
5.36576e-09
2.31171e-09
-5.87231e-11
-7.29434e-10
-4.68781e-10
-9.40043e-11
7.80721e-11
8.04026e-11
3.01652e-11
-4.11827e-12
-1.18723e-11
-6.6899e-12
-8.72542e-13
1.45064e-12
1.2395e-12
3.90022e-13
-1.17954e-13
-2.03147e-13
-1.08137e-13
-1.92996e-14
1.28229e-14
1.08162e-14
4.11714e-15
4.14462e-15
8.43828e-15
1.14341e-14
1.0483e-14
6.33981e-15
1.25838e-15
-2.77561e-15
-4.81645e-15
-4.91735e-15
-3.72351e-15
-2.03403e-15
-4.94461e-16
5.39916e-16
9.97631e-16
9.99582e-16
7.4451e-16
4.1714e-16
1.39455e-16
-3.7238e-17
-1.14701e-16
-1.21896e-16
-9.30917e-17
-5.51105e-17
-2.32755e-17
-2.96141e-18
6.64893e-18
8.94876e-18
7.48915e-18
4.85601e-18
2.46938e-18
8.46026e-19
-2.08526e-20
-3.48938e-19
-3.77082e-19
-2.83177e-19
-1.69879e-19
-8.132e-20
-2.67897e-20
5.55237e-23
9.44293e-21
1.00304e-20
7.39695e-21
4.40561e-21
2.19115e-21
5.22578e-22
1.0079
1.04117
0.991696
0.793611
0.5
0.223365
0.042154
-0.0343031
-0.0421139
-0.0239644
-0.00647534
0.00197761
0.00332499
0.00186777
0.000400612
-0.000245072
-0.000285991
-0.000129611
-8.12739e-06
3.15022e-05
2.39228e-05
7.25577e-06
-1.97863e-06
-3.44893e-06
-1.76137e-06
-1.8454e-07
3.9124e-07
3.18273e-07
9.93709e-08
-2.70434e-08
-4.76358e-08
-2.40385e-08
-2.00424e-09
5.81838e-09
4.51192e-09
1.29237e-09
-4.84176e-10
-7.13816e-10
-3.342e-10
-9.51006e-12
9.45111e-11
6.64241e-11
1.60452e-11
-9.35424e-12
-1.11648e-11
-4.66411e-12
2.68012e-13
1.61407e-12
1.01928e-12
2.05956e-13
-1.66859e-13
-1.79102e-13
-8.29677e-14
-2.07379e-14
-9.07695e-15
-1.56368e-14
-1.54226e-14
-4.40389e-15
9.79928e-15
1.92869e-14
2.09818e-14
1.62754e-14
8.58675e-15
1.19064e-15
-3.89673e-15
-6.09448e-15
-5.88697e-15
-4.26736e-15
-2.24249e-15
-5.27062e-16
5.50819e-16
9.85647e-16
9.56753e-16
6.92427e-16
3.79523e-16
1.2765e-16
-2.56519e-17
-9.00039e-17
-9.52348e-17
-7.20503e-17
-4.25517e-17
-1.843e-17
-3.29289e-18
3.8564e-18
5.70824e-18
4.88589e-18
3.22114e-18
1.68948e-18
6.38549e-19
6.65387e-20
-1.63986e-19
-2.02568e-19
-1.59856e-19
-9.98171e-20
-5.06227e-20
-1.92445e-20
-3.02118e-21
3.35188e-21
4.53183e-21
3.5092e-21
0.998871
1.02303
1.04193
0.973194
0.776635
0.5
0.236308
0.0551561
-0.0291433
-0.0442026
-0.0286476
-0.0100134
0.000663016
0.00351519
0.00249279
0.000838178
-0.000110139
-0.000325109
-0.00020245
-4.98925e-05
2.37007e-05
3.12705e-05
1.49634e-05
1.26022e-06
-3.52123e-06
-2.80623e-06
-8.96015e-07
2.13495e-07
4.11962e-07
2.18731e-07
2.6977e-08
-4.67862e-08
-3.99564e-08
-1.32132e-08
2.98683e-09
5.99819e-09
3.17653e-09
3.49636e-10
-7.21183e-10
-5.94783e-10
-1.85005e-10
5.48497e-11
9.32949e-11
4.65234e-11
3.11588e-12
-1.20735e-11
-9.13744e-12
-2.50578e-12
1.10503e-12
1.54087e-12
7.44453e-13
7.48085e-14
-1.43916e-13
-1.06089e-13
-3.65317e-14
-2.03941e-14
-4.06829e-14
-5.79631e-14
-5.29878e-14
-2.95968e-14
-1.40163e-15
1.99386e-14
2.9393e-14
2.791e-14
1.96688e-14
9.40383e-15
6.90756e-16
-4.70131e-15
-6.64396e-15
-6.04366e-15
-4.15478e-15
-2.06078e-15
-4.23872e-16
5.26292e-16
8.63561e-16
8.00526e-16
5.58227e-16
2.96417e-16
9.7442e-17
-1.78606e-17
-6.3702e-17
-6.62419e-17
-4.93525e-17
-2.89048e-17
-1.26615e-17
-2.66847e-18
2.01503e-18
3.28252e-18
2.86103e-18
1.90849e-18
1.02289e-18
4.12152e-19
7.53865e-20
-6.63319e-20
-9.77893e-20
-8.12026e-20
-5.25199e-20
-2.7807e-20
-1.18353e-20
-1.05762e-21
0.997793
1.00507
1.03244
1.03887
0.957846
0.763692
0.5
0.246668
0.0663827
-0.0238073
-0.0451887
-0.0325522
-0.0134733
-0.000959178
0.00341734
0.00301639
0.00131432
9.733e-05
-0.000320961
-0.000268331
-0.000102053
5.40097e-06
3.42592e-05
2.29965e-05
6.2179e-06
-2.43292e-06
-3.56994e-06
-1.78399e-06
-1.83405e-07
4.05355e-07
3.37003e-07
1.12392e-07
-2.33436e-08
-4.9923e-08
-2.74106e-08
-3.82702e-09
5.6432e-09
5.03276e-09
1.74445e-09
-3.29809e-10
-7.55156e-10
-4.1639e-10
-5.49326e-11
8.9278e-11
7.76978e-11
2.5758e-11
-6.20177e-12
-1.21572e-11
-6.44739e-12
-7.16681e-13
1.47282e-12
1.25198e-12
4.71406e-13
3.14458e-14
-3.11078e-14
3.36986e-14
5.4803e-14
7.16793e-15
-6.11834e-14
-1.03736e-13
-1.04729e-13
-7.40868e-14
-3.15386e-14
5.78676e-15
2.86761e-14
3.5788e-14
3.09913e-14
2.01612e-14
8.63362e-15
-1.80784e-16
-5.04713e-15
-6.38117e-15
-5.42419e-15
-3.5092e-15
-1.62061e-15
-2.62711e-16
4.60142e-16
6.77502e-16
5.96261e-16
3.99457e-16
2.04779e-16
6.49754e-17
-1.21558e-17
-4.10837e-17
-4.17416e-17
-3.05666e-17
-1.77212e-17
-7.80802e-18
-1.82774e-18
9.50656e-19
1.72662e-18
1.53155e-18
1.03202e-18
5.62807e-19
2.37797e-19
5.66555e-20
-2.2195e-20
-4.294e-20
-3.79442e-20
-2.29772e-20
0.999036
0.997843
1.01201
1.03844
1.0343
0.944844
0.753332
0.5
0.255249
0.0762288
-0.0184971
-0.0453946
-0.0357829
-0.0167686
-0.00277966
0.00306919
0.00341666
0.00179625
0.000362307
-0.000271062
-0.000319196
-0.000159502
-2.26983e-05
3.14482e-05
3.00039e-05
1.24139e-05
-5.01571e-08
-3.78026e-06
-2.69448e-06
-7.81473e-07
2.58291e-07
4.1876e-07
2.17163e-07
2.5954e-08
-4.75585e-08
-4.11123e-08
-1.42496e-08
2.56399e-09
6.112e-09
3.4591e-09
5.34282e-10
-6.84865e-10
-6.35997e-10
-2.29574e-10
3.62378e-11
9.52354e-11
5.44547e-11
8.24605e-12
-1.10952e-11
-1.02705e-11
-3.80606e-12
3.792e-13
1.3158e-12
7.6191e-13
1.93643e-13
4.92047e-14
1.52132e-13
2.43309e-13
2.14292e-13
9.47954e-14
-3.83637e-14
-1.27548e-13
-1.54227e-13
-1.29992e-13
-7.94514e-14
-2.64271e-14
1.33865e-14
3.40863e-14
3.75562e-14
2.98737e-14
1.78304e-14
6.60651e-15
-1.10493e-15
-4.82583e-15
-5.44208e-15
-4.3065e-15
-2.61157e-15
-1.11186e-15
-1.19007e-16
3.63538e-16
4.80022e-16
4.00834e-16
2.58029e-16
1.27664e-16
3.89017e-17
-7.82322e-18
-2.43446e-17
-2.41277e-17
-1.73679e-17
-9.96803e-18
-4.40926e-18
-1.11552e-18
4.02974e-19
8.3893e-19
7.58607e-19
5.16348e-19
2.8596e-19
1.25338e-19
3.64796e-20
-1.39076e-20
0.999961
0.997493
0.999962
1.01842
1.04211
1.02914
0.933617
0.744751
0.5
0.262537
0.0849758
-0.0133115
-0.0450396
-0.0384394
-0.0198576
-0.00471768
0.00251112
0.00368607
0.00225945
0.000669094
-0.000176905
-0.000349474
-0.000217239
-5.89605e-05
2.2113e-05
3.47796e-05
1.91931e-05
3.57793e-06
-3.2318e-06
-3.45354e-06
-1.52336e-06
-4.80473e-08
4.29811e-07
3.2249e-07
9.90302e-08
-2.79562e-08
-5.00298e-08
-2.68177e-08
-3.61799e-09
5.65287e-09
5.0719e-09
1.82066e-09
-2.81038e-10
-7.54009e-10
-4.38955e-10
-7.38273e-11
8.36596e-11
8.09203e-11
3.05537e-11
-3.61271e-12
-1.19147e-11
-7.30814e-12
-1.7096e-12
6.79217e-13
6.55973e-13
5.17158e-14
-1.68474e-13
3.23314e-14
3.3416e-13
4.8927e-13
4.41289e-13
2.62364e-13
5.66451e-14
-9.98089e-14
-1.76249e-13
-1.78945e-13
-1.34164e-13
-7.22072e-14
-1.67205e-14
1.97869e-14
3.5297e-14
3.46511e-14
2.52375e-14
1.36721e-14
4.15103e-15
-1.70056e-15
-4.10028e-15
-4.14794e-15
-3.05723e-15
-1.73598e-15
-6.75742e-16
-2.73453e-17
2.59283e-16
3.0975e-16
2.4597e-16
1.52422e-16
7.2885e-17
2.13118e-17
-4.67412e-18
-1.33494e-17
-1.29162e-17
-9.15041e-18
-5.20415e-18
-2.31059e-18
-6.22748e-19
1.50917e-19
3.79151e-19
3.50486e-19
2.43499e-19
1.14674e-19
1.00021
0.998989
0.996922
1.00302
1.02396
1.0442
1.02381
0.923771
0.737463
0.5
0.268847
0.0928295
-0.00829713
-0.0442768
-0.0406094
-0.0227243
-0.00671456
0.00178129
0.00382595
0.00268654
0.001003
-4.24486e-05
-0.000355818
-0.000270828
-0.000101219
6.15712e-06
3.63676e-05
2.58328e-05
8.25193e-06
-1.80508e-06
-3.89324e-06
-2.32337e-06
-5.09073e-07
3.42821e-07
4.06035e-07
1.88693e-07
1.12936e-08
-4.98814e-08
-3.9188e-08
-1.2636e-08
3.0569e-09
6.05571e-09
3.34645e-09
4.99698e-10
-6.78319e-10
-6.31202e-10
-2.34233e-10
3.04901e-11
9.38822e-11
5.67126e-11
1.12159e-11
-9.16025e-12
-9.57944e-12
-3.95222e-12
-2.68313e-13
3.35145e-13
-3.92322e-13
-8.98177e-13
-7.28712e-13
-1.57195e-13
3.98743e-13
6.93274e-13
6.93991e-13
4.96828e-13
2.30748e-13
-1.92614e-15
-1.47685e-13
-1.98856e-13
-1.78072e-13
-1.19819e-13
-5.55188e-14
-5.34531e-15
2.32016e-14
3.21528e-14
2.82563e-14
1.87939e-14
9.13859e-15
2.06033e-15
-1.81525e-15
-3.10678e-15
-2.84803e-15
-1.96113e-15
-1.04331e-15
-3.68232e-16
1.46143e-17
1.67845e-16
1.83541e-16
1.39112e-16
8.32059e-17
3.85448e-17
1.08363e-17
-2.57655e-18
-6.81709e-18
-6.45309e-18
-4.50729e-18
-2.54391e-18
-1.13447e-18
-3.22178e-19
4.30734e-20
1.85583e-19
1.00013
1
0.997981
0.997159
1.00648
1.02865
1.04519
1.0185
0.915024
0.731153
0.5
0.274394
0.0999444
-0.00347339
-0.0432147
-0.0423674
-0.025367
-0.00872811
0.000913719
0.00384278
0.00306586
0.00135109
0.000126998
-0.000336704
-0.000316604
-0.000147094
-1.60181e-05
3.41025e-05
3.16251e-05
1.36644e-05
5.30393e-07
-3.87081e-06
-3.0801e-06
-1.09846e-06
1.40984e-07
4.45232e-07
2.83651e-07
6.95991e-08
-3.71387e-08
-4.8494e-08
-2.35641e-08
-1.97186e-09
5.87416e-09
4.81601e-09
1.62137e-09
-3.3568e-10
-7.40791e-10
-4.21954e-10
-6.97703e-11
8.11825e-11
7.92038e-11
3.15634e-11
-9.91306e-13
-9.09459e-12
-5.08952e-12
-4.53554e-13
8.23886e-13
-2.49184e-13
-1.58569e-12
-2.0361e-12
-1.55714e-12
-6.37486e-13
2.24525e-13
7.51201e-13
8.9346e-13
7.46552e-13
4.57915e-13
1.60813e-13
-5.98692e-14
-1.74086e-13
-1.94271e-13
-1.54785e-13
-9.26347e-14
-3.51839e-14
3.91121e-15
2.26476e-14
2.58573e-14
2.04775e-14
1.24292e-14
5.35403e-15
7.00019e-16
-1.5567e-15
-2.11589e-15
-1.77716e-15
-1.14811e-15
-5.73003e-16
-1.81603e-16
2.49959e-17
9.93888e-17
1.00644e-16
7.31133e-17
4.23395e-17
1.90569e-17
5.17187e-18
-1.31084e-18
-3.26025e-18
-3.02835e-18
-2.08778e-18
-1.18838e-18
-3.9284e-19
1.00003
1.00026
0.999477
0.997178
0.998022
1.01001
1.03255
1.04539
1.01331
0.90717
0.725606
0.5
0.279329
0.106439
0.00115474
-0.041932
-0.0437761
-0.0277924
-0.0107283
-6.2262e-05
0.00374582
0.00339021
0.00170247
0.000325544
-0.000292008
-0.000351728
-0.000194215
-4.36511e-05
2.76072e-05
3.59344e-05
1.94425e-05
3.72374e-06
-3.28056e-06
-3.68834e-06
-1.77217e-06
-1.80246e-07
4.20168e-07
3.69979e-07
1.43349e-07
-9.59764e-09
-5.17626e-08
-3.49116e-08
-9.34242e-09
4.07872e-09
5.86165e-09
2.9635e-09
3.10187e-10
-6.99507e-10
-5.98637e-10
-2.1197e-10
3.31586e-11
8.82197e-11
5.2237e-11
1.08868e-11
-6.17255e-12
-5.01094e-12
6.82766e-13
3.30528e-12
2.15011e-12
-4.99663e-13
-2.54941e-12
-3.18254e-12
-2.60517e-12
-1.4358e-12
-2.57193e-13
5.75638e-13
9.51507e-13
9.36386e-13
6.84005e-13
3.56893e-13
7.50031e-14
-1.03331e-13
-1.74047e-13
-1.65927e-13
-1.17679e-13
-6.17633e-14
-1.74393e-14
8.784e-15
1.88845e-14
1.84832e-14
1.32928e-14
7.36227e-15
2.75749e-15
2.34307e-17
-1.13805e-15
-1.30768e-15
-1.01674e-15
-6.19042e-16
-2.90303e-16
-8.16093e-17
2.12524e-17
5.4275e-17
5.14313e-17
3.59645e-17
2.02293e-17
8.87564e-18
2.33872e-18
-6.1901e-19
-1.46206e-18
-1.32491e-18
0.999982
1.00016
1.00019
0.998814
0.996675
0.999337
1.01347
1.03578
1.04504
1.0083
0.900056
0.720671
0.5
0.283765
0.112406
0.00559006
-0.0404869
-0.0448875
-0.0300111
-0.0126941
-0.0011218
0.00354557
0.00365566
0.00204819
0.000547226
-0.000222631
-0.000374148
-0.000240368
-7.5744e-05
1.67653e-05
3.82309e-05
2.51857e-05
7.65639e-06
-2.05941e-06
-4.049e-06
-2.47373e-06
-6.13084e-07
3.15741e-07
4.32726e-07
2.26279e-07
3.32726e-08
-4.63188e-08
-4.47955e-08
-1.85533e-08
3.90488e-10
6.09575e-09
4.32963e-09
1.24579e-09
-4.48698e-10
-7.14264e-10
-3.77437e-10
-5.25623e-11
7.54214e-11
6.65647e-11
2.22959e-11
-3.9341e-12
-6.5383e-12
9.70012e-13
6.92932e-12
7.52587e-12
4.29268e-12
1.52278e-13
-2.85356e-12
-4.04146e-12
-3.68244e-12
-2.44905e-12
-1.01687e-12
1.40585e-13
8.09379e-13
9.97161e-13
8.46173e-13
5.38866e-13
2.2715e-13
-9.14197e-16
-1.20544e-13
-1.4975e-13
-1.2429e-13
-7.84478e-14
-3.53755e-14
-5.64843e-15
9.5118e-15
1.37374e-14
1.1854e-14
7.79871e-15
3.93839e-15
1.24448e-15
-2.04322e-16
-7.3312e-16
-7.40425e-16
-5.37781e-16
-3.0994e-16
-1.36793e-16
-3.356e-17
1.40803e-17
2.75433e-17
2.4649e-17
1.66615e-17
9.12087e-18
4.00182e-18
3.98372e-19
0.999983
1.00003
1.00026
0.999957
0.998132
0.996485
1.00096
1.01677
1.03844
1.04428
1.00347
0.893561
0.716235
0.5
0.287787
0.11792
0.00983944
-0.0389223
-0.0457452
-0.0320359
-0.0146108
-0.00224409
0.00325288
0.00386074
0.00238115
0.000786327
-0.00013018
-0.000382519
-0.00028358
-0.000111168
1.68149e-06
3.81078e-05
3.04963e-05
1.21584e-05
-1.87578e-07
-4.07657e-06
-3.1397e-06
-1.13857e-06
1.23036e-07
4.5745e-07
3.10104e-07
9.02059e-08
-3.0128e-08
-5.11542e-08
-2.87246e-08
-5.24311e-09
5.165e-09
5.46587e-09
2.40043e-09
4.7232e-11
-7.14915e-10
-5.34243e-10
-1.66823e-10
3.9541e-11
7.15981e-11
3.06393e-11
-5.78185e-12
-1.46725e-11
-5.46771e-12
6.52059e-12
1.27413e-11
1.21603e-11
7.52732e-12
2.04924e-12
-2.15821e-12
-4.2916e-12
-4.50799e-12
-3.46279e-12
-1.92099e-12
-4.96822e-13
4.66615e-13
8.94501e-13
8.97098e-13
6.61041e-13
3.60329e-13
1.08848e-13
-4.70879e-14
-1.11213e-13
-1.12083e-13
-8.21659e-14
-4.60727e-14
-1.72246e-14
2.60353e-16
7.79444e-15
8.87558e-15
6.88996e-15
4.1722e-15
1.91641e-15
4.84245e-16
-2.13914e-16
-4.25232e-16
-3.87487e-16
-2.64966e-16
-1.45152e-16
-6.03872e-17
-1.26462e-17
8.02762e-18
1.30741e-17
1.12134e-17
6.52835e-18
0.999994
0.999978
1.00012
1.0003
0.999599
0.997507
0.996583
1.00278
1.01986
1.04061
1.04321
0.998845
0.887594
0.712213
0.5
0.291459
0.123039
0.0139117
-0.0372711
-0.0463857
-0.0338802
-0.0164687
-0.00341188
0.00287833
0.00400571
0.00269582
0.00103755
-1.67195e-05
-0.000376094
-0.000322165
-0.000148743
-1.73631e-05
3.52842e-05
3.50019e-05
1.7025e-05
2.3144e-06
-3.70406e-06
-3.70485e-06
-1.72852e-06
-1.60061e-07
4.31511e-07
3.8528e-07
1.58214e-07
-2.04439e-09
-5.19702e-08
-3.86728e-08
-1.26198e-08
2.80059e-09
6.08702e-09
3.64452e-09
7.86326e-10
-5.56528e-10
-6.44739e-10
-2.90395e-10
-1.08657e-11
7.34862e-11
4.16913e-11
-8.42031e-12
-3.07339e-11
-2.45387e-11
-6.38825e-12
9.47762e-12
1.70568e-11
1.67257e-11
1.16344e-11
5.14071e-12
-3.62913e-13
-3.71739e-12
-4.81494e-12
-4.22371e-12
-2.77241e-12
-1.21027e-12
-1.49522e-14
6.426e-13
8.22103e-13
6.95722e-13
4.44953e-13
2.00893e-13
2.84118e-14
-6.10245e-14
-8.59515e-14
-7.38849e-14
-4.83423e-14
-2.39452e-14
-6.90081e-15
2.18849e-15
5.35654e-15
5.17037e-15
3.66452e-15
2.05218e-15
8.53055e-16
1.54535e-16
-1.53352e-16
-2.25546e-16
-1.88908e-16
-1.22434e-16
-6.40046e-17
-2.50936e-17
-4.64106e-18
5.91038e-18
1
0.999978
1.00001
1.00021
1.00025
0.999162
0.996984
0.996931
1.00472
1.02272
1.04237
1.04193
0.99441
0.88208
0.708541
0.5
0.294834
0.127814
0.0178165
-0.035558
-0.0468395
-0.0355575
-0.0182615
-0.00461091
0.00243196
0.00409206
0.00298801
0.00129613
0.000115423
-0.000354624
-0.00035473
-0.000187304
-3.99542e-05
2.95993e-05
3.83716e-05
2.20318e-05
5.39077e-06
-2.88566e-06
-4.10654e-06
-2.34794e-06
-5.28882e-07
3.45068e-07
4.41811e-07
2.32815e-07
3.80453e-08
-4.5474e-08
-4.70121e-08
-2.12786e-08
-1.1369e-09
5.91108e-09
4.79781e-09
1.7184e-09
-2.22293e-10
-6.81862e-10
-4.06256e-10
-6.49031e-11
8.50998e-11
7.23043e-11
5.05355e-12
-4.31044e-11
-5.29123e-11
-3.63151e-11
-1.17133e-11
8.2908e-12
1.88296e-11
2.03794e-11
1.59252e-11
8.95742e-12
2.31921e-12
-2.31168e-12
-4.45717e-12
-4.53126e-12
-3.37796e-12
-1.84706e-12
-5.33027e-13
2.97588e-13
6.4204e-13
6.409e-13
4.6715e-13
2.57709e-13
8.99353e-14
-1.12725e-14
-5.35638e-14
-5.75066e-14
-4.34374e-14
-2.55291e-14
-1.10277e-14
-2.03404e-15
2.16004e-15
3.22861e-15
2.74991e-15
1.79914e-15
9.34879e-16
3.48653e-16
3.35318e-17
-9.12592e-17
-1.10696e-16
-8.63181e-17
-5.4047e-17
-2.11266e-17
1
0.999992
0.999971
1.00006
1.00029
1.00011
0.998686
0.996583
0.997489
1.00671
1.02537
1.04378
1.04049
0.990161
0.876961
0.705166
0.5
0.297951
0.132283
0.0215636
-0.0338022
-0.0471324
-0.0370806
-0.0199854
-0.00582946
0.00192307
0.00412207
0.00325471
0.00155785
0.0002638
-0.000318255
-0.000380175
-0.000225738
-6.55836e-05
2.10018e-05
4.03256e-05
2.69479e-05
8.95689e-06
-1.59756e-06
-4.28826e-06
-2.9575e-06
-9.72494e-07
1.91736e-07
4.69997e-07
3.08365e-07
8.9176e-08
-3.03164e-08
-5.227e-08
-3.05176e-08
-6.61808e-09
4.70512e-09
5.65614e-09
2.75032e-09
2.68286e-10
-6.45757e-10
-5.19598e-10
-1.29647e-10
1.0869e-10
1.39135e-10
6.17148e-11
-2.31537e-11
-6.86774e-11
-7.24379e-11
-5.10194e-11
-2.21286e-11
2.43067e-12
1.73577e-11
2.22159e-11
1.94747e-11
1.27494e-11
5.40687e-12
-2.97431e-13
-3.4669e-12
-4.30608e-12
-3.61193e-12
-2.27879e-12
-9.806e-13
-6.42966e-14
4.02641e-13
5.17466e-13
4.30707e-13
2.73449e-13
1.27881e-13
2.85077e-14
-2.24516e-14
-3.8013e-14
-3.40665e-14
-2.30365e-14
-1.2189e-14
-4.47618e-15
-1.96799e-16
1.51835e-15
1.75102e-15
1.34936e-15
8.2173e-16
3.96976e-16
1.31009e-16
-1.48918e-18
-4.76188e-17
-5.13462e-17
1
1
0.99998
0.999981
1.00013
1.00033
0.999903
0.998204
0.996314
0.998219
1.00873
1.02779
1.04489
1.03892
0.986088
0.872186
0.702049
0.5
0.300845
0.136483
0.0251626
-0.0320184
-0.0472861
-0.0384617
-0.0216386
-0.00705794
0.0013602
0.00409858
0.0034938
0.00181902
0.00042595
-0.000267441
-0.000397667
-0.000263018
-9.36835e-05
9.53536e-06
4.06398e-05
3.15468e-05
1.2906e-05
1.62696e-07
-4.20216e-06
-3.51595e-06
-1.47456e-06
-3.10673e-08
4.61091e-07
3.78444e-07
1.4934e-07
-5.70409e-09
-5.30143e-08
-3.9438e-08
-1.34197e-08
2.33735e-09
6.04003e-09
3.77982e-09
8.77606e-10
-5.59919e-10
-6.67401e-10
-2.51102e-10
1.08049e-10
2.30325e-10
1.76253e-10
6.19783e-11
-3.35546e-11
-8.23076e-11
-8.82902e-11
-6.75132e-11
-3.64539e-11
-7.43065e-12
1.25875e-11
2.16302e-11
2.14515e-11
1.57291e-11
8.29779e-12
1.94055e-12
-2.0408e-12
-3.60814e-12
-3.44926e-12
-2.43808e-12
-1.27897e-12
-3.72452e-13
1.56986e-13
3.59069e-13
3.52593e-13
2.53203e-13
1.4038e-13
5.34355e-14
2.08634e-15
-1.97687e-14
-2.32159e-14
-1.81688e-14
-1.11291e-14
-5.28916e-15
-1.57004e-15
2.78794e-16
8.92667e-16
8.69112e-16
6.16313e-16
3.51115e-16
1.61252e-16
2.12174e-17
1
1
0.999995
0.99997
1.00001
1.0002
1.00032
0.999638
0.997741
0.996174
0.999086
1.01073
1.03001
1.04575
1.03727
0.982184
0.867717
0.699155
0.5
0.303542
0.14044
0.0286225
-0.0302183
-0.0473191
-0.0397121
-0.0232206
-0.00828853
0.000751047
0.00402473
0.00370393
0.00207651
0.00059947
-0.000202868
-0.000406618
-0.000298222
-0.000123655
-4.67632e-06
3.91468e-05
3.56146e-05
1.71156e-05
2.37783e-06
-3.81076e-06
-3.98232e-06
-2.0144e-06
-3.22051e-07
4.07825e-07
4.3626e-07
2.15584e-07
2.8496e-08
-4.79953e-08
-4.70288e-08
-2.1139e-08
-1.19112e-09
5.84627e-09
4.75208e-09
1.60399e-09
-4.26396e-10
-8.90121e-10
-5.07444e-10
-6.15234e-12
2.75243e-10
3.14448e-10
2.16027e-10
8.36138e-11
-2.28629e-11
-8.27527e-11
-9.85189e-11
-8.30622e-11
-5.21141e-11
-1.95885e-11
5.21929e-12
1.85687e-11
2.13982e-11
1.7315e-11
1.04523e-11
3.97879e-12
-4.67984e-13
-2.60399e-12
-2.95995e-12
-2.32916e-12
-1.3957e-12
-5.80932e-13
-5.08221e-14
2.00071e-13
2.55283e-13
2.08937e-13
1.31796e-13
6.33217e-14
1.77639e-14
-5.53533e-15
-1.32601e-14
-1.26006e-14
-8.83705e-15
-4.93747e-15
-2.09095e-15
-4.48652e-16
2.79297e-16
4.641e-16
4.02613e-16
2.34696e-16
1
1
1
0.999986
0.999968
1.00005
1.00027
1.00027
0.999331
0.997313
0.996157
1.00006
1.01269
1.03204
1.04639
1.03556
0.978436
0.863517
0.696458
0.5
0.306067
0.144179
0.0319521
-0.0284107
-0.0472471
-0.0408424
-0.0247318
-0.00951485
0.000102559
0.00390383
0.00388439
0.00232765
0.000782063
-0.000125388
-0.000406654
-0.000330536
-0.00015489
-2.1445e-05
3.57346e-05
3.89561e-05
2.14541e-05
5.01315e-06
-3.08782e-06
-4.31772e-06
-2.56816e-06
-6.76203e-07
3.04811e-07
4.75052e-07
2.84169e-07
7.16953e-08
-3.62961e-08
-5.23036e-08
-2.92772e-08
-5.77991e-09
5.05311e-09
5.69655e-09
2.54453e-09
-1.47226e-10
-1.15324e-09
-9.47549e-10
-3.43557e-10
1.45863e-10
3.6904e-10
3.75273e-10
2.66564e-10
1.2682e-10
6.73837e-12
-7.04983e-11
-1.01189e-10
-9.44802e-11
-6.60217e-11
-3.17916e-11
-3.45625e-12
1.35606e-11
1.93544e-11
1.72828e-11
1.15388e-11
5.47815e-12
9.6322e-13
-1.50428e-12
-2.27388e-12
-2.0137e-12
-1.34424e-12
-6.75411e-13
-1.95233e-13
6.63723e-14
1.59461e-13
1.54472e-13
1.09764e-13
6.12753e-14
2.49302e-14
3.70495e-15
-5.56127e-15
-7.5576e-15
-6.20095e-15
-3.95996e-15
-2.02478e-15
-7.50455e-16
-9.15012e-17
2.33142e-16
1
1
1
0.999999
0.999976
0.999976
1.0001
1.00032
1.00018
0.998997
0.996934
0.996254
1.00112
1.01461
1.03388
1.04684
1.0338
0.974837
0.85956
0.693933
0.5
0.308436
0.147722
0.0351593
-0.0266028
-0.0470838
-0.0418621
-0.0261734
-0.0107318
-0.000579061
0.00373921
0.00403491
0.00257022
0.000971575
-3.59692e-05
-0.000397589
-0.000359261
-0.000186791
-4.05324e-05
3.03429e-05
4.13993e-05
2.57856e-05
8.01927e-06
-2.01857e-06
-4.48685e-06
-3.10997e-06
-1.08509e-06
1.48827e-07
4.88499e-07
3.50812e-07
1.22608e-07
-1.7442e-08
-5.44539e-08
-3.73895e-08
-1.13577e-08
3.62255e-09
6.67279e-09
3.89553e-09
5.30732e-10
-1.2524e-09
-1.48188e-09
-9.37451e-10
-2.78262e-10
1.85712e-10
3.99707e-10
4.19692e-10
3.24606e-10
1.83775e-10
4.89848e-11
-4.78915e-11
-9.54052e-11
-9.93153e-11
-7.55259e-11
-4.18683e-11
-1.19183e-11
7.54007e-12
1.57968e-11
1.57808e-11
1.14929e-11
6.26144e-12
2.04182e-12
-5.00218e-13
-1.53502e-12
-1.58246e-12
-1.16971e-12
-6.68876e-13
-2.70693e-13
-2.86524e-14
7.94133e-14
1.01487e-13
8.22443e-14
5.18244e-14
2.55659e-14
8.35283e-15
-5.07287e-16
-3.68367e-15
-3.82736e-15
-2.80289e-15
-1.67225e-15
-5.82119e-16
1
1
1
1
0.999993
0.999969
0.999995
1.00016
1.00035
1.00004
0.998649
0.99661
0.996454
1.00224
1.01647
1.03556
1.04713
1.03202
0.971377
0.855821
0.691564
0.5
0.310668
0.151087
0.0382517
-0.0248
-0.0468406
-0.0427801
-0.0275469
-0.0119352
-0.00128828
0.0035342
0.00415565
0.00280238
0.00116601
6.43519e-05
-0.000379392
-0.000383812
-0.000218782
-6.16627e-05
2.29581e-05
4.27974e-05
2.99746e-05
1.13349e-05
-5.99488e-07
-4.45915e-06
-3.6131e-06
-1.5373e-06
-6.10019e-08
4.71144e-07
4.11034e-07
1.7943e-07
8.62839e-09
-5.29169e-08
-4.52151e-08
-1.80597e-08
1.29755e-09
7.57768e-09
5.81047e-09
1.95352e-09
-7.89889e-10
-1.79115e-09
-1.61881e-09
-9.85134e-10
-3.40565e-10
1.27423e-10
3.81005e-10
4.47167e-10
3.79718e-10
2.42545e-10
9.54795e-11
-1.88714e-11
-8.18827e-11
-9.66203e-11
-7.91022e-11
-4.82687e-11
-1.88232e-11
1.55555e-12
1.14524e-11
1.32319e-11
1.04875e-11
6.3277e-12
2.67121e-12
2.79419e-13
-8.63006e-13
-1.12603e-12
-9.29642e-13
-5.9076e-13
-2.86996e-13
-8.34234e-14
2.17105e-14
5.74559e-14
5.55074e-14
3.93221e-14
2.22013e-14
9.56533e-15
2.19739e-15
-1.12314e-15
-2.01176e-15
-1.70187e-15
1
1
1
1
1
0.999985
0.999966
1.00002
1.00022
1.00036
0.999873
0.998298
0.996344
0.996747
1.00341
1.01826
1.03708
1.04729
1.03022
0.968048
0.852278
0.689332
0.5
0.312776
0.154289
0.0412361
-0.0230068
-0.0465277
-0.0436044
-0.0288545
-0.0131217
-0.0020202
0.00329203
0.00424704
0.00302265
0.00136354
0.0001745
-0.000352164
-0.000403711
-0.000250322
-8.45349e-05
1.36086e-05
4.30305e-05
3.38903e-05
1.48897e-05
1.16237e-06
-4.2096e-06
-4.05099e-06
-2.01903e-06
-3.23191e-07
4.18735e-07
4.60582e-07
2.4019e-07
4.18204e-08
-4.72123e-08
-5.26222e-08
-2.62973e-08
-2.5903e-09
7.86868e-09
8.10413e-09
4.31405e-09
6.77625e-10
-1.36058e-09
-1.9539e-09
-1.70878e-09
-1.1276e-09
-5.06204e-10
2.19041e-12
3.26311e-10
4.53599e-10
4.19898e-10
2.91226e-10
1.37822e-10
1.17892e-11
-6.28447e-11
-8.71027e-11
-7.65965e-11
-5.03552e-11
-2.33077e-11
-3.50986e-12
7.07272e-12
1.01766e-11
8.84185e-12
5.81347e-12
2.86464e-12
7.82307e-13
-3.32105e-13
-7.14061e-13
-6.76979e-13
-4.75007e-13
-2.61993e-13
-1.045e-13
-1.35838e-14
2.54598e-14
3.33246e-14
2.7011e-14
1.71174e-14
8.66991e-15
3.26567e-15
-3.04719e-16
1
1
1
1
1
0.999999
0.999977
0.999969
1.00006
1.00027
1.00034
0.999674
0.997952
0.996139
0.997122
1.00461
1.01999
1.03846
1.04732
1.02841
0.964841
0.848913
0.687224
0.5
0.314771
0.157342
0.0441189
-0.0212264
-0.0461536
-0.0443425
-0.0300982
-0.0142888
-0.00277045
0.0030158
0.00430973
0.00322985
0.00156249
0.000293389
-0.000316114
-0.000418577
-0.000280908
-0.000108832
2.35844e-06
4.2005e-05
3.74089e-05
1.8607e-05
3.25027e-06
-3.71936e-06
-4.39837e-06
-2.51486e-06
-6.34191e-07
3.28328e-07
4.95731e-07
3.0315e-07
8.23298e-08
-3.64847e-08
-5.92074e-08
-3.6502e-08
-9.071e-09
6.40261e-09
9.93597e-09
7.27308e-09
3.29362e-09
2.77843e-10
-1.35478e-09
-1.91856e-09
-1.81142e-09
-1.33669e-09
-7.23499e-10
-1.53907e-10
2.48122e-10
4.35865e-10
4.36295e-10
3.21141e-10
1.69424e-10
3.9506e-11
-4.13909e-11
-7.27316e-11
-6.90377e-11
-4.83939e-11
-2.51062e-11
-7.11543e-12
3.25381e-12
7.12282e-12
6.91435e-12
4.92709e-12
2.7124e-12
1.02211e-12
3.14279e-14
-3.86509e-13
-4.49907e-13
-3.51005e-13
-2.14782e-13
-1.02157e-13
-3.04856e-14
5.19454e-15
1.71197e-14
1.67381e-14
1.20692e-14
5.71829e-15
1
1
1
1
1
1
0.999994
0.99997
0.999978
1.0001
1.00032
1.00029
0.999453
0.997619
0.995994
0.997568
1.00583
1.02164
1.03971
1.04725
1.0266
0.961748
0.845711
0.685229
0.5
0.316664
0.160259
0.0469061
-0.0194615
-0.0457261
-0.045001
-0.0312804
-0.0154344
-0.0035352
0.00270848
0.00434457
0.00342307
0.00176139
0.000419943
-0.000271537
-0.000428126
-0.00031008
-0.000134231
-1.06977e-05
3.96539e-05
4.04166e-05
2.24063e-05
5.63894e-06
-2.97599e-06
-4.63226e-06
-3.00882e-06
-9.89089e-07
1.9791e-07
5.13158e-07
3.66899e-07
1.30991e-07
-1.89226e-08
-6.35775e-08
-4.84267e-08
-1.90167e-08
1.6716e-09
9.74675e-09
9.66196e-09
6.48448e-09
3.12778e-09
5.94261e-10
-1.00924e-09
-1.79986e-09
-1.92007e-09
-1.55341e-09
-9.36291e-10
-3.08091e-10
1.58441e-10
3.94707e-10
4.25715e-10
3.28452e-10
1.86608e-10
6.08083e-11
-2.06614e-11
-5.6053e-11
-5.81721e-11
-4.33129e-11
-2.44854e-11
-9.10616e-12
3.43131e-13
4.44504e-12
5.01551e-12
3.88354e-12
2.33906e-12
1.0545e-12
2.38999e-13
-1.55314e-13
-2.68908e-13
-2.38953e-13
-1.61147e-13
-8.67436e-14
-3.46163e-14
-5.56718e-15
6.52817e-15
9.67551e-15
1
1
1
1
1
1
1
0.999988
0.999965
0.999994
1.00015
1.00035
1.00022
0.999214
0.997304
0.995908
0.998077
1.00706
1.02322
1.04084
1.04708
1.0248
0.958764
0.842658
0.683336
0.5
0.318465
0.16305
0.0496032
-0.0177142
-0.0452515
-0.0455862
-0.0324034
-0.016557
-0.00431106
0.00237287
0.00435251
0.00360162
0.00195888
0.000553114
-0.000218795
-0.000432155
-0.000337426
-0.000160408
-2.54402e-05
3.59344e-05
4.28108e-05
2.62058e-05
8.29615e-06
-1.97327e-06
-4.73258e-06
-3.48528e-06
-1.3826e-06
2.54522e-08
5.09091e-07
4.29728e-07
1.89017e-07
8.45836e-09
-6.2681e-08
-6.01903e-08
-3.21427e-08
-7.38574e-09
5.73189e-09
9.58155e-09
8.74789e-09
6.33155e-09
3.69167e-09
1.31689e-09
-5.28906e-10
-1.64976e-09
-1.99672e-09
-1.71865e-09
-1.09971e-09
-4.35602e-10
6.86092e-11
3.35243e-10
3.90728e-10
3.14138e-10
1.88822e-10
7.38773e-11
-3.12514e-12
-3.95026e-11
-4.59272e-11
-3.63541e-11
-2.20604e-11
-9.64584e-12
-1.56351e-12
2.34644e-12
3.35892e-12
2.85821e-12
1.86641e-12
9.51168e-13
3.2391e-13
-1.21817e-14
-1.39176e-13
-1.49223e-13
-1.11609e-13
-6.64314e-14
-3.19965e-14
-5.13163e-15
1
1
1
1
1
1
1
1
0.999981
0.999964
1.00002
1.00019
1.00037
1.00013
0.998962
0.997012
0.995878
0.99864
1.00829
1.02473
1.04186
1.04684
1.02301
0.955881
0.839741
0.681535
0.5
0.32018
0.165724
0.0522152
-0.015986
-0.0447357
-0.0461036
-0.0334697
-0.0176553
-0.00509503
0.00201159
0.00433459
0.00376502
0.0021538
0.000691889
-0.000158302
-0.000430535
-0.000362578
-0.000187044
-4.17298e-05
3.08272e-05
4.45018e-05
2.99249e-05
1.11847e-05
-7.10127e-07
-4.68193e-06
-3.92931e-06
-1.80977e-06
-1.922e-07
4.77865e-07
4.88056e-07
2.56656e-07
4.90291e-08
-5.18657e-08
-6.76478e-08
-4.59161e-08
-2.01491e-08
-3.07848e-09
5.12672e-09
7.95385e-09
8.09788e-09
6.79825e-09
4.62822e-09
2.13921e-09
-5.26962e-11
-1.48094e-09
-2.00338e-09
-1.7927e-09
-1.18781e-09
-5.2168e-10
-1.16171e-11
2.6556e-10
3.38061e-10
2.82772e-10
1.78097e-10
7.85947e-11
9.80592e-12
-2.49215e-11
-3.3975e-11
-2.87444e-11
-1.85774e-11
-9.09164e-12
-2.56338e-12
8.73783e-13
2.05119e-12
1.96551e-12
1.39004e-12
7.79539e-13
3.2645e-13
6.1956e-14
-5.56238e-14
-8.42043e-14
-7.21158e-14
-4.11384e-14
1
1
1
1
1
1
1
1
0.999996
0.999974
0.999966
1.00004
1.00024
1.00038
1.00002
0.998704
0.996745
0.995901
0.999249
1.00951
1.02617
1.04278
1.04653
1.02123
0.953094
0.83695
0.67982
0.5
0.321818
0.168292
0.0547468
-0.0142781
-0.0441837
-0.0465584
-0.0344817
-0.0187287
-0.00588449
0.00162712
0.00429193
0.00391295
0.00234509
0.0008353
-9.05101e-05
-0.000423204
-0.000385218
-0.000213833
-5.94121e-05
2.43335e-05
4.54133e-05
3.3486e-05
1.42648e-05
8.11313e-07
-4.46412e-06
-4.32561e-06
-2.26551e-06
-4.59655e-07
4.10642e-07
5.34374e-07
3.30795e-07
1.04377e-07
-2.63339e-08
-6.48869e-08
-5.51335e-08
-3.32409e-08
-1.54656e-08
-4.33993e-09
2.28681e-09
6.2063e-09
7.93031e-09
7.55995e-09
5.56122e-09
2.83669e-09
3.43928e-10
-1.29208e-09
-1.92064e-09
-1.76219e-09
-1.19432e-09
-5.61403e-10
-7.52074e-11
1.94489e-10
2.76236e-10
2.4075e-10
1.58055e-10
7.61857e-11
1.78056e-11
-1.33508e-11
-2.34827e-11
-2.14662e-11
-1.47306e-11
-7.86319e-12
-2.86325e-12
-3.73082e-14
1.10947e-12
1.25899e-12
9.70588e-13
5.91375e-13
2.83377e-13
8.87318e-14
-6.97555e-15
-4.80099e-14
1
1
1
1
1
1
1
1
1
0.999992
0.999968
0.999972
1.00008
1.00028
1.00038
0.999885
0.998442
0.996506
0.995975
0.999897
1.01073
1.02755
1.0436
1.04615
1.01946
0.950397
0.834276
0.678182
0.5
0.323384
0.170759
0.0572023
-0.0125913
-0.0435999
-0.0469552
-0.0354416
-0.0197763
-0.00667712
0.00122177
0.00422567
0.00404522
0.00253184
0.000982432
-1.58966e-05
-0.000410157
-0.00040507
-0.00024048
-7.8323e-05
1.64721e-05
4.54813e-05
3.68158e-05
1.74957e-05
2.58792e-06
-4.06154e-06
-4.65564e-06
-2.74194e-06
-7.81212e-07
2.95743e-07
5.55972e-07
4.02409e-07
1.71149e-07
1.58656e-08
-4.64188e-08
-5.29813e-08
-4.04686e-08
-2.71244e-08
-1.68601e-08
-8.39963e-09
-9.07849e-10
4.92984e-09
8.06608e-09
8.24109e-09
6.21679e-09
3.28743e-09
6.31699e-10
-1.08406e-09
-1.75229e-09
-1.63726e-09
-1.12866e-09
-5.5796e-10
-1.18597e-10
1.29557e-10
2.13392e-10
1.94597e-10
1.32836e-10
6.86502e-11
2.13987e-11
-5.07364e-12
-1.50538e-11
-1.51552e-11
-1.10508e-11
-6.3422e-12
-2.7013e-12
-5.09535e-13
4.91742e-13
7.44634e-13
6.36213e-13
4.18906e-13
2.26427e-13
5.85115e-14
1
1
1
1
1
1
1
1
1
1
0.999986
0.999964
0.999983
1.00011
1.00032
1.00035
0.999736
0.998181
0.996296
0.996096
1.00058
1.01194
1.02885
1.04434
1.04573
1.01771
0.947785
0.831708
0.676616
0.5
0.324883
0.173133
0.0595858
-0.0109263
-0.0429883
-0.0472984
-0.0363518
-0.020798
-0.00747091
0.000797665
0.00413694
0.00416179
0.00271326
0.00113242
6.50446e-05
-0.000391438
-0.000421901
-0.000266709
-9.82934e-05
7.27503e-06
4.46516e-05
3.98436e-05
2.08356e-05
4.61651e-06
-3.45274e-06
-4.89371e-06
-3.22355e-06
-1.15616e-06
1.22068e-07
5.36291e-07
4.55644e-07
2.38317e-07
7.01556e-08
-1.08487e-08
-3.3916e-08
-3.44874e-08
-3.10682e-08
-2.72896e-08
-2.14175e-08
-1.28413e-08
-3.4048e-09
4.19009e-09
8.20644e-09
8.57e-09
6.46244e-09
3.4585e-09
8.09307e-10
-8.65501e-10
-1.52022e-09
-1.44336e-09
-1.00982e-09
-5.20009e-10
-1.41684e-10
7.57447e-11
1.55813e-10
1.49738e-10
1.06221e-10
5.81855e-11
2.16057e-11
1.89265e-13
-8.80971e-12
-1.01057e-11
-7.86669e-12
-4.81644e-12
-2.29193e-12
-6.79362e-13
1.27525e-13
3.98491e-13
3.93588e-13
2.51904e-13
1
1
1
1
1
1
1
1
1
1
0.999999
0.999981
0.999962
0.999998
1.00015
1.00035
1.00032
0.999574
0.997923
0.996116
0.996261
1.00129
1.01312
1.0301
1.045
1.04525
1.01599
0.945253
0.829241
0.675117
0.5
0.326321
0.17542
0.061901
-0.00928346
-0.0423523
-0.0475919
-0.0372146
-0.0217935
-0.00826406
0.000356806
0.00402691
0.0042627
0.00288868
0.00128446
0.000151813
-0.000367133
-0.000435519
-0.000292263
-0.000119153
-3.21689e-06
4.28755e-05
4.24972e-05
2.42375e-05
6.8912e-06
-2.61279e-06
-5.00436e-06
-3.68181e-06
-1.57175e-06
-1.13912e-07
4.60273e-07
4.70522e-07
2.87015e-07
1.22918e-07
3.52671e-08
2.24946e-09
-1.02052e-08
-1.98258e-08
-2.81785e-08
-3.10311e-08
-2.63202e-08
-1.61568e-08
-4.85563e-09
3.80403e-09
8.11298e-09
8.43193e-09
6.29135e-09
3.37837e-09
8.89887e-10
-6.50748e-10
-1.25509e-09
-1.21183e-09
-8.60187e-10
-4.58814e-10
-1.47123e-10
3.5189e-11
1.07322e-10
1.09888e-10
8.10932e-11
4.67437e-11
1.95977e-11
3.03492e-12
-4.54015e-12
-6.3424e-12
-5.32161e-12
-3.46473e-12
-1.79762e-12
-6.66663e-13
-6.6163e-14
2.32551e-13
1
1
1
1
1
1
1
1
1
1
1
0.999996
0.999975
0.999962
1.00002
1.00019
1.00038
1.00027
0.999401
0.997672
0.995965
0.996466
1.00202
1.01429
1.03128
1.04559
1.04474
1.01428
0.942798
0.826867
0.673679
0.5
0.327702
0.177627
0.0641514
-0.00766299
-0.041695
-0.0478393
-0.0380319
-0.0227629
-0.00905504
-9.8968e-05
0.00389672
0.00434809
0.00305751
0.00143781
0.000243908
-0.000337359
-0.000445763
-0.0003169
-0.00014073
-1.49571e-05
4.01045e-05
4.46961e-05
2.76414e-05
9.39525e-06
-1.51933e-06
-4.94452e-06
-4.07268e-06
-1.99664e-06
-3.99192e-07
3.23521e-07
4.30288e-07
2.9481e-07
1.52397e-07
7.55081e-08
4.6694e-08
3.10443e-08
1.08788e-08
-1.2343e-08
-2.97406e-08
-3.53631e-08
-2.9698e-08
-1.77494e-08
-5.34901e-09
3.54805e-09
7.67937e-09
7.85173e-09
5.78101e-09
3.10832e-09
8.92742e-10
-4.55009e-10
-9.8729e-10
-9.72164e-10
-7.00631e-10
-3.85733e-10
-1.39221e-10
7.61015e-12
6.93978e-11
7.69849e-11
5.92574e-11
3.57834e-11
1.64408e-11
4.15912e-12
-1.86239e-12
-3.71824e-12
-3.42118e-12
-2.36684e-12
-1.34487e-12
-3.98377e-13
1
1
1
1
1
1
1
1
1
1
1
1
0.999992
0.99997
0.999965
1.00004
1.00023
1.0004
1.0002
0.999218
0.99743
0.995844
0.996708
1.00277
1.01543
1.0324
1.0461
1.04418
1.01259
0.940414
0.82458
0.672298
0.5
0.329029
0.179757
0.0663401
-0.00606503
-0.041019
-0.0480439
-0.038806
-0.0237061
-0.0098425
-0.000567952
0.00374748
0.00441814
0.00321926
0.00159176
0.000340834
-0.000302258
-0.000452499
-0.000340389
-0.00016285
-2.78911e-05
3.62898e-05
4.63458e-05
3.09637e-05
1.20877e-05
-1.66089e-07
-4.67392e-06
-4.34146e-06
-2.3793e-06
-6.97208e-07
1.42597e-07
3.32297e-07
2.44816e-07
1.34538e-07
8.57276e-08
8.05486e-08
7.83846e-08
5.81942e-08
2.34608e-08
-1.10185e-08
-3.28357e-08
-3.81672e-08
-3.07711e-08
-1.76756e-08
-5.16041e-09
3.26552e-09
6.92446e-09
6.94324e-09
5.04817e-09
2.71951e-09
8.38787e-10
-2.89967e-10
-7.40792e-10
-7.47249e-10
-5.47536e-10
-3.10447e-10
-1.22789e-10
-8.87999e-12
4.17155e-11
5.14847e-11
4.15211e-11
2.62038e-11
1.29562e-11
4.20392e-12
-3.4996e-13
-2.00364e-12
-2.10165e-12
-1.40183e-12
1
1
1
1
1
1
1
1
1
1
1
1
1
0.999988
0.999965
0.99997
1.00007
1.00026
1.00041
1.00013
0.999028
0.997198
0.995753
0.996984
1.00354
1.01656
1.03347
1.04656
1.0436
1.01093
0.938099
0.822373
0.670971
0.5
0.330308
0.181815
0.0684703
-0.00448957
-0.0403267
-0.0482087
-0.0395387
-0.0246235
-0.0106252
-0.00104857
0.00358029
0.00447311
0.00337351
0.00174567
0.000442107
-0.000261989
-0.000455612
-0.000362499
-0.000185322
-4.19458e-05
3.1389e-05
4.7339e-05
3.40904e-05
1.48889e-05
1.41798e-06
-4.17446e-06
-4.438e-06
-2.65623e-06
-9.48061e-07
-3.84167e-08
1.98789e-07
1.37612e-07
5.33691e-08
4.11843e-08
7.8215e-08
1.11343e-07
1.09777e-07
7.51091e-08
2.72786e-08
-1.31376e-08
-3.5139e-08
-3.84976e-08
-2.96059e-08
-1.63373e-08
-4.58438e-09
2.89263e-09
5.94706e-09
5.8545e-09
4.2126e-09
2.27767e-09
7.48027e-10
-1.61535e-10
-5.30515e-10
-5.5155e-10
-4.11665e-10
-2.40035e-10
-1.02235e-10
-1.69212e-11
2.2843e-11
3.28257e-11
2.79291e-11
1.84078e-11
9.68301e-12
3.67118e-12
4.25898e-13
-1.22509e-12
1
1
1
1
1
1
1
1
1
1
1
1
1
1
0.999983
0.999962
0.999979
1.00009
1.0003
1.00041
1.00004
0.998834
0.996977
0.99569
0.997292
1.00431
1.01766
1.03448
1.04696
1.04299
1.00928
0.935849
0.820243
0.669692
0.5
0.33154
0.183807
0.0705446
-0.00293652
-0.0396204
-0.0483365
-0.040232
-0.0255153
-0.0114023
-0.00153937
0.00339621
0.00451329
0.00351992
0.00189894
0.000547246
-0.000216727
-0.000454994
-0.000382988
-0.000207922
-5.70089e-05
2.53874e-05
4.75705e-05
3.68814e-05
1.76726e-05
3.1504e-06
-3.47463e-06
-4.3417e-06
-2.77211e-06
-1.08044e-06
-1.50611e-07
8.21192e-08
1.58055e-09
-8.68871e-08
-7.24767e-08
1.533e-08
1.04106e-07
1.44671e-07
1.29581e-07
8.01481e-08
2.48372e-08
-1.60824e-08
-3.5438e-08
-3.63808e-08
-2.67501e-08
-1.4236e-08
-3.8529e-09
2.4379e-09
4.87434e-09
4.72549e-09
3.37437e-09
1.83487e-09
6.38046e-10
-6.98076e-11
-3.6255e-10
-3.91605e-10
-2.98419e-10
-1.78793e-10
-8.10147e-11
-1.92139e-11
1.08735e-11
1.9892e-11
1.80449e-11
1.24145e-11
7.02624e-12
2.03938e-12
1
1
1
1
1
1
1
1
1
1
1
1
1
1
0.999998
0.999978
0.99996
0.99999
1.00012
1.00033
1.0004
0.999936
0.998636
0.99677
0.995655
0.997627
1.0051
1.01873
1.03544
1.0473
1.04235
1.00766
0.93366
0.818185
0.66846
0.5
0.332728
0.185735
0.0725657
-0.00140572
-0.0389019
-0.0484299
-0.0408876
-0.0263818
-0.0121726
-0.002039
0.00319626
0.00453902
0.00365819
0.002051
0.000655761
-0.000166673
-0.000450557
-0.000401599
-0.000230378
-7.29006e-05
1.83316e-05
4.69699e-05
3.91947e-05
2.02755e-05
4.88818e-06
-2.67022e-06
-4.09003e-06
-2.70938e-06
-1.03616e-06
-1.15824e-07
5.92816e-08
-1.03818e-07
-2.52708e-07
-2.47737e-07
-1.2038e-07
3.37567e-08
1.38131e-07
1.66581e-07
1.34701e-07
7.5654e-08
1.9233e-08
-1.81435e-08
-3.35388e-08
-3.24232e-08
-2.29106e-08
-1.18223e-08
-3.11515e-09
1.94698e-09
3.82255e-09
3.66383e-09
2.6039e-09
1.42685e-09
5.23062e-10
-1.05036e-11
-2.36109e-10
-2.6779e-10
-2.08939e-10
-1.28583e-10
-6.14485e-11
-1.80827e-11
3.89032e-12
1.1379e-11
1.12903e-11
7.25095e-12
1
1
1
1
1
1
1
1
1
1
1
1
1
1
1
0.999995
0.999973
0.999959
1
1.00015
1.00036
1.00038
0.999826
0.998438
0.996577
0.995647
0.997988
1.00588
1.01978
1.03635
1.04759
1.04169
1.00607
0.93153
0.816193
0.667272
0.5
0.333876
0.187604
0.074536
0.000103044
-0.0381729
-0.0484913
-0.0415074
-0.0272234
-0.0129356
-0.00254622
0.00298145
0.00455063
0.00378806
0.00220128
0.000767136
-0.000112078
-0.000442245
-0.00041807
-0.000252362
-8.93499e-05
1.03702e-05
4.55506e-05
4.09325e-05
2.25313e-05
6.44339e-06
-1.92872e-06
-3.79954e-06
-2.51895e-06
-8.02727e-07
1.25628e-07
2.13324e-07
-9.61671e-08
-3.80209e-07
-4.47863e-07
-3.18891e-07
-1.0964e-07
6.95893e-08
1.6353e-07
1.72272e-07
1.27251e-07
6.53615e-08
1.29581e-08
-1.86219e-08
-2.99039e-08
-2.74365e-08
-1.87375e-08
-9.42988e-09
-2.44949e-09
1.47206e-09
2.87571e-09
2.73679e-09
1.94136e-09
1.07397e-09
4.1349e-10
2.30598e-11
-1.46065e-10
-1.76501e-10
-1.41489e-10
-8.94453e-11
-4.48001e-11
-1.52547e-11
6.16026e-14
7.17772e-12
1
1
1
1
1
1
1
1
1
1
1
1
1
1
1
1
0.999991
0.999968
0.999961
1.00002
1.00019
1.00038
1.00035
0.999707
0.998239
0.996398
0.995665
0.998373
1.00668
1.0208
1.03721
1.04784
1.04102
1.00449
0.929455
0.814265
0.666124
0.5
0.334986
0.189416
0.0764578
0.00159003
-0.0374349
-0.048523
-0.0420928
-0.0280406
-0.0136905
-0.00305984
0.00275275
0.00454852
0.0039093
0.00234921
0.00088079
-5.32885e-05
-0.000430092
-0.000432175
-0.000273517
-0.000105991
1.7854e-06
4.34632e-05
4.21051e-05
2.43307e-05
7.62795e-06
-1.46662e-06
-3.66622e-06
-2.33957e-06
-4.44149e-07
5.81299e-07
6.03994e-07
1.09382e-07
-3.8538e-07
-6.07984e-07
-5.42546e-07
-3.1453e-07
-6.8501e-08
1.02819e-07
1.73205e-07
1.63258e-07
1.11565e-07
5.27519e-08
7.51538e-09
-1.75665e-08
-2.52665e-08
-2.21759e-08
-1.47185e-08
-7.26577e-09
-1.88601e-09
1.05341e-09
2.08022e-09
1.97447e-09
1.40173e-09
7.84118e-10
3.15987e-10
3.81503e-11
-8.53063e-11
-1.12147e-10
-9.27759e-11
-6.01915e-11
-3.20946e-11
-7.6179e-12
1
1
1
1
1
1
1
1
1
1
1
1
1
1
1
1
1
0.999987
0.999964
0.999964
1.00004
1.00022
1.0004
1.00032
0.99958
0.998041
0.996235
0.995708
0.998778
1.00747
1.02179
1.03803
1.04804
1.04033
1.00294
0.927434
0.812396
0.665014
0.5
0.336059
0.191175
0.0783334
0.00305554
-0.0366894
-0.0485268
-0.0426456
-0.0288338
-0.0144367
-0.00357873
0.00251116
0.00453312
0.00402172
0.0024942
0.000996057
9.2072e-06
-0.000414284
-0.000443803
-0.000293516
-0.000122398
-7.00671e-06
4.10319e-05
4.2894e-05
2.56972e-05
8.32543e-06
-1.49475e-06
-3.93552e-06
-2.39322e-06
-1.17023e-07
1.17776e-06
1.23499e-06
5.70839e-07
-1.8526e-07
-6.46618e-07
-7.28884e-07
-5.44482e-07
-2.64015e-07
-2.0856e-08
1.23109e-07
1.67315e-07
1.44109e-07
9.21013e-08
4.03238e-08
3.51776e-09
-1.5421e-08
-2.03456e-08
-1.72059e-08
-1.1155e-08
-5.43104e-09
-1.42739e-09
7.12717e-10
1.44978e-09
1.37869e-09
9.82098e-10
5.56279e-10
2.33899e-10
4.13454e-11
-4.6492e-11
-6.85837e-11
-5.95778e-11
-3.43178e-11
1
1
1
1
1
1
1
1
1
1
1
1
1
1
1
1
1
1
0.999983
0.999961
0.99997
1.00006
1.00025
1.00042
1.00027
0.999447
0.997846
0.996087
0.995774
0.999202
1.00826
1.02276
1.03881
1.04821
1.03962
1.00141
0.925464
0.810584
0.663941
0.5
0.337099
0.192883
0.0801646
0.00449988
-0.0359376
-0.0485048
-0.0431672
-0.0296036
-0.0151737
-0.0041018
0.00225771
0.00450496
0.00412523
0.00263569
0.00111218
7.47321e-05
-0.000395242
-0.000453056
-0.000312171
-0.000138175
-1.5507e-05
3.87493e-05
4.36906e-05
2.68568e-05
8.57515e-06
-2.13797e-06
-4.83998e-06
-2.94863e-06
-6.07275e-08
1.74874e-06
2.02859e-06
1.28924e-06
2.7443e-07
-4.86261e-07
-8.02589e-07
-7.42237e-07
-4.83455e-07
-1.95625e-07
1.86274e-08
1.28183e-07
1.49936e-07
1.19945e-07
7.23446e-08
2.94916e-08
9.80232e-10
-1.27309e-08
-1.56914e-08
-1.28679e-08
-8.18677e-09
-3.95095e-09
-1.06355e-09
4.54518e-10
9.74978e-10
9.33337e-10
6.68768e-10
3.84012e-10
1.67997e-10
3.77826e-11
-2.26131e-11
-4.30149e-11
1
1
1
1
1
1
1
1
1
1
1
1
1
1
1
1
1
1
0.999998
0.999979
0.999959
0.999977
1.00008
1.00028
1.00043
1.00022
0.999308
0.997655
0.995955
0.995863
0.999643
1.00906
1.02371
1.03954
1.04834
1.0389
0.999897
0.923542
0.808825
0.662901
0.5
0.338106
0.194544
0.0819534
0.00592341
-0.0351807
-0.0484588
-0.0436592
-0.0303503
-0.0159009
-0.00462793
0.00199354
0.00446474
0.00421991
0.00277319
0.00122835
0.000142417
-0.000373681
-0.000460364
-0.000329576
-0.000153097
-2.32479e-05
3.72084e-05
4.50824e-05
2.82746e-05
8.64422e-06
-3.34711e-06
-6.51448e-06
-4.25455e-06
-5.56493e-07
2.04949e-06
2.81833e-06
2.18764e-06
9.92981e-07
-7.81534e-08
-6.94427e-07
-8.41257e-07
-6.76637e-07
-3.92045e-07
-1.29248e-07
4.40676e-08
1.2066e-07
1.26273e-07
9.5005e-08
5.44946e-08
2.08033e-08
-3.83501e-10
-9.96557e-09
-1.16398e-08
-9.30771e-09
-5.83518e-09
-2.80403e-09
-7.80262e-10
2.71348e-10
6.33398e-10
6.13447e-10
4.43264e-10
2.57892e-10
1.19892e-10
1.26555e-11
1
1
1
1
1
1
1
1
1
1
1
1
1
1
1
1
1
1
1
0.999995
0.999974
0.999957
0.999986
1.00011
1.00031
1.00043
1.00016
0.999165
0.997468
0.995838
0.995973
1.0001
1.00984
1.02462
1.04023
1.04843
1.03817
0.99841
0.921667
0.807117
0.661893
0.5
0.339084
0.196159
0.0837016
0.00732651
-0.0344196
-0.0483905
-0.044123
-0.0310748
-0.016618
-0.005156
0.00171997
0.00441346
0.00430614
0.00290647
0.00134383
0.000211268
-0.000350619
-0.000466563
-0.000346239
-0.000167279
-2.99642e-05
3.69639e-05
4.77676e-05
3.06307e-05
9.05817e-06
-4.82961e-06
-8.90909e-06
-6.45477e-06
-1.85957e-06
1.79982e-06
3.36667e-06
3.10807e-06
1.89837e-06
5.75861e-07
-3.62423e-07
-7.82311e-07
-7.8721e-07
-5.67908e-07
-2.95672e-07
-7.53238e-08
5.56308e-08
1.05102e-07
1.00918e-07
7.2118e-08
3.9605e-08
1.4248e-08
-9.43658e-10
-7.44411e-09
-8.33371e-09
-6.52979e-09
-4.04873e-09
-1.94499e-09
-5.63208e-10
1.49499e-10
3.97828e-10
3.91398e-10
2.90112e-10
1.40279e-10
1
1
1
1
1
1
1
1
1
1
1
1
1
1
1
1
1
1
1
1
0.999992
0.99997
0.999957
0.999998
1.00013
1.00034
1.00043
1.00009
0.999018
0.997287
0.995737
0.996103
1.00057
1.01063
1.02552
1.04089
1.04849
1.03743
0.996945
0.919836
0.805456
0.660916
0.5
0.340032
0.197731
0.085411
0.00870958
-0.0336553
-0.0483016
-0.0445603
-0.0317777
-0.0173246
-0.00568488
0.00143847
0.00435245
0.00438477
0.00303569
0.00145817
0.000280328
-0.000327281
-0.000472895
-0.000363183
-0.000181341
-3.57917e-05
3.83371e-05
5.23975e-05
3.47203e-05
1.05664e-05
-6.02667e-06
-1.17261e-05
-9.50636e-06
-4.11842e-06
7.49558e-07
3.40774e-06
3.83099e-06
2.84774e-06
1.41148e-06
1.90839e-07
-5.3077e-07
-7.66531e-07
-6.77331e-07
-4.46461e-07
-2.09787e-07
-3.69276e-08
5.65402e-08
8.60071e-08
7.71077e-08
5.27555e-08
2.79061e-08
9.52888e-09
-1.03135e-09
-5.33264e-09
-5.77566e-09
-4.45338e-09
-2.73995e-09
-1.32038e-09
-3.99577e-10
7.3669e-11
2.42041e-10
2.36885e-10
1
1
1
1
1
1
1
1
1
1
1
1
1
1
1
1
1
1
1
1
1
0.999989
0.999966
0.999958
1.00001
1.00016
1.00036
1.00042
1.00002
0.998868
0.997111
0.995652
0.996253
1.00105
1.0114
1.02638
1.04151
1.04852
1.03669
0.9955
0.918047
0.803841
0.659967
0.5
0.340954
0.199262
0.0870834
0.0100731
-0.0328889
-0.0481941
-0.0449729
-0.0324601
-0.0180208
-0.00621355
0.00115068
0.00428349
0.00445725
0.0031617
0.00157144
0.000348947
-0.000304889
-0.000480891
-0.000381933
-0.000196506
-4.1443e-05
4.12016e-05
5.93658e-05
4.12832e-05
1.40321e-05
-6.15697e-06
-1.44059e-05
-1.31255e-05
-7.30147e-06
-1.24808e-06
2.70748e-06
4.11554e-06
3.64708e-06
2.30494e-06
9.10234e-07
-8.96868e-08
-5.87212e-07
-6.81886e-07
-5.45604e-07
-3.32594e-07
-1.41137e-07
-1.27018e-08
5.08166e-08
6.68147e-08
5.66482e-08
3.73531e-08
1.91383e-08
6.25353e-09
-8.90206e-10
-3.6777e-09
-3.88407e-09
-2.95838e-09
-1.81158e-09
-8.76847e-10
-2.8754e-10
9.30464e-11
1
1
1
1
1
1
1
1
1
1
1
1
1
1
1
1
1
1
1
1
1
1
0.999985
0.999963
0.99996
1.00003
1.00019
1.00039
1.00041
0.999935
0.998716
0.996942
0.995582
0.99642
1.00154
1.01217
1.02722
1.04209
1.04853
1.03594
0.994077
0.916299
0.802269
0.659045
0.499999
0.34185
0.200754
0.0887206
0.0114177
-0.0321211
-0.0480696
-0.0453628
-0.0331235
-0.018707
-0.00674128
0.00085827
0.00420873
0.00452574
0.00328621
0.00168458
0.000417137
-0.000284323
-0.000492104
-0.000404366
-0.000214581
-4.83043e-05
4.48023e-05
6.85884e-05
5.07877e-05
2.02567e-05
-4.33178e-06
-1.61772e-05
-1.67819e-05
-1.11531e-05
-4.17377e-06
1.12753e-06
3.75238e-06
4.0874e-06
3.09174e-06
1.69263e-06
4.95337e-07
-2.52541e-07
-5.60779e-07
-5.63832e-07
-4.16435e-07
-2.3677e-07
-9.05355e-08
6.34402e-10
4.19774e-08
4.96487e-08
4.01981e-08
2.56901e-08
1.2816e-08
4.04389e-09
-6.73758e-10
-2.44923e-09
-2.54e-09
-1.9147e-09
-1.19116e-09
-4.30569e-10
1
1
1
1
1
1
1
1
1
1
1
1
1
1
1
1
1
1
1
1
1
1
0.999999
0.999981
0.99996
0.999964
1.00004
1.00021
1.00041
1.00039
0.999848
0.998562
0.996781
0.995527
0.996604
1.00204
1.01294
1.02804
1.04265
1.0485
1.03518
0.992674
0.91459
0.800738
0.658149
0.499999
0.342722
0.20221
0.0903246
0.0127442
-0.0313526
-0.0479302
-0.0457326
-0.0337702
-0.0193844
-0.00726796
0.000562646
0.00413053
0.00459306
0.00341192
0.00179966
0.000485951
-0.000265699
-0.000507718
-0.00043241
-0.000237776
-5.83988e-05
4.76684e-05
7.93288e-05
6.32158e-05
2.97691e-05
2.72994e-07
-1.61717e-05
-1.97524e-05
-1.51952e-05
-7.80827e-06
-1.32348e-06
2.61712e-06
3.98933e-06
3.59764e-06
2.40369e-06
1.14134e-06
2.0094e-07
-3.17327e-07
-4.85978e-07
-4.39777e-07
-3.03775e-07
-1.62117e-07
-5.56057e-08
6.63094e-09
3.2525e-08
3.54907e-08
2.76533e-08
1.72129e-08
8.40201e-09
2.58529e-09
-4.64308e-10
-1.5769e-09
-1.63349e-09
-1.09164e-09
1
1
1
1
1
1
1
1
1
1
1
1
1
1
1
1
1
1
1
1
1
1
1
0.999997
0.999978
0.999957
0.999969
1.00006
1.00024
1.00042
1.00037
0.999756
0.998408
0.996626
0.995487
0.996804
1.00255
1.01369
1.02883
1.04317
1.04846
1.03442
0.991292
0.912918
0.799246
0.657276
0.499998
0.34357
0.203632
0.0918977
0.0140537
-0.030584
-0.047778
-0.0460852
-0.0344031
-0.0200552
-0.00779444
0.000264539
0.00405111
0.00466244
0.00354247
0.00192001
0.000557798
-0.000247931
-0.000528069
-0.000467599
-0.000268368
-7.41868e-05
4.76658e-05
9.0124e-05
7.79021e-05
4.26246e-05
8.21965e-06
-1.3585e-05
-2.12292e-05
-1.87807e-05
-1.17394e-05
-4.4653e-06
7.10561e-07
3.24599e-06
3.67498e-06
2.90347e-06
1.74236e-06
7.08608e-07
2.00209e-08
-3.15208e-07
-3.91982e-07
-3.26823e-07
-2.13164e-07
-1.0732e-07
-3.28055e-08
8.26468e-09
2.39318e-08
2.4514e-08
1.84973e-08
1.12626e-08
5.40449e-09
1.63529e-09
-2.78197e-10
-1.09814e-09
1
1
1
1
1
1
1
1
1
1
1
1
1
1
1
1
1
1
1
1
1
1
1
1
0.999994
0.999974
0.999956
0.999976
1.00008
1.00027
1.00044
1.00034
0.999659
0.998254
0.99648
0.995461
0.997019
1.00306
1.01444
1.0296
1.04366
1.04839
1.03366
0.989929
0.911282
0.79779
0.656425
0.499996
0.344398
0.205022
0.0934427
0.015348
-0.0298153
-0.0476151
-0.0464243
-0.0350265
-0.0207233
-0.00832314
-3.65727e-05
0.00397194
0.00473708
0.00368214
0.00205017
0.000636603
-0.000228387
-0.00055217
-0.000510565
-0.000308232
-9.82083e-05
4.22112e-05
9.88511e-05
9.34759e-05
5.82634e-05
1.96289e-05
-7.85355e-06
-2.04651e-05
-2.11919e-05
-1.54123e-05
-7.95645e-06
-1.82445e-06
1.85343e-06
3.23579e-06
3.07485e-06
2.18981e-06
1.18955e-06
4.02407e-07
-7.30863e-08
-2.75924e-07
-2.98736e-07
-2.33101e-07
-1.44626e-07
-6.89895e-08
-1.86409e-08
7.67112e-09
1.68604e-08
1.64182e-08
1.20619e-08
7.20039e-09
3.4913e-09
5.01274e-10
1
1
1
1
1
1
1
1
1
1
1
1
1
1
1
1
1
1
1
1
1
1
1
1
1
0.999992
0.99997
0.999955
0.999984
1.0001
1.00029
1.00045
1.0003
0.999558
0.998101
0.996342
0.995449
0.997248
1.00358
1.01517
1.03035
1.04412
1.0483
1.03289
0.988587
0.90968
0.796369
0.655595
0.499993
0.345206
0.206384
0.0949632
0.0166299
-0.0290459
-0.0474432
-0.0467538
-0.0356457
-0.0213939
-0.00885844
-0.000343115
0.00389306
0.00481945
0.0038353
0.00219552
0.000727709
-0.00020273
-0.000577354
-0.000560548
-0.000358323
-0.000132611
2.86326e-05
0.000102946
0.000107938
7.54691e-05
3.40603e-05
1.19028e-06
-1.69261e-05
-2.17658e-05
-1.82157e-05
-1.13396e-05
-4.71503e-06
-7.87356e-08
2.27393e-06
2.84828e-06
2.39397e-06
1.56214e-06
7.69848e-07
2.04455e-07
-1.07551e-07
-2.22012e-07
-2.17275e-07
-1.60446e-07
-9.52679e-08
-4.3229e-08
-1.02276e-08
6.19774e-09
1.14423e-08
1.06777e-08
7.79382e-09
3.71645e-09
1
1
1
1
1
1
1
1
1
1
1
1
1
1
1
1
1
1
1
1
1
1
1
1
1
1
0.999989
0.999967
0.999955
0.999993
1.00012
1.00032
1.00045
1.00026
0.999453
0.997949
0.996212
0.995452
0.99749
1.0041
1.0159
1.03107
1.04456
1.04819
1.03212
0.987263
0.90811
0.794978
0.654781
0.499988
0.345996
0.207722
0.0964641
0.0179033
-0.0282739
-0.0472636
-0.047078
-0.036267
-0.0220744
-0.00940714
-0.000660048
0.00381224
0.0049104
0.00400557
0.00236162
0.000837463
-0.000165045
-0.000599134
-0.00061505
-0.000418198
-0.000178639
4.6279e-06
9.9751e-05
0.000118871
9.2449e-05
5.04858e-05
1.32219e-05
-1.04194e-05
-2.00213e-05
-1.95857e-05
-1.41134e-05
-7.59734e-06
-2.33947e-06
8.71176e-07
2.21725e-06
2.30189e-06
1.75986e-06
1.06282e-06
4.74179e-07
8.73916e-08
-1.08164e-07
-1.67762e-07
-1.5188e-07
-1.07041e-07
-6.11371e-08
-2.64922e-08
-5.43249e-09
4.58382e-09
7.55997e-09
6.4001e-09
1
1
1
1
1
1
1
1
1
1
1
1
1
1
1
1
1
1
1
1
1
1
1
1
1
1
1
0.999986
0.999963
0.999955
1
1.00014
1.00034
1.00046
1.00022
0.999344
0.997798
0.99609
0.995468
0.997744
1.00463
1.01662
1.03177
1.04497
1.04807
1.03136
0.98596
0.906569
0.793614
0.653982
0.49998
0.346769
0.209041
0.0979518
0.0191744
-0.0274956
-0.047076
-0.0474005
-0.0368974
-0.022774
-0.00997858
-0.000995345
0.00372426
0.00500821
0.00419484
0.00255331
0.000972498
-0.000108295
-0.000611352
-0.000669706
-0.00048568
-0.000236188
-3.12591e-05
8.6943e-05
0.000123767
0.000107033
6.73693e-05
2.74098e-05
-1.16923e-06
-1.57619e-05
-1.91086e-05
-1.58171e-05
-1.00748e-05
-4.64862e-06
-8.14046e-07
1.24127e-06
1.90775e-06
1.7438e-06
1.2335e-06
6.9388e-07
2.7854e-07
2.48002e-08
-9.26922e-08
-1.20591e-07
-1.02578e-07
-6.94587e-08
-3.83371e-08
-1.59029e-08
-2.96777e-09
4.31526e-09
1
1
1
1
1
1
1
1
1
1
1
1
1
1
1
1
1
1
1
1
1
1
1
1
1
1
1
0.999999
0.999983
0.99996
0.999957
1.00001
1.00016
1.00036
1.00046
1.00017
0.999232
0.99765
0.995978
0.995497
0.998009
1.00516
1.01732
1.03245
1.04536
1.04793
1.0306
0.984675
0.905055
0.792273
0.653192
0.499967
0.347529
0.210346
0.0994349
0.0204517
-0.0267046
-0.0468781
-0.0477238
-0.0375439
-0.0235027
-0.0105845
-0.00136016
0.00362034
0.00510781
0.00440224
0.00277363
0.00113875
-2.50862e-05
-0.000606663
-0.000718469
-0.000556774
-0.000303505
-7.9231e-05
6.29619e-05
0.000120408
0.000116964
8.28457e-05
4.24909e-05
1.01784e-05
-9.13155e-06
-1.66001e-05
-1.61094e-05
-1.17841e-05
-6.70267e-06
-2.57246e-06
3.60676e-08
1.25392e-06
1.5093e-06
1.25418e-06
8.30134e-07
4.36751e-07
1.5608e-07
-4.3734e-09
-7.21989e-08
-8.31608e-08
-6.72204e-08
-4.39022e-08
-2.40066e-08
-6.15819e-09
1
1
1
1
1
1
1
1
1
1
1
1
1
1
1
1
1
1
1
1
1
1
1
1
1
1
1
1
0.999997
0.999979
0.999957
0.99996
1.00003
1.00019
1.00038
1.00045
1.00011
0.999118
0.997505
0.995876
0.995539
0.998284
1.00569
1.01801
1.03311
1.04572
1.04778
1.02984
0.983407
0.903563
0.790948
0.652407
0.499948
0.348278
0.211646
0.100924
0.0217472
-0.025891
-0.0466642
-0.0480479
-0.0382124
-0.0242711
-0.0112382
-0.00176856
0.00348802
0.00520017
0.00462326
0.00302275
0.00134035
9.13352e-05
-0.000577312
-0.000754092
-0.000625847
-0.000377123
-0.000137983
2.73657e-05
0.000107237
0.000120226
9.49696e-05
5.6925e-05
2.26231e-05
-6.1432e-07
-1.21453e-05
-1.48286e-05
-1.24544e-05
-8.22434e-06
-4.17868e-06
-1.24633e-06
4.22832e-07
1.08595e-06
1.1215e-06
8.63857e-07
5.39299e-07
2.6605e-07
8.32742e-08
-1.49299e-08
-5.26099e-08
-5.52683e-08
-4.34652e-08
-2.29708e-08
1
1
1
1
1
1
1
1
1
1
1
1
1
1
1
1
1
1
1
1
1
1
1
1
0.999999
1
1
1
1
0.999995
0.999976
0.999955
0.999964
1.00004
1.00021
1.0004
1.00044
1.00005
0.999002
0.997363
0.995783
0.995593
0.998567
1.00621
1.01869
1.03375
1.04607
1.04763
1.02909
0.982156
0.902087
0.789632
0.651619
0.499918
0.349019
0.21295
0.102435
0.023077
-0.0250402
-0.0464246
-0.0483691
-0.0389059
-0.0250886
-0.0119539
-0.00223674
0.00331147
0.00527215
0.00484914
0.00329704
0.00157853
0.000245977
-0.000516109
-0.000768881
-0.000686108
-0.000452051
-0.000204659
-1.89577e-05
8.36604e-05
0.000115358
0.000101991
6.91014e-05
3.49386e-05
9.02412e-06
-6.0952e-06
-1.20199e-05
-1.19513e-05
-9.00651e-06
-5.42769e-06
-2.44325e-06
-4.77916e-07
5.31098e-07
8.55704e-07
7.92757e-07
5.73414e-07
3.39651e-07
1.57347e-07
4.20967e-08
-1.6248e-08
-3.66152e-08
-3.42173e-08
1
1
1
1
1
1
1
1
1
1
1
1
1
1
1
1
1
1
1
1
1
1
1
1
1
0.999999
1
1
1
1
0.999993
0.999972
0.999953
0.999968
1.00006
1.00023
1.00042
1.00043
0.999988
0.998885
0.997227
0.9957
0.995657
0.998855
1.00673
1.01936
1.03437
1.04641
1.04747
1.02835
0.980917
0.900619
0.788313
0.650818
0.499873
0.349755
0.214269
0.103983
0.0244615
-0.0241327
-0.0461436
-0.0486787
-0.0396236
-0.025962
-0.0127444
-0.00278174
0.0030724
0.00530697
0.00506685
0.00358857
0.00185079
0.000441067
-0.000417485
-0.000755623
-0.000730308
-0.000522221
-0.000275034
-7.37657e-05
5.02165e-05
0.000101701
0.00010261
7.75623e-05
4.58399e-05
1.88402e-05
9.82557e-07
-7.93001e-06
-1.02952e-05
-8.94253e-06
-6.16605e-06
-3.40743e-06
-1.33398e-06
-8.09214e-08
4.95874e-07
6.30508e-07
5.37658e-07
3.68577e-07
2.08125e-07
9.04689e-08
2.08861e-08
-2.02537e-08
1
1
1
1
1
1
1
1
1
1
1
1
1
1
1
1
1
1
1
1
1
1
1
1
1
1
1
1
1
1
1
0.999991
0.999969
0.999952
0.999975
1.00007
1.00025
1.00043
1.00041
0.999921
0.998769
0.997097
0.995627
0.99573
0.999145
1.00725
1.02001
1.03499
1.04675
1.04732
1.02762
0.979685
0.899147
0.786975
0.649991
0.499807
0.350489
0.215616
0.105591
0.0259259
-0.0231431
-0.0457995
-0.0489616
-0.0403587
-0.0268933
-0.0136198
-0.00341962
0.00275152
0.00528516
0.0052595
0.00388505
0.00215038
0.000675243
-0.000278447
-0.00070855
-0.000751586
-0.000581117
-0.000343918
-0.000133633
8.58589e-06
7.95265e-05
9.61718e-05
8.12044e-05
5.41579e-05
2.78428e-05
8.38422e-06
-2.96783e-06
-7.65455e-06
-8.03845e-06
-6.31267e-06
-4.0286e-06
-2.0424e-06
-6.71716e-07
9.21854e-08
4.03178e-07
4.4111e-07
3.52053e-07
2.29955e-07
1.26868e-07
3.37951e-08
1
1
1
1
1
1
1
1
1
1
1
1
1
1
1
1
1
1
1
1
1
1
1
1
1
1
1
1
1
1
1.00001
1
0.999988
0.999965
0.999952
0.999982
1.00009
1.00028
1.00044
1.00039
0.999852
0.998655
0.996974
0.995562
0.995808
0.999433
1.00776
1.02066
1.03559
1.04709
1.04718
1.02689
0.97845
0.897653
0.785599
0.64912
0.49971
0.351223
0.217005
0.107281
0.0274996
-0.0220402
-0.0453638
-0.0491952
-0.0410972
-0.0278783
-0.0145853
-0.00416345
0.00233041
0.00518608
0.0054074
0.00417032
0.00246628
0.00094313
-9.93055e-05
-0.000624191
-0.000744314
-0.000622515
-0.0004057
-0.000194293
-3.85603e-05
5.0038e-05
8.27637e-05
7.94268e-05
5.8994e-05
3.51264e-05
1.5369e-05
2.35679e-06
-4.31614e-06
-6.40654e-06
-5.86635e-06
-4.24736e-06
-2.52617e-06
-1.1711e-06
-3.02851e-07
1.43915e-07
3.00917e-07
2.95418e-07
2.26767e-07
1.17633e-07
1
1
1
1
1
1
1
1
1
1
1
1
1
1
1
1
1
1
1
1
1
1
1
1
1
1
1
0.999999
1
1
1
1.00001
1
0.999985
0.999962
0.999953
0.999991
1.00011
1.00029
1.00045
1.00037
0.999782
0.998545
0.996857
0.995502
0.995886
0.999715
1.00825
1.0213
1.03621
1.04744
1.04706
1.02618
0.977199
0.896115
0.784159
0.648183
0.499569
0.351958
0.218449
0.109078
0.0292159
-0.0207876
-0.0448011
-0.0493492
-0.0418169
-0.0289047
-0.0156392
-0.00502117
0.00179366
0.00498992
0.00548964
0.00442543
0.00278377
0.00123536
0.000115967
-0.000502007
-0.000704851
-0.000641216
-0.000454981
-0.000251108
-8.78481e-05
1.52431e-05
6.32106e-05
7.22035e-05
5.98306e-05
3.99866e-05
2.12579e-05
7.50614e-06
-6.39528e-07
-4.24296e-06
-4.90022e-06
-4.0596e-06
-2.74323e-06
-1.52672e-06
-6.42538e-07
-1.12815e-07
1.38091e-07
2.12924e-07
1.79783e-07
1
1
1
1
1
1
1
1
1
1
1
1
1
1
1
1
1
1
1
1
1
1
1
1
1
1
1
1
0.999999
1
1
1
1
0.999998
0.999981
0.99996
0.999955
1
1.00013
1.00031
1.00045
1.00034
0.999715
0.998441
0.996746
0.995443
0.995957
0.999986
1.00875
1.02195
1.03684
1.04783
1.04696
1.02546
0.975909
0.8945
0.782619
0.64715
0.499367
0.352689
0.219962
0.11101
0.03111
-0.0193448
-0.0440703
-0.0493861
-0.0424873
-0.0299516
-0.0167715
-0.00599363
0.00113104
0.00467972
0.00548595
0.00463016
0.00308542
0.00153911
0.000359792
-0.000344685
-0.00063206
-0.000633668
-0.000487178
-0.000299577
-0.000135579
-2.22811e-05
3.89696e-05
6.00753e-05
5.65828e-05
4.20001e-05
2.55176e-05
1.19862e-05
2.99554e-06
-1.79498e-06
-3.54539e-06
-3.51194e-06
-2.68887e-06
-1.70968e-06
-8.92205e-07
-3.36301e-07
-2.75918e-08
1.34877e-07
1
1
1
1
1
1
1
1
1
1
1
1
1
1
1
1
1
1
1
1
1
1
1
1
1
1
1
1
1
0.999999
1
1
1
1
0.999996
0.999979
0.999959
0.999959
1.00001
1.00014
1.00032
1.00045
1.00031
0.999653
0.998343
0.996636
0.995377
0.996015
1.00025
1.00924
1.02262
1.03752
1.04826
1.04689
1.02473
0.974549
0.892767
0.780936
0.645984
0.499078
0.353411
0.221552
0.113099
0.0332171
-0.0176693
-0.0431259
-0.0492616
-0.0430694
-0.0309886
-0.0179628
-0.00707318
0.000339294
0.00424351
0.00537875
0.00476477
0.00335253
0.00183903
0.000621471
-0.000158061
-0.000527552
-0.000598399
-0.000499035
-0.000335833
-0.000178142
-5.96865e-05
1.19459e-05
4.40655e-05
4.9589e-05
4.10603e-05
2.78167e-05
1.54057e-05
6.23949e-06
6.75984e-07
-1.96792e-06
-2.69019e-06
-2.39228e-06
-1.71606e-06
-1.03086e-06
-5.16213e-07
-9.1643e-08
1
1
1
1
1
1
1
1
1
1
1
1
1
1
1
1
1
1
1
1
1
1
1
1
1
1
1
1
1
0.999999
1
1
1
1
1
0.999994
0.999977
0.999959
0.999963
1.00002
1.00015
1.00034
1.00046
1.00029
0.999597
0.998247
0.99652
0.995294
0.996054
1.0005
1.00975
1.02334
1.03826
1.04875
1.04684
1.02395
0.973073
0.89086
0.779054
0.644638
0.498671
0.354107
0.223222
0.115364
0.0355697
-0.0157193
-0.0419209
-0.0489275
-0.043518
-0.0319773
-0.0191845
-0.00824283
-0.000576443
0.00367601
0.00515503
0.0048119
0.00356672
0.00211854
0.000888042
4.93148e-05
-0.000395602
-0.000536195
-0.000488963
-0.00035704
-0.000212398
-9.41738e-05
-1.57369e-05
2.55405e-05
3.95463e-05
3.73687e-05
2.80501e-05
1.75153e-05
8.81371e-06
2.92894e-06
-3.43569e-07
-1.70339e-06
-1.90891e-06
-1.56072e-06
-1.07729e-06
-4.87532e-07
1
1
1
1
1
1
1
1
1
1
1
1
1
1
1
1
1
1
1
1
1
1
1
1
1
1
1
1
1
1
0.999999
1
1
1
1
1
0.999992
0.999976
0.99996
0.999967
1.00003
1.00016
1.00035
1.00046
1.00028
0.999549
0.99815
0.996388
0.995187
0.996071
1.00075
1.0103
1.02412
1.03909
1.0493
1.04679
1.02309
0.971422
0.88871
0.776903
0.643052
0.498103
0.354754
0.224968
0.117819
0.0381944
-0.0134569
-0.0404092
-0.0483337
-0.043783
-0.0328723
-0.0203993
-0.00947635
-0.00160202
0.00297986
0.00480796
0.00475829
0.00371165
0.00236125
0.00114539
0.000266916
-0.00024277
-0.000450028
-0.000457178
-0.000361662
-0.000235988
-0.000123286
-4.19777e-05
6.03665e-06
2.74065e-05
3.13867e-05
2.63315e-05
1.82234e-05
1.05369e-05
4.7709e-06
1.16566e-06
-6.67506e-07
-1.3056e-06
-1.30181e-06
-8.82912e-07
1
1
1
1
1
1
1
1
1
1
1
1
1
1
1
1
1
1
1
1
1
1
1
1
1
1
1
1
1
1
1
1
1
1
1
1
1
0.999991
0.999976
0.999962
0.999969
1.00003
1.00017
1.00036
1.00047
1.00028
0.999504
0.998042
0.996229
0.995046
0.99607
1.00102
1.01091
1.02501
1.04002
1.04992
1.04671
1.02209
0.969516
0.886227
0.7744
0.641155
0.49732
0.355319
0.226775
0.120466
0.0411088
-0.0108514
-0.0385498
-0.0474319
-0.0438133
-0.0336236
-0.0215634
-0.0107392
-0.00271445
0.00216611
0.00433793
0.00459614
0.00377448
0.00255243
0.00137947
0.00048318
-7.72883e-05
-0.000344739
-0.000405633
-0.000349562
-0.000247538
-0.00014514
-6.49169e-05
-1.29161e-05
1.42507e-05
2.37598e-05
2.29576e-05
1.75896e-05
1.13354e-05
6.07422e-06
2.42932e-06
3.11972e-07
-6.63395e-07
-9.44523e-07
1
1
1
1
1
1
1
1
1
1
1
1
1
1
1
1
1
1
1
1
1
1
1
1
1
1
1
1
1
1
1
1
1
1
1
1
1
1
0.999992
0.999977
0.999962
0.999967
1.00003
1.00017
1.00038
1.0005
1.00029
0.999455
0.99791
0.996031
0.994869
0.996062
1.00134
1.01163
1.02604
1.04107
1.05057
1.04655
1.02086
0.967256
0.883308
0.771444
0.638861
0.496256
0.355754
0.228614
0.123293
0.0443181
-0.00788305
-0.03631
-0.0461794
-0.0435593
-0.0341801
-0.0226284
-0.0119903
-0.00388289
0.00125398
0.0037529
0.00432399
0.00374707
0.00268026
0.00157755
0.000686532
9.17121e-05
-0.000226537
-0.000337764
-0.000321945
-0.000246727
-0.000158578
-8.31062e-05
-2.99535e-05
1.16142e-06
1.52284e-05
1.83553e-05
1.58001e-05
1.12377e-05
6.78358e-06
3.35548e-06
1.18245e-06
-2.90111e-07
1
1
1
1
1
1
1
1
1
1
1
1
1
1
1
1
1
1
1
1
1
1
1
1
1
1
1
1
1
1
1
1
1
1
1
1
1
1
1
0.999993
0.999978
0.999959
0.999962
1.00003
1.00019
1.00041
1.00054
1.0003
0.999391
0.99774
0.995784
0.994659
0.996071
1.00174
1.01249
1.02722
1.04224
1.05123
1.04624
1.0193
0.964516
0.879824
0.76792
0.636072
0.49483
0.355999
0.230443
0.126275
0.0478123
-0.00454607
-0.0336692
-0.0445422
-0.0429776
-0.0344925
-0.0235447
-0.0131844
-0.00507041
0.000269846
0.00306814
0.00394704
0.00362669
0.00273681
0.00172922
0.00086637
0.000255023
-0.000102389
-0.000258099
-0.000281161
-0.000234243
-0.000163212
-9.56151e-05
-4.39983e-05
-1.08889e-05
6.53876e-06
1.30195e-05
1.31304e-05
1.03594e-05
6.8982e-06
3.9923e-06
1.26916e-06
1
1
1
1
1
1
1
1
1
1
1
1
1
1
1
1
1
1
1
1
1
1
1
1
1
1
1
1
1
1
1
1
1
1
1
1
1
1
1
1
0.999996
0.999977
0.999953
0.999952
1.00002
1.0002
1.00045
1.00059
1.00031
0.999299
0.997518
0.995485
0.994433
0.99613
1.00227
1.01353
1.02859
1.0435
1.05183
1.04566
1.01727
0.961149
0.875632
0.763695
0.632673
0.49295
0.355979
0.232205
0.129369
0.0515645
-0.000851214
-0.0306216
-0.0424991
-0.0420336
-0.0345174
-0.0242647
-0.0142753
-0.00623629
-0.000754394
0.00230527
0.00347678
0.0034162
0.0027186
0.00182719
0.0010139
0.000404137
2.06237e-05
-0.000171782
-0.000230404
-0.000211634
-0.000159398
-0.000102068
-5.43351e-05
-2.11237e-05
-1.63473e-06
7.45141e-06
9.90612e-06
8.8552e-06
6.62002e-06
3.4325e-06
1
1
1
1
1
1
1
1
1
1
1
1
1
1
1
1
1
1
1
1
1
1
1
1
1
1
1
1
1
1
1
1
1
1
1
1
1
1
1
1
1.00001
0.999998
0.999974
0.999942
0.999939
1.00003
1.00024
1.00052
1.00065
1.0003
0.999161
0.997235
0.995142
0.994219
0.996285
1.00298
1.01479
1.03013
1.0448
1.05226
1.04467
1.0146
0.956984
0.870568
0.758623
0.628541
0.49051
0.355606
0.233825
0.132515
0.0555297
0.00317265
-0.0271785
-0.0400439
-0.0407051
-0.0342203
-0.0247464
-0.0152183
-0.00733872
-0.00178344
0.00149076
0.00293017
0.00312378
0.00262676
0.00186772
0.00112275
0.000531907
0.000135907
-8.40875e-05
-0.000173357
-0.000181085
-0.000148116
-0.000102615
-6.06358e-05
-2.90134e-05
-8.74853e-06
2.10952e-06
6.43775e-06
7.05936e-06
5.21702e-06
1
1
1
1
1
1
1
1
1
1
1
1
1
1
1
1
1
1
1
1
1
1
1
1
1
1
1
1
1
1
1
1
1
1
1
1
1
0.999999
0.999999
1
1.00001
1.00001
0.999998
0.999965
0.999926
0.999927
1.00004
1.00029
1.0006
1.00071
1.00026
0.998964
0.996891
0.994773
0.994055
0.996586
1.0039
1.01627
1.0318
1.04606
1.05239
1.04309
1.01111
0.951825
0.864453
0.752549
0.623542
0.487396
0.354781
0.235216
0.135639
0.059645
0.00747814
-0.0233696
-0.037187
-0.0389847
-0.0335781
-0.0249557
-0.0159739
-0.00833753
-0.00278097
0.000654053
0.00232831
0.00276218
0.00246675
0.00185078
0.00118933
0.000633015
0.000237856
3.7114e-08
-0.00011383
-0.000145155
-0.000130816
-9.78556e-05
-6.29397e-05
-3.42925e-05
-1.44228e-05
-2.64043e-06
3.05415e-06
5.0603e-06
1
1
1
1
1
1
1
1
1
1
1
1
1
1
1
1
1
1
1
1
1
1
1
1
1
1
1
1
1
1
1
1
1
1
1
1
1
1
0.999998
0.999998
1
1.00001
1.00001
0.999995
0.999952
0.999907
0.99992
1.00006
1.00036
1.00068
1.00075
1.00018
0.998701
0.996493
0.99441
0.993993
0.997086
1.00508
1.01797
1.03355
1.04713
1.05203
1.04072
1.00656
0.945463
0.8571
0.74531
0.617535
0.483487
0.353395
0.23628
0.138649
0.0638313
0.0120002
-0.0192424
-0.0339566
-0.0368806
-0.0325815
-0.0248696
-0.0165098
-0.00919681
-0.003712
-0.000174421
0.00169491
0.00234761
0.00224774
0.00177973
0.00121287
0.000704235
0.000322205
7.63396e-05
-5.54255e-05
-0.00010652
-0.00010923
-8.8725e-05
-6.15977e-05
-3.69493e-05
-1.84295e-05
-6.71981e-06
1.34839e-06
1
1
1
1
1
1
1
1
1
1
1
1
1
1
1
1
1
1
1
1
1
1
1
1
1
1
1
1
1
1
1
1
1
1
1
1
1
1
0.999999
0.999997
0.999998
1.00001
1.00002
1.00001
0.999988
0.999934
0.999887
0.99992
1.00011
1.00044
1.00077
1.00076
1.00003
0.998372
0.996067
0.994099
0.994086
0.997826
1.00651
1.01983
1.03524
1.04785
1.05095
1.03731
1.00073
0.937676
0.848313
0.736741
0.610383
0.478661
0.351335
0.236909
0.141445
0.0679955
0.0166582
-0.0148612
-0.0303976
-0.0344173
-0.0312358
-0.0244769
-0.0168035
-0.00988709
-0.00454515
-0.000965301
0.00105454
0.00189845
0.00198174
0.00166091
0.00119529
0.000744482
0.000386228
0.000141526
-1.26773e-06
-6.7725e-05
-8.51823e-05
-7.63608e-05
-5.72051e-05
-3.71132e-05
-2.12101e-05
-6.66596e-06
1
1
1
1
1
1
1
1
1
1
1
1
1
1
1
1
1
1
1
1
1
1
1
1
1
1
1
1
1
1
1
1
1
1
1
1
1
1
1
0.999997
0.999996
1
1.00001
1.00002
1.00001
0.999975
0.999912
0.999871
0.999934
1.00017
1.00054
1.00084
1.00073
0.999824
0.997992
0.995646
0.99389
0.994382
0.998827
1.00817
1.02175
1.03672
1.04798
1.0489
1.03257
0.993339
0.928237
0.837905
0.726686
0.60195
0.472797
0.34849
0.236993
0.143919
0.0720351
0.021359
-0.0103045
-0.0265702
-0.0316349
-0.0295609
-0.0237798
-0.0168429
-0.010387
-0.0052544
-0.00169209
0.00043102
0.00143391
0.00168253
0.00150288
0.00114074
0.000754668
0.000428768
0.0001934
4.61831e-05
-3.10022e-05
-6.04254e-05
-6.19936e-05
-5.03839e-05
-3.58899e-05
-1.78193e-05
1
1
1
1
1
1
1
1
1
1
1
1
1
1
1
1
1
1
1
1
1
1
1
1
1
1
1
1
1
1
1
1
1
1
1
1
1
1
1
0.999999
0.999996
0.999995
1
1.00002
1.00002
1.00001
0.999958
0.999888
0.999861
0.999962
1.00024
1.00063
1.00089
1.00065
0.999557
0.997587
0.995277
0.993833
0.994916
1.00008
1.00998
1.02359
1.03774
1.04724
1.04558
1.02624
0.984141
0.916927
0.825696
0.715001
0.592117
0.465787
0.344751
0.236426
0.145961
0.0758421
0.0260016
-0.00566143
-0.022547
-0.0285866
-0.02759
-0.022793
-0.0166271
-0.0106842
-0.00582043
-0.00233264
-0.000154053
0.000972657
0.00136461
0.00131565
0.00105512
0.000737408
0.000450132
0.00023089
8.52327e-05
1.87158e-06
-3.6525e-05
-4.66755e-05
-4.27517e-05
-2.83335e-05
1
1
1
1
1
1
1
1
1
1
1
1
1
1
1
1
1
1
1
1
1
1
1
1
1
1
1
1
1
1
1
1
1
1
1
1
1
1
1
1
0.999997
0.999994
0.999997
1.00001
1.00002
1.00003
1
0.999936
0.999866
0.999861
1.00001
1.00033
1.00072
1.00091
1.00052
0.999249
0.997191
0.995004
0.993967
0.99569
1.00152
1.01179
1.02511
1.03804
1.04532
1.04066
1.018
0.972878
0.903541
0.811528
0.701562
0.580781
0.457535
0.340025
0.235104
0.147465
0.0793082
0.0304809
-0.00102781
-0.0184096
-0.0253364
-0.0253682
-0.021543
-0.0161662
-0.0107759
-0.00623142
-0.00287019
-0.000682463
0.000531734
0.00104218
0.00110982
0.000945475
0.000696629
0.000451876
0.00025397
0.000114973
2.96251e-05
-1.46472e-05
-3.19767e-05
-3.19831e-05
1
1
1
1
1
1
1
1
1
1
1
1
1
1
1
1
1
1
1
1
1
1
1
1
1
1
1
1
1
1
1
1
1
1
1
1
1
1
1
1
0.999999
0.999995
0.999994
0.999999
1.00001
1.00003
1.00003
0.999985
0.999911
0.999846
0.999871
1.00006
1.00042
1.0008
1.00089
1.00034
0.998925
0.996844
0.994868
0.994305
0.996664
1.00305
1.01342
1.02606
1.03729
1.04188
1.03381
1.00757
0.959316
0.887902
0.795273
0.686274
0.567866
0.447971
0.334232
0.232942
0.148335
0.0823307
0.0346938
0.00349871
-0.0142447
-0.021956
-0.0229496
-0.0200659
-0.0154801
-0.0106681
-0.00648315
-0.00329391
-0.00114018
0.000125631
0.000728272
0.000895873
0.000819332
0.000637115
0.000436519
0.000263506
0.000135227
5.14998e-05
4.61783e-06
-2.15134e-05
1
1
1
1
1
1
1
1
1
1
1
1
1
1
1
1
1
1
1
1
1
1
1
1
1
1
1
1
1
1
1
1
1
1
1
1
1
1
1
1
1
0.999997
0.999993
0.999994
1
1.00002
1.00003
1.00002
0.999965
0.999884
0.999833
0.999895
1.00013
1.00051
1.00086
1.00084
1.00014
0.998615
0.99658
0.994883
0.99482
0.997746
1.00447
1.01461
1.0261
1.03513
1.03655
1.02471
0.994672
0.94325
0.869868
0.776839
0.66908
0.553326
0.437047
0.327318
0.229869
0.148486
0.0848167
0.0385433
0.00782312
-0.0101398
-0.0185205
-0.0203943
-0.0184057
-0.0145968
-0.010375
-0.00657868
-0.00359903
-0.00151778
-0.000234319
0.000434036
0.00068345
0.000684182
0.000564069
0.000407219
0.000261092
0.000146206
6.89558e-05
8.6868e-06
1
1
1
1
1
1
1
1
1
1
1
1
1
1
1
1
1
1
1
1
1
1
1
1
1
1
1
1
1
1
1
1
1
1
1
1
1
1
1
1
1
0.999999
0.999995
0.999993
0.999997
1.00001
1.00003
1.00003
1.00001
0.999939
0.999857
0.999827
0.999932
1.00021
1.00061
1.0009
1.00077
0.999929
0.998346
0.996414
0.995034
0.995436
0.998777
1.00555
1.01502
1.02486
1.03117
1.02897
1.01305
0.979076
0.924519
0.849346
0.756181
0.649959
0.537151
0.424749
0.319253
0.225838
0.147854
0.086688
0.0419432
0.0118574
-0.00617878
-0.0151053
-0.0177654
-0.0166111
-0.0135505
-0.0099173
-0.00652754
-0.00378649
-0.00181048
-0.000540241
0.000168335
0.000480901
0.00054698
0.000482689
0.000367532
0.000248267
0.00015221
5.91665e-05
1
1
1
1
1
1
1
1
1
1
1
1
1
1
1
1
1
1
1
1
1
1
1
1
1
1
1
1
1
1
1
1
1
1
1
1
1
1
1
1
1
1
0.999997
0.999994
0.999993
1
1.00002
1.00003
1.00003
0.999987
0.999908
0.999832
0.999832
0.999985
1.00031
1.0007
1.00093
1.00069
0.999737
0.998128
0.996333
0.995254
0.996014
0.999533
1.00598
1.0143
1.02195
1.02502
1.01879
0.998555
0.960594
0.903018
0.826295
0.733302
0.62894
0.519372
0.411096
0.310036
0.220826
0.146397
0.0878847
0.0448221
0.0155243
-0.00243893
-0.0117823
-0.0151255
-0.0147332
-0.0123797
-0.00932098
-0.00634458
-0.0038623
-0.00201789
-0.00078775
-6.25075e-05
0.000294932
0.000413767
0.00039795
0.000320261
0.000232175
0.000122242
1
1
1
1
1
1
1
1
1
1
1
1
1
1
1
1
1
1
1
1
1
1
1
1
1
1
1
1
1
1
1
1
1
1
1
1
1
1
1
1
1
1
0.999999
0.999996
0.999993
0.999996
1.00001
1.00003
1.00004
1.00002
0.99996
0.999875
0.999814
0.999854
1.00006
1.00042
1.00081
1.00096
1.00061
0.999562
0.997946
0.996276
0.995419
0.996348
0.999722
1.0054
1.01203
1.01694
1.0163
1.00571
0.981007
0.939097
0.878703
0.800733
0.708261
0.606095
0.500059
0.396141
0.299697
0.214838
0.144095
0.0883676
0.0471257
0.0187604
0.00101285
-0.00861681
-0.0125342
-0.0128227
-0.0111242
-0.00861505
-0.00604861
-0.00383659
-0.00214349
-0.000975734
-0.000254709
0.000130425
0.000289591
0.000313294
0.000274169
0.000180338
1
1
1
1
1
1
1
1
1
1
1
1
1
1
1
1
1
1
1
1
1
1
1
1
1
1
1
1
1
1
1
1
1
1
1
1
1
1
1
1
1
1
1
0.999998
0.999995
0.999994
1
1.00002
1.00003
1.00003
0.999998
0.999927
0.999843
0.999809
0.999899
1.00016
1.00056
1.00092
1.001
1.00053
0.999382
0.997741
0.996129
0.995339
0.996164
0.998993
1.00339
1.00778
1.00943
1.00467
0.989478
0.960252
0.914531
0.851597
0.772742
0.68117
0.581545
0.479321
0.379973
0.288299
0.207908
0.140953
0.0881195
0.0488189
0.0215183
0.00412204
-0.00566525
-0.0100454
-0.0109273
-0.00982377
-0.00782998
-0.00566101
-0.0037226
-0.00219389
-0.00110595
-0.000406891
-9.4207e-06
0.000177436
0.000236484
0.000206989
1
1
1
1
1
1
1
1
1
1
1
1
1
1
1
1
1
1
1
1
1
1
1
1
1
1
1
1
1
1
1
1
1
1
1
1
1
1
1
1
1
1
1
0.999999
0.999996
0.999995
0.999998
1.00001
1.00002
1.00003
1.00002
0.999969
0.999891
0.99982
0.999827
0.999979
1.0003
1.00072
1.00105
1.00103
1.00041
0.999139
0.997403
0.995714
0.994758
0.995127
0.996947
0.999528
1.00114
0.999056
0.989833
0.969899
0.936212
0.886914
0.821796
0.742467
0.652193
0.555454
0.457307
0.362713
0.275931
0.200093
0.137002
0.0871454
0.0498866
0.0237674
0.00684814
-0.00297323
-0.00770526
-0.00909038
-0.0085159
-0.006996
-0.00520428
-0.00353555
-0.00217806
-0.00118251
-0.000519712
-0.000123382
8.02656e-05
0.000171178
1
1
1
1
1
1
1
1
1
1
1
1
1
1
1
1
1
1
1
1
1
1
1
1
1
1
1
1
1
1
1
1
1
1
1
1
1
1
1
1
1
1
1
1
0.999998
0.999996
0.999997
1
1.00001
1.00003
1.00002
0.999996
0.999935
0.999859
0.999818
0.99988
1.0001
1.00048
1.0009
1.00117
1.00101
1.00021
0.998721
0.996762
0.994789
0.993356
0.992849
0.993157
0.993383
0.99171
0.98549
0.971582
0.946875
0.908895
0.856346
0.789466
0.71011
0.621547
0.528026
0.434197
0.34451
0.262708
0.191477
0.132295
0.0854718
0.050333
0.0254946
0.00916525
-0.000574553
-0.00555111
-0.00734884
-0.00723436
-0.00614169
-0.00470083
-0.00329159
-0.00210648
-0.00121138
-0.000594785
-0.000217577
4.48125e-05
1
1
1
1
1
1
1
1
1
1
1
1
1
1
1
1
1
1
1
1
1
1
1
1
1
1
1
1
1
1
1
1
1
1
1
1
1
1
1
1
1
1
1
1
0.999999
0.999998
0.999998
1
1.00001
1.00002
1.00002
1.00001
0.999967
0.999902
0.999844
0.999848
0.99998
1.00027
1.00069
1.00109
1.00124
1.00088
0.999793
0.997963
0.995586
0.993047
0.99076
0.988913
0.987188
0.984543
0.979139
0.968485
0.949779
0.920391
0.878395
0.823006
0.75484
0.675928
0.589488
0.499502
0.4102
0.325538
0.248769
0.182163
0.126904
0.083144
0.0501803
0.026703
0.011062
0.00150907
-0.00361069
-0.00573263
-0.00600813
-0.0052928
-0.00417185
-0.00300679
-0.00199072
-0.00119741
-0.000650986
-0.000187742
1
1
1
1
1
1
1
1
1
1
1
1
1
1
1
1
1
1
1
1
1
1
1
1
1
1
1
1
1
1
1
1
1
1
1
1
1
1
1
1
1
1
1
1
1
1
0.999999
1
1
1.00001
1.00001
1.00001
0.999984
0.999937
0.999882
0.999859
0.999927
1.00014
1.00049
1.00092
1.00124
1.0012
1.00052
0.999004
0.996636
0.993578
0.99013
0.986562
0.982886
0.978623
0.972641
0.963153
0.947879
0.924386
0.890529
0.844893
0.787146
0.71821
0.640227
0.556308
0.470146
0.385547
0.30599
0.234268
0.172271
0.120918
0.080224
0.0494668
0.027411
0.0125404
0.00326774
-0.001902
-0.00426412
-0.0048607
-0.0044715
-0.00363642
-0.00269703
-0.00183824
-0.00117402
-0.000519955
1
1
1
1
1
1
1
1
1
1
1
1
1
1
1
1
1
1
1
1
1
1
1
1
1
1
1
1
1
1
1
1
1
1
1
1
1
1
1
1
1
1
1
1
1
1
1
1
1
1
1.00001
1
0.99999
0.999958
0.999917
0.999889
0.999921
1.00006
1.00035
1.00074
1.00112
1.00127
1.00091
0.999753
0.997614
0.994453
0.990393
0.985643
0.98034
0.974351
0.967083
0.957381
0.943563
0.923607
0.895467
0.857464
0.808651
0.749083
0.679919
0.603345
0.522326
0.440242
0.360482
0.28607
0.219373
0.161935
0.11444
0.0767868
0.048244
0.0276498
0.0136149
0.00470241
-0.000433717
-0.00295808
-0.00380978
-0.00369572
-0.00311188
-0.00237078
-0.00169568
-0.000915495
1
1
1
1
1
1
1
1
1
1
1
1
1
1
1
1
1
1
1
1
1
1
1
1
1
1
1
1
1
1
1
1
1
1
1
1
1
1
1
1
1
1
0.999999
0.999999
1
1
1
1
1
1
1
0.999998
0.999988
0.999968
0.999941
0.999921
0.99994
1.00004
1.00026
1.00059
1.00096
1.0012
1.00105
1.0002
0.998363
0.995341
0.991077
0.985646
0.979172
0.971679
0.962926
0.952257
0.93855
0.92028
0.89571
0.863183
0.821459
0.770004
0.709191
0.640348
0.56565
0.487876
0.410083
0.335255
0.265986
0.204254
0.151292
0.107579
0.0729169
0.0465736
0.0274611
0.0143101
0.00582363
0.000793957
-0.00182215
-0.00286723
-0.0029802
-0.00260519
-0.00208245
-0.00130476
1
1
1
1
1
1
1
1
1
1
1
1
1
1
1
1
1
1
1
1
1
1
1
1
1
1
1
1
1
1
1
1
1
1
1
1
1
1
1
1
1
1
0.999999
0.999999
1
1
1
1
1
1
0.999999
0.999993
0.999984
0.99997
0.999955
0.999947
0.999967
1.00005
1.00022
1.00049
1.00081
1.00107
1.00103
1.0004
0.998845
0.996063
0.991851
0.986132
0.978935
0.97031
0.960198
0.948288
0.933915
0.916037
0.893321
0.864332
0.827792
0.782855
0.729345
0.667885
0.599905
0.52752
0.453296
0.379963
0.310114
0.245946
0.189083
0.140484
0.10045
0.0687043
0.0445243
0.0268945
0.0146587
0.00664991
0.00178818
-0.000857332
-0.00204067
-0.00232774
-0.00216883
-0.00158698
1
1
1
1
1
1
1
1
1
1
1
1
1
1
1
1
1
1
1
1
1
1
1
1
1
1
1
1
1
1
1
1
1
1
1
1
1
1
1
1
1
1
0.999999
0.999999
0.999999
1
1
1
1
1
0.999997
0.999989
0.999978
0.999968
0.99996
0.999964
0.999992
1.00007
1.00021
1.00044
1.00071
1.00094
1.00094
1.00044
0.999096
0.996562
0.992525
0.986777
0.979224
0.96986
0.95868
0.945572
0.930198
0.911927
0.889836
0.862812
0.82972
0.789634
0.742062
0.687117
0.625609
0.559011
0.489337
0.41892
0.350166
0.285298
0.226149
0.174025
0.129647
0.0931646
0.0642409
0.0421687
0.0260046
0.0146992
0.00720594
0.00256233
-6.00798e-05
-0.00132657
-0.00177505
-0.00163814
1
1
1
1
1
1
1
1
1
1
1
1
1
1
1
1
1
1
1
1
1
1
1
1
1
1
1
1
1
1
1
1
1
1
1
1
1
1
1
1
1
1
0.999999
0.999999
0.999999
1
1
1
1.00001
1
0.999997
0.999987
0.999974
0.999964
0.99996
0.999972
1.00001
1.00009
1.00022
1.00042
1.00065
1.00084
1.00083
1.00038
0.999181
0.996849
0.99302
0.987384
0.979731
0.969963
0.95805
0.943959
0.927556
0.908513
0.886271
0.860056
0.828983
0.792208
0.749124
0.699537
0.643791
0.582817
0.518085
0.451471
0.385067
0.32096
0.26103
0.206781
0.159237
0.118912
0.0858331
0.0596174
0.0395799
0.0248487
0.0144742
0.0075209
0.00313389
0.000580357
-0.000728972
-0.00132403
1
1
1
1
1
1
1
1
1
1
1
1
1
1
1
1
1
1
1
1
1
1
1
1
1
1
1
1
1
1
1
1
1
1
1
1
1
1
1
1
1
1
0.999999
0.999999
0.999999
1
1
1
1.00001
1
0.999998
0.999986
0.999972
0.99996
0.999958
0.999974
1.00002
1.00011
1.00024
1.00042
1.00062
1.00077
1.00073
1.0003
0.999166
0.996975
0.993329
0.987857
0.980256
0.97033
0.957984
0.943186
0.925899
0.905996
0.883196
0.857036
0.82691
0.792159
0.752209
0.706731
0.655774
0.599853
0.539966
0.477535
0.414276
0.352033
0.292592
0.237515
0.18801
0.14486
0.1084
0.0785575
0.0549198
0.0368295
0.0234841
0.0140274
0.00762709
0.00351977
0.00111107
-0.000516258
1
1
1
1
1
1
1
1
1
1
1
1
1
1
1
1
1
1
1
1
1
1
1
1
1
1
1
1
1
1
1
1
1
1
1
1
1
1
1
1
1
1
0.999999
0.999999
0.999999
1
1
1
1.00001
1
0.999998
0.999986
0.999971
0.999957
0.999954
0.999973
1.00003
1.00012
1.00026
1.00044
1.00062
1.00073
1.00066
1.00021
0.999106
0.996996
0.993487
0.988174
0.980693
0.970765
0.958216
0.942974
0.925023
0.904345
0.880848
0.854322
0.824421
0.79071
0.752746
0.710196
0.662961
0.611282
0.555787
0.497495
0.437743
0.378074
0.320084
0.265278
0.214929
0.169985
0.131017
0.0982163
0.0714299
0.0502277
0.033985
0.021966
0.0134047
0.00754428
0.00383652
0.000891121
1
1
1
1
1
1
1
1
1
1
1
1
1
1
1
1
1
1
1
1
1
1
1
1
1
1
1
1
1
1
1
1
1
1
1
1
1
1
1
1
1
1
0.999999
0.999999
0.999999
1
1
1
1.00001
1.00001
0.999999
0.999987
0.99997
0.999955
0.999952
0.999971
1.00003
1.00013
1.00027
1.00045
1.00062
1.00072
1.00062
1.00015
0.999035
0.996962
0.99354
0.988354
0.981005
0.971154
0.958557
0.94308
0.924689
0.903403
0.879244
0.852177
0.822076
0.788726
0.751855
0.711216
0.666682
0.618341
0.566569
0.512061
0.455815
0.399059
0.343151
0.289452
0.239203
0.193421
0.152826
0.117813
0.088452
0.0645306
0.0456122
0.0311073
0.0203501
0.0126232
0.00747491
0.00296714
1
1
1
1
1
1
1
1
1
1
1
1
1
1
1
1
1
1
1
1
1
1
1
1
1
1
1
1
1
1
1
1
1
1
1
1
1
1
1
1
1
1
0.999999
0.999999
0.999999
1
1
1
1.00001
1.00001
0.999999
0.999987
0.99997
0.999955
0.99995
0.999968
1.00002
1.00013
1.00028
1.00046
1.00063
1.00072
1.0006
1.0001
0.998975
0.996909
0.993531
0.988432
0.981197
0.971448
0.958889
0.943327
0.924684
0.902976
0.878274
0.850655
0.820155
0.786746
0.750336
0.710808
0.668084
0.622204
0.573396
0.522127
0.469115
0.415302
0.361792
0.309756
0.260331
0.214519
0.173111
0.136634
0.105332
0.0791818
0.0579273
0.0411336
0.028257
0.0186441
0.0119844
0.0057339
1
1
1
1
1
1
1
1
1
1
1
1
1
1
1
1
1
1
1
1
1
1
1
1
1
1
1
1
1
1
1
1
1
1
1
1
1
1
1
1
1
1
0.999999
0.999999
0.999999
1
1
1
1.00001
1.00001
0.999999
0.999987
0.999971
0.999955
0.999949
0.999967
1.00002
1.00013
1.00028
1.00047
1.00064
1.00073
1.0006
1.00008
0.998931
0.996857
0.993495
0.988446
0.981294
0.971642
0.959158
0.9436
0.924843
0.902876
0.87778
0.849688
0.818743
0.785061
0.748708
0.70971
0.668084
0.623892
0.577303
0.52864
0.478419
0.427346
0.376285
0.326203
0.278089
0.232871
0.191339
0.154088
0.121479
0.093637
0.0704636
0.0516729
0.0368511
0.0254242
0.017257
0.00916238
1
1
1
1
1
1
1
1
1
1
1
1
1
1
1
1
1
1
1
1
1
1
1
1
1
1
1
1
1
1
1
1
1
1
1
1
1
1
1
1
1
1
0.999999
0.999999
0.999999
1
1
1
1.00001
1.00001
0.999999
0.999988
0.999971
0.999955
0.999948
0.999965
1.00002
1.00013
1.00028
1.00047
1.00065
1.00074
1.0006
1.00007
0.998905
0.996816
0.993454
0.988428
0.981327
0.971751
0.959345
0.943835
0.925054
0.902955
0.877604
0.849153
0.817807
0.783779
0.747261
0.708411
0.667356
0.624225
0.579188
0.532503
0.484553
0.435866
0.387105
0.339043
0.292505
0.248306
0.207185
0.169745
0.136411
0.107411
0.082771
0.0623366
0.0458196
0.03273
0.0231298
0.0131746
1
1
1
1
1
1
1
1
1
1
1
1
1
1
1
1
1
1
1
1
1
1
1
1
1
1
1
1
1
1
1
1
1
1
1
1
1
1
1
1
1
1
0.999999
0.999999
0.999999
1
1
1
1.00001
1.00001
0.999999
0.999988
0.999971
0.999955
0.999948
0.999965
1.00002
1.00013
1.00028
1.00047
1.00066
1.00074
1.00061
1.00007
0.998892
0.996789
0.993418
0.988397
0.981324
0.9718
0.95946
0.94401
0.925253
0.903107
0.877613
0.84892
0.817256
0.782895
0.746121
0.707196
0.666357
0.623815
0.579783
0.534507
0.488302
0.441574
0.394835
0.348688
0.303801
0.26086
0.220518
0.183345
0.149781
0.120112
0.0944535
0.0727551
0.0548406
0.0403004
0.0294011
0.0176512
1
1
1
1
1
1
1
1
1
1
1
1
1
1
1
1
1
1
1
1
1
1
1
1
1
1
1
1
1
1
1
1
1
1
1
1
1
1
1
1
1
1
0.999999
0.999999
0.999999
1
1
1
1.00001
1.00001
0.999999
0.999988
0.999972
0.999955
0.999948
0.999965
1.00002
1.00012
1.00028
1.00048
1.00066
1.00075
1.00061
1.00007
0.998888
0.996774
0.993391
0.988367
0.981304
0.97181
0.959519
0.944124
0.92541
0.903267
0.87771
0.848871
0.816983
0.782348
0.745307
0.706204
0.665364
0.623084
0.579638
0.535298
0.490355
0.445151
0.400089
0.35564
0.312335
0.270731
0.231382
0.194794
0.161387
0.131465
0.105198
0.0826093
0.063615
0.0478739
0.0358534
0.0224459
1
1
1
1
1
1
1
1
1
1
1
1
1
1
1
1
1
1
1
1
1
1
1
1
1
1
1
1
1
1
1
1
1
1
1
1
1
1
1
1
1
1
0.999999
0.999999
0.999999
1
1
1
1.00001
1.00001
0.999999
0.999988
0.999972
0.999955
0.999949
0.999965
1.00002
1.00012
1.00028
1.00047
1.00066
1.00075
1.00062
1.00007
0.998888
0.996767
0.993375
0.988343
0.981281
0.971801
0.95954
0.944189
0.925518
0.903402
0.877832
0.84892
0.816889
0.782052
0.74478
0.70547
0.664518
0.622294
0.579139
0.535367
0.491283
0.447198
0.403452
0.360425
0.318533
0.278222
0.239944
0.204129
0.171151
0.141302
0.114773
0.0916355
0.0718716
0.0551941
0.0422559
0.0273833
1
1
1
1
1
1
1
1
1
1
1
1
1
1
1
1
1
1
1
1
1
1
1
1
1
1
1
1
1
1
1
1
1
1
1
1
1
1
1
1
1
1
0.999999
0.999999
0.999999
1
1
1
1.00001
1.00001
0.999999
0.999988
0.999972
0.999955
0.999949
0.999965
1.00002
1.00012
1.00028
1.00047
1.00066
1.00075
1.00062
1.00008
0.998891
0.996765
0.993367
0.988327
0.981261
0.971785
0.95954
0.944218
0.925585
0.903502
0.877945
0.849007
0.816897
0.781925
0.744475
0.704976
0.66387
0.621587
0.578529
0.53506
0.491515
0.448206
0.405445
0.36355
0.322858
0.283722
0.246502
0.211547
0.179172
0.149638
0.123129
0.0997379
0.0794907
0.0621363
0.0484909
0.0323751
1
1
1
1
1
1
1
1
1
1
1
1
1
1
1
1
1
1
1
1
1
1
1
1
1
1
1
1
1
1
1
1
1
1
1
1
1
1
1
1
1
1
0.999999
0.999999
0.999999
1
1
1
1.00001
1.00001
0.999999
0.999988
0.999972
0.999956
0.999949
0.999965
1.00002
1.00012
1.00028
1.00047
1.00066
1.00075
1.00062
1.00008
0.998894
0.996766
0.993364
0.988318
0.981246
0.971769
0.959531
0.944226
0.925619
0.903566
0.87803
0.849092
0.816948
0.781897
0.744327
0.70468
0.663429
0.621047
0.57798
0.534641
0.491396
0.448578
0.406489
0.365416
0.325645
0.287461
0.25115
0.216991
0.18524
0.156117
0.129788
0.106347
0.0858438
0.0680482
0.0539065
0.0368279
1
1
1
1
1
1
1
1
1
1
1
1
1
1
1
1
1
1
1
1
1
1
1
1
1
1
1
1
1
1
1
1
1
1
1
1
1
1
1
1
1
1
0.999999
0.999999
0.999999
1
1
1
1.00001
1.00001
0.999999
0.999988
0.999972
0.999956
0.999949
0.999965
1.00002
1.00012
1.00028
1.00047
1.00066
1.00075
1.00062
1.00008
0.998897
0.996769
0.993364
0.988313
0.981234
0.971752
0.959515
0.94422
0.925634
0.903612
0.878108
0.84919
0.817038
0.781939
0.744271
0.704482
0.663064
0.620523
0.577356
0.534027
0.490954
0.448506
0.407004
0.366726
0.327923
0.290819
0.255626
0.222539
0.191735
0.163367
0.137554
0.114363
0.0938494
0.0757825
0.0612497
0.0431852
)
;

boundaryField
{
    upperWall
    {
        type            zeroGradient;
    }
    outlet
    {
        type            zeroGradient;
    }
    inlet
    {
        type            fixedValue;
        value           uniform 1;
    }
    lowerWall
    {
        type            fixedValue;
        value           uniform 0;
    }
    frontAndBack
    {
        type            empty;
    }
}


// ************************************************************************* //
