/*--------------------------------*- C++ -*----------------------------------*\
  =========                 |
  \\      /  F ield         | OpenFOAM: The Open Source CFD Toolbox
   \\    /   O peration     | Website:  https://openfoam.org
    \\  /    A nd           | Version:  7
     \\/     M anipulation  |
\*---------------------------------------------------------------------------*/
FoamFile
{
    version     2.0;
    format      ascii;
    class       volScalarField;
    location    "0.75";
    object      T;
}
// * * * * * * * * * * * * * * * * * * * * * * * * * * * * * * * * * * * * * //

dimensions      [0 0 0 1 0 0 0];

internalField   nonuniform List<scalar> 
10000
(
0.5
0.0669146
-0.0353169
-0.0277115
-0.00789976
0.00112931
0.00220711
0.000963794
3.88563e-05
-0.000206219
-0.000130475
-2.60559e-05
1.76156e-05
1.74837e-05
6.08561e-06
-9.06071e-07
-2.20759e-06
-1.13469e-06
-1.06163e-07
2.47859e-07
1.87024e-07
4.9395e-08
-2.13888e-08
-2.77866e-08
-1.17496e-08
4.15034e-10
3.66278e-09
2.25287e-09
3.96249e-10
-4.00522e-10
-3.77204e-10
-1.28468e-10
2.72484e-11
5.58373e-11
2.85373e-11
2.14216e-12
-7.09392e-12
-5.31018e-12
-1.3778e-12
6.83412e-13
8.6804e-13
3.73919e-13
-6.49925e-15
-1.09474e-13
-6.52927e-14
-9.0884e-15
1.01406e-14
2.23703e-15
-1.03485e-14
-1.54382e-14
-1.23424e-14
-5.38157e-15
1.2742e-15
5.45182e-15
6.78236e-15
5.92901e-15
3.91895e-15
1.71033e-15
-4.13792e-17
-1.05419e-15
-1.36224e-15
-1.1846e-15
-7.85503e-16
-3.75574e-16
-7.16369e-17
9.56115e-17
1.49834e-16
1.35128e-16
9.23976e-17
4.87598e-17
1.68081e-17
-1.215e-18
-8.32625e-18
-8.93114e-18
-6.72377e-18
-4.01407e-18
-1.86854e-18
-5.43385e-19
9.82606e-20
3.04648e-19
2.93433e-19
2.07059e-19
1.18611e-19
5.46742e-20
1.74792e-20
4.91065e-23
-5.73136e-21
-5.98135e-21
-4.34621e-21
-2.57355e-21
-1.27108e-21
-4.9626e-22
-1.12628e-22
3.76153e-23
7.22128e-23
6.14982e-23
4.02896e-23
2.21877e-23
1.04924e-23
2.74715e-24
0.933085
0.5
0.14482
-0.0139075
-0.0411718
-0.0230289
-0.00507433
0.00215701
0.00250723
0.00101071
-9.38734e-08
-0.000255324
-0.000158213
-3.18213e-05
2.20241e-05
2.24005e-05
8.17946e-06
-9.48178e-07
-2.86443e-06
-1.56602e-06
-2.00131e-07
3.13491e-07
2.58847e-07
7.77035e-08
-2.39625e-08
-3.79444e-08
-1.77304e-08
-5.20299e-10
4.83208e-09
3.30976e-09
7.47241e-10
-4.85e-10
-5.38963e-10
-2.10526e-10
2.14968e-11
7.68033e-11
4.4228e-11
6.23512e-12
-9.13281e-12
-7.92443e-12
-2.51981e-12
6.96523e-13
1.20916e-12
5.94285e-13
4.89477e-14
-1.1321e-13
-5.05061e-14
3.50111e-14
5.90098e-14
3.1664e-14
-9.02517e-15
-3.68339e-14
-4.46205e-14
-3.69807e-14
-2.20119e-14
-6.69515e-15
4.6847e-15
1.05688e-14
1.14854e-14
9.13531e-15
5.47561e-15
2.04726e-15
-3.22133e-16
-1.47221e-15
-1.66747e-15
-1.32305e-15
-8.06873e-16
-3.50954e-16
-4.96866e-17
9.72796e-17
1.34604e-16
1.13814e-16
7.41105e-17
3.7653e-17
1.27551e-17
-5.1249e-19
-5.47167e-18
-5.82457e-18
-4.3309e-18
-2.57232e-18
-1.21651e-18
-3.92605e-19
6.61606e-21
1.42513e-19
1.48278e-19
1.07943e-19
6.36902e-20
3.0915e-20
1.14025e-20
1.86205e-21
-1.69996e-21
-2.32405e-21
-1.84228e-21
-1.15751e-21
-6.11117e-22
-2.67557e-22
-8.64841e-23
-7.42381e-24
1.75806e-23
2.12367e-23
1.03532
0.85518
0.5
0.182448
0.00830364
-0.0419281
-0.032441
-0.0120093
3.84408e-05
0.00307766
0.00201936
0.000522644
-0.000189734
-0.000261936
-0.000118925
-6.07707e-06
2.86043e-05
2.02421e-05
5.19525e-06
-2.29056e-06
-2.95623e-06
-1.27806e-06
8.46554e-09
3.71768e-07
2.40892e-07
5.03709e-08
-3.68802e-08
-3.89006e-08
-1.47958e-08
1.67178e-09
5.45504e-09
3.1046e-09
4.35547e-10
-6.33135e-10
-5.4823e-10
-1.74177e-10
4.83678e-11
8.42081e-11
4.13834e-11
2.19391e-12
-1.09993e-11
-8.00987e-12
-2.07997e-12
9.4137e-13
1.16282e-12
4.26565e-13
-8.02888e-14
-1.40572e-13
1.29322e-14
1.47709e-13
1.78353e-13
1.26796e-13
4.63606e-14
-2.23633e-14
-6.16717e-14
-7.10839e-14
-5.90829e-14
-3.68116e-14
-1.40402e-14
2.98357e-15
1.20139e-14
1.39652e-14
1.14007e-14
7.07463e-15
3.00729e-15
1.95985e-16
-1.21074e-15
-1.54644e-15
-1.28374e-15
-8.1936e-16
-3.94337e-16
-1.05536e-16
4.39378e-17
9.30207e-17
8.70684e-17
6.06384e-17
3.35863e-17
1.39518e-17
2.71517e-18
-2.17858e-18
-3.33822e-18
-2.81041e-18
-1.82975e-18
-9.70481e-19
-4.00305e-19
-9.34947e-20
3.55861e-20
6.79001e-20
5.88811e-20
3.8988e-20
2.13761e-20
9.6297e-21
3.16907e-21
2.52397e-22
-7.12129e-22
-7.95232e-22
-5.86595e-22
-3.51806e-22
-1.8081e-22
-5.80141e-23
1.02771
1.01391
0.817552
0.5
0.206389
0.0268058
-0.0388677
-0.0384381
-0.0184166
-0.00302402
0.00284105
0.00282245
0.00118552
4.2633e-05
-0.000296282
-0.000211922
-6.02234e-05
1.88442e-05
2.95095e-05
1.43558e-05
1.17969e-06
-3.31264e-06
-2.541e-06
-7.3481e-07
2.46588e-07
3.7721e-07
1.7883e-07
8.57306e-09
-4.67553e-08
-3.3615e-08
-8.56666e-09
4.24374e-09
5.36577e-09
2.31172e-09
-5.87147e-11
-7.29435e-10
-4.68793e-10
-9.40103e-11
7.8105e-11
8.05101e-11
3.03587e-11
-3.87428e-12
-1.16604e-11
-6.61112e-12
-9.99088e-13
1.11598e-12
7.74219e-13
-7.49438e-14
-4.49975e-13
-3.19194e-13
-2.00316e-15
2.44915e-13
3.33623e-13
2.90581e-13
1.80494e-13
6.14945e-14
-3.00239e-14
-7.96971e-14
-9.00296e-14
-7.34054e-14
-4.5031e-14
-1.74647e-14
2.11996e-15
1.19341e-14
1.38285e-14
1.11014e-14
6.8116e-15
2.95443e-15
3.79952e-16
-8.80576e-16
-1.1946e-15
-1.00314e-15
-6.47637e-16
-3.23057e-16
-1.02825e-16
1.29025e-17
5.4333e-17
5.50193e-17
3.98867e-17
2.3098e-17
1.04839e-17
2.99986e-18
-4.95218e-19
-1.57297e-18
-1.4957e-18
-1.04236e-18
-5.91953e-19
-2.72877e-19
-8.99352e-20
-4.81485e-21
2.37983e-20
2.59441e-20
1.9069e-20
1.13785e-20
5.6934e-21
2.29814e-21
6.01507e-22
-8.19503e-23
-2.57051e-22
-2.38919e-22
1.0079
1.04117
0.991696
0.793611
0.5
0.223365
0.042154
-0.0343031
-0.0421139
-0.0239644
-0.00647534
0.00197761
0.00332499
0.00186777
0.000400612
-0.000245072
-0.000285991
-0.000129611
-8.12739e-06
3.15022e-05
2.39228e-05
7.25577e-06
-1.97863e-06
-3.44893e-06
-1.76137e-06
-1.8454e-07
3.9124e-07
3.18273e-07
9.93709e-08
-2.70434e-08
-4.76358e-08
-2.40385e-08
-2.00425e-09
5.81838e-09
4.51193e-09
1.29238e-09
-4.84196e-10
-7.13907e-10
-3.34369e-10
-9.69401e-12
9.44432e-11
6.66222e-11
1.65909e-11
-8.52041e-12
-1.02545e-11
-3.9705e-12
4.9267e-13
1.27083e-12
2.0781e-13
-8.18399e-13
-1.09928e-12
-7.81146e-13
-2.56821e-13
1.82585e-13
4.20068e-13
4.61263e-13
3.68709e-13
2.17251e-13
6.9223e-14
-3.7236e-14
-8.99207e-14
-9.66024e-14
-7.51183e-14
-4.39186e-14
-1.61305e-14
2.15323e-15
1.05265e-14
1.16834e-14
9.06201e-15
5.41436e-15
2.32503e-15
3.52991e-16
-5.784e-16
-8.05041e-16
-6.74555e-16
-4.35443e-16
-2.207e-16
-7.65224e-17
-5.87706e-19
2.78225e-17
3.03895e-17
2.27314e-17
1.35703e-17
6.50476e-18
2.20921e-18
1.12634e-19
-6.25842e-19
-6.918e-19
-5.14282e-19
-3.0813e-19
-1.5271e-19
-5.90067e-20
-1.23779e-20
5.74318e-21
9.64784e-21
8.01253e-21
5.16535e-21
2.79059e-21
1.28046e-21
2.92932e-22
0.998871
1.02303
1.04193
0.973194
0.776635
0.5
0.236308
0.0551561
-0.0291433
-0.0442026
-0.0286476
-0.0100134
0.000663016
0.00351519
0.00249279
0.000838178
-0.000110139
-0.000325109
-0.00020245
-4.98925e-05
2.37007e-05
3.12705e-05
1.49634e-05
1.26022e-06
-3.52123e-06
-2.80623e-06
-8.96015e-07
2.13495e-07
4.11962e-07
2.18731e-07
2.6977e-08
-4.67862e-08
-3.99564e-08
-1.32133e-08
2.98679e-09
5.9982e-09
3.17659e-09
3.49679e-10
-7.21311e-10
-5.95253e-10
-1.85875e-10
5.37544e-11
9.23805e-11
4.62835e-11
3.89253e-12
-1.02956e-11
-6.78005e-12
-2.50866e-13
2.58923e-12
1.86523e-12
-6.86638e-14
-1.49091e-12
-1.90148e-12
-1.54297e-12
-8.51144e-13
-1.7186e-13
3.06575e-13
5.29926e-13
5.34018e-13
4.00837e-13
2.19724e-13
5.92663e-14
-4.53024e-14
-8.9712e-14
-8.91472e-14
-6.50785e-14
-3.5742e-14
-1.20171e-14
2.33701e-15
8.25093e-15
8.63284e-15
6.43352e-15
3.72751e-15
1.5702e-15
2.53456e-16
-3.45083e-16
-4.84669e-16
-4.03282e-16
-2.59344e-16
-1.32624e-16
-4.85877e-17
-4.37956e-18
1.26606e-17
1.50669e-17
1.16102e-17
7.10776e-18
3.54736e-18
1.33802e-18
2.22834e-19
-2.05641e-19
-2.84463e-19
-2.27105e-19
-1.42935e-19
-7.49489e-20
-3.20038e-20
-9.46681e-21
1.54094e-22
3.00448e-21
2.96517e-21
1.97637e-21
0.997793
1.00507
1.03244
1.03887
0.957846
0.763692
0.5
0.246668
0.0663827
-0.0238073
-0.0451887
-0.0325522
-0.0134733
-0.000959178
0.00341734
0.00301639
0.00131432
9.733e-05
-0.000320961
-0.000268331
-0.000102053
5.40097e-06
3.42592e-05
2.29965e-05
6.2179e-06
-2.43292e-06
-3.56994e-06
-1.78399e-06
-1.83405e-07
4.05355e-07
3.37003e-07
1.12392e-07
-2.33436e-08
-4.9923e-08
-2.74106e-08
-3.82711e-09
5.64323e-09
5.03309e-09
1.74509e-09
-3.29135e-10
-7.55025e-10
-4.17439e-10
-5.74631e-11
8.56195e-11
7.39343e-11
2.32232e-11
-6.44368e-12
-9.81513e-12
-2.16338e-12
4.19532e-12
5.5678e-12
3.50324e-12
5.85341e-13
-1.57162e-12
-2.50182e-12
-2.40704e-12
-1.71511e-12
-8.40364e-13
-8.3655e-14
3.98349e-13
5.82403e-13
5.37872e-13
3.72359e-13
1.84263e-13
3.61528e-14
-4.93319e-14
-7.85993e-14
-7.15315e-14
-4.87899e-14
-2.5044e-14
-7.54048e-15
2.20365e-15
5.7763e-15
5.68118e-15
4.06799e-15
2.28635e-15
9.43213e-16
1.56826e-16
-1.87977e-16
-2.6488e-16
-2.18693e-16
-1.40031e-16
-7.2075e-17
-2.75189e-17
-4.11037e-18
5.13386e-18
6.80928e-18
5.41693e-18
3.3951e-18
1.75176e-18
7.11771e-19
1.71647e-19
-4.97065e-20
-1.04754e-19
-9.12721e-20
-6.03979e-20
-3.32601e-20
-1.52654e-20
-5.50018e-21
7.48031e-24
0.999036
0.997843
1.01201
1.03844
1.0343
0.944844
0.753332
0.5
0.255249
0.0762288
-0.0184971
-0.0453946
-0.0357829
-0.0167686
-0.00277966
0.00306919
0.00341666
0.00179625
0.000362307
-0.000271062
-0.000319196
-0.000159502
-2.26983e-05
3.14482e-05
3.00039e-05
1.24139e-05
-5.01571e-08
-3.78026e-06
-2.69448e-06
-7.81473e-07
2.58291e-07
4.1876e-07
2.17163e-07
2.59541e-08
-4.75584e-08
-4.11124e-08
-1.42499e-08
2.56381e-09
6.11251e-09
3.46095e-09
5.37596e-10
-6.80935e-10
-6.33202e-10
-2.29878e-10
3.16835e-11
8.68964e-11
4.44755e-11
-3.30227e-13
-1.5582e-11
-9.43785e-12
1.69807e-12
8.43116e-12
9.27073e-12
6.47015e-12
2.64404e-12
-5.45556e-13
-2.429e-12
-2.99636e-12
-2.59064e-12
-1.68341e-12
-7.08918e-13
4.20257e-14
4.55448e-13
5.61869e-13
4.68986e-13
2.95439e-13
1.28825e-13
1.26795e-14
-4.59383e-14
-6.05465e-14
-5.05668e-14
-3.22655e-14
-1.54684e-14
-4.09092e-15
1.75602e-15
3.64254e-15
3.37866e-15
2.33039e-15
1.27345e-15
5.15323e-16
8.76583e-17
-9.39651e-17
-1.32953e-16
-1.09053e-16
-6.95858e-17
-3.60303e-17
-1.42333e-17
-2.78398e-18
1.83787e-18
2.83176e-18
2.33677e-18
1.49971e-18
7.96917e-19
3.42982e-19
1.01035e-19
-3.36827e-21
-3.43631e-20
-3.36659e-20
-2.36522e-20
-1.20352e-20
0.999961
0.997493
0.999962
1.01842
1.04211
1.02914
0.933617
0.744751
0.5
0.262537
0.0849758
-0.0133115
-0.0450396
-0.0384394
-0.0198576
-0.00471768
0.00251112
0.00368607
0.00225945
0.000669094
-0.000176905
-0.000349474
-0.000217239
-5.89605e-05
2.2113e-05
3.47796e-05
1.91931e-05
3.57793e-06
-3.2318e-06
-3.45354e-06
-1.52336e-06
-4.80473e-08
4.29811e-07
3.22491e-07
9.90305e-08
-2.79558e-08
-5.00298e-08
-2.68188e-08
-3.62009e-09
5.65097e-09
5.07244e-09
1.82586e-09
-2.70563e-10
-7.40306e-10
-4.26496e-10
-6.77808e-11
7.98349e-11
6.72824e-11
1.0884e-11
-2.33261e-11
-2.5926e-11
-1.22852e-11
2.31994e-12
1.08505e-11
1.27886e-11
1.03508e-11
6.05105e-12
1.78416e-12
-1.33984e-12
-2.92573e-12
-3.13258e-12
-2.44253e-12
-1.40945e-12
-4.65398e-13
1.6513e-13
4.49117e-13
4.71553e-13
3.54735e-13
2.02233e-13
7.58208e-14
-2.51095e-15
-3.66456e-14
-4.13715e-14
-3.19318e-14
-1.91342e-14
-8.57832e-15
-1.95072e-15
1.20553e-15
2.08901e-15
1.83771e-15
1.22533e-15
6.5306e-16
2.60046e-16
4.54217e-17
-4.33023e-17
-6.18431e-17
-5.05121e-17
-3.21678e-17
-1.67609e-17
-6.8212e-18
-1.593e-18
5.62328e-19
1.0897e-18
9.397e-19
6.18442e-19
3.37761e-19
1.52402e-19
5.10551e-20
5.99511e-21
-1.31399e-20
1.00021
0.998989
0.996922
1.00302
1.02396
1.0442
1.02381
0.923771
0.737463
0.5
0.268847
0.0928295
-0.00829713
-0.0442768
-0.0406094
-0.0227243
-0.00671456
0.00178129
0.00382595
0.00268654
0.001003
-4.24486e-05
-0.000355818
-0.000270828
-0.000101219
6.15712e-06
3.63676e-05
2.58328e-05
8.25193e-06
-1.80508e-06
-3.89324e-06
-2.32337e-06
-5.09074e-07
3.4282e-07
4.06034e-07
1.88693e-07
1.12947e-08
-4.98808e-08
-3.919e-08
-1.26427e-08
3.04584e-09
6.04419e-09
3.34122e-09
5.07298e-10
-6.55434e-10
-5.97095e-10
-1.98752e-10
5.55552e-11
9.98723e-11
4.18086e-11
-1.90062e-11
-4.43935e-11
-3.91389e-11
-2.06821e-11
-2.41502e-12
9.66251e-12
1.4643e-11
1.40213e-11
1.0088e-11
5.09489e-12
7.57264e-13
-2.00837e-12
-3.07393e-12
-2.85538e-12
-1.97508e-12
-9.82052e-13
-2.10298e-13
2.29305e-13
3.78789e-13
3.4535e-13
2.35177e-13
1.21073e-13
3.76896e-14
-8.4609e-15
-2.54701e-14
-2.53719e-14
-1.82484e-14
-1.0318e-14
-4.33511e-15
-8.25195e-16
7.29565e-16
1.09983e-15
9.23367e-16
5.97501e-16
3.11658e-16
1.22585e-16
2.21594e-17
-1.84658e-17
-2.68485e-17
-2.19017e-17
-1.39456e-17
-7.31732e-18
-3.05931e-18
-8.12797e-19
1.32553e-19
3.88935e-19
3.54301e-19
2.39606e-19
1.35644e-19
5.08875e-20
1.00013
1
0.997981
0.997159
1.00648
1.02865
1.04519
1.0185
0.915024
0.731153
0.5
0.274394
0.0999444
-0.00347339
-0.0432147
-0.0423674
-0.025367
-0.00872811
0.000913719
0.00384278
0.00306586
0.00135109
0.000126998
-0.000336704
-0.000316604
-0.000147094
-1.60181e-05
3.41025e-05
3.16251e-05
1.36644e-05
5.30393e-07
-3.87081e-06
-3.0801e-06
-1.09846e-06
1.40983e-07
4.4523e-07
2.83651e-07
6.96027e-08
-3.71326e-08
-4.84902e-08
-2.35704e-08
-1.99445e-09
5.83604e-09
4.77278e-09
1.59045e-09
-3.37408e-10
-7.05712e-10
-3.56639e-10
6.7817e-12
1.45271e-10
1.1216e-10
2.67302e-11
-3.69785e-11
-6.05754e-11
-5.44824e-11
-3.47116e-11
-1.3123e-11
3.76587e-12
1.34349e-11
1.60791e-11
1.36011e-11
8.60472e-12
3.44912e-12
-3.69031e-13
-2.35594e-12
-2.77429e-12
-2.23827e-12
-1.36156e-12
-5.63564e-13
-3.13255e-14
2.2299e-13
2.76114e-13
2.2316e-13
1.38462e-13
6.42235e-14
1.56104e-14
-8.48329e-15
-1.57104e-14
-1.41311e-14
-9.54757e-15
-5.11908e-15
-2.02087e-15
-3.10473e-16
3.96717e-16
5.36121e-16
4.32199e-16
2.72475e-16
1.39576e-16
5.4449e-17
1.02746e-17
-7.30511e-18
-1.09415e-17
-8.9448e-18
-5.70577e-18
-3.01755e-18
-1.29352e-18
-3.79689e-19
1.301e-20
1.27385e-19
1.28716e-19
1.00003
1.00026
0.999477
0.997178
0.998022
1.01001
1.03255
1.04539
1.01331
0.90717
0.725606
0.5
0.279329
0.106439
0.00115474
-0.041932
-0.0437761
-0.0277924
-0.0107283
-6.2262e-05
0.00374582
0.00339021
0.00170247
0.000325544
-0.000292008
-0.000351728
-0.000194215
-4.36511e-05
2.76072e-05
3.59344e-05
1.94425e-05
3.72374e-06
-3.28056e-06
-3.68834e-06
-1.77217e-06
-1.80248e-07
4.20164e-07
3.69977e-07
1.43356e-07
-9.57551e-09
-5.17307e-08
-3.48862e-08
-9.34633e-09
4.02826e-09
5.76555e-09
2.84563e-09
2.09989e-10
-7.43677e-10
-5.67127e-10
-1.13045e-10
1.67012e-10
2.14455e-10
1.35409e-10
3.47551e-11
-3.6042e-11
-6.75158e-11
-6.85335e-11
-5.17378e-11
-2.82848e-11
-6.51303e-12
8.58341e-12
1.548e-11
1.54757e-11
1.13742e-11
6.0707e-12
1.60032e-12
-1.15128e-12
-2.2231e-12
-2.13972e-12
-1.51254e-12
-8.04488e-13
-2.61065e-13
5.21709e-14
1.73571e-13
1.76861e-13
1.28928e-13
7.33323e-14
3.051e-14
5.08242e-15
-6.19182e-15
-8.73989e-15
-7.22525e-15
-4.61949e-15
-2.36e-15
-8.77995e-16
-1.03249e-16
1.96759e-16
2.43793e-16
1.89797e-16
1.17011e-16
5.90631e-17
2.29421e-17
4.55314e-18
-2.6829e-18
-4.20513e-18
-3.45828e-18
-2.21458e-18
-1.18073e-18
-5.262e-19
-9.92064e-20
0.999982
1.00016
1.00019
0.998814
0.996675
0.999337
1.01347
1.03578
1.04504
1.0083
0.900056
0.720671
0.5
0.283765
0.112406
0.00559006
-0.0404869
-0.0448875
-0.0300111
-0.0126941
-0.0011218
0.00354557
0.00365566
0.00204819
0.000547226
-0.000222631
-0.000374148
-0.000240368
-7.5744e-05
1.67653e-05
3.82309e-05
2.51857e-05
7.65639e-06
-2.05941e-06
-4.04899e-06
-2.47372e-06
-6.13085e-07
3.15729e-07
4.3271e-07
2.26277e-07
3.33077e-08
-4.62345e-08
-4.46775e-08
-1.84465e-08
4.27671e-10
6.0206e-09
4.14111e-09
9.91789e-10
-6.88612e-10
-8.62256e-10
-3.89914e-10
6.3988e-11
2.71347e-10
2.72946e-10
1.78897e-10
7.08055e-11
-1.28573e-11
-6.12084e-11
-7.6531e-11
-6.72642e-11
-4.45688e-11
-1.93017e-11
7.11553e-13
1.20215e-11
1.50972e-11
1.26805e-11
7.97257e-12
3.4067e-12
2.202e-13
-1.37085e-12
-1.73774e-12
-1.42503e-12
-8.90651e-13
-4.1007e-13
-9.05703e-14
6.84938e-14
1.14689e-13
1.01194e-13
6.74487e-14
3.53401e-14
1.30827e-14
9.97875e-16
-3.77034e-15
-4.44448e-15
-3.42368e-15
-2.08491e-15
-1.0196e-15
-3.58688e-16
-2.96762e-17
9.00571e-17
1.04099e-16
7.86713e-17
4.75952e-17
2.37479e-17
9.21916e-18
1.93477e-18
-9.1293e-19
-1.52991e-18
-1.2749e-18
-7.49923e-19
0.999983
1.00003
1.00026
0.999957
0.998132
0.996485
1.00096
1.01677
1.03844
1.04428
1.00347
0.893561
0.716235
0.5
0.287787
0.11792
0.00983944
-0.0389223
-0.0457452
-0.0320359
-0.0146108
-0.00224409
0.00325288
0.00386074
0.00238115
0.000786327
-0.00013018
-0.000382519
-0.00028358
-0.000111168
1.68149e-06
3.81078e-05
3.04963e-05
1.21584e-05
-1.87577e-07
-4.07656e-06
-3.13969e-06
-1.13857e-06
1.23007e-07
4.57384e-07
3.10028e-07
9.01802e-08
-3.00397e-08
-5.09244e-08
-2.83946e-08
-4.92057e-09
5.34778e-09
5.41395e-09
2.10488e-09
-4.0622e-10
-1.18165e-09
-8.71674e-10
-2.89762e-10
1.33715e-10
3.14708e-10
3.21051e-10
2.39178e-10
1.30125e-10
3.03384e-11
-4.02483e-11
-7.45928e-11
-7.67149e-11
-5.80038e-11
-3.17865e-11
-8.53628e-12
6.42267e-12
1.25639e-11
1.22713e-11
8.75774e-12
4.64668e-12
1.42602e-12
-4.49735e-13
-1.16765e-12
-1.15857e-12
-8.32121e-13
-4.62467e-13
-1.80485e-13
-1.55979e-14
5.44501e-14
6.65613e-14
5.247e-14
3.23154e-14
1.56513e-14
5.08682e-15
-1.8738e-16
-2.0192e-15
-2.089e-15
-1.51585e-15
-8.84323e-16
-4.1582e-16
-1.38867e-16
-6.90555e-18
3.83949e-17
4.19766e-17
3.09393e-17
1.84274e-17
9.11577e-18
3.54438e-18
8.21187e-19
-5.05654e-19
0.999994
0.999978
1.00012
1.0003
0.999599
0.997507
0.996583
1.00278
1.01986
1.04061
1.04321
0.998845
0.887594
0.712213
0.5
0.291459
0.123039
0.0139117
-0.0372711
-0.0463857
-0.0338802
-0.0164687
-0.00341188
0.00287833
0.00400571
0.00269582
0.00103755
-1.67195e-05
-0.000376094
-0.000322165
-0.000148743
-1.73631e-05
3.52842e-05
3.50018e-05
1.7025e-05
2.31439e-06
-3.70405e-06
-3.70481e-06
-1.72849e-06
-1.60088e-07
4.31365e-07
3.85017e-07
1.57924e-07
-2.19972e-09
-5.18339e-08
-3.8186e-08
-1.18776e-08
3.56949e-09
6.61393e-09
3.73918e-09
4.19514e-10
-1.24625e-09
-1.41804e-09
-9.09391e-10
-3.26338e-10
8.47858e-11
2.95488e-10
3.50419e-10
3.02435e-10
1.99853e-10
8.5672e-11
-7.15954e-12
-6.1565e-11
-7.72205e-11
-6.54097e-11
-4.12189e-11
-1.71174e-11
4.27491e-15
8.58152e-12
1.03953e-11
8.38305e-12
5.12957e-12
2.23518e-12
3.34446e-13
-5.80927e-13
-8.06763e-13
-6.75108e-13
-4.32377e-13
-2.13866e-13
-6.77447e-14
7.89823e-15
3.44856e-14
3.47082e-14
2.49569e-14
1.43194e-14
6.42407e-15
1.79415e-15
-3.38267e-16
-9.78128e-16
-9.15868e-16
-6.3154e-16
-3.54776e-16
-1.61087e-16
-5.13039e-17
-9.97477e-19
1.53622e-17
1.60635e-17
1.15906e-17
6.8802e-18
2.7434e-18
1
0.999978
1.00001
1.00021
1.00025
0.999162
0.996984
0.996931
1.00472
1.02272
1.04237
1.04193
0.99441
0.88208
0.708541
0.5
0.294834
0.127814
0.0178165
-0.035558
-0.0468395
-0.0355575
-0.0182615
-0.00461091
0.00243196
0.00409206
0.00298801
0.00129613
0.000115423
-0.000354624
-0.00035473
-0.000187304
-3.99542e-05
2.95993e-05
3.83716e-05
2.20318e-05
5.39074e-06
-2.88565e-06
-4.10644e-06
-2.34777e-06
-5.28761e-07
3.44959e-07
4.41342e-07
2.32019e-07
3.71696e-08
-4.60462e-08
-4.69396e-08
-2.04456e-08
2.62791e-10
7.44064e-09
5.96209e-09
2.17075e-09
-5.52016e-10
-1.5897e-09
-1.52859e-09
-1.03728e-09
-5.00024e-10
-6.71111e-11
2.1778e-10
3.50196e-10
3.50972e-10
2.63555e-10
1.41799e-10
3.20174e-11
-3.95792e-11
-6.85679e-11
-6.54095e-11
-4.58207e-11
-2.3313e-11
-5.82769e-12
4.14179e-12
7.63926e-12
7.10887e-12
4.89555e-12
2.56847e-12
8.59838e-13
-9.45269e-14
-4.59418e-13
-4.7752e-13
-3.50533e-13
-2.02458e-13
-8.86647e-14
-2.07097e-14
1.03947e-14
1.88348e-14
1.65294e-14
1.10012e-14
5.9183e-15
2.46138e-15
5.70592e-16
-2.33999e-16
-4.36204e-16
-3.77413e-16
-2.491e-16
-1.35374e-16
-5.9601e-17
-1.82007e-17
1.39756e-19
5.7495e-18
5.9913e-18
1
0.999992
0.999971
1.00006
1.00029
1.00011
0.998686
0.996583
0.997489
1.00671
1.02537
1.04378
1.04049
0.990161
0.876961
0.705166
0.5
0.297951
0.132283
0.0215636
-0.0338022
-0.0471324
-0.0370806
-0.0199854
-0.00582946
0.00192307
0.00412207
0.00325471
0.00155785
0.0002638
-0.000318255
-0.000380175
-0.000225738
-6.55836e-05
2.10018e-05
4.03256e-05
2.69479e-05
8.95677e-06
-1.59761e-06
-4.28808e-06
-2.95701e-06
-9.71838e-07
1.92189e-07
4.69791e-07
3.07224e-07
8.72383e-08
-3.247e-08
-5.3832e-08
-3.08198e-08
-5.45186e-09
6.98394e-09
8.28708e-09
4.89861e-09
1.35563e-09
-7.59272e-10
-1.55848e-09
-1.58305e-09
-1.24287e-09
-7.64466e-10
-2.8523e-10
9.41614e-11
3.14196e-10
3.70553e-10
3.0675e-10
1.87392e-10
6.96409e-11
-1.31884e-11
-5.30068e-11
-5.86435e-11
-4.52121e-11
-2.6221e-11
-1.00362e-11
1.6272e-13
4.68051e-12
5.35374e-12
4.14835e-12
2.48252e-12
1.10086e-12
2.32878e-13
-1.77841e-13
-2.88511e-13
-2.49833e-13
-1.64662e-13
-8.63038e-14
-3.30201e-14
-4.31307e-15
7.19001e-15
9.20524e-15
7.27973e-15
4.53328e-15
2.29835e-15
8.85792e-16
1.60652e-16
-1.24413e-16
-1.81301e-16
-1.47123e-16
-9.35148e-17
-4.93301e-17
-2.15033e-17
-3.41148e-18
1
1
0.99998
0.999981
1.00013
1.00033
0.999903
0.998204
0.996314
0.998219
1.00873
1.02779
1.04489
1.03892
0.986088
0.872186
0.702049
0.5
0.300845
0.136483
0.0251626
-0.0320184
-0.0472861
-0.0384617
-0.0216386
-0.00705794
0.0013602
0.00409858
0.0034938
0.00181902
0.00042595
-0.000267441
-0.000397667
-0.000263018
-9.36834e-05
9.53547e-06
4.06399e-05
3.15467e-05
1.29056e-05
1.62339e-07
-4.20214e-06
-3.51515e-06
-1.47289e-06
-2.90141e-08
4.62558e-07
3.78307e-07
1.47095e-07
-9.6709e-09
-5.74948e-08
-4.28969e-08
-1.46667e-08
3.64617e-09
9.30773e-09
7.78939e-09
4.33178e-09
1.4495e-09
-3.4624e-10
-1.27464e-09
-1.59237e-09
-1.46618e-09
-1.04929e-09
-5.21699e-10
-5.44213e-11
2.45153e-10
3.55374e-10
3.21157e-10
2.14419e-10
9.88925e-11
1.23259e-11
-3.4195e-11
-4.72445e-11
-4.02794e-11
-2.5868e-11
-1.21794e-11
-2.75798e-12
2.07349e-12
3.53591e-12
3.15303e-12
2.1139e-12
1.10523e-12
3.97994e-13
1.23233e-14
-1.38067e-13
-1.55506e-13
-1.17956e-13
-7.08274e-14
-3.37581e-14
-1.09911e-14
1.23459e-16
3.93652e-15
4.11422e-15
2.99422e-15
1.75915e-15
8.44035e-16
3.0101e-16
3.81041e-17
-5.7226e-17
-7.08647e-17
-5.48248e-17
-3.00334e-17
1
1
0.999995
0.99997
1.00001
1.0002
1.00032
0.999638
0.997741
0.996174
0.999086
1.01073
1.03001
1.04575
1.03727
0.982184
0.867717
0.699155
0.5
0.303542
0.14044
0.0286225
-0.0302183
-0.0473191
-0.0397121
-0.0232206
-0.00828853
0.000751047
0.00402473
0.00370393
0.00207651
0.00059947
-0.000202868
-0.000406618
-0.000298222
-0.000123655
-4.67605e-06
3.91471e-05
3.56145e-05
1.71149e-05
2.37654e-06
-3.81186e-06
-3.9821e-06
-2.01198e-06
-3.17513e-07
4.13139e-07
4.40174e-07
2.16085e-07
2.4774e-08
-5.50494e-08
-5.51514e-08
-2.76712e-08
-4.19008e-09
6.90182e-09
8.9372e-09
7.11509e-09
4.54031e-09
2.26363e-09
4.53686e-10
-8.40063e-10
-1.53679e-09
-1.63569e-09
-1.28502e-09
-7.29577e-10
-2.02603e-10
1.54419e-10
3.09081e-10
3.06233e-10
2.19939e-10
1.15627e-10
3.26259e-11
-1.58785e-11
-3.39385e-11
-3.26615e-11
-2.29912e-11
-1.23839e-11
-4.41821e-12
1.37265e-13
1.96297e-12
2.14677e-12
1.61681e-12
9.56171e-13
4.34e-13
1.14672e-13
-3.64067e-14
-8.14651e-14
-7.46528e-14
-5.10138e-14
-2.81668e-14
-1.21854e-14
-3.20986e-15
7.58769e-16
1.87431e-15
1.70617e-15
1.15944e-15
6.46923e-16
2.94783e-16
9.68981e-17
7.4016e-18
-3.01591e-17
1
1
1
0.999986
0.999968
1.00005
1.00027
1.00027
0.999331
0.997313
0.996157
1.00006
1.01269
1.03204
1.04639
1.03556
0.978436
0.863517
0.696458
0.5
0.306067
0.144179
0.0319521
-0.0284107
-0.0472471
-0.0408424
-0.0247318
-0.00951485
0.000102559
0.00390383
0.00388439
0.00232765
0.000782063
-0.000125389
-0.000406655
-0.000330536
-0.00015489
-2.14445e-05
3.57355e-05
3.89565e-05
2.1453e-05
5.01009e-06
-3.09205e-06
-4.32093e-06
-2.5677e-06
-6.70478e-07
3.15091e-07
4.86753e-07
2.92957e-07
7.39986e-08
-4.16177e-08
-6.34564e-08
-4.23963e-08
-1.66355e-08
-6.13876e-10
5.94589e-09
7.37665e-09
6.77701e-09
5.34718e-09
3.44149e-09
1.39464e-09
-3.38097e-10
-1.39728e-09
-1.69851e-09
-1.42253e-09
-8.73615e-10
-3.26723e-10
5.80433e-11
2.4228e-10
2.67968e-10
2.0601e-10
1.19036e-10
4.53313e-11
-8.6078e-13
-2.11888e-11
-2.41392e-11
-1.86607e-11
-1.1151e-11
-4.94298e-12
-1.05e-12
7.91139e-13
1.28866e-12
1.11773e-12
7.38163e-13
3.88166e-13
1.49594e-13
2.05864e-14
-3.14978e-14
-4.09817e-14
-3.26307e-14
-2.04397e-14
-1.04372e-14
-4.07271e-15
-7.79741e-16
5.3192e-16
8.07388e-16
6.63508e-16
4.25235e-16
2.29336e-16
7.46694e-17
1
1
1
0.999999
0.999976
0.999976
1.0001
1.00032
1.00018
0.998997
0.996934
0.996254
1.00112
1.01461
1.03388
1.04684
1.0338
0.974837
0.85956
0.693933
0.5
0.308436
0.147722
0.0351593
-0.0266028
-0.0470838
-0.0418621
-0.0261733
-0.0107318
-0.000579061
0.00373921
0.00403491
0.00257022
0.000971575
-3.59692e-05
-0.00039759
-0.000359262
-0.000186791
-4.05314e-05
3.03452e-05
4.14017e-05
2.57856e-05
8.01469e-06
-2.02809e-06
-4.49843e-06
-3.11826e-06
-1.08472e-06
1.60246e-07
5.08655e-07
3.73305e-07
1.39671e-07
-1.15472e-08
-6.10993e-08
-5.33467e-08
-3.05577e-08
-1.2597e-08
-2.48119e-09
2.74574e-09
5.58513e-09
6.78402e-09
6.36299e-09
4.6115e-09
2.2677e-09
1.60678e-10
-1.17504e-09
-1.63569e-09
-1.44236e-09
-9.36563e-10
-4.10374e-10
-2.83813e-11
1.68282e-10
2.15965e-10
1.7813e-10
1.11153e-10
5.01775e-11
9.46136e-12
-1.06635e-11
-1.61626e-11
-1.39197e-11
-9.11522e-12
-4.64421e-12
-1.58575e-12
4.21044e-14
6.50229e-13
6.95344e-13
5.15897e-13
3.04628e-13
1.42304e-13
4.42287e-14
-2.78073e-15
-1.83011e-14
-1.84046e-14
-1.31809e-14
-7.65553e-15
-3.62633e-15
-1.26117e-15
-1.29318e-16
2.72377e-16
3.2173e-16
2.32037e-16
1
1
1
1
0.999993
0.999969
0.999995
1.00016
1.00035
1.00004
0.998649
0.99661
0.996454
1.00224
1.01647
1.03556
1.04713
1.03202
0.971377
0.855821
0.691564
0.5
0.310668
0.151087
0.0382517
-0.0248
-0.0468406
-0.0427801
-0.0275469
-0.0119352
-0.00128828
0.0035342
0.00415565
0.00280238
0.00116601
6.43521e-05
-0.000379393
-0.000383814
-0.000218784
-6.16617e-05
2.29631e-05
4.28053e-05
2.99809e-05
1.13334e-05
-6.1296e-07
-4.48323e-06
-3.64006e-06
-1.55588e-06
-6.17093e-08
4.91134e-07
4.46126e-07
2.1795e-07
3.79333e-08
-4.12382e-08
-5.24899e-08
-3.90097e-08
-2.4502e-08
-1.45534e-08
-7.33292e-09
-1.08071e-09
3.99893e-09
6.89712e-09
7.19806e-09
5.48889e-09
2.92776e-09
5.97509e-10
-8.94614e-10
-1.46187e-09
-1.35339e-09
-9.19726e-10
-4.47243e-10
-9.38068e-11
9.9056e-11
1.6024e-10
1.43109e-10
9.56666e-11
4.85121e-11
1.5017e-11
-3.09323e-12
-9.62176e-12
-9.55105e-12
-6.84938e-12
-3.87976e-12
-1.65433e-12
-3.50071e-13
2.33411e-13
3.81576e-13
3.27411e-13
2.1541e-13
1.14825e-13
4.71475e-14
1.04138e-14
-5.06823e-15
-8.83627e-15
-7.56312e-15
-4.97433e-15
-2.70004e-15
-1.18614e-15
-3.7043e-16
7.76727e-17
1
1
1
1
1
0.999985
0.999966
1.00002
1.00022
1.00036
0.999873
0.998298
0.996344
0.996747
1.00341
1.01826
1.03708
1.04729
1.03022
0.968048
0.852278
0.689332
0.5
0.312776
0.154289
0.0412361
-0.0230068
-0.0465277
-0.0436044
-0.0288545
-0.0131217
-0.0020202
0.00329203
0.00424704
0.00302265
0.00136354
0.000174501
-0.000352165
-0.000403714
-0.000250327
-8.45363e-05
1.36161e-05
4.30484e-05
3.39127e-05
1.49044e-05
1.15654e-06
-4.24168e-06
-4.10297e-06
-2.0737e-06
-3.59717e-07
4.15205e-07
4.92124e-07
2.95468e-07
1.01544e-07
-1.90035e-09
-3.30205e-08
-3.32203e-08
-2.81121e-08
-2.42966e-08
-1.98025e-08
-1.28463e-08
-4.49233e-09
2.71643e-09
6.85424e-09
7.59227e-09
5.92093e-09
3.30193e-09
9.29526e-10
-5.94862e-10
-1.21409e-09
-1.18417e-09
-8.38667e-10
-4.40679e-10
-1.33527e-10
4.26747e-11
1.0881e-10
1.07184e-10
7.66228e-11
4.24986e-11
1.66449e-11
1.5724e-12
-4.84587e-12
-5.99605e-12
-4.75863e-12
-2.95485e-12
-1.45087e-12
-4.88444e-13
-8.31586e-16
1.74434e-13
1.87231e-13
1.38661e-13
8.24869e-14
3.98029e-14
1.40148e-14
1.37942e-15
-3.20143e-15
-3.7862e-15
-2.88695e-15
-1.78546e-15
-7.422e-16
1
1
1
1
1
0.999999
0.999977
0.999969
1.00006
1.00027
1.00034
0.999674
0.997952
0.996139
0.997122
1.00461
1.01999
1.03846
1.04732
1.02841
0.964841
0.848913
0.687224
0.5
0.314771
0.157342
0.0441189
-0.0212264
-0.0461536
-0.0443425
-0.0300982
-0.0142888
-0.00277045
0.0030158
0.00430973
0.00322985
0.0015625
0.000293392
-0.000316114
-0.000418585
-0.000280922
-0.000108844
2.36216e-06
4.20336e-05
3.74594e-05
1.86611e-05
3.28093e-06
-3.73445e-06
-4.46399e-06
-2.61345e-06
-7.32515e-07
2.64608e-07
4.87207e-07
3.48891e-07
1.62224e-07
4.84072e-08
4.74793e-09
-7.45097e-09
-1.46113e-08
-2.27102e-08
-2.75866e-08
-2.55521e-08
-1.73898e-08
-6.98039e-09
1.69064e-09
6.49955e-09
7.45644e-09
5.88463e-09
3.3834e-09
1.13447e-09
-3.15634e-10
-9.3696e-10
-9.71427e-10
-7.16437e-10
-4.00798e-10
-1.48705e-10
2.6018e-12
6.65663e-11
7.48746e-11
5.74444e-11
3.43719e-11
1.55882e-11
3.86668e-12
-1.74295e-12
-3.39074e-12
-3.05878e-12
-2.07721e-12
-1.13458e-12
-4.75085e-13
-1.0617e-13
5.36441e-14
9.40283e-14
8.12373e-14
5.37987e-14
2.92497e-14
1.27336e-14
3.6528e-15
-3.57593e-16
-1.54004e-15
-1.48634e-15
1
1
1
1
1
1
0.999994
0.99997
0.999978
1.0001
1.00032
1.00029
0.999453
0.997619
0.995994
0.997568
1.00583
1.02164
1.03971
1.04725
1.0266
0.961748
0.845711
0.685229
0.5
0.316664
0.160259
0.0469061
-0.0194615
-0.0457261
-0.045001
-0.0312804
-0.0154344
-0.0035352
0.00270848
0.00434456
0.00342307
0.00176139
0.000419953
-0.000271532
-0.000428137
-0.000310111
-0.000134271
-1.07195e-05
3.96772e-05
4.04963e-05
2.25245e-05
5.75178e-06
-2.91936e-06
-4.66476e-06
-3.12794e-06
-1.15671e-06
3.86363e-08
4.13214e-07
3.51464e-07
1.9282e-07
8.81695e-08
4.81596e-08
3.48795e-08
1.99275e-08
-1.65849e-09
-2.15816e-08
-3.15785e-08
-2.98033e-08
-2.01386e-08
-8.41782e-09
8.55174e-10
5.81564e-09
6.84757e-09
5.454e-09
3.21495e-09
1.212e-09
-8.68653e-11
-6.70046e-10
-7.49868e-10
-5.76859e-10
-3.40634e-10
-1.44458e-10
-2.15895e-11
3.52986e-11
4.86384e-11
4.04409e-11
2.59424e-11
1.30789e-11
4.50645e-12
1.37922e-14
-1.66104e-12
-1.80988e-12
-1.35539e-12
-8.11388e-13
-3.90376e-13
-1.33061e-13
-6.54843e-15
3.85166e-14
4.28039e-14
3.20574e-14
1.93627e-14
9.66227e-15
3.83321e-15
2.05466e-16
1
1
1
1
1
1
1
0.999988
0.999965
0.999994
1.00015
1.00035
1.00022
0.999214
0.997304
0.995908
0.998077
1.00706
1.02322
1.04084
1.04708
1.0248
0.958764
0.842658
0.683336
0.5
0.318465
0.16305
0.0496032
-0.0177142
-0.0452515
-0.0455862
-0.0324034
-0.016557
-0.00431106
0.00237286
0.0043525
0.00360162
0.0019589
0.000553139
-0.000218774
-0.000432162
-0.00033748
-0.000160502
-2.55333e-05
3.59021e-05
4.28854e-05
2.63891e-05
8.5353e-06
-1.76588e-06
-4.64002e-06
-3.54738e-06
-1.57845e-06
-2.33804e-07
2.73889e-07
2.87174e-07
1.65827e-07
8.71648e-08
7.15657e-08
7.70995e-08
6.88851e-08
4.05947e-08
5.05824e-09
-2.2415e-08
-3.41997e-08
-3.16032e-08
-2.09375e-08
-8.90326e-09
1.74684e-10
4.89075e-09
5.91105e-09
4.75538e-09
2.86773e-09
1.18021e-09
7.65928e-11
-4.40553e-10
-5.4577e-10
-4.39666e-10
-2.72707e-10
-1.27559e-10
-3.27844e-11
1.44496e-11
2.91369e-11
2.6758e-11
1.83909e-11
1.00923e-11
4.17301e-12
8.23407e-13
-6.26429e-13
-9.71795e-13
-8.21284e-13
-5.37204e-13
-2.87099e-13
-1.20147e-13
-2.94616e-14
9.35222e-15
1.9596e-14
1.73759e-14
1.18007e-14
5.55576e-15
1
1
1
1
1
1
1
1
0.999981
0.999964
1.00002
1.00019
1.00037
1.00013
0.998962
0.997012
0.995878
0.99864
1.00829
1.02473
1.04186
1.04684
1.02301
0.955881
0.839741
0.681535
0.5
0.32018
0.165724
0.0522152
-0.015986
-0.0447357
-0.0461036
-0.0334697
-0.0176553
-0.00509503
0.00201158
0.00433458
0.00376501
0.00215381
0.000691941
-0.000158237
-0.000430507
-0.000362642
-0.000187216
-4.19614e-05
3.06397e-05
4.44701e-05
3.01077e-05
1.15488e-05
-2.82244e-07
-4.34178e-06
-3.79521e-06
-1.91786e-06
-4.87775e-07
1.09103e-07
1.6833e-07
6.99614e-08
1.88863e-08
4.31652e-08
9.07678e-08
1.12593e-07
9.47493e-08
5.18808e-08
7.11828e-09
-2.32135e-08
-3.44789e-08
-3.08943e-08
-2.00684e-08
-8.64186e-09
-3.55241e-10
3.86129e-09
4.81933e-09
3.92591e-09
2.42065e-09
1.06866e-09
1.7444e-10
-2.61574e-10
-3.74637e-10
-3.18138e-10
-2.0681e-10
-1.04515e-10
-3.48461e-11
2.11663e-12
1.57974e-11
1.66108e-11
1.22906e-11
7.263e-12
3.39615e-12
1.04979e-12
-8.14109e-14
-4.5735e-13
-4.59747e-13
-3.31032e-13
-1.93697e-13
-9.25799e-14
-3.25823e-14
-3.47838e-15
6.93523e-15
8.75061e-15
1
1
1
1
1
1
1
1
0.999996
0.999974
0.999966
1.00004
1.00024
1.00038
1.00002
0.998704
0.996745
0.995901
0.999249
1.00951
1.02617
1.04278
1.04653
1.02123
0.953094
0.83695
0.67982
0.5
0.321818
0.168292
0.0547468
-0.0142781
-0.0441837
-0.0465584
-0.0344817
-0.0187286
-0.00588448
0.00162711
0.00429189
0.00391291
0.0023451
0.000835396
-9.03499e-05
-0.000423066
-0.000385224
-0.000214062
-5.98406e-05
2.38519e-05
4.50879e-05
3.34893e-05
1.46423e-05
1.45304e-06
-3.77648e-06
-3.8222e-06
-2.09328e-06
-6.33011e-07
-2.66686e-09
4.78969e-08
-7.24951e-08
-1.21951e-07
-6.09357e-08
4.44602e-08
1.21758e-07
1.39673e-07
1.07825e-07
5.47109e-08
6.57607e-09
-2.28606e-08
-3.24076e-08
-2.819e-08
-1.80222e-08
-7.86799e-09
-7.28101e-10
2.85964e-09
3.72561e-09
3.08387e-09
1.9445e-09
9.10375e-10
2.16757e-10
-1.34323e-10
-2.42096e-10
-2.18943e-10
-1.49156e-10
-8.04221e-11
-3.14956e-11
-4.05847e-12
7.41413e-12
9.62182e-12
7.75389e-12
4.91407e-12
2.52376e-12
9.71047e-13
1.55227e-13
-1.70817e-13
-2.34412e-13
-1.89872e-13
-1.21304e-13
-6.41348e-14
-2.76943e-14
-3.61271e-15
1
1
1
1
1
1
1
1
1
0.999992
0.999968
0.999972
1.00008
1.00028
1.00038
0.999885
0.998442
0.996506
0.995975
0.999897
1.01073
1.02755
1.0436
1.04615
1.01946
0.950397
0.834276
0.678182
0.5
0.323384
0.170759
0.0572023
-0.0125913
-0.0435999
-0.0469552
-0.0354416
-0.0197763
-0.0066771
0.00122174
0.00422558
0.00404511
0.00253181
0.000982572
-1.5572e-05
-0.000409771
-0.000404848
-0.000240635
-7.89233e-05
1.55763e-05
4.46124e-05
3.63266e-05
1.76031e-05
3.27256e-06
-3.04144e-06
-3.65119e-06
-2.0638e-06
-5.86132e-07
3.81538e-08
1.67987e-08
-1.9685e-07
-3.04016e-07
-2.39868e-07
-8.18237e-08
6.72808e-08
1.47234e-07
1.51927e-07
1.08609e-07
5.15401e-08
5.07066e-09
-2.11007e-08
-2.8575e-08
-2.42433e-08
-1.53249e-08
-6.80079e-09
-9.44862e-10
1.98218e-09
2.73893e-09
2.31347e-09
1.49275e-09
7.35257e-10
2.18683e-10
-5.22095e-11
-1.46541e-10
-1.43406e-10
-1.02595e-10
-5.85684e-11
-2.56865e-11
-6.27933e-12
2.62376e-12
5.13868e-12
4.61348e-12
3.14009e-12
1.74466e-12
7.71045e-13
2.19879e-13
-2.95151e-14
-1.05232e-13
-1.00743e-13
-7.14204e-14
-3.52896e-14
1
1
1
1
1
1
1
1
1
1
0.999986
0.999964
0.999983
1.00011
1.00032
1.00035
0.999736
0.998181
0.996296
0.996096
1.00058
1.01194
1.02885
1.04434
1.04573
1.01771
0.947785
0.831708
0.676616
0.5
0.324883
0.173133
0.0595858
-0.0109263
-0.0429884
-0.0472985
-0.0363518
-0.0207979
-0.00747084
0.000797644
0.00413678
0.00416153
0.00271309
0.00113255
6.55846e-05
-0.000390609
-0.000421142
-0.000266461
-9.88387e-05
5.98848e-06
4.30258e-05
3.84616e-05
2.02009e-05
4.93587e-06
-2.33873e-06
-3.4138e-06
-1.87771e-06
-3.18812e-07
3.13776e-07
1.80343e-07
-2.04049e-07
-4.54837e-07
-4.55764e-07
-2.81779e-07
-6.62088e-08
9.21722e-08
1.58869e-07
1.49408e-07
1.0022e-07
4.49779e-08
3.56786e-09
-1.82438e-08
-2.37911e-08
-1.97961e-08
-1.2429e-08
-5.62151e-09
-1.02195e-09
1.27902e-09
1.91875e-09
1.66217e-09
1.09867e-09
5.66074e-10
1.95827e-10
-5.01188e-12
-8.22104e-11
-8.93468e-11
-6.74264e-11
-4.05806e-11
-1.94105e-11
-6.28659e-12
2.02783e-13
2.46543e-12
2.57847e-12
1.89886e-12
1.13343e-12
5.5438e-13
2.0292e-13
2.80213e-14
-3.72609e-14
-5.10003e-14
1
1
1
1
1
1
1
1
1
1
0.999999
0.999981
0.999962
0.999998
1.00015
1.00035
1.00032
0.999574
0.997923
0.996116
0.996261
1.00129
1.01312
1.0301
1.045
1.04525
1.01599
0.945253
0.829241
0.675117
0.5
0.326321
0.17542
0.061901
-0.00928348
-0.0423524
-0.047592
-0.0372145
-0.0217934
-0.00826389
0.000356829
0.00402663
0.00426215
0.00288813
0.00128437
0.000152501
-0.000365685
-0.000433794
-0.000291026
-0.000119082
-4.54706e-06
4.05015e-05
3.98831e-05
2.22781e-05
6.19437e-06
-1.94505e-06
-3.35549e-06
-1.70496e-06
9.45091e-08
8.39093e-07
6.16398e-07
1.15414e-08
-4.73336e-07
-6.33519e-07
-5.14253e-07
-2.68279e-07
-3.61453e-08
1.08077e-07
1.55656e-07
1.3573e-07
8.64576e-08
3.71126e-08
2.45859e-09
-1.48312e-08
-1.88115e-08
-1.54355e-08
-9.66488e-09
-4.46468e-09
-9.89379e-10
7.59277e-10
1.28225e-09
1.1462e-09
7.77234e-10
4.17169e-10
1.61309e-10
1.79156e-11
-4.18056e-11
-5.28287e-11
-4.23811e-11
-2.68482e-11
-1.37874e-11
-5.28267e-12
-7.9974e-13
9.9559e-13
1.34165e-12
1.0863e-12
6.95946e-13
3.69296e-13
1.60021e-13
2.06944e-14
1
1
1
1
1
1
1
1
1
1
1
0.999996
0.999975
0.999962
1.00002
1.00019
1.00038
1.00027
0.999401
0.997672
0.995965
0.996466
1.00202
1.01429
1.03128
1.04559
1.04474
1.01428
0.942798
0.826867
0.673679
0.5
0.327702
0.177627
0.0641514
-0.00766303
-0.0416951
-0.0478394
-0.0380319
-0.0227626
-0.00905465
-9.87836e-05
0.00389633
0.00434704
0.00305619
0.001437
0.000244383
-0.000335318
-0.000442655
-0.000313872
-0.000139069
-1.54758e-05
3.74617e-05
4.08253e-05
2.38668e-05
6.90217e-06
-2.12808e-06
-3.79013e-06
-1.8308e-06
4.51948e-07
1.51866e-06
1.3275e-06
5.20215e-07
-2.594e-07
-6.7629e-07
-7.06569e-07
-4.97732e-07
-2.24743e-07
-6.7961e-09
1.11621e-07
1.40887e-07
1.15611e-07
7.0649e-08
2.93281e-08
1.77839e-09
-1.13871e-08
-1.4193e-08
-1.1543e-08
-7.23377e-09
-3.41811e-09
-8.83625e-10
4.04107e-10
8.17375e-10
7.59783e-10
5.29557e-10
2.95224e-10
1.24497e-10
2.57195e-11
-1.82741e-11
-2.95001e-11
-2.5477e-11
-1.70025e-11
-9.28571e-12
-3.99603e-12
-1.0437e-12
2.64817e-13
6.3793e-13
5.85719e-13
4.08492e-13
1.97593e-13
1
1
1
1
1
1
1
1
1
1
1
1
0.999992
0.99997
0.999965
1.00004
1.00023
1.0004
1.0002
0.999218
0.99743
0.995844
0.996708
1.00277
1.01543
1.0324
1.0461
1.04418
1.01259
0.940414
0.82458
0.672298
0.5
0.329029
0.179757
0.0663402
-0.00606511
-0.0410192
-0.0480441
-0.0388059
-0.0237056
-0.00984163
-0.000567322
0.00374712
0.0044164
0.00321657
0.00158934
0.000340204
-0.000300152
-0.000447897
-0.000334759
-0.000158279
-2.61411e-05
3.45607e-05
4.18214e-05
2.52945e-05
7.14554e-06
-3.02121e-06
-5.00179e-06
-2.59688e-06
4.42287e-07
2.13169e-06
2.20535e-06
1.31426e-06
2.4708e-07
-4.94408e-07
-7.71214e-07
-6.88368e-07
-4.35068e-07
-1.71792e-07
1.44228e-08
1.0441e-07
1.1939e-07
9.33088e-08
5.51794e-08
2.23856e-08
1.40888e-09
-8.28932e-09
-1.02571e-08
-8.30771e-09
-5.22683e-09
-2.52866e-09
-7.39919e-10
1.80566e-10
4.96292e-10
4.84594e-10
3.48044e-10
2.01144e-10
9.10182e-11
2.52646e-11
-5.75646e-12
-1.54115e-11
-1.46298e-11
-1.03217e-11
-5.96294e-12
-2.80271e-12
-9.41876e-13
-4.78909e-14
2.6357e-13
3.01292e-13
1
1
1
1
1
1
1
1
1
1
1
1
1
0.999988
0.999965
0.99997
1.00007
1.00026
1.00041
1.00013
0.999028
0.997198
0.995753
0.996984
1.00354
1.01656
1.03347
1.04656
1.0436
1.01093
0.938099
0.822373
0.670971
0.5
0.330308
0.181816
0.0684704
-0.0044897
-0.0403272
-0.0482092
-0.0395388
-0.0246226
-0.0106235
-0.00104689
0.00358045
0.0044707
0.00336876
0.0017403
0.000438716
-0.000261236
-0.000450174
-0.000353884
-0.000176482
-3.59792e-05
3.25585e-05
4.36627e-05
2.72244e-05
7.34442e-06
-4.49176e-06
-7.11346e-06
-4.29492e-06
-2.86864e-07
2.36004e-06
3.02557e-06
2.28132e-06
1.03076e-06
-3.94014e-08
-6.3214e-07
-7.65258e-07
-6.09992e-07
-3.52858e-07
-1.22313e-07
2.59145e-08
9.02356e-08
9.56778e-08
7.19103e-08
4.14589e-08
1.65971e-08
1.20822e-09
-5.73812e-09
-7.12211e-09
-5.77033e-09
-3.6546e-09
-1.81103e-09
-5.86811e-10
5.27067e-11
2.86027e-10
2.97501e-10
2.20921e-10
1.32213e-10
6.34879e-11
2.11338e-11
1.14141e-13
-7.39304e-12
-8.00188e-12
-6.00962e-12
-3.66464e-12
-1.84902e-12
-7.40035e-13
-3.50019e-14
1
1
1
1
1
1
1
1
1
1
1
1
1
1
0.999983
0.999962
0.999979
1.00009
1.0003
1.00041
1.00004
0.998834
0.996977
0.99569
0.997292
1.00431
1.01766
1.03448
1.04696
1.04299
1.00928
0.935849
0.820243
0.669692
0.5
0.33154
0.183807
0.0705449
-0.00293673
-0.0396213
-0.0483377
-0.0402325
-0.0255139
-0.0113989
-0.00153553
0.00339805
0.00451082
0.00351266
0.00188897
0.000538586
-0.000219986
-0.000450709
-0.000372078
-0.000194007
-4.47993e-05
3.20788e-05
4.72337e-05
3.05862e-05
8.27367e-06
-6.0519e-06
-9.96234e-06
-7.03829e-06
-2.02187e-06
1.86039e-06
3.48228e-06
3.20742e-06
1.98295e-06
6.68501e-07
-2.5263e-07
-6.67178e-07
-6.88476e-07
-5.0305e-07
-2.70005e-07
-8.22497e-08
2.93208e-08
7.30615e-08
7.30604e-08
5.32253e-08
3.01088e-08
1.19976e-08
1.07114e-09
-3.78403e-09
-4.7628e-09
-3.87648e-09
-2.47738e-09
-1.25769e-09
-4.43841e-10
-1.15261e-11
1.55403e-10
1.75745e-10
1.35543e-10
8.39804e-11
4.24647e-11
1.60369e-11
2.30936e-12
-3.1239e-12
-4.14603e-12
-3.35181e-12
-2.18232e-12
-9.63123e-13
1
1
1
1
1
1
1
1
1
1
1
1
1
1
0.999998
0.999978
0.99996
0.99999
1.00012
1.00033
1.0004
0.999936
0.998636
0.99677
0.995655
0.997627
1.0051
1.01873
1.03544
1.0473
1.04235
1.00766
0.93366
0.818185
0.66846
0.5
0.332728
0.185736
0.0725664
-0.00140599
-0.0389036
-0.0484325
-0.0408891
-0.02638
-0.0121669
-0.00203115
0.00320205
0.00453827
0.00364884
0.002035
0.000638697
-0.000177983
-0.000451222
-0.000390889
-0.000211956
-5.30832e-05
3.32901e-05
5.32337e-05
3.63801e-05
1.09672e-05
-6.85945e-06
-1.3029e-05
-1.06517e-05
-4.86514e-06
3.65469e-07
3.25901e-06
3.81451e-06
2.91067e-06
1.53008e-06
3.448e-07
-3.68128e-07
-6.23615e-07
-5.74884e-07
-3.91765e-07
-1.97172e-07
-5.28197e-08
2.74178e-08
5.59744e-08
5.34681e-08
3.80046e-08
2.12107e-08
8.47583e-09
9.41441e-10
-2.37854e-09
-3.07311e-09
-2.52327e-09
-1.63068e-09
-8.48055e-10
-3.21805e-10
-3.71909e-11
7.85576e-11
9.97772e-11
8.04163e-11
5.16151e-11
2.73357e-11
1.13481e-11
2.68713e-12
-1.03096e-12
-2.014e-12
-1.73838e-12
1
1
1
1
1
1
1
1
1
1
1
1
1
1
1
0.999995
0.999973
0.999959
1
1.00015
1.00036
1.00038
0.999826
0.998438
0.996577
0.995647
0.997988
1.00588
1.01978
1.03635
1.04759
1.0417
1.00607
0.93153
0.816193
0.667271
0.5
0.333877
0.187605
0.0745375
0.000102782
-0.038176
-0.0484965
-0.0415112
-0.0272219
-0.0129265
-0.00253171
0.002995
0.00455539
0.00377889
0.00217896
0.000738614
-0.00013655
-0.000453646
-0.000412465
-0.000232269
-6.22035e-05
3.55937e-05
6.18395e-05
4.5377e-05
1.65009e-05
-5.83451e-06
-1.54587e-05
-1.46209e-05
-8.64373e-06
-2.21378e-06
2.11879e-06
3.82562e-06
3.57369e-06
2.37969e-06
1.07397e-06
1.09276e-07
-3.98355e-07
-5.341e-07
-4.52215e-07
-2.91041e-07
-1.38577e-07
-3.27262e-08
2.28342e-08
4.08743e-08
3.76716e-08
2.62701e-08
1.45339e-08
5.86023e-09
8.01194e-10
-1.42358e-09
-1.91569e-09
-1.59365e-09
-1.0436e-09
-5.55894e-10
-2.24547e-10
-4.1918e-11
3.59589e-11
5.43076e-11
4.61355e-11
3.07247e-11
1.69832e-11
7.591e-12
2.37469e-12
-5.82917e-13
1
1
1
1
1
1
1
1
1
1
1
1
1
1
1
1
0.999991
0.999968
0.999961
1.00002
1.00019
1.00038
1.00035
0.999707
0.998239
0.996398
0.995665
0.998373
1.00668
1.0208
1.03721
1.04784
1.04102
1.00449
0.929456
0.814264
0.666123
0.499999
0.334987
0.189419
0.076461
0.00159006
-0.0374404
-0.0485328
-0.0421017
-0.0280411
-0.0136777
-0.00303542
0.00277972
0.0045653
0.00390562
0.00232284
0.000839137
-9.61691e-05
-0.000459601
-0.000439188
-0.000257557
-7.44564e-05
3.7423e-05
7.2401e-05
5.77837e-05
2.56908e-05
-1.88362e-06
-1.61906e-05
-1.81306e-05
-1.28787e-05
-5.71724e-06
-1.20894e-08
3.04089e-06
3.74103e-06
3.01912e-06
1.79888e-06
6.93418e-07
-3.376e-08
-3.70514e-07
-4.27466e-07
-3.38549e-07
-2.0778e-07
-9.43537e-08
-1.97708e-08
1.74971e-08
2.86062e-08
2.56446e-08
1.76278e-08
9.70713e-09
3.96866e-09
6.53988e-10
-8.0863e-10
-1.15465e-09
-9.77717e-10
-6.50049e-10
-3.546e-10
-1.51265e-10
-3.69629e-11
1.39383e-11
2.82121e-11
2.55822e-11
1.77102e-11
1.03307e-11
3.7916e-12
1
1
1
1
1
1
1
1
1
1
1
1
1
1
1
1
1
0.999987
0.999964
0.999964
1.00004
1.00022
1.0004
1.00032
0.99958
0.998041
0.996235
0.995708
0.998778
1.00747
1.02179
1.03803
1.04804
1.04033
1.00294
0.927434
0.812395
0.665012
0.499999
0.336061
0.191181
0.0783397
0.00305657
-0.0366983
-0.0485446
-0.042664
-0.0288403
-0.0144213
-0.00354133
0.00255882
0.00457168
0.00403306
0.00247024
0.000942807
-5.5817e-05
-0.000469695
-0.00047305
-0.000290653
-9.28342e-05
3.62519e-05
8.32727e-05
7.29644e-05
3.87786e-05
5.813e-06
-1.41746e-05
-2.01955e-05
-1.68338e-05
-9.72158e-06
-2.99248e-06
1.40267e-06
3.25192e-06
3.26415e-06
2.36275e-06
1.27704e-06
4.12977e-07
-1.02592e-07
-3.12195e-07
-3.23787e-07
-2.43013e-07
-1.43356e-07
-6.25618e-08
-1.17802e-08
1.25526e-08
1.92688e-08
1.69158e-08
1.15086e-08
6.32979e-09
2.63365e-09
5.11028e-10
-4.32939e-10
-6.73088e-10
-5.83153e-10
-3.94453e-10
-2.2033e-10
-9.86282e-11
-2.88064e-11
3.5514e-12
1.38729e-11
1.37666e-11
9.09662e-12
1
1
1
1
1
1
1
1
1
1
1
1
1
1
1
1
1
1
0.999983
0.999961
0.99997
1.00006
1.00025
1.00042
1.00027
0.999447
0.997846
0.996087
0.995774
0.999202
1.00826
1.02276
1.03881
1.04821
1.03962
1.00141
0.925464
0.810581
0.663937
0.499998
0.337103
0.192894
0.0801768
0.00450356
-0.0359513
-0.0485357
-0.043203
-0.0296237
-0.0151601
-0.00405
0.00233399
0.00457818
0.00416609
0.00262639
0.00105418
-1.24151e-05
-0.000482806
-0.000514894
-0.000333937
-0.000120528
2.88676e-05
9.18632e-05
8.93114e-05
5.51912e-05
1.75216e-05
-8.63094e-06
-1.98599e-05
-1.96398e-05
-1.35934e-05
-6.46483e-06
-9.69507e-07
2.064e-06
2.99117e-06
2.6246e-06
1.74086e-06
8.60342e-07
2.25631e-07
-1.21779e-07
-2.44583e-07
-2.34159e-07
-1.68189e-07
-9.60064e-08
-4.05659e-08
-7.00636e-09
8.51957e-09
1.25335e-08
1.08373e-08
7.32357e-09
4.03499e-09
1.71302e-09
3.82789e-10
-2.15523e-10
-3.79352e-10
-3.38334e-10
-2.33343e-10
-1.33464e-10
-6.23805e-11
-2.06958e-11
-8.96022e-13
7.66822e-12
1
1
1
1
1
1
1
1
1
1
1
1
1
1
1
1
1
1
0.999998
0.999979
0.999959
0.999977
1.00008
1.00028
1.00043
1.00022
0.999308
0.997655
0.995955
0.995863
0.999643
1.00905
1.02371
1.03954
1.04834
1.0389
0.999899
0.923542
0.80882
0.662893
0.499996
0.338113
0.194563
0.0819765
0.00593312
-0.0352001
-0.0485096
-0.043724
-0.0303974
-0.0158992
-0.00456442
0.00210501
0.00458738
0.00430963
0.00279758
0.00117972
3.94301e-05
-0.000495516
-0.000563669
-0.000388541
-0.000160223
1.18935e-05
9.49362e-05
0.000104329
7.34526e-05
3.27587e-05
7.12569e-07
-1.64209e-05
-2.04692e-05
-1.6601e-05
-9.90747e-06
-3.7855e-06
2.75083e-07
2.17107e-06
2.49334e-06
1.98109e-06
1.22082e-06
5.54301e-07
1.11011e-07
-1.13175e-07
-1.80893e-07
-1.62724e-07
-1.12724e-07
-6.26288e-08
-2.58082e-08
-4.20587e-09
5.50665e-09
7.89297e-09
6.75642e-09
4.54938e-09
2.5171e-09
1.09224e-09
2.75576e-10
-9.69309e-11
-2.06478e-10
-1.90995e-10
-1.34653e-10
-7.87992e-11
-3.89454e-11
-9.2363e-12
1
1
1
1
1
1
1
1
1
1
1
1
1
1
1
1
1
1
1
0.999995
0.999974
0.999957
0.999986
1.00011
1.00031
1.00043
1.00016
0.999165
0.997468
0.995838
0.995974
1.0001
1.00984
1.02462
1.04023
1.04843
1.03818
0.998414
0.921666
0.807107
0.661879
0.499992
0.339095
0.196193
0.083744
0.0073488
-0.0344445
-0.0484698
-0.0442336
-0.0311694
-0.0166466
-0.00509083
0.00186858
0.00459959
0.00446746
0.00299024
0.00132716
0.000107224
-0.0005019
-0.00061589
-0.000453629
-0.000213327
-1.752e-05
8.91297e-05
0.000114944
9.12912e-05
5.02399e-05
1.34696e-05
-9.61935e-06
-1.87188e-05
-1.80595e-05
-1.27299e-05
-6.63228e-06
-1.88774e-06
8.81499e-07
1.9505e-06
1.93326e-06
1.42068e-06
8.21329e-07
3.43616e-07
4.68127e-08
-9.25611e-08
-1.27562e-07
-1.09194e-07
-7.34166e-08
-3.99077e-08
-1.61517e-08
-2.56853e-09
3.40374e-09
4.82222e-09
4.10541e-09
2.76216e-09
1.53792e-09
6.82791e-10
1.91223e-10
-3.66149e-11
-1.08303e-10
-1.04828e-10
-7.65398e-11
-3.91378e-11
1
1
1
1
1
1
1
1
1
1
1
1
1
1
1
1
1
1
1
1
0.999992
0.99997
0.999957
0.999998
1.00013
1.00034
1.00043
1.00009
0.999017
0.997287
0.995738
0.996104
1.00057
1.01062
1.02551
1.04089
1.04849
1.03744
0.996952
0.919832
0.805437
0.660889
0.499985
0.340052
0.19779
0.0854864
0.00875636
-0.0336822
-0.0484186
-0.0447385
-0.0319496
-0.0174132
-0.00563936
0.00161732
0.00461145
0.00464071
0.0032095
0.00150436
0.000199841
-0.000493821
-0.000665505
-0.00052592
-0.000279303
-6.09755e-05
7.16018e-05
0.000117994
0.000105939
6.79979e-05
2.85729e-05
2.49332e-07
-1.41578e-05
-1.74748e-05
-1.43886e-05
-9.05143e-06
-4.10898e-06
-7.05548e-07
1.05598e-06
1.58675e-06
1.41606e-06
9.76099e-07
5.33356e-07
2.06016e-07
1.43083e-08
-6.95828e-08
-8.63648e-08
-7.10252e-08
-4.65954e-08
-2.48957e-08
-9.96235e-09
-1.60026e-09
2.01685e-09
2.86274e-09
2.43447e-09
1.64082e-09
9.20969e-10
4.18544e-10
1.28258e-10
-8.6988e-12
-5.44119e-11
-5.55962e-11
1
1
1
1
1
1
1
1
1
1
1
1
1
1
1
1
1
1
1
1
1
0.999989
0.999966
0.999958
1.00001
1.00016
1.00036
1.00042
1.00002
0.998867
0.997111
0.995653
0.996254
1.00105
1.0114
1.02638
1.04151
1.04853
1.0367
0.995512
0.918039
0.803806
0.65992
0.499975
0.340986
0.19936
0.0872136
0.0101648
-0.0329079
-0.0483561
-0.0452445
-0.0327487
-0.0182126
-0.0062241
0.00133913
0.00461483
0.00482638
0.00345757
0.00171778
0.000326278
-0.000461749
-0.000704247
-0.000599616
-0.000355264
-0.00011824
4.06699e-05
0.000110803
0.000114573
8.36575e-05
4.43933e-05
1.23337e-05
-7.00443e-06
-1.46534e-05
-1.44959e-05
-1.06279e-05
-6.04519e-06
-2.3569e-06
-6.38256e-08
9.86557e-07
1.20167e-06
9.89877e-07
6.46592e-07
3.35966e-07
1.20025e-07
-2.68096e-11
-4.91308e-08
-5.64275e-08
-4.4918e-08
-2.88838e-08
-1.52324e-08
-6.06404e-09
-1.01437e-09
1.14664e-09
1.65334e-09
1.41031e-09
9.54459e-10
5.4091e-10
2.51354e-10
8.54601e-11
-1.30156e-11
1
1
1
1
1
1
1
1
1
1
1
1
1
1
1
1
1
1
1
1
1
1
0.999985
0.999963
0.99996
1.00003
1.00019
1.00039
1.00041
0.999934
0.998715
0.996943
0.995585
0.996422
1.00154
1.01217
1.02721
1.04209
1.04854
1.03597
0.994095
0.916281
0.802207
0.658965
0.499957
0.341902
0.200915
0.0889389
0.0115875
-0.0321116
-0.0482784
-0.0457549
-0.0335766
-0.01906
-0.00686248
0.00101716
0.00459618
0.00501615
0.00373219
0.00197079
0.000494068
-0.000396051
-0.000722506
-0.000666813
-0.000435975
-0.000186931
-3.69504e-06
9.1726e-05
0.000114801
9.48127e-05
5.89792e-05
2.53376e-05
2.08639e-06
-9.75176e-06
-1.28978e-05
-1.10692e-05
-7.39052e-06
-3.82362e-06
-1.24177e-06
2.23007e-07
8.10473e-07
8.607e-07
6.65183e-07
4.14983e-07
2.0613e-07
6.82564e-08
-4.93178e-09
-3.29951e-08
-3.57172e-08
-2.76885e-08
-1.75205e-08
-9.15401e-09
-3.64561e-09
-6.49889e-10
6.25056e-10
9.29708e-10
7.98884e-10
5.4357e-10
3.15834e-10
1.14923e-10
1
1
1
1
1
1
1
1
1
1
1
1
1
1
1
1
1
1
1
1
1
1
0.999999
0.999981
0.999959
0.999964
1.00004
1.00021
1.00041
1.00039
0.999846
0.998561
0.996783
0.995532
0.996607
1.00203
1.01292
1.02803
1.04265
1.04854
1.03523
0.992699
0.914552
0.80063
0.658015
0.499929
0.342803
0.202466
0.0906797
0.0130434
-0.0312776
-0.0481762
-0.0462688
-0.034441
-0.01997
-0.0075738
0.000630689
0.00453666
0.00519582
0.00402547
0.00226214
0.000707614
-0.000288556
-0.000710588
-0.000718357
-0.000514274
-0.00026256
-5.96326e-05
6.05467e-05
0.000105115
9.94297e-05
7.03671e-05
3.77196e-05
1.21201e-05
-3.2577e-06
-9.704e-06
-1.02587e-05
-7.93235e-06
-4.88764e-06
-2.30286e-06
-5.8747e-07
3.05336e-07
6.12128e-07
5.89031e-07
4.32035e-07
2.59064e-07
1.23619e-07
3.80607e-08
-5.52736e-09
-2.12476e-08
-2.19698e-08
-1.66701e-08
-1.04158e-08
-5.40948e-09
-2.16556e-09
-4.1748e-10
3.25858e-10
5.08916e-10
4.4616e-10
2.72708e-10
1
1
1
1
1
1
1
1
1
1
1
1
1
1
1
1
1
1
1
1
1
1
1
0.999997
0.999977
0.999957
0.999969
1.00006
1.00024
1.00042
1.00037
0.999753
0.998408
0.996632
0.995496
0.996806
1.00253
1.01366
1.02881
1.04318
1.04852
1.0345
0.991323
0.912845
0.799062
0.657058
0.499886
0.343694
0.204027
0.0924585
0.0145576
-0.0303825
-0.0480325
-0.0467782
-0.035344
-0.0209543
-0.00837697
0.000156872
0.00441322
0.00534561
0.00432345
0.00258489
0.000966749
-0.00013412
-0.00066019
-0.000745033
-0.00058189
-0.000338952
-0.000123472
1.86435e-05
8.51903e-05
9.61959e-05
7.69002e-05
4.79394e-05
2.19224e-05
4.09046e-06
-5.26761e-06
-8.27213e-06
-7.58608e-06
-5.39961e-06
-3.09637e-06
-1.32532e-06
-2.34769e-07
2.86838e-07
4.34576e-07
3.87907e-07
2.72366e-07
1.57822e-07
7.2686e-08
2.09063e-08
-4.52977e-09
-1.31936e-08
-1.31644e-08
-9.81904e-09
-6.07646e-09
-3.14623e-09
-1.27128e-09
-2.6642e-10
1.5856e-10
2.88249e-10
1
1
1
1
1
1
1
1
1
1
1
1
1
1
1
1
1
1
1
1
1
1
1
1
0.999994
0.999973
0.999955
0.999976
1.00008
1.00027
1.00043
1.00033
0.999656
0.998257
0.996492
0.995474
0.997016
1.00303
1.01439
1.02958
1.0437
1.0485
1.03378
0.989963
0.911145
0.797485
0.656079
0.499819
0.344581
0.205617
0.0943025
0.0161623
-0.0293951
-0.0478215
-0.0472666
-0.0362803
-0.0220187
-0.00928761
-0.000426683
0.00420059
0.00544136
0.00460651
0.00292608
0.00126581
6.80843e-05
-0.000565805
-0.000738883
-0.0006305
-0.000408977
-0.000190123
-3.11078e-05
5.59984e-05
8.47485e-05
7.74929e-05
5.47003e-05
3.0328e-05
1.14275e-05
-1.20234e-07
-5.3583e-06
-6.40348e-06
-5.3007e-06
-3.5207e-06
-1.88936e-06
-7.30343e-07
-6.29334e-08
2.30117e-07
2.93807e-07
2.47113e-07
1.6723e-07
9.40778e-08
4.20135e-08
1.13654e-08
-3.21658e-09
-7.93169e-09
-7.69955e-09
-5.66641e-09
-3.48273e-09
-1.80039e-09
-7.52148e-10
-5.72522e-11
1
1
1
1
1
1
1
1
1
1
1
1
1
1
1
1
1
1
1
1
0.999999
1
1
1
1
0.999991
0.999969
0.999954
0.999985
1.0001
1.00029
1.00044
1.0003
0.999555
0.998111
0.996363
0.995465
0.997232
1.00352
1.01511
1.03033
1.04421
1.04848
1.03307
0.988611
0.909434
0.795877
0.655056
0.499717
0.345465
0.207254
0.0962429
0.0178961
-0.0282753
-0.0475076
-0.0477071
-0.0372345
-0.0231606
-0.010315
-0.00113883
0.003874
0.00545673
0.00485073
0.0032673
0.00159344
0.000313793
-0.000425839
-0.000694428
-0.000652876
-0.000465469
-0.000253701
-8.46762e-05
1.97074e-05
6.57422e-05
7.17939e-05
5.71431e-05
3.63588e-05
1.79007e-05
5.11991e-06
-1.88944e-06
-4.5556e-06
-4.62594e-06
-3.53653e-06
-2.21254e-06
-1.11529e-06
-3.8565e-07
9.39174e-09
1.68083e-07
1.90773e-07
1.52892e-07
1.00278e-07
5.49993e-08
2.39271e-08
6.14334e-09
-2.08751e-09
-4.63044e-09
-4.40313e-09
-3.20456e-09
-1.98725e-09
-8.18055e-10
1
1
1
1
1
1
1
1
1
1
1
1
1
1
1
1
1
1
1
1
1
0.999999
1
1
1
1
0.999988
0.999966
0.999955
0.999995
1.00012
1.00031
1.00044
1.00025
0.999455
0.997972
0.996245
0.995463
0.997446
1.00401
1.01581
1.03108
1.04473
1.04849
1.03238
0.987252
0.907686
0.794202
0.653959
0.499565
0.346349
0.208957
0.0983139
0.0198026
-0.0269759
-0.0470456
-0.0480615
-0.0381795
-0.0243662
-0.0114591
-0.00199168
0.00341238
0.00536591
0.00503004
0.00358603
0.0019332
0.000593567
-0.000243219
-0.000609591
-0.000643894
-0.000502167
-0.000308295
-0.000137398
-2.06084e-05
4.07539e-05
6.02249e-05
5.49588e-05
3.93616e-05
2.27968e-05
9.84771e-06
1.70512e-06
-2.29641e-06
-3.49038e-06
-3.16739e-06
-2.26954e-06
-1.34662e-06
-6.39241e-07
-1.94985e-07
3.20387e-08
1.14993e-07
1.19679e-07
9.21688e-08
5.8861e-08
3.15947e-08
1.34523e-08
3.31579e-09
-1.26769e-09
-2.62912e-09
-2.48328e-09
-1.61787e-09
1
1
1
1
1
1
1
1
1
1
1
1
1
1
1
1
1
1
1
1
1
1
1
1
1
1
1
0.999985
0.999963
0.999958
1.00001
1.00014
1.00033
1.00044
1.00021
0.999359
0.997841
0.996133
0.99546
0.997652
1.00448
1.01651
1.03185
1.04528
1.04853
1.0317
0.985863
0.90586
0.792419
0.652752
0.499338
0.347229
0.210744
0.10055
0.0219285
-0.025444
-0.0463821
-0.0482814
-0.0390762
-0.0256093
-0.0127081
-0.00298771
0.00280145
0.00514673
0.00511897
0.00385778
0.00226492
0.000893419
-2.53997e-05
-0.00048616
-0.000601278
-0.000514538
-0.000348718
-0.000184586
-6.13856e-05
1.20492e-05
4.38964e-05
4.84074e-05
3.90831e-05
2.56374e-05
1.35596e-05
5.00829e-06
8.37445e-08
-2.06314e-06
-2.48908e-06
-2.07607e-06
-1.40861e-06
-7.96884e-07
-3.56889e-07
-9.41536e-08
3.29351e-08
7.48295e-08
7.28577e-08
5.4276e-08
3.38854e-08
1.78633e-08
7.47877e-09
1.79045e-09
-7.10758e-10
-1.56689e-09
1
1
1
1
1
1
1
1
1
1
1
1
1
1
1
1
1
1
1
1
1
1
0.999999
1
1
1
1
0.999998
0.999981
0.999961
0.999962
1.00002
1.00016
1.00035
1.00044
1.00017
0.99927
0.997716
0.996021
0.995447
0.99784
1.00494
1.01723
1.03265
1.04589
1.04861
1.03101
0.984407
0.903905
0.790468
0.651383
0.499004
0.348094
0.212625
0.102982
0.0243195
-0.0236244
-0.0454582
-0.0483098
-0.0398747
-0.0268511
-0.0140378
-0.00411772
0.00203647
0.00478361
0.00509543
0.00405857
0.00256662
0.00119607
0.000216246
-0.000329737
-0.000525939
-0.000500344
-0.000371148
-0.000222112
-9.904e-05
-1.77398e-05
2.44259e-05
3.82479e-05
3.56768e-05
2.62264e-05
1.59166e-05
7.67475e-06
2.30502e-06
-5.35755e-07
-1.61171e-06
-1.68111e-06
-1.31169e-06
-8.49181e-07
-4.60023e-07
-1.94649e-07
-4.31922e-08
2.6313e-08
4.67578e-08
4.31876e-08
3.1288e-08
1.91645e-08
9.94318e-09
4.19817e-09
3.54944e-10
1
1
1
1
1
1
1
1
1
1
1
1
1
1
1
1
1
1
1
1
1
1
1
0.999999
1
1
1
1
0.999995
0.999979
0.999962
0.999967
1.00003
1.00017
1.00036
1.00043
1.00013
0.999189
0.997593
0.995897
0.995411
0.99801
1.00541
1.01798
1.03352
1.04657
1.04873
1.0303
0.982828
0.901747
0.788274
0.649789
0.498519
0.348924
0.214605
0.105633
0.0270167
-0.0214639
-0.0442135
-0.048084
-0.040516
-0.0280418
-0.015411
-0.0053599
0.00112395
0.00426995
0.00494343
0.00416749
0.00281676
0.00148268
0.000467548
-0.000149182
-0.000421887
-0.000459885
-0.000373555
-0.000246894
-0.000130409
-4.5965e-05
3.69742e-06
2.56021e-05
2.96479e-05
2.46506e-05
1.6774e-05
9.47174e-06
4.13706e-06
9.08712e-07
-6.58697e-07
-1.15484e-06
-1.08693e-06
-8.02975e-07
-4.98964e-07
-2.59797e-07
-1.03995e-07
-1.86371e-08
1.85986e-08
2.82341e-08
2.49956e-08
1.76701e-08
1.08011e-08
4.36494e-09
1
1
1
1
1
1
1
1
1
1
1
1
1
1
1
1
1
1
1
1
1
1
1
1
1
1
1
1
1
0.999994
0.999978
0.999963
0.999972
1.00004
1.00018
1.00037
1.00043
1.00011
0.999114
0.997461
0.995747
0.995343
0.998164
1.0059
1.01881
1.0345
1.04734
1.04887
1.0295
0.981048
0.899294
0.785746
0.64789
0.497824
0.349686
0.216674
0.108518
0.030051
-0.0189164
-0.0425908
-0.0475411
-0.0409363
-0.0291226
-0.0167796
-0.00668023
8.23729e-05
0.00360959
0.0046551
0.00416901
0.00299646
0.00173473
0.000712991
4.43369e-05
-0.000295755
-0.000395898
-0.00035586
-0.000257203
-0.000153105
-7.02852e-05
-1.63933e-05
1.17794e-05
2.17531e-05
2.12378e-05
1.61789e-05
1.02971e-05
5.42471e-06
2.12054e-06
2.53015e-07
-5.75075e-07
-7.78177e-07
-6.77655e-07
-4.78171e-07
-2.86583e-07
-1.43895e-07
-5.45701e-08
-7.41911e-09
1.21722e-08
1.65362e-08
1.42775e-08
8.77318e-09
1
1
1
1
1
1
1
1
1
1
1
1
1
1
1
1
1
1
1
1
1
1
1
1
1
1
1
1
1
1
0.999993
0.999978
0.999964
0.999973
1.00004
1.00019
1.00039
1.00045
1.00009
0.999036
0.997304
0.995555
0.995238
0.99832
1.00645
1.01976
1.03562
1.04822
1.04901
1.02855
0.978963
0.896426
0.782766
0.645585
0.496843
0.350329
0.218806
0.111632
0.0334391
-0.0159481
-0.0405418
-0.0466218
-0.0410714
-0.0300303
-0.0180873
-0.00803429
-0.0010585
0.00281725
0.00423189
0.00405468
0.00309139
0.00193587
0.0009373
0.000238543
-0.000156016
-0.000313165
-0.000319848
-0.000252765
-0.000165728
-8.89154e-05
-3.41677e-05
-1.90234e-06
1.28784e-05
1.6486e-05
1.43393e-05
1.0175e-05
6.09836e-06
2.99908e-06
1.02846e-06
-1.48401e-08
-4.33469e-07
-5.00093e-07
-4.09538e-07
-2.7788e-07
-1.6129e-07
-7.83412e-08
-2.81996e-08
-2.6042e-09
7.49995e-09
9.59365e-09
1
1
1
1
1
1
1
1
1
1
1
1
1
1
1
1
1
1
1
1
1
1
1
1
1
1
1
1
1
1
1
0.999993
0.99998
0.999964
0.999971
1.00004
1.0002
1.00041
1.00048
1.00009
0.998942
0.997104
0.995309
0.995105
0.998509
1.00712
1.02087
1.03691
1.04917
1.04908
1.02733
0.976436
0.892998
0.779198
0.64276
0.495485
0.350787
0.220958
0.114953
0.0371782
-0.0125423
-0.038032
-0.0452772
-0.0408622
-0.0307018
-0.0192737
-0.00937019
-0.00225941
0.00191777
0.0036848
0.00382405
0.00309315
0.00207352
0.00112693
0.000421312
-1.20368e-05
-0.000217891
-0.000268842
-0.000234687
-0.000167938
-0.000100776
-4.83367e-05
-1.42751e-05
3.91492e-06
1.09795e-05
1.15753e-05
9.23488e-06
6.17004e-06
3.49853e-06
1.60404e-06
4.67002e-07
-9.74623e-08
-2.99374e-07
-3.09244e-07
-2.40872e-07
-1.58001e-07
-8.91408e-08
-4.19616e-08
-1.47403e-08
1.89822e-09
1
1
1
1
1
1
1
1
1
1
1
1
1
1
1
1
1
1
1
1
1
1
1
1
1
1
1
1
1
1
1
1
0.999996
0.99998
0.99996
0.999962
1.00004
1.00022
1.00046
1.00053
1.00007
0.998812
0.996843
0.995007
0.994965
0.998778
1.00796
1.0222
1.03837
1.05017
1.04897
1.02571
0.973296
0.888838
0.774883
0.639276
0.493639
0.350973
0.223066
0.118436
0.0412436
-0.0087036
-0.0350458
-0.0434729
-0.0402596
-0.0310793
-0.0202789
-0.0106324
-0.00347449
0.000944301
0.00303352
0.00348472
0.00299999
0.00213988
0.00127127
0.000581838
0.000126903
-0.000116981
-0.00020724
-0.000205203
-0.000160385
-0.000105535
-5.81003e-05
-2.44367e-05
-4.34706e-06
5.3055e-06
8.26304e-06
7.67808e-06
5.71861e-06
3.62459e-06
1.95052e-06
8.31225e-07
1.94154e-07
-1.02253e-07
-1.9457e-07
-1.8513e-07
-1.38317e-07
-8.80016e-08
-4.91772e-08
-1.66911e-08
1
1
1
1
1
1
1
1
1
1
1
1
1
1
1
1
1
1
1
1
1
1
1
1
1
1
1
1
1
1
1
1
1
0.999998
0.999978
0.99995
0.99995
1.00004
1.00026
1.00052
1.00058
1.00004
0.998625
0.996508
0.994661
0.994861
0.99919
1.00902
1.02378
1.03999
1.05111
1.04854
1.02348
0.969339
0.883745
0.769642
0.634981
0.491178
0.350782
0.225042
0.122014
0.0455861
-0.0044605
-0.0315896
-0.0411935
-0.0392293
-0.0311147
-0.0210478
-0.011766
-0.00465476
-6.43035e-05
0.00230485
0.00305159
0.00281674
0.00213244
0.00136349
0.000711557
0.000252493
-1.72993e-05
-0.000139969
-0.000167334
-0.000144524
-0.000103551
-6.31718e-05
-3.18155e-05
-1.12943e-05
-1.4981e-08
4.78047e-06
5.74147e-06
4.86824e-06
3.42455e-06
2.0705e-06
1.05972e-06
4.17743e-07
7.00759e-08
-8.12404e-08
-1.20759e-07
-1.07668e-07
-7.85876e-08
-4.1427e-08
1
1
1
1
1
1
1
1
1
1
1
1
1
1
1
1
1
1
1
1
1
1
1
1
1
1
1
1
1
1
0.999999
1
1
1.00001
1
0.999971
0.999934
0.999937
1.00005
1.00031
1.00061
1.00063
0.999966
0.998361
0.996101
0.994302
0.994851
0.999814
1.01037
1.0256
1.04168
1.05187
1.0476
1.02043
0.964329
0.877498
0.763279
0.629711
0.487962
0.350094
0.226784
0.125596
0.0501325
0.000133707
-0.0276937
-0.0384454
-0.0377555
-0.0307743
-0.021535
-0.0127207
-0.00575182
-0.00106654
0.00153039
0.00254544
0.00255414
0.00205396
0.00140084
0.000804752
0.000358076
7.49767e-05
-7.19494e-05
-0.000124491
-0.000122371
-9.57457e-05
-6.37363e-05
-3.61842e-05
-1.65318e-05
-4.57643e-06
1.46253e-06
3.6627e-06
3.765e-06
2.97354e-06
1.99192e-06
1.15365e-06
5.62391e-07
2.0368e-07
1.83974e-08
-5.67455e-08
-7.2627e-08
-5.75435e-08
1
1
1
1
1
1
1
1
1
1
1
1
1
1
1
1
1
1
1
1
1
1
1
1
1
1
1
1
1
1
0.999999
0.999998
1
1.00001
1.00001
0.999998
0.999958
0.999914
0.99993
1.00009
1.00039
1.0007
1.00065
0.999824
0.998013
0.995641
0.993981
0.995008
1.00072
1.01202
1.02763
1.04334
1.05223
1.04588
1.01628
0.958002
0.869862
0.755592
0.623291
0.483842
0.348777
0.22817
0.129073
0.0547872
0.00500195
-0.0234125
-0.0352581
-0.0358429
-0.0300414
-0.0217079
-0.0134549
-0.00672154
-0.00202147
0.000743928
0.00199094
0.00222763
0.00191182
0.00138461
0.000858795
0.000439084
0.000154853
-7.62606e-06
-8.00962e-05
-9.62217e-05
-8.34252e-05
-6.03592e-05
-3.76291e-05
-1.98899e-05
-8.11417e-06
-1.42938e-06
1.65222e-06
2.55518e-06
2.35988e-06
1.75945e-06
1.12929e-06
6.28617e-07
2.92167e-07
9.62024e-08
5.22765e-10
-4.26632e-08
1
1
1
1
1
1
1
1
1
1
1
1
1
1
1
1
1
1
1
1
1
1
1
1
1
1
1
1
1
1
1
0.999998
0.999998
1
1.00001
1.00001
0.999991
0.999939
0.999893
0.999933
1.00014
1.00049
1.00079
1.00063
0.999601
0.997587
0.995166
0.993765
0.995405
1.00194
1.01397
1.02976
1.04477
1.05196
1.04311
1.01073
0.950079
0.86059
0.746375
0.615549
0.478667
0.346693
0.22907
0.132321
0.0594365
0.0100464
-0.0188226
-0.031683
-0.0335172
-0.0289178
-0.0215493
-0.0139381
-0.00752707
-0.00289173
-2.12035e-05
0.00141459
0.00185579
0.00171705
0.00131964
0.000874059
0.000493207
0.000218827
4.9377e-05
-3.72538e-05
-6.83885e-05
-6.80945e-05
-5.38674e-05
-3.6488e-05
-2.14029e-05
-1.05077e-05
-3.72282e-06
-1.25483e-07
1.36813e-06
1.67181e-06
1.4255e-06
1.01275e-06
6.25848e-07
3.35372e-07
1.5165e-07
2.30464e-08
1
1
1
1
1
1
1
1
1
1
1
1
1
1
1
1
1
1
1
1
1
1
1
1
1
1
1
1
1
1
1
0.999999
0.999996
0.999998
1.00001
1.00002
1.00001
0.999979
0.999916
0.999878
0.999953
1.00021
1.0006
1.00085
1.00055
0.999294
0.99711
0.994736
0.993731
0.996105
1.0035
1.01613
1.03183
1.04571
1.05072
1.03893
1.00346
0.940271
0.849444
0.735431
0.606321
0.472292
0.343704
0.229348
0.135207
0.0639539
0.0151529
-0.0140192
-0.0277916
-0.030824
-0.0274242
-0.0210581
-0.0141533
-0.00814118
-0.00364599
-0.000734528
0.000842558
0.00145867
0.00148316
0.00121353
0.000853547
0.000520309
0.000264995
9.64698e-05
1.48734e-06
-4.09792e-05
-5.1276e-05
-4.5222e-05
-3.32716e-05
-2.12676e-05
-1.17661e-05
-5.33571e-06
-1.56101e-06
3.05024e-07
9.87231e-07
1.0423e-06
8.3471e-07
5.68368e-07
3.44498e-07
1.40159e-07
1
1
1
1
1
1
1
1
1
1
1
1
1
1
1
1
1
1
1
1
1
1
1
1
1
1
1
1
1
1
1
1
0.999997
0.999995
1
1.00001
1.00002
1.00001
0.999962
0.999893
0.999871
0.999992
1.0003
1.0007
1.00087
1.00039
0.998918
0.996627
0.994421
0.993947
0.99714
1.00536
1.01837
1.03359
1.04585
1.04816
1.03298
0.994123
0.928298
0.836197
0.722582
0.59546
0.464584
0.339682
0.228873
0.137597
0.0682066
0.0201972
-0.00911082
-0.0236713
-0.0278259
-0.0255983
-0.0202494
-0.014097
-0.00854762
-0.00426076
-0.00137038
0.000298832
0.0010561
0.00122479
0.00107576
0.000802315
0.000522152
0.000292991
0.000132168
3.42767e-05
-1.5735e-05
-3.43626e-05
-3.54004e-05
-2.85793e-05
-1.97919e-05
-1.20013e-05
-6.26662e-06
-2.60045e-06
-5.66423e-07
3.67022e-07
6.5595e-07
6.24637e-07
4.80834e-07
2.73097e-07
1
1
1
1
1
1
1
1
1
1
1
1
1
1
1
1
1
1
1
1
1
1
1
1
1
1
1
1
1
1
1
1
0.999999
0.999995
0.999995
1
1.00002
1.00003
1
0.99994
0.999871
0.999876
1.00005
1.0004
1.00078
1.00084
1.00016
0.998506
0.996199
0.99429
0.994459
0.998489
1.00739
1.02047
1.03471
1.0448
1.04386
1.02489
0.982406
0.913901
0.820656
0.707681
0.582848
0.455436
0.334514
0.227525
0.139362
0.0720629
0.0250516
-0.00421377
-0.0194202
-0.0245992
-0.0234925
-0.0191528
-0.0137794
-0.00874151
-0.00472141
-0.00190926
-0.000196293
0.000666344
0.000956517
0.000916693
0.000726798
0.000501978
0.000303782
0.000156045
6.00084e-05
6.063e-06
-1.85116e-05
-2.53004e-05
-2.30243e-05
-1.7342e-05
-1.13953e-05
-6.57773e-06
-3.23903e-06
-1.21191e-06
-1.478e-07
3.01808e-07
4.13789e-07
3.43794e-07
1
1
1
1
1
1
1
1
1
1
1
1
1
1
1
1
1
1
1
1
1
1
1
1
1
1
1
1
1
1
1
1
1
0.999997
0.999994
0.999997
1.00001
1.00002
1.00002
0.999988
0.999916
0.999855
0.999895
1.00012
1.0005
1.00083
1.00076
0.999882
0.998106
0.99589
0.994393
0.995267
1.00006
1.00939
1.0221
1.03482
1.04213
1.03742
1.01428
0.968004
0.89686
0.802665
0.690622
0.5684
0.444768
0.328115
0.225202
0.140388
0.0753996
0.0295919
0.000554549
-0.0151422
-0.0212286
-0.0211699
-0.0178099
-0.0132223
-0.00872878
-0.00502231
-0.00233855
-0.000627205
0.000304911
0.000691765
0.000746692
0.000634111
0.000464024
0.000299374
0.000168587
7.82856e-05
2.36233e-05
-4.58394e-06
-1.56712e-05
-1.71712e-05
-1.42935e-05
-1.01668e-05
-6.37444e-06
-3.51056e-06
-1.62663e-06
-5.35527e-07
6.24456e-10
2.47076e-07
1
1
1
1
1
1
1
1
1
1
1
1
1
1
1
1
1
1
1
1
1
1
1
1
1
1
1
1
1
1
1
1
1
0.999999
0.999995
0.999993
1
1.00002
1.00003
1.00002
0.999969
0.99989
0.999844
0.999926
1.00019
1.00058
1.00085
1.00063
0.999596
0.99777
0.995748
0.994744
0.996306
1.00169
1.01109
1.02289
1.03345
1.03736
1.02839
1.00079
0.950664
0.877005
0.782126
0.671346
0.552078
0.432539
0.320426
0.221828
0.140581
0.0781089
0.033704
0.0050818
-0.0109403
-0.0178026
-0.0187007
-0.0162711
-0.0124575
-0.0085249
-0.00516638
-0.0026526
-0.000983486
-1.61263e-05
0.000442031
0.000575347
0.000531404
0.00041303
0.000282473
0.000170991
8.93228e-05
3.66188e-05
6.87361e-06
-7.07594e-06
-1.14936e-05
-1.0994e-05
-8.54134e-06
-5.78485e-06
-3.4753e-06
-1.82631e-06
-8.09428e-07
-1.06729e-07
1
1
1
1
1
1
1
1
1
1
1
1
1
1
1
1
1
1
1
1
1
1
1
1
1
1
1
1
1
1
1
1
1
1
0.999997
0.999993
0.999994
1.00001
1.00002
1.00003
1.00001
0.999944
0.999863
0.999841
0.999968
1.00028
1.00066
1.00085
1.00049
0.999339
0.997542
0.995791
0.995294
0.997429
1.00311
1.01209
1.02237
1.03012
1.03005
1.0164
0.984143
0.930189
0.854234
0.759001
0.649855
0.533891
0.41875
0.31143
0.21736
0.139871
0.0801036
0.0372896
0.00926647
-0.00691217
-0.0144083
-0.0161576
-0.0145922
-0.0115236
-0.00815303
-0.00516392
-0.00285227
-0.00125993
-0.000288492
0.000216346
0.000410911
0.000425327
0.000353791
0.000256151
0.000164937
9.38101e-05
4.51218e-05
1.56118e-05
1.19925e-07
-6.35021e-06
-7.73581e-06
-6.72819e-06
-4.94237e-06
-3.20258e-06
-1.87782e-06
-7.28168e-07
1
1
1
1
1
1
1
1
1
1
1
1
1
1
1
1
1
1
1
1
1
1
1
1
1
1
1
1
1
1
1
1
1
1
0.999999
0.999994
0.999992
0.999998
1.00001
1.00003
1.00003
0.999992
0.999913
0.999837
0.999847
1.00002
1.00036
1.00073
1.00084
1.00036
0.999146
0.997437
0.995979
0.995918
0.998397
1.00397
1.01195
1.02005
1.02432
1.01975
1.00109
0.964099
0.906464
0.828518
0.733321
0.626207
0.513903
0.403446
0.301144
0.211784
0.138219
0.0813219
0.040271
0.0130226
-0.00314457
-0.0111273
-0.0136116
-0.0128309
-0.0104635
-0.0076418
-0.00503119
-0.00294404
-0.00145616
-0.000507703
2.10449e-05
0.000259931
0.000321633
0.00029079
0.000223536
0.000152362
9.27613e-05
4.95156e-05
2.16367e-05
5.73724e-06
-1.97831e-06
-4.74201e-06
-4.90476e-06
-3.96465e-06
-2.81402e-06
-1.48459e-06
1
1
1
1
1
1
1
1
1
1
1
1
1
1
1
1
1
1
1
1
1
1
1
1
1
1
1
1
1
1
1
1
1
1
1
0.999996
0.999993
0.999994
1.00001
1.00002
1.00004
1.00002
0.999964
0.999876
0.999815
0.999868
1.0001
1.00047
1.00082
1.00084
1.00027
0.999024
0.997417
0.996203
0.996399
0.998879
1.00382
1.01016
1.01539
1.01559
1.00606
0.982203
0.940517
0.879457
0.799912
0.705191
0.600525
0.492227
0.386718
0.289627
0.205127
0.135618
0.0817295
0.042594
0.0162831
0.000289714
-0.00803157
-0.0111287
-0.0110431
-0.00932147
-0.00702304
-0.00478863
-0.00293884
-0.00157597
-0.000672771
-0.00014022
0.000127091
0.000224926
0.000227925
0.000187569
0.000135254
8.73659e-05
5.03956e-05
2.51529e-05
9.75658e-06
1.49937e-06
-2.16304e-06
-3.20129e-06
-2.99782e-06
-2.06741e-06
1
1
1
1
1
1
1
1
1
1
1
1
1
1
1
1
1
1
1
1
1
1
1
1
1
1
1
1
1
1
1
1
1
1
1
0.999998
0.999994
0.999993
0.999999
1.00001
1.00003
1.00004
1
0.999926
0.999837
0.999805
0.999913
1.0002
1.00061
1.00093
1.00088
1.00022
0.998934
0.997381
0.996264
0.996429
0.998455
1.00216
1.00619
1.00788
1.00347
0.988671
0.959547
0.913351
0.849231
0.768553
0.674787
0.572991
0.469029
0.368701
0.276975
0.197446
0.132092
0.0813206
0.0442294
0.019002
0.0033347
-0.00518071
-0.00876667
-0.00928071
-0.0081403
-0.00632959
-0.0044591
-0.00285074
-0.00162639
-0.000785691
-0.000266255
1.52288e-05
0.000138558
0.000168342
0.00015082
0.000115494
7.88571e-05
4.8475e-05
2.65013e-05
1.22827e-05
4.05773e-06
-7.82618e-08
-1.72289e-06
-2.02373e-06
1
1
1
1
1
1
1
1
1
1
1
1
1
1
1
1
1
1
1
1
1
1
1
1
1
1
1
1
1
1
1
1
1
1
1
0.999999
0.999996
0.999994
0.999996
1.00001
1.00002
1.00004
1.00002
0.999969
0.999881
0.999805
0.99982
0.999999
1.00036
1.00079
1.00108
1.00093
1.00016
0.998775
0.997141
0.995873
0.995611
0.996639
0.998461
0.999501
0.997062
0.987611
0.967366
0.933057
0.882661
0.815945
0.73466
0.64235
0.543842
0.444519
0.349567
0.263321
0.188832
0.127695
0.0801173
0.0451729
0.0211551
0.00595237
-0.00262039
-0.00657326
-0.00758892
-0.00695954
-0.00559332
-0.00406627
-0.00269567
-0.00161679
-0.000850807
-0.000357964
-7.45083e-05
6.46411e-05
0.000114365
0.00011538
9.47326e-05
6.84074e-05
4.45006e-05
2.60994e-05
1.35068e-05
5.7415e-06
1.53744e-06
-8.72972e-07
1
1
1
1
1
1
1
1
1
1
1
1
1
1
1
1
1
1
1
1
1
1
1
1
1
1
1
1
1
1
1
1
1
1
1
1
0.999998
0.999996
0.999996
1
1.00002
1.00003
1.00003
0.999996
0.999925
0.999838
0.999796
0.999879
1.00014
1.00057
1.00102
1.00124
1.00095
0.99998
0.998366
0.996425
0.994652
0.993474
0.992898
0.992175
0.989593
0.982526
0.967756
0.942041
0.902777
0.848614
0.77985
0.698527
0.608184
0.513361
0.418946
0.329522
0.248824
0.179403
0.122506
0.0781664
0.0454437
0.0227391
0.00812281
-0.000381454
-0.00458486
-0.00600501
-0.00581368
-0.00484355
-0.00363313
-0.00249016
-0.00155788
-0.000874125
-0.000417895
-0.000142407
4.15556e-06
6.75078e-05
8.28151e-05
7.4324e-05
5.70526e-05
3.91861e-05
2.43917e-05
1.365e-05
6.79007e-06
1.69726e-06
1
1
1
1
1
1
1
1
1
1
1
1
1
1
1
1
1
1
1
1
1
1
1
1
1
1
1
1
1
1
1
1
1
1
1
1
0.999999
0.999997
0.999997
1
1.00001
1.00002
1.00003
1.00001
0.999957
0.999879
0.999814
0.99983
1
1.00036
1.00084
1.00127
1.00136
1.00083
0.999512
0.997441
0.99487
0.992151
0.9895
0.98669
0.982788
0.976039
0.963977
0.943764
0.912716
0.86887
0.811478
0.74128
0.660513
0.572639
0.481868
0.392586
0.308794
0.233668
0.169301
0.116628
0.0755365
0.0450815
0.02377
0.00984326
0.00151979
-0.00282619
-0.00455746
-0.00473116
-0.0041059
-0.00318084
-0.00225029
-0.00146087
-0.000862632
-0.000449761
-0.000189881
-4.28785e-05
2.85412e-05
5.417e-05
5.52925e-05
4.56462e-05
3.31703e-05
2.17724e-05
1.32033e-05
5.5953e-06
1
1
1
1
1
1
1
1
1
1
1
1
1
1
1
1
1
1
1
1
1
1
1
1
1
1
1
1
1
1
1
1
1
1
1
0.999999
0.999999
0.999998
0.999999
1
1.00001
1.00002
1.00002
1.00001
0.999975
0.999913
0.999847
0.99983
0.999932
1.00021
1.00065
1.00115
1.00147
1.00131
1.00038
0.998488
0.995652
0.992041
0.987866
0.983153
0.977493
0.96985
0.95851
0.941239
0.915625
0.879537
0.83161
0.771615
0.70064
0.621029
0.536101
0.449709
0.365735
0.287629
0.218051
0.15868
0.11018
0.0723134
0.0441434
0.0242804
0.0111263
0.00308056
-0.00131065
-0.00326578
-0.00373378
-0.00340152
-0.00272791
-0.00199093
-0.00133672
-0.000823697
-0.000457979
-0.000219145
-7.71948e-05
-2.38974e-06
3.00169e-05
3.83368e-05
3.48466e-05
2.69377e-05
1.89329e-05
1.01191e-05
1
1
1
1
1
1
1
1
1
1
1
1
1
1
1
1
1
1
1
1
1
1
1
1
1
1
1
1
1
1
1
1
1
1
1
0.999999
0.999999
0.999999
1
1
1.00001
1.00001
1.00001
1.00001
0.999981
0.999935
0.99988
0.999853
0.999912
1.00012
1.0005
1.00098
1.00142
1.0015
1.00092
0.999334
0.996566
0.992576
0.98745
0.981271
0.973913
0.964846
0.953005
0.936795
0.914271
0.883464
0.842776
0.791375
0.729465
0.658389
0.58052
0.498979
0.417239
0.338696
0.266278
0.202177
0.147704
0.103289
0.0685947
0.0426997
0.0243163
0.0119975
0.00431
-4.12329e-05
-0.00214095
-0.00283672
-0.00274675
-0.00228968
-0.00172509
-0.00119554
-0.000764559
-0.000447255
-0.000232905
-0.000100066
-2.56339e-05
1.0526e-05
2.38658e-05
2.50651e-05
2.12123e-05
1.38646e-05
1
1
1
1
1
1
1
1
1
1
1
1
1
1
1
1
1
1
1
1
1
1
1
1
1
1
1
1
1
1
1
1
1
1
1
0.999999
0.999999
0.999999
1
1
1.00001
1.00001
1.00001
1
0.99998
0.999946
0.999904
0.999882
0.999923
1.00008
1.00039
1.00084
1.00129
1.00151
1.00118
0.999905
0.997362
0.993333
0.987737
0.980586
0.971855
0.961314
0.948377
0.932018
0.910823
0.883173
0.847537
0.802813
0.748627
0.685529
0.615027
0.539451
0.461686
0.384817
0.311768
0.24499
0.186252
0.136541
0.0960911
0.0644856
0.0408295
0.0239338
0.0124926
0.00522708
0.000988007
-0.00118621
-0.00204888
-0.00215314
-0.0018781
-0.0014636
-0.00104625
-0.000691937
-0.00042224
-0.000234079
-0.000113098
-4.18949e-05
-4.44392e-06
1.20044e-05
1.67788e-05
1.4825e-05
1
1
1
1
1
1
1
1
1
1
1
1
1
1
1
1
1
1
1
1
1
1
1
1
1
1
1
1
1
1
1
1
1
1
1
0.999999
0.999998
0.999999
1
1
1.00001
1.00001
1.00001
0.999996
0.999976
0.999949
0.999919
0.999906
0.999945
1.00008
1.00034
1.00073
1.00115
1.00143
1.00125
1.00022
0.997938
0.994052
0.988322
0.980636
0.970945
0.959152
0.944976
0.927829
0.90679
0.880667
0.84818
0.80822
0.760122
0.703896
0.640347
0.571069
0.498292
0.424632
0.352788
0.28524
0.224003
0.17047
0.125353
0.0887178
0.0600931
0.0386163
0.023195
0.0126546
0.00585838
0.00179037
-0.000398181
-0.00137353
-0.00162777
-0.00150176
-0.00121497
-0.000896288
-0.000611758
-0.000387269
-0.000225577
-0.000118054
-5.21005e-05
-1.52565e-05
2.63323e-06
1.07234e-05
1
1
1
1
1
1
1
1
1
1
1
1
1
1
1
1
1
1
1
1
1
1
1
1
1
1
1
1
1
1
1
1
1
1
1
0.999999
0.999998
0.999999
1
1
1.00001
1.00001
1
0.999992
0.999972
0.999947
0.999925
0.999923
0.999967
1.00009
1.00032
1.00066
1.00105
1.00132
1.00121
1.00034
0.998287
0.994608
0.988943
0.981045
0.970781
0.958069
0.942782
0.92463
0.903085
0.87737
0.846541
0.809656
0.76599
0.715253
0.657756
0.59448
0.527033
0.457497
0.388203
0.321474
0.259378
0.203537
0.155016
0.114291
0.0812968
0.0555223
0.0361449
0.0221651
0.0125311
0.0062358
0.00238469
0.000231852
-0.000809172
-0.0011737
-0.00116611
-0.00098541
-0.000751548
-0.000528999
-0.000346183
-0.00021012
-0.000116714
-5.72147e-05
-2.29647e-05
-4.33996e-07
1
1
1
1
1
1
1
1
1
1
1
1
1
1
1
1
1
1
1
1
1
1
1
1
1
1
1
1
1
1
1
1
1
1
1
0.999999
0.999998
0.999999
1
1
1.00001
1.00001
1
0.99999
0.999969
0.999944
0.999926
0.999932
0.999985
1.00011
1.00033
1.00064
1.00098
1.00122
1.00113
1.00035
0.998455
0.994973
0.989459
0.981553
0.971018
0.95772
0.941578
0.922469
0.900143
0.874171
0.843949
0.808792
0.768072
0.721404
0.668803
0.610804
0.548487
0.483417
0.417494
0.352757
0.291168
0.234419
0.183786
0.140051
0.103495
0.0739456
0.0508724
0.0334968
0.0209094
0.0121714
0.00639432
0.00279364
0.000716606
-0.000350493
-0.000790644
-0.000873826
-0.000778994
-0.00061639
-0.00044763
-0.000302218
-0.000190154
-0.00011059
-5.94425e-05
-1.96597e-05
1
1
1
1
1
1
1
1
1
1
1
1
1
1
1
1
1
1
1
1
1
1
1
1
1
1
1
1
1
1
1
1
1
1
1
0.999999
0.999998
0.999999
1
1.00001
1.00001
1.00001
1
0.99999
0.999966
0.99994
0.999924
0.999935
0.999995
1.00013
1.00034
1.00063
1.00094
1.00115
1.00104
1.0003
0.998501
0.995173
0.989822
0.982012
0.971407
0.957798
0.94108
0.921198
0.898072
0.871527
0.841259
0.806856
0.76788
0.723987
0.675074
0.621395
0.563635
0.502908
0.440689
0.378673
0.318609
0.262123
0.210568
0.164918
0.125716
0.0930834
0.0667687
0.0462336
0.0307487
0.0194903
0.0116244
0.0063701
0.00304203
0.0010715
1.06583e-05
-0.000475621
-0.000625279
-0.00059792
-0.000493758
-0.00037062
-0.00025801
-0.000167481
-0.000103029
-4.62668e-05
1
1
1
1
1
1
1
1
1
1
1
1
1
1
1
1
1
1
1
1
1
1
1
1
1
1
1
1
1
1
1
1
1
1
1
0.999999
0.999998
0.999998
1
1
1.00001
1.00001
1.00001
0.99999
0.999965
0.999938
0.999921
0.999935
1
1.00014
1.00036
1.00064
1.00093
1.00111
1.00097
1.00023
0.99848
0.995253
0.99004
0.982358
0.971797
0.95807
0.941017
0.920587
0.896782
0.869591
0.838938
0.804661
0.766538
0.724357
0.678019
0.627643
0.573655
0.516823
0.458246
0.39927
0.341374
0.286028
0.23455
0.187993
0.14707
0.112128
0.0831586
0.0598558
0.0416854
0.0279693
0.0179658
0.0109368
0.00619875
0.00315543
0.00131349
0.000284339
-0.000223686
-0.000418986
-0.00044282
-0.000385351
-0.000300072
-0.000215188
-0.000146258
-7.72874e-05
1
1
1
1
1
1
1
1
1
1
1
1
1
1
1
1
1
1
1
1
1
1
1
1
1
1
1
1
1
1
1
1
1
1
1
0.999999
0.999998
0.999998
1
1
1.00001
1.00001
1.00001
0.99999
0.999965
0.999936
0.999919
0.999933
1
1.00014
1.00037
1.00065
1.00093
1.00109
1.00093
1.00017
0.998432
0.99526
0.990146
0.982582
0.972112
0.958384
0.941177
0.920408
0.896098
0.868326
0.837172
0.802672
0.76481
0.723539
0.678844
0.630821
0.579756
0.526184
0.470905
0.414952
0.359525
0.305885
0.255234
0.208615
0.166821
0.130346
0.0993737
0.0738
0.0532801
0.0372946
0.0252187
0.0163878
0.0101515
0.00591405
0.00315894
0.00146001
0.000481677
-2.85535e-05
-0.000252106
-0.000313077
-0.000291887
-0.000236841
-0.00017803
-0.000107174
1
1
1
1
1
1
1
1
1
1
1
1
1
1
1
1
1
1
1
1
1
1
1
1
1
1
1
1
1
1
1
1
1
1
1
0.999999
0.999998
0.999998
1
1
1.00001
1.00001
1.00001
0.99999
0.999965
0.999936
0.999918
0.999931
1
1.00015
1.00037
1.00066
1.00093
1.00108
1.0009
1.00013
0.998382
0.995232
0.990177
0.982704
0.97233
0.958658
0.941414
0.920467
0.895826
0.867602
0.835967
0.801099
0.76315
0.722238
0.678471
0.631995
0.583051
0.532039
0.479548
0.42636
0.373419
0.321761
0.272431
0.226392
0.184439
0.147143
0.114818
0.087518
0.0650666
0.0470981
0.0331154
0.0225471
0.0148009
0.00930661
0.00554693
0.00307626
0.00152815
0.000614155
0.000116811
-0.000120872
-0.000207214
-0.000212822
-0.000184301
-0.000127891
1
1
1
1
1
1
1
1
1
1
1
1
1
1
1
1
1
1
1
1
1
1
1
1
1
1
1
1
1
1
1
1
1
1
1
0.999999
0.999998
0.999998
1
1
1.00001
1.00001
1.00001
0.999991
0.999965
0.999936
0.999917
0.99993
1
1.00015
1.00038
1.00066
1.00094
1.00108
1.00089
1.0001
0.998342
0.995194
0.990169
0.982755
0.972461
0.958862
0.941643
0.920629
0.895799
0.867264
0.835236
0.799982
0.761781
0.720892
0.677552
0.631991
0.584477
0.535352
0.485077
0.434251
0.383606
0.333971
0.286216
0.241184
0.199616
0.162097
0.129012
0.100528
0.0765987
0.0569972
0.0413503
0.0291889
0.0199947
0.0132427
0.00843509
0.00512481
0.00292905
0.00153404
0.000693041
0.000219718
-2.10351e-05
-0.000122795
-0.000149342
-0.000129432
1
1
1
1
1
1
1
1
1
1
1
1
1
1
1
1
1
1
1
1
1
1
1
1
1
1
1
1
1
1
1
1
1
1
1
0.999999
0.999998
0.999998
1
1
1.00001
1.00001
1.00001
0.999991
0.999965
0.999936
0.999916
0.999929
0.999999
1.00015
1.00038
1.00067
1.00095
1.00109
1.00089
1.00008
0.998314
0.99516
0.990143
0.982763
0.972526
0.958993
0.941824
0.92081
0.895893
0.867167
0.834855
0.79927
0.760772
0.71973
0.676496
0.631401
0.584768
0.536942
0.488325
0.439398
0.390735
0.342989
0.296864
0.253066
0.212251
0.17497
0.141625
0.112448
0.0874896
0.0666313
0.0496118
0.0360618
0.0255441
0.0175921
0.011743
0.00756429
0.00467125
0.00273643
0.00149236
0.000728949
0.000287345
5.19312e-05
-5.74146e-05
-0.000100722
1
1
1
1
1
1
1
1
1
1
1
1
1
1
1
1
1
1
1
1
1
1
1
1
1
1
1
1
1
1
1
1
1
1
1
0.999999
0.999998
0.999998
1
1
1.00001
1.00001
1.00001
0.999991
0.999966
0.999936
0.999916
0.999928
0.999998
1.00015
1.00038
1.00067
1.00095
1.00109
1.00089
1.00008
0.998299
0.995134
0.990116
0.98275
0.972548
0.959066
0.94195
0.920965
0.896026
0.867202
0.834706
0.798869
0.760099
0.71884
0.675536
0.630608
0.584454
0.537457
0.490004
0.442517
0.395463
0.349363
0.304777
0.262279
0.222422
0.185691
0.152472
0.123019
0.0974381
0.0756926
0.057611
0.0429139
0.0312441
0.0221987
0.0153607
0.0103245
0.00671613
0.00420585
0.00251484
0.00141608
0.000731592
0.000326087
0.000105386
-3.07881e-05
1
1
1
1
1
1
1
1
1
1
1
1
1
1
1
1
1
1
1
1
1
1
1
1
1
1
1
1
1
1
1
1
1
1
1
0.999999
0.999998
0.999998
1
1
1.00001
1.00001
1.00001
0.999991
0.999966
0.999936
0.999916
0.999928
0.999997
1.00015
1.00038
1.00067
1.00096
1.0011
1.0009
1.00008
0.998291
0.995117
0.990093
0.98273
0.972546
0.959098
0.942025
0.921079
0.896153
0.867291
0.834691
0.798684
0.759698
0.718223
0.67477
0.629836
0.583891
0.537369
0.490679
0.444221
0.398403
0.353654
0.310422
0.269166
0.230334
0.194335
0.161509
0.132101
0.106243
0.0839449
0.0651044
0.0495154
0.0368926
0.0268966
0.0191604
0.0133138
0.00900343
0.00590735
0.00374433
0.0022779
0.00131644
0.000708511
0.000349403
8.99767e-05
1
1
1
1
1
1
1
1
1
1
1
1
1
1
1
1
1
1
1
1
1
1
1
1
1
1
1
1
1
1
1
1
1
1
1
0.999999
0.999998
0.999998
1
1
1.00001
1.00001
1.00001
0.999991
0.999966
0.999936
0.999916
0.999928
0.999997
1.00014
1.00038
1.00067
1.00096
1.0011
1.0009
1.00008
0.998289
0.995109
0.990078
0.982712
0.972534
0.959105
0.942064
0.921153
0.896252
0.867388
0.834741
0.79863
0.759491
0.717836
0.674219
0.629193
0.583291
0.537001
0.490768
0.444999
0.40008
0.35638
0.314271
0.274119
0.236279
0.201081
0.168806
0.139669
0.1138
0.0912334
0.0719086
0.0556754
0.0423082
0.031525
0.0230087
0.0164283
0.0114575
0.00778999
0.00515002
0.00329875
0.00203684
0.0012009
0.000680058
0.000268633
1
1
1
1
1
1
1
1
1
1
1
1
1
1
1
1
1
1
1
1
1
1
1
1
1
1
1
1
1
1
1
1
1
1
1
0.999999
0.999998
0.999998
1
1
1.00001
1.00001
1.00001
0.999991
0.999966
0.999936
0.999916
0.999928
0.999997
1.00014
1.00038
1.00067
1.00096
1.0011
1.0009
1.00008
0.99829
0.995105
0.990068
0.982698
0.97252
0.9591
0.942078
0.921195
0.896321
0.867471
0.83481
0.798646
0.759409
0.71762
0.673857
0.628713
0.582765
0.536553
0.490561
0.445221
0.400915
0.357989
0.316763
0.277535
0.240586
0.206173
0.174516
0.145788
0.120098
0.0974833
0.0779061
0.0612525
0.0473424
0.0359417
0.026779
0.019562
0.0139949
0.00979202
0.00668941
0.00445199
0.0028783
0.00179738
0.00109705
0.00050878
1
1
1
1
1
1
1
1
1
1
1
1
1
1
1
1
1
1
1
1
1
1
1
1
1
1
1
1
1
1
1
1
1
1
1
0.999999
0.999998
0.999998
1
1
1.00001
1.00001
1.00001
0.999991
0.999966
0.999936
0.999917
0.999928
0.999997
1.00014
1.00038
1.00067
1.00096
1.0011
1.00091
1.00009
0.998292
0.995104
0.990064
0.982689
0.972508
0.959091
0.942079
0.921214
0.896363
0.867532
0.834876
0.798691
0.759398
0.71752
0.673643
0.628385
0.582357
0.536135
0.490244
0.445144
0.401231
0.358844
0.318275
0.279781
0.243586
0.209885
0.178844
0.150587
0.125194
0.102691
0.0830432
0.0661584
0.0518871
0.0400321
0.0303603
0.0226153
0.0165315
0.0118467
0.00831257
0.00570264
0.00381823
0.00248501
0.00159423
0.000810034
1
1
1
1
1
1
1
1
1
1
1
1
1
1
1
1
1
1
1
1
1
1
1
1
1
1
1
1
1
1
1
1
1
1
1
0.999999
0.999998
0.999998
1
1
1.00001
1.00001
1.00001
0.999991
0.999966
0.999936
0.999917
0.999928
0.999997
1.00014
1.00038
1.00067
1.00096
1.0011
1.00091
1.00009
0.998293
0.995105
0.990062
0.982683
0.9725
0.959082
0.942074
0.92122
0.896385
0.867572
0.834928
0.79874
0.759422
0.717489
0.673533
0.628181
0.582067
0.535796
0.489923
0.444937
0.401254
0.359219
0.319118
0.281178
0.245587
0.212495
0.182018
0.154238
0.1292
0.106908
0.0873225
0.0703557
0.0558768
0.0437143
0.033665
0.0255028
0.0189902
0.0138883
0.00996667
0.00701066
0.0048281
0.00324493
0.00216011
0.00116796
1
1
1
1
1
1
1
1
1
1
1
1
1
1
1
1
1
1
1
1
1
1
1
1
1
1
1
1
1
1
1
1
1
1
1
0.999999
0.999998
0.999998
1
1
1.00001
1.00001
1.00001
0.999991
0.999966
0.999936
0.999917
0.999928
0.999997
1.00014
1.00038
1.00067
1.00096
1.0011
1.00091
1.00009
0.998295
0.995106
0.990062
0.982681
0.972494
0.959075
0.942068
0.921219
0.896394
0.867595
0.834964
0.798782
0.759456
0.717495
0.673488
0.628068
0.58188
0.535547
0.48965
0.4447
0.401136
0.359316
0.319526
0.281985
0.246857
0.214258
0.184268
0.15693
0.132258
0.11023
0.090791
0.0738511
0.0592861
0.0469404
0.0366315
0.0281578
0.0213053
0.015857
0.0116005
0.00833458
0.00587612
0.00405418
0.00277894
0.00157441
1
1
1
1
1
1
1
1
1
1
1
1
1
1
1
1
1
1
1
1
1
1
1
1
1
1
1
1
1
1
1
1
1
1
1
0.999999
0.999998
0.999998
1
1
1.00001
1.00001
1.00001
0.999991
0.999966
0.999936
0.999917
0.999928
0.999997
1.00014
1.00038
1.00067
1.00096
1.0011
1.00091
1.00009
0.998296
0.995107
0.990062
0.98268
0.972491
0.95907
0.942062
0.921215
0.896396
0.867606
0.834987
0.798814
0.759488
0.717516
0.67348
0.628015
0.581769
0.53538
0.489441
0.444485
0.400969
0.359268
0.319674
0.282405
0.247613
0.215395
0.185803
0.158852
0.134524
0.112773
0.0935274
0.076686
0.0621243
0.0496938
0.0392254
0.0305346
0.0234266
0.0177031
0.0131683
0.00963481
0.00692995
0.00488776
0.00343214
0.00201834
1
1
1
1
1
1
1
1
1
1
1
1
1
1
1
1
1
1
1
1
1
1
1
1
1
1
1
1
1
1
1
1
1
1
1
0.999999
0.999998
0.999998
1
1
1.00001
1.00001
1.00001
0.999991
0.999966
0.999936
0.999917
0.999928
0.999997
1.00014
1.00038
1.00067
1.00096
1.0011
1.00091
1.00009
0.998296
0.995108
0.990063
0.98268
0.97249
0.959067
0.942058
0.921211
0.896394
0.86761
0.834999
0.798834
0.759514
0.717539
0.67349
0.627997
0.581712
0.535276
0.489295
0.444314
0.400807
0.35916
0.319679
0.282585
0.248026
0.216089
0.186808
0.160176
0.136152
0.114666
0.0956283
0.0789257
0.0644271
0.0519848
0.0414365
0.0326086
0.0253205
0.0193888
0.0146323
0.0108765
0.00795925
0.0057207
0.00409993
0.00248671
1
1
1
1
1
1
1
1
1
1
1
1
1
1
1
1
1
1
1
1
1
1
1
1
1
1
1
1
1
1
1
1
1
1
1
0.999999
0.999998
0.999998
1
1
1.00001
1.00001
1.00001
0.999991
0.999966
0.999936
0.999917
0.999928
0.999997
1.00014
1.00038
1.00067
1.00096
1.0011
1.00091
1.00009
0.998296
0.995109
0.990064
0.982681
0.97249
0.959065
0.942055
0.921207
0.896391
0.86761
0.835004
0.798846
0.759532
0.71756
0.673505
0.627998
0.581687
0.535218
0.4892
0.44419
0.40067
0.359042
0.319618
0.282628
0.248223
0.216484
0.187435
0.161055
0.137283
0.116034
0.0971978
0.0806495
0.0662488
0.0538444
0.0432754
0.0343744
0.0269699
0.0208898
0.0159648
0.0120314
0.00893763
0.0065299
0.0047629
0.00296566
1
1
1
1
1
1
1
1
1
1
1
1
1
1
1
1
1
1
1
1
1
1
1
1
1
1
1
1
1
1
1
1
1
1
1
0.999999
0.999998
0.999998
1
1
1.00001
1.00001
1.00001
0.999991
0.999966
0.999936
0.999917
0.999928
0.999997
1.00014
1.00038
1.00067
1.00096
1.0011
1.00091
1.00009
0.998296
0.995109
0.990064
0.982681
0.97249
0.959065
0.942053
0.921205
0.896389
0.867609
0.835006
0.798853
0.759544
0.717575
0.673521
0.628007
0.581682
0.53519
0.489145
0.444107
0.400568
0.358936
0.319536
0.282603
0.248293
0.216686
0.187803
0.161612
0.138042
0.116991
0.0983377
0.0819418
0.0676541
0.0553171
0.0447682
0.035842
0.0283723
0.0221946
0.0171483
0.0130793
0.00984425
0.00729571
0.0054035
0.00344165
1
1
1
1
1
1
1
1
1
1
1
1
1
1
1
1
1
1
1
1
1
1
1
1
1
1
1
1
1
1
1
1
1
1
1
0.999999
0.999998
0.999998
1
1
1.00001
1.00001
1.00001
0.999991
0.999966
0.999936
0.999917
0.999928
0.999997
1.00014
1.00038
1.00067
1.00096
1.0011
1.00091
1.00009
0.998296
0.995109
0.990065
0.982682
0.97249
0.959065
0.942053
0.921203
0.896387
0.867607
0.835005
0.798855
0.75955
0.717585
0.673533
0.628017
0.581685
0.53518
0.489116
0.444056
0.400497
0.358854
0.319458
0.282551
0.248295
0.216772
0.188002
0.161948
0.138531
0.11764
0.0991415
0.0828846
0.0687106
0.056455
0.0459512
0.0370331
0.0295367
0.0233019
0.0181743
0.0140069
0.0106635
0.00800201
0.00600622
0.0039017
1
1
1
1
1
1
1
1
1
1
1
1
1
1
1
1
1
1
1
1
1
1
1
1
1
1
1
1
1
1
1
1
1
1
1
0.999999
0.999998
0.999998
1
1
1.00001
1.00001
1.00001
0.999991
0.999966
0.999936
0.999917
0.999928
0.999997
1.00014
1.00038
1.00067
1.00096
1.0011
1.00091
1.00009
0.998296
0.995109
0.990065
0.982682
0.972491
0.959065
0.942052
0.921202
0.896385
0.867606
0.835004
0.798856
0.759553
0.717591
0.673542
0.628027
0.581692
0.535179
0.489103
0.444027
0.400451
0.358794
0.319392
0.282495
0.248265
0.216793
0.188096
0.162137
0.138833
0.118065
0.0996924
0.0835555
0.0694872
0.057316
0.0468705
0.037982
0.0304862
0.0242254
0.0190489
0.0148145
0.0113918
0.00864299
0.00656428
0.00433931
1
1
1
1
1
1
1
1
1
1
1
1
1
1
1
1
1
1
1
1
1
1
1
1
1
1
1
1
1
1
1
1
1
1
1
0.999999
0.999998
0.999998
1
1
1.00001
1.00001
1.00001
0.999991
0.999966
0.999936
0.999917
0.999928
0.999997
1.00014
1.00038
1.00067
1.00096
1.0011
1.00091
1.00009
0.998296
0.995109
0.990065
0.982682
0.972491
0.959065
0.942052
0.921202
0.896385
0.867604
0.835003
0.798855
0.759554
0.717595
0.673547
0.628034
0.581698
0.535182
0.489099
0.444013
0.400424
0.358755
0.319345
0.282447
0.248229
0.216783
0.188129
0.162232
0.139004
0.118325
0.100047
0.084005
0.0700247
0.057929
0.0475417
0.0386909
0.031211
0.0249446
0.0197432
0.0154674
0.0119912
0.00917959
0.0070392
0.0047198
1
1
1
1
1
1
1
1
1
1
1
1
1
1
1
1
1
1
1
1
1
1
1
1
1
1
1
1
1
1
1
1
1
1
1
0.999999
0.999998
0.999998
1
1
1.00001
1.00001
1.00001
0.999991
0.999966
0.999936
0.999917
0.999928
0.999997
1.00014
1.00038
1.00067
1.00096
1.0011
1.00091
1.00009
0.998296
0.995109
0.990065
0.982682
0.972491
0.959065
0.942052
0.921202
0.896384
0.867603
0.835002
0.798854
0.759554
0.717596
0.673551
0.62804
0.581705
0.535188
0.489101
0.444007
0.400406
0.358725
0.319303
0.282397
0.248182
0.21675
0.188128
0.16228
0.13912
0.118523
0.100339
0.0843972
0.0705162
0.0585126
0.048204
0.0394139
0.0319734
0.0257239
0.0205171
0.0162158
0.0126971
0.00982894
0.00762909
0.00520973
)
;

boundaryField
{
    upperWall
    {
        type            zeroGradient;
    }
    outlet
    {
        type            zeroGradient;
    }
    inlet
    {
        type            fixedValue;
        value           uniform 1;
    }
    lowerWall
    {
        type            fixedValue;
        value           uniform 0;
    }
    frontAndBack
    {
        type            empty;
    }
}


// ************************************************************************* //
