/*--------------------------------*- C++ -*----------------------------------*\
  =========                 |
  \\      /  F ield         | OpenFOAM: The Open Source CFD Toolbox
   \\    /   O peration     | Website:  https://openfoam.org
    \\  /    A nd           | Version:  7
     \\/     M anipulation  |
\*---------------------------------------------------------------------------*/
FoamFile
{
    version     2.0;
    format      ascii;
    class       volScalarField;
    location    "0.95";
    object      T;
}
// * * * * * * * * * * * * * * * * * * * * * * * * * * * * * * * * * * * * * //

dimensions      [0 0 0 1 0 0 0];

internalField   nonuniform List<scalar> 
10000
(
0.5
0.0669146
-0.0353169
-0.0277115
-0.00789976
0.00112931
0.00220711
0.000963794
3.88563e-05
-0.000206219
-0.000130475
-2.60559e-05
1.76156e-05
1.74837e-05
6.08561e-06
-9.06071e-07
-2.20759e-06
-1.13469e-06
-1.06163e-07
2.47859e-07
1.87024e-07
4.9395e-08
-2.13888e-08
-2.77866e-08
-1.17496e-08
4.15034e-10
3.66278e-09
2.25287e-09
3.96249e-10
-4.00522e-10
-3.77204e-10
-1.28468e-10
2.72483e-11
5.58372e-11
2.85372e-11
2.14233e-12
-7.093e-12
-5.30845e-12
-1.37604e-12
6.83547e-13
8.64619e-13
3.65828e-13
-1.85477e-14
-1.22706e-13
-7.57075e-14
-1.30586e-14
1.42865e-14
1.34532e-14
4.59894e-15
-1.03441e-15
-2.08645e-15
-1.06893e-15
-6.98306e-17
2.83845e-16
2.10859e-16
4.94667e-17
-3.99866e-17
-5.24743e-17
-3.28901e-17
-1.28719e-17
-7.90481e-19
5.99353e-18
1.04288e-17
1.28513e-17
1.25149e-17
9.40422e-18
4.6555e-18
-8.45013e-20
-3.48377e-18
-4.97565e-18
-4.74506e-18
-3.42973e-18
-1.76357e-18
-3.15708e-19
6.20208e-19
1.00762e-18
9.76016e-19
7.15526e-19
3.96533e-19
1.29346e-19
-4.05134e-20
-1.15554e-19
-1.22973e-19
-9.5017e-20
-5.73366e-20
-2.50441e-20
-3.8539e-21
6.61159e-21
9.4684e-21
8.20776e-21
5.50408e-21
2.91565e-21
1.07583e-21
4.38158e-23
-3.79432e-22
-4.43649e-22
-3.48735e-22
-2.17565e-22
-1.11464e-22
-2.28656e-23
0.933085
0.5
0.14482
-0.0139075
-0.0411718
-0.0230289
-0.00507433
0.00215701
0.00250723
0.00101071
-9.38734e-08
-0.000255324
-0.000158213
-3.18213e-05
2.20241e-05
2.24005e-05
8.17946e-06
-9.48178e-07
-2.86443e-06
-1.56602e-06
-2.00131e-07
3.13491e-07
2.58847e-07
7.77035e-08
-2.39625e-08
-3.79444e-08
-1.77304e-08
-5.20299e-10
4.83208e-09
3.30976e-09
7.47241e-10
-4.84999e-10
-5.38962e-10
-2.10525e-10
2.14979e-11
7.6803e-11
4.4227e-11
6.23631e-12
-9.12446e-12
-7.90475e-12
-2.489e-12
7.31468e-13
1.23561e-12
5.98792e-13
2.3735e-14
-1.6565e-13
-1.17333e-13
-2.77376e-14
1.72201e-14
1.99082e-14
8.00719e-15
-7.43852e-16
-2.93938e-15
-1.71679e-15
-2.15376e-16
4.20577e-16
3.82535e-16
1.48532e-16
-1.66898e-17
-7.63333e-17
-8.06328e-17
-7.04019e-17
-5.70084e-17
-3.83743e-17
-1.43915e-17
9.60135e-18
2.67962e-17
3.33299e-17
2.97623e-17
1.98456e-17
8.24981e-18
-1.32459e-18
-7.02468e-18
-8.77302e-18
-7.63854e-18
-5.08043e-18
-2.36414e-18
-2.70445e-19
9.27952e-19
1.3257e-18
1.19427e-18
8.23235e-19
4.28876e-19
1.27552e-19
-4.83967e-20
-1.17687e-19
-1.18613e-19
-8.79481e-20
-5.13041e-20
-2.189e-20
-3.56364e-21
5.06133e-21
7.26566e-21
6.21283e-21
4.11991e-21
2.18199e-21
8.37201e-22
9.26433e-23
-2.09987e-22
-2.83792e-22
1.03532
0.85518
0.5
0.182448
0.00830364
-0.0419281
-0.032441
-0.0120093
3.84408e-05
0.00307766
0.00201936
0.000522644
-0.000189734
-0.000261936
-0.000118925
-6.07707e-06
2.86043e-05
2.02421e-05
5.19525e-06
-2.29056e-06
-2.95623e-06
-1.27806e-06
8.46554e-09
3.71768e-07
2.40892e-07
5.03709e-08
-3.68802e-08
-3.89006e-08
-1.47958e-08
1.67178e-09
5.45504e-09
3.1046e-09
4.35545e-10
-6.33136e-10
-5.48229e-10
-1.74177e-10
4.83609e-11
8.41877e-11
4.13499e-11
2.16017e-12
-1.1009e-11
-7.96972e-12
-1.97741e-12
1.09386e-12
1.32734e-12
5.52764e-13
-3.45286e-14
-1.91102e-13
-1.17027e-13
-1.98995e-14
2.23944e-14
2.09998e-14
7.12631e-15
-1.73211e-15
-3.39279e-15
-1.74605e-15
-7.79938e-17
5.83325e-16
5.39518e-16
2.99368e-16
1.14112e-16
8.74201e-18
-5.96764e-17
-1.12148e-16
-1.41237e-16
-1.35993e-16
-9.8834e-17
-4.52552e-17
5.63124e-18
4.00376e-17
5.32838e-17
4.86286e-17
3.35526e-17
1.59065e-17
1.36049e-18
-7.47855e-18
-1.06424e-17
-9.72675e-18
-6.77412e-18
-3.48944e-18
-8.96062e-19
6.49932e-19
1.25128e-18
1.22101e-18
8.89965e-19
5.03337e-19
1.94234e-19
3.93128e-21
-8.13505e-20
-9.69272e-20
-7.78436e-20
-4.90555e-20
-2.40007e-20
-7.33224e-21
1.3446e-21
4.41935e-21
4.42252e-21
3.21582e-21
1.91435e-21
6.32382e-22
1.02771
1.01391
0.817552
0.5
0.206389
0.0268058
-0.0388677
-0.0384381
-0.0184166
-0.00302402
0.00284105
0.00282245
0.00118552
4.2633e-05
-0.000296282
-0.000211922
-6.02234e-05
1.88442e-05
2.95095e-05
1.43558e-05
1.17969e-06
-3.31264e-06
-2.541e-06
-7.3481e-07
2.46588e-07
3.7721e-07
1.7883e-07
8.57306e-09
-4.67553e-08
-3.3615e-08
-8.56666e-09
4.24374e-09
5.36576e-09
2.31171e-09
-5.87231e-11
-7.29434e-10
-4.68781e-10
-9.40045e-11
7.80718e-11
8.04024e-11
3.01652e-11
-4.11807e-12
-1.18724e-11
-6.69116e-12
-8.75698e-13
1.44559e-12
1.23383e-12
3.86161e-13
-1.17312e-13
-1.9636e-13
-9.5708e-14
-4.07209e-15
2.65641e-14
1.89769e-14
4.39475e-15
-3.13757e-15
-3.7206e-15
-1.71978e-15
-5.8059e-17
5.98253e-16
6.5122e-16
5.40342e-16
4.26803e-16
2.99607e-16
1.35171e-16
-4.22311e-17
-1.81903e-16
-2.46594e-16
-2.32227e-16
-1.63037e-16
-7.45635e-17
2.51625e-18
5.11026e-17
6.84389e-17
6.17623e-17
4.23465e-17
2.05648e-17
3.18557e-18
-7.12101e-18
-1.08158e-17
-9.98378e-18
-6.9985e-18
-3.70321e-18
-1.1315e-18
3.96578e-19
1.01213e-18
1.03115e-18
7.68569e-19
4.48768e-19
1.89942e-19
2.80961e-20
-4.78829e-20
-6.66946e-20
-5.6478e-20
-3.71154e-20
-1.93604e-20
-7.13445e-21
-4.48705e-22
2.19164e-21
2.71463e-21
1.0079
1.04117
0.991696
0.793611
0.5
0.223365
0.042154
-0.0343031
-0.0421139
-0.0239644
-0.00647534
0.00197761
0.00332499
0.00186777
0.000400612
-0.000245072
-0.000285991
-0.000129611
-8.12739e-06
3.15022e-05
2.39228e-05
7.25577e-06
-1.97863e-06
-3.44893e-06
-1.76137e-06
-1.8454e-07
3.9124e-07
3.18273e-07
9.93709e-08
-2.70434e-08
-4.76358e-08
-2.40385e-08
-2.00424e-09
5.81838e-09
4.51192e-09
1.29237e-09
-4.84176e-10
-7.13816e-10
-3.342e-10
-9.51053e-12
9.45107e-11
6.64246e-11
1.60473e-11
-9.3507e-12
-1.11618e-11
-4.66524e-12
2.59163e-13
1.59614e-12
9.94995e-13
1.82139e-13
-1.81529e-13
-1.77724e-13
-6.36949e-14
1.19976e-14
2.7917e-14
1.51613e-14
1.35262e-15
-4.32109e-15
-4.04889e-15
-2.07677e-15
-6.07993e-16
1.03414e-16
4.58903e-16
7.12292e-16
8.58954e-16
8.2008e-16
5.90437e-16
2.56718e-16
-6.15169e-17
-2.74595e-16
-3.51424e-16
-3.13362e-16
-2.09769e-16
-9.22479e-17
2.37282e-18
5.77899e-17
7.52033e-17
6.5988e-17
4.41657e-17
2.11792e-17
3.67963e-18
-6.26146e-18
-9.64683e-18
-8.8145e-18
-6.11867e-18
-3.24382e-18
-1.05797e-18
2.16855e-19
7.30101e-19
7.62083e-19
5.72945e-19
3.39366e-19
1.50573e-19
3.2241e-20
-2.45078e-20
-4.05755e-20
-3.5893e-20
-2.42498e-20
-1.34382e-20
-3.55581e-21
0.998871
1.02303
1.04193
0.973194
0.776635
0.5
0.236308
0.0551561
-0.0291433
-0.0442026
-0.0286476
-0.0100134
0.000663016
0.00351519
0.00249279
0.000838178
-0.000110139
-0.000325109
-0.00020245
-4.98925e-05
2.37007e-05
3.12705e-05
1.49634e-05
1.26022e-06
-3.52123e-06
-2.80623e-06
-8.96015e-07
2.13495e-07
4.11962e-07
2.18731e-07
2.6977e-08
-4.67862e-08
-3.99564e-08
-1.32132e-08
2.98683e-09
5.99819e-09
3.17653e-09
3.49637e-10
-7.21182e-10
-5.94782e-10
-1.85006e-10
5.48484e-11
9.32947e-11
4.65282e-11
3.12952e-12
-1.20509e-11
-9.11191e-12
-2.48922e-12
1.09936e-12
1.50505e-12
6.81488e-13
-3.9429e-16
-2.09297e-13
-1.41013e-13
-3.01237e-14
2.42749e-14
2.69571e-14
1.15961e-14
-3.51134e-16
-4.49334e-15
-4.21578e-15
-2.98414e-15
-2.05666e-15
-1.31268e-15
-4.69257e-16
4.29201e-16
1.12493e-15
1.41025e-15
1.26474e-15
8.31774e-16
3.16652e-16
-1.09297e-16
-3.57546e-16
-4.23154e-16
-3.56332e-16
-2.2644e-16
-9.36425e-17
5.42402e-18
5.88989e-17
7.2782e-17
6.14579e-17
3.97741e-17
1.85129e-17
3.16739e-18
-5.11097e-18
-7.7147e-18
-6.90373e-18
-4.71129e-18
-2.47734e-18
-8.31257e-19
1.05992e-19
4.78405e-19
5.06688e-19
3.81941e-19
2.27835e-19
1.04109e-19
2.67593e-20
-1.08096e-20
-2.22724e-20
-2.01365e-20
0.997793
1.00507
1.03244
1.03887
0.957846
0.763692
0.5
0.246668
0.0663827
-0.0238073
-0.0451887
-0.0325522
-0.0134733
-0.000959178
0.00341734
0.00301639
0.00131432
9.733e-05
-0.000320961
-0.000268331
-0.000102053
5.40097e-06
3.42592e-05
2.29965e-05
6.2179e-06
-2.43292e-06
-3.56994e-06
-1.78399e-06
-1.83405e-07
4.05355e-07
3.37003e-07
1.12392e-07
-2.33436e-08
-4.9923e-08
-2.74106e-08
-3.82702e-09
5.6432e-09
5.03276e-09
1.74445e-09
-3.29807e-10
-7.55153e-10
-4.1639e-10
-5.49403e-11
8.92641e-11
7.76865e-11
2.57649e-11
-6.16114e-12
-1.20781e-11
-6.34363e-12
-6.20387e-13
1.52241e-12
1.22565e-12
3.64863e-13
-1.30192e-13
-2.01869e-13
-9.70807e-14
-2.23978e-15
3.12108e-14
2.52471e-14
1.04803e-14
1.07517e-15
-2.38395e-15
-3.3534e-15
-3.92245e-15
-4.23246e-15
-3.7961e-15
-2.50635e-15
-7.83667e-16
7.6569e-16
1.70665e-15
1.92466e-15
1.5762e-15
9.45477e-16
3.05288e-16
-1.66511e-16
-4.07261e-16
-4.44631e-16
-3.52801e-16
-2.11583e-16
-8.05117e-17
9.94245e-18
5.44624e-17
6.30323e-17
5.09142e-17
3.17005e-17
1.41899e-17
2.23144e-18
-3.87032e-18
-5.60646e-18
-4.88743e-18
-3.26882e-18
-1.6977e-18
-5.77017e-19
4.51762e-20
2.88144e-19
3.08178e-19
2.32352e-19
1.38907e-19
6.65018e-20
7.98392e-21
0.999036
0.997843
1.01201
1.03844
1.0343
0.944844
0.753332
0.5
0.255249
0.0762288
-0.0184971
-0.0453946
-0.0357829
-0.0167686
-0.00277966
0.00306919
0.00341666
0.00179625
0.000362307
-0.000271062
-0.000319196
-0.000159502
-2.26983e-05
3.14482e-05
3.00039e-05
1.24139e-05
-5.01571e-08
-3.78026e-06
-2.69448e-06
-7.81473e-07
2.58291e-07
4.1876e-07
2.17163e-07
2.5954e-08
-4.75585e-08
-4.11123e-08
-1.42496e-08
2.56399e-09
6.11199e-09
3.4591e-09
5.34283e-10
-6.84858e-10
-6.35995e-10
-2.29591e-10
3.61861e-11
9.51507e-11
5.43645e-11
8.20053e-12
-1.10433e-11
-1.00947e-11
-3.52889e-12
6.86056e-13
1.55545e-12
8.5141e-13
9.9088e-14
-2.00084e-13
-1.72195e-13
-5.85322e-14
1.38878e-14
3.15931e-14
2.35519e-14
1.30576e-14
7.02938e-15
3.56109e-15
1.30278e-16
-3.50172e-15
-6.15752e-15
-6.86126e-15
-5.60639e-15
-3.18732e-15
-6.34348e-16
1.2694e-15
2.19443e-15
2.22227e-15
1.67242e-15
9.14287e-16
2.34973e-16
-2.15231e-16
-4.12679e-16
-4.14958e-16
-3.09305e-16
-1.74006e-16
-5.95056e-17
1.34505e-17
4.57949e-17
4.93586e-17
3.80403e-17
2.27362e-17
9.73808e-18
1.33362e-18
-2.71624e-18
-3.73858e-18
-3.16815e-18
-2.07491e-18
-1.06291e-18
-3.63448e-19
1.54818e-20
1.60812e-19
1.74369e-19
1.20133e-19
0.999961
0.997493
0.999962
1.01842
1.04211
1.02914
0.933617
0.744751
0.5
0.262537
0.0849758
-0.0133115
-0.0450396
-0.0384394
-0.0198576
-0.00471768
0.00251112
0.00368607
0.00225945
0.000669094
-0.000176905
-0.000349474
-0.000217239
-5.89605e-05
2.2113e-05
3.47796e-05
1.91931e-05
3.57793e-06
-3.2318e-06
-3.45354e-06
-1.52336e-06
-4.80473e-08
4.29811e-07
3.2249e-07
9.90302e-08
-2.79562e-08
-5.00298e-08
-2.68177e-08
-3.61799e-09
5.65286e-09
5.07188e-09
1.82066e-09
-2.81011e-10
-7.53962e-10
-4.38924e-10
-7.38717e-11
8.34855e-11
8.06101e-11
3.01769e-11
-3.92e-12
-1.20011e-11
-7.07845e-12
-1.17953e-12
1.37594e-12
1.31507e-12
4.78288e-13
-8.53097e-14
-2.18847e-13
-1.37314e-13
-3.70088e-14
1.26061e-14
2.26363e-14
2.00245e-14
1.81676e-14
1.73552e-14
1.42538e-14
7.88581e-15
1.65831e-16
-6.14092e-15
-9.26734e-15
-9.05035e-15
-6.52738e-15
-3.16074e-15
-1.84613e-16
1.71987e-15
2.43708e-15
2.23874e-15
1.55097e-15
7.64872e-16
1.34607e-16
-2.39858e-16
-3.75125e-16
-3.47383e-16
-2.4275e-16
-1.27444e-16
-3.80704e-17
1.44434e-17
3.51063e-17
3.52412e-17
2.59113e-17
1.48617e-17
6.07488e-18
6.84626e-19
-1.76794e-18
-2.30549e-18
-1.89895e-18
-1.21854e-18
-6.14532e-19
-2.1903e-19
5.24594e-20
1.00021
0.998989
0.996922
1.00302
1.02396
1.0442
1.02381
0.923771
0.737463
0.5
0.268847
0.0928295
-0.00829713
-0.0442768
-0.0406094
-0.0227243
-0.00671456
0.00178129
0.00382595
0.00268654
0.001003
-4.24486e-05
-0.000355818
-0.000270828
-0.000101219
6.15712e-06
3.63676e-05
2.58328e-05
8.25193e-06
-1.80508e-06
-3.89324e-06
-2.32337e-06
-5.09073e-07
3.42821e-07
4.06035e-07
1.88693e-07
1.12936e-08
-4.98814e-08
-3.9188e-08
-1.2636e-08
3.05689e-09
6.05568e-09
3.34644e-09
4.99759e-10
-6.78139e-10
-6.30924e-10
-2.33974e-10
3.05386e-11
9.35437e-11
5.59351e-11
1.01419e-11
-1.0215e-11
-1.02421e-11
-3.95175e-12
4.41098e-13
1.54837e-12
9.51544e-13
1.83828e-13
-1.76532e-13
-1.99746e-13
-1.10234e-13
-3.977e-14
-1.06231e-14
-3.12686e-16
9.57986e-15
2.13608e-14
2.9208e-14
2.87106e-14
2.04438e-14
8.52142e-15
-2.41447e-15
-9.3512e-15
-1.15324e-14
-9.95049e-15
-6.39154e-15
-2.57308e-15
3.63731e-16
1.97892e-15
2.38756e-15
1.99882e-15
1.27111e-15
5.55345e-16
3.9333e-17
-2.33054e-16
-3.07453e-16
-2.62822e-16
-1.72091e-16
-8.39492e-17
-2.1061e-17
1.29868e-17
2.46382e-17
2.3115e-17
1.62378e-17
8.94507e-18
3.48598e-18
2.99897e-19
-1.06993e-18
-1.32231e-18
-1.07237e-18
-5.71647e-19
1.00013
1
0.997981
0.997159
1.00648
1.02865
1.04519
1.0185
0.915024
0.731153
0.5
0.274394
0.0999444
-0.00347339
-0.0432147
-0.0423674
-0.025367
-0.00872811
0.000913719
0.00384278
0.00306586
0.00135109
0.000126998
-0.000336704
-0.000316604
-0.000147094
-1.60181e-05
3.41025e-05
3.16251e-05
1.36644e-05
5.30393e-07
-3.87081e-06
-3.0801e-06
-1.09846e-06
1.40984e-07
4.45232e-07
2.83651e-07
6.95991e-08
-3.71387e-08
-4.8494e-08
-2.35641e-08
-1.97186e-09
5.87407e-09
4.81586e-09
1.62131e-09
-3.35444e-10
-7.40108e-10
-4.20871e-10
-6.86096e-11
8.18998e-11
7.89789e-11
3.01822e-11
-3.29679e-12
-1.16881e-11
-7.16818e-12
-1.37121e-12
1.3033e-12
1.38289e-12
6.0417e-13
1.9282e-14
-1.71913e-13
-1.49362e-13
-9.25817e-14
-6.54876e-14
-5.64211e-14
-4.15765e-14
-1.45392e-14
1.56309e-14
3.69536e-14
4.3335e-14
3.61819e-14
2.14791e-14
5.9205e-15
-5.74748e-15
-1.16307e-14
-1.22491e-14
-9.46579e-15
-5.39925e-15
-1.68279e-15
8.27443e-16
1.98323e-15
2.08468e-15
1.59405e-15
9.26236e-16
3.4883e-16
-2.62149e-17
-1.99592e-16
-2.28421e-16
-1.8099e-16
-1.1112e-16
-5.01614e-17
-9.92296e-18
1.01293e-17
1.5916e-17
1.40257e-17
9.43576e-18
5.00128e-18
1.85341e-18
1.35871e-19
-7.63923e-19
1.00003
1.00026
0.999477
0.997178
0.998022
1.01001
1.03255
1.04539
1.01331
0.90717
0.725606
0.5
0.279329
0.106439
0.00115474
-0.041932
-0.0437761
-0.0277924
-0.0107283
-6.2262e-05
0.00374582
0.00339021
0.00170247
0.000325544
-0.000292008
-0.000351728
-0.000194215
-4.36511e-05
2.76072e-05
3.59344e-05
1.94425e-05
3.72374e-06
-3.28056e-06
-3.68834e-06
-1.77217e-06
-1.80246e-07
4.20168e-07
3.69979e-07
1.43349e-07
-9.59764e-09
-5.17625e-08
-3.49115e-08
-9.34237e-09
4.0785e-09
5.86106e-09
2.9627e-09
3.09633e-10
-6.99166e-10
-5.96923e-10
-2.08942e-10
3.67509e-11
9.11326e-11
5.32372e-11
9.32171e-12
-1.00331e-11
-1.00433e-11
-3.99004e-12
3.28075e-13
1.52993e-12
1.06297e-12
3.68759e-13
7.28411e-15
-7.10364e-14
-6.17483e-14
-7.09756e-14
-1.01116e-13
-1.17834e-13
-1.01169e-13
-5.71732e-14
-5.92951e-15
3.37245e-14
5.25004e-14
5.11982e-14
3.68699e-14
1.8149e-14
1.85848e-15
-8.45309e-15
-1.2344e-14
-1.13922e-14
-7.90809e-15
-3.94202e-15
-7.85967e-16
1.07727e-15
1.75299e-15
1.63235e-15
1.1423e-15
6.03073e-16
1.87239e-16
-5.61729e-17
-1.52419e-16
-1.54802e-16
-1.14257e-16
-6.58633e-17
-2.73892e-17
-3.7847e-18
7.02202e-18
9.52137e-18
7.91357e-18
5.20218e-18
2.0097e-18
0.999982
1.00016
1.00019
0.998814
0.996675
0.999337
1.01347
1.03578
1.04504
1.0083
0.900056
0.720671
0.5
0.283765
0.112406
0.00559006
-0.0404869
-0.0448875
-0.0300111
-0.0126941
-0.0011218
0.00354557
0.00365566
0.00204819
0.000547226
-0.000222631
-0.000374148
-0.000240368
-7.5744e-05
1.67653e-05
3.82309e-05
2.51857e-05
7.65639e-06
-2.05941e-06
-4.049e-06
-2.47373e-06
-6.13084e-07
3.15741e-07
4.32726e-07
2.26279e-07
3.32724e-08
-4.63187e-08
-4.47952e-08
-1.85529e-08
3.90478e-10
6.0947e-09
4.32722e-09
1.24249e-09
-4.51548e-10
-7.14908e-10
-3.7455e-10
-4.60852e-11
8.39735e-11
7.45576e-11
2.70265e-11
-4.10187e-12
-1.15031e-11
-7.04876e-12
-1.52782e-12
1.07763e-12
1.29398e-12
7.14117e-13
2.77336e-13
1.39041e-13
1.23005e-13
7.83053e-14
-2.01501e-14
-1.2274e-13
-1.78577e-13
-1.71357e-13
-1.17293e-13
-4.65175e-14
1.42539e-14
5.04858e-14
6.04084e-14
5.0858e-14
3.18728e-14
1.23709e-14
-2.1189e-15
-9.76204e-15
-1.14478e-14
-9.374e-15
-5.82639e-15
-2.46279e-15
-1.11078e-16
1.08504e-15
1.37933e-15
1.1532e-15
7.40025e-16
3.52346e-16
8.28728e-17
-5.89818e-17
-1.04983e-16
-9.63525e-17
-6.65847e-17
-3.60937e-17
-1.37527e-17
-9.48023e-19
4.35486e-18
5.45587e-18
0.999983
1.00003
1.00026
0.999957
0.998132
0.996485
1.00096
1.01677
1.03844
1.04428
1.00347
0.893561
0.716235
0.5
0.287787
0.11792
0.00983944
-0.0389223
-0.0457452
-0.0320359
-0.0146108
-0.00224409
0.00325288
0.00386074
0.00238115
0.000786327
-0.00013018
-0.000382519
-0.00028358
-0.000111168
1.68149e-06
3.81078e-05
3.04963e-05
1.21584e-05
-1.87578e-07
-4.07657e-06
-3.1397e-06
-1.13857e-06
1.23036e-07
4.5745e-07
3.10103e-07
9.02055e-08
-3.01281e-08
-5.11535e-08
-2.87229e-08
-5.24115e-09
5.16549e-09
5.463e-09
2.39335e-09
3.71286e-11
-7.24747e-10
-5.39555e-10
-1.64342e-10
5.03922e-11
8.81353e-11
4.78602e-11
6.80756e-12
-1.02496e-11
-9.7436e-12
-4.09009e-12
-1.71463e-13
9.75939e-13
7.37176e-13
3.71711e-13
2.91991e-13
3.70784e-13
3.94769e-13
2.83505e-13
8.6737e-14
-1.02065e-13
-2.15613e-13
-2.36363e-13
-1.86025e-13
-1.02908e-13
-2.23272e-14
3.39455e-14
5.94665e-14
5.92389e-14
4.37298e-14
2.35426e-14
6.18657e-15
-4.86474e-15
-9.46764e-15
-9.37594e-15
-6.85869e-15
-3.78961e-15
-1.28379e-15
2.59477e-16
9.16553e-16
9.74983e-16
7.39981e-16
4.36123e-16
1.85219e-16
2.68562e-17
-4.7695e-17
-6.59144e-17
-5.5468e-17
-3.59988e-17
-1.88304e-17
-3.50815e-18
0.999994
0.999978
1.00012
1.0003
0.999599
0.997507
0.996583
1.00278
1.01986
1.04061
1.04321
0.998845
0.887594
0.712213
0.5
0.291459
0.123039
0.0139117
-0.0372711
-0.0463857
-0.0338802
-0.0164687
-0.00341188
0.00287833
0.00400571
0.00269582
0.00103755
-1.67195e-05
-0.000376094
-0.000322165
-0.000148743
-1.73631e-05
3.52842e-05
3.50019e-05
1.7025e-05
2.3144e-06
-3.70406e-06
-3.70485e-06
-1.72852e-06
-1.6006e-07
4.31511e-07
3.8528e-07
1.58213e-07
-2.04541e-09
-5.19695e-08
-3.86687e-08
-1.26123e-08
2.8089e-09
6.09135e-09
3.6399e-09
7.70488e-10
-5.81015e-10
-6.70665e-10
-3.08556e-10
-1.40149e-11
8.73592e-11
6.84047e-11
2.25349e-11
-5.00852e-12
-1.08031e-11
-6.61072e-12
-1.95316e-12
6.23533e-14
2.02047e-13
-6.31317e-14
-1.30632e-14
3.1688e-13
6.25049e-13
7.06777e-13
5.49598e-13
2.64278e-13
-1.70716e-14
-2.06217e-13
-2.7632e-13
-2.48188e-13
-1.65276e-13
-7.1234e-14
3.67839e-15
4.65933e-14
5.90249e-14
5.05847e-14
3.27417e-14
1.46103e-14
1.2762e-15
-5.89398e-15
-7.93369e-15
-6.83177e-15
-4.48216e-15
-2.1741e-15
-5.20108e-16
3.74092e-16
6.74361e-16
6.24802e-16
4.34306e-16
2.35213e-16
8.75766e-17
2.56928e-18
-3.28144e-17
-3.83185e-17
-2.73773e-17
1
0.999978
1.00001
1.00021
1.00025
0.999162
0.996984
0.996931
1.00472
1.02272
1.04237
1.04193
0.99441
0.88208
0.708541
0.5
0.294834
0.127814
0.0178165
-0.035558
-0.0468395
-0.0355575
-0.0182615
-0.00461091
0.00243196
0.00409206
0.00298801
0.00129613
0.000115423
-0.000354624
-0.00035473
-0.000187304
-3.99542e-05
2.95993e-05
3.83716e-05
2.20318e-05
5.39077e-06
-2.88567e-06
-4.10654e-06
-2.34794e-06
-5.28881e-07
3.45069e-07
4.41811e-07
2.32812e-07
3.80405e-08
-4.54776e-08
-4.70091e-08
-2.12648e-08
-1.11277e-09
5.93857e-09
4.81663e-09
1.71667e-09
-2.50033e-10
-7.308e-10
-4.62205e-10
-1.09796e-10
6.57661e-11
8.36854e-11
4.14449e-11
4.81674e-12
-8.88951e-12
-7.83344e-12
-3.31856e-12
-8.08965e-13
-5.65601e-13
-1.02879e-12
-1.07523e-12
-5.32362e-13
2.29471e-13
8.03221e-13
9.97767e-13
8.46536e-13
5.03953e-13
1.37596e-13
-1.36829e-13
-2.74149e-13
-2.87056e-13
-2.19936e-13
-1.23083e-13
-3.52254e-14
2.34257e-14
4.95714e-14
5.06322e-14
3.78613e-14
2.1281e-14
7.27467e-15
-1.58628e-15
-5.46157e-15
-5.8469e-15
-4.46122e-15
-2.62796e-15
-1.09436e-15
-1.1951e-16
3.37727e-16
4.42276e-16
3.66191e-16
2.34778e-16
1.16471e-16
3.85748e-17
-1.45937e-17
1
0.999992
0.999971
1.00006
1.00029
1.00011
0.998686
0.996583
0.997489
1.00671
1.02537
1.04378
1.04049
0.990161
0.876961
0.705166
0.5
0.297951
0.132283
0.0215636
-0.0338022
-0.0471324
-0.0370806
-0.0199854
-0.00582946
0.00192307
0.00412207
0.00325471
0.00155785
0.0002638
-0.000318255
-0.000380175
-0.000225738
-6.55836e-05
2.10018e-05
4.03256e-05
2.69479e-05
8.95689e-06
-1.59756e-06
-4.28826e-06
-2.9575e-06
-9.72493e-07
1.91739e-07
4.69999e-07
3.0836e-07
8.91624e-08
-3.0336e-08
-5.22848e-08
-3.05133e-08
-6.58402e-09
4.76716e-09
5.72934e-09
2.80776e-09
2.84377e-10
-6.83084e-10
-6.02379e-10
-2.32493e-10
1.8194e-11
8.74519e-11
5.98561e-11
1.81323e-11
-3.63902e-12
-6.78923e-12
-3.05164e-12
-3.29166e-13
-3.46299e-13
-1.62129e-12
-2.47349e-12
-2.26309e-12
-1.26244e-12
-7.57312e-14
8.1035e-13
1.19379e-12
1.1213e-12
7.72044e-13
3.45611e-13
-9.56063e-15
-2.22273e-13
-2.90261e-13
-2.53847e-13
-1.66846e-13
-7.49445e-14
-5.48211e-15
3.27653e-14
4.39404e-14
3.79699e-14
2.49083e-14
1.19001e-14
2.49731e-15
-2.5864e-15
-4.23563e-15
-3.84232e-15
-2.63011e-15
-1.38753e-15
-4.75601e-16
4.07195e-17
2.45523e-16
2.62452e-16
2.00621e-16
9.70723e-17
1
1
0.99998
0.999981
1.00013
1.00033
0.999903
0.998204
0.996314
0.998219
1.00873
1.02779
1.04489
1.03892
0.986088
0.872186
0.702049
0.5
0.300845
0.136483
0.0251626
-0.0320184
-0.0472861
-0.0384617
-0.0216386
-0.00705794
0.0013602
0.00409858
0.0034938
0.00181902
0.00042595
-0.000267441
-0.000397667
-0.000263018
-9.36835e-05
9.53536e-06
4.06398e-05
3.15468e-05
1.2906e-05
1.62694e-07
-4.20216e-06
-3.51595e-06
-1.47456e-06
-3.10581e-08
4.61102e-07
3.78446e-07
1.49319e-07
-5.75347e-09
-5.30802e-08
-3.94913e-08
-1.3425e-08
2.40326e-09
6.17241e-09
3.94283e-09
1.01677e-09
-4.94876e-10
-7.00796e-10
-3.71251e-10
-5.7163e-11
7.36079e-11
7.23945e-11
3.15484e-11
3.11386e-12
-4.26526e-12
-1.04414e-12
2.46769e-12
2.4765e-12
7.6898e-15
-2.60409e-12
-3.86153e-12
-3.53894e-12
-2.21116e-12
-6.45569e-13
5.8515e-13
1.22954e-12
1.31237e-12
1.01808e-12
5.721e-13
1.56878e-13
-1.26031e-13
-2.54208e-13
-2.58925e-13
-1.93393e-13
-1.07457e-13
-3.42088e-14
1.22761e-14
3.22704e-14
3.34717e-14
2.51015e-14
1.44235e-14
5.5997e-15
7.40141e-17
-2.41913e-15
-2.86207e-15
-2.27778e-15
-1.40948e-15
-6.60919e-16
-1.69945e-16
7.3104e-17
1.70241e-16
1
1
0.999995
0.99997
1.00001
1.0002
1.00032
0.999638
0.997741
0.996174
0.999086
1.01073
1.03001
1.04575
1.03727
0.982184
0.867717
0.699155
0.5
0.303542
0.14044
0.0286225
-0.0302183
-0.0473191
-0.0397121
-0.0232206
-0.00828853
0.000751047
0.00402473
0.00370393
0.00207651
0.00059947
-0.000202868
-0.000406618
-0.000298222
-0.000123655
-4.67632e-06
3.91468e-05
3.56146e-05
1.71156e-05
2.37783e-06
-3.81077e-06
-3.98233e-06
-2.0144e-06
-3.22032e-07
4.07864e-07
4.36299e-07
2.15588e-07
2.84321e-08
-4.81356e-08
-4.72116e-08
-2.12947e-08
-1.24228e-09
5.94666e-09
4.9934e-09
1.91707e-09
-1.42332e-10
-7.25826e-10
-5.07763e-10
-1.55932e-10
3.92953e-11
7.43562e-11
4.05897e-11
7.3335e-12
-3.84456e-12
-2.11799e-14
6.24892e-12
8.18379e-12
5.47547e-12
8.40963e-13
-3.05612e-12
-4.91446e-12
-4.74748e-12
-3.29497e-12
-1.44519e-12
1.23035e-13
1.07085e-12
1.36985e-12
1.19045e-12
7.73858e-13
3.32371e-13
-2.33605e-15
-1.85194e-13
-2.34367e-13
-1.98139e-13
-1.26943e-13
-5.73373e-14
-7.71356e-15
1.83481e-14
2.5796e-14
2.2334e-14
1.47342e-14
7.33829e-15
2.0813e-15
-7.71138e-16
-1.78371e-15
-1.72556e-15
-1.228e-15
-7.0529e-16
-1.83309e-16
1
1
1
0.999986
0.999968
1.00005
1.00027
1.00027
0.999331
0.997313
0.996157
1.00006
1.01269
1.03204
1.04639
1.03556
0.978436
0.863517
0.696458
0.5
0.306067
0.144179
0.0319521
-0.0284107
-0.0472471
-0.0408424
-0.0247318
-0.00951485
0.000102559
0.00390383
0.00388439
0.00232765
0.000782063
-0.000125388
-0.000406654
-0.000330536
-0.00015489
-2.1445e-05
3.57346e-05
3.89561e-05
2.14541e-05
5.01315e-06
-3.08783e-06
-4.31774e-06
-2.56818e-06
-6.76182e-07
3.04897e-07
4.7519e-07
2.84298e-07
7.17235e-08
-3.64429e-08
-5.26328e-08
-2.97063e-08
-6.15961e-09
4.87643e-09
5.81043e-09
2.92798e-09
3.83424e-10
-6.47226e-10
-6.17608e-10
-2.65819e-10
-1.14802e-11
6.59944e-11
4.36477e-11
5.66015e-12
-1.05483e-11
-5.78235e-12
5.83921e-12
1.34426e-11
1.38077e-11
8.97299e-12
2.54541e-12
-2.66408e-12
-5.39232e-12
-5.69199e-12
-4.35498e-12
-2.36343e-12
-5.18302e-13
7.28362e-13
1.27241e-12
1.25259e-12
9.12371e-13
4.84441e-13
1.2564e-13
-9.70303e-14
-1.86322e-13
-1.81903e-13
-1.31162e-13
-7.13987e-14
-2.37432e-14
4.95467e-15
1.68202e-14
1.76436e-14
1.32367e-14
7.72099e-15
3.249e-15
4.6862e-16
-8.20288e-16
-1.13318e-15
-8.81764e-16
1
1
1
0.999999
0.999976
0.999976
1.0001
1.00032
1.00018
0.998997
0.996934
0.996254
1.00112
1.01461
1.03388
1.04684
1.0338
0.974837
0.85956
0.693933
0.5
0.308436
0.147722
0.0351593
-0.0266028
-0.0470838
-0.0418621
-0.0261734
-0.0107318
-0.000579061
0.00373921
0.00403491
0.00257022
0.000971575
-3.59692e-05
-0.000397589
-0.000359261
-0.000186791
-4.05324e-05
3.03429e-05
4.13993e-05
2.57856e-05
8.01928e-06
-2.01859e-06
-4.48692e-06
-3.11006e-06
-1.08513e-06
1.48928e-07
4.88783e-07
3.5122e-07
1.22977e-07
-1.73192e-08
-5.47251e-08
-3.80511e-08
-1.22315e-08
2.82627e-09
6.23353e-09
3.96365e-09
1.06863e-09
-4.44885e-10
-6.76706e-10
-3.69526e-10
-6.72638e-11
5.59393e-11
4.72137e-11
1.20116e-12
-2.57569e-11
-2.38167e-11
-6.53441e-12
1.05646e-11
1.9327e-11
1.90409e-11
1.29837e-11
5.19254e-12
-1.33115e-12
-5.15191e-12
-6.18991e-12
-5.20404e-12
-3.24459e-12
-1.2338e-12
2.56012e-13
1.03406e-12
1.19337e-12
9.6451e-13
5.87419e-13
2.35367e-13
-6.4996e-15
-1.25374e-13
-1.49935e-13
-1.21499e-13
-7.54558e-14
-3.38458e-14
-5.80726e-15
8.28751e-15
1.2235e-14
1.06196e-14
7.04309e-15
3.61307e-15
1.26469e-15
-4.01351e-16
1
1
1
1
0.999993
0.999969
0.999995
1.00016
1.00035
1.00004
0.998649
0.99661
0.996454
1.00224
1.01647
1.03556
1.04713
1.03202
0.971377
0.855821
0.691564
0.5
0.310668
0.151087
0.0382517
-0.0248
-0.0468406
-0.0427801
-0.0275469
-0.0119352
-0.00128828
0.0035342
0.00415565
0.00280238
0.00116601
6.43519e-05
-0.000379392
-0.000383812
-0.000218782
-6.16627e-05
2.29581e-05
4.27975e-05
2.99747e-05
1.1335e-05
-5.99485e-07
-4.45928e-06
-3.61336e-06
-1.53758e-06
-6.10895e-08
4.71448e-07
4.11785e-07
1.80451e-07
9.54256e-09
-5.25337e-08
-4.56275e-08
-1.92286e-08
-2.80424e-10
6.10592e-09
4.91397e-09
1.8716e-09
-1.19414e-10
-6.73205e-10
-4.55121e-10
-1.16216e-10
5.84301e-11
6.75209e-11
8.74625e-12
-4.00245e-11
-5.20401e-11
-3.55198e-11
-9.23922e-12
1.23259e-11
2.30739e-11
2.34582e-11
1.71807e-11
8.52249e-12
8.04487e-13
-4.19006e-12
-6.13152e-12
-5.68457e-12
-3.93388e-12
-1.90065e-12
-2.64433e-13
6.99017e-13
1.02842e-12
9.27294e-13
6.28452e-13
3.10755e-13
7.14198e-14
-6.31183e-14
-1.09806e-13
-1.01922e-13
-7.08169e-14
-3.77071e-14
-1.28733e-14
1.41194e-15
7.14181e-15
7.59787e-15
5.8121e-15
2.77057e-15
1
1
1
1
1
0.999985
0.999966
1.00002
1.00022
1.00036
0.999873
0.998298
0.996344
0.996747
1.00341
1.01826
1.03708
1.04729
1.03022
0.968048
0.852278
0.689332
0.5
0.312776
0.154289
0.0412361
-0.0230068
-0.0465277
-0.0436044
-0.0288545
-0.0131217
-0.0020202
0.00329203
0.00424704
0.00302265
0.00136354
0.0001745
-0.000352164
-0.000403711
-0.000250322
-8.45349e-05
1.36085e-05
4.30305e-05
3.38904e-05
1.48899e-05
1.16251e-06
-4.20972e-06
-4.0515e-06
-2.01985e-06
-3.2397e-07
4.18502e-07
4.61295e-07
2.4188e-07
4.40428e-08
-4.52359e-08
-5.16744e-08
-2.68087e-08
-4.44038e-09
5.29845e-09
5.66074e-09
2.72808e-09
3.03606e-10
-6.18699e-10
-5.3121e-10
-1.61969e-10
7.99938e-11
1.22277e-10
5.26882e-11
-2.94873e-11
-7.33892e-11
-7.38889e-11
-4.80357e-11
-1.55325e-11
1.03538e-11
2.42235e-11
2.65574e-11
2.1e-11
1.20372e-11
3.41304e-12
-2.64979e-12
-5.51602e-12
-5.71394e-12
-4.31941e-12
-2.41122e-12
-7.46323e-13
3.27632e-13
7.93169e-13
8.1601e-13
6.08831e-13
3.45096e-13
1.26915e-13
-9.14259e-15
-6.90941e-14
-7.74547e-14
-6.01883e-14
-3.6321e-14
-1.61928e-14
-3.24561e-15
2.96365e-15
5.08703e-15
1
1
1
1
1
0.999999
0.999977
0.999969
1.00006
1.00027
1.00034
0.999674
0.997952
0.996139
0.997122
1.00461
1.01999
1.03846
1.04732
1.02841
0.964841
0.848913
0.687224
0.5
0.314771
0.157342
0.0441189
-0.0212264
-0.0461536
-0.0443425
-0.0300982
-0.0142888
-0.00277045
0.0030158
0.00430973
0.00322985
0.00156249
0.000293389
-0.000316114
-0.000418577
-0.000280908
-0.000108832
2.3583e-06
4.2005e-05
3.74091e-05
1.86075e-05
3.25083e-06
-3.71912e-06
-4.39894e-06
-2.51643e-06
-6.36391e-07
3.26391e-07
4.95121e-07
3.04562e-07
8.56602e-08
-3.21988e-08
-5.54163e-08
-3.45281e-08
-9.55348e-09
3.73968e-09
6.10857e-09
3.5756e-09
7.87819e-10
-5.45557e-10
-6.35355e-10
-2.40643e-10
9.81695e-11
2.10234e-10
1.51803e-10
3.65556e-11
-5.5687e-11
-9.6548e-11
-9.21891e-11
-6.20914e-11
-2.53936e-11
4.86668e-12
2.27089e-11
2.79096e-11
2.38317e-11
1.51563e-11
6.06528e-12
-7.84266e-13
-4.45156e-12
-5.30281e-12
-4.35696e-12
-2.69799e-12
-1.11979e-12
-2.03933e-14
5.31293e-13
6.57521e-13
5.41131e-13
3.40809e-13
1.56535e-13
3.07366e-14
-3.36471e-14
-5.27584e-14
-4.66899e-14
-3.13363e-14
-1.68263e-14
-3.1329e-15
1
1
1
1
1
1
0.999994
0.99997
0.999978
1.0001
1.00032
1.00029
0.999453
0.997619
0.995994
0.997568
1.00583
1.02164
1.03971
1.04725
1.0266
0.961748
0.845711
0.685229
0.5
0.316664
0.160259
0.0469061
-0.0194615
-0.0457261
-0.045001
-0.0312804
-0.0154344
-0.0035352
0.00270848
0.00434457
0.00342307
0.00176139
0.000419943
-0.000271537
-0.000428126
-0.00031008
-0.000134231
-1.0698e-05
3.96535e-05
4.04167e-05
2.24072e-05
5.64045e-06
-2.97449e-06
-4.63191e-06
-3.01057e-06
-9.93054e-07
1.92811e-07
5.08891e-07
3.65465e-07
1.33449e-07
-1.30396e-08
-5.61266e-08
-4.1878e-08
-1.54275e-08
1.43581e-09
6.21956e-09
4.39418e-09
1.32515e-09
-4.76761e-10
-8.18335e-10
-4.21711e-10
4.60465e-11
2.86625e-10
2.92638e-10
1.73319e-10
3.4293e-11
-6.53376e-11
-1.09416e-10
-1.06983e-10
-7.6748e-11
-3.74867e-11
-3.15603e-12
1.88609e-11
2.73158e-11
2.52141e-11
1.73796e-11
8.34306e-12
1.10838e-12
-3.12241e-12
-4.54364e-12
-4.0723e-12
-2.74375e-12
-1.34542e-12
-2.9971e-13
2.83211e-13
4.8188e-13
4.4398e-13
3.06818e-13
1.62408e-13
5.47815e-14
-6.77043e-15
-3.11816e-14
-3.33386e-14
-2.22011e-14
1
1
1
1
1
1
1
0.999988
0.999965
0.999994
1.00015
1.00035
1.00022
0.999214
0.997304
0.995908
0.998077
1.00706
1.02322
1.04084
1.04708
1.0248
0.958764
0.842658
0.683336
0.5
0.318465
0.16305
0.0496032
-0.0177142
-0.0452515
-0.0455862
-0.0324034
-0.016557
-0.00431106
0.00237287
0.00435251
0.00360162
0.00195888
0.000553114
-0.000218795
-0.000432155
-0.000337425
-0.000160408
-2.54409e-05
3.59333e-05
4.28102e-05
2.62068e-05
8.29913e-06
-1.96898e-06
-4.72897e-06
-3.48483e-06
-1.3869e-06
1.67904e-08
4.98657e-07
4.21343e-07
1.86058e-07
1.23199e-08
-5.32092e-08
-4.83578e-08
-2.18264e-08
-1.54842e-09
6.02244e-09
5.24018e-09
1.98693e-09
-3.68526e-10
-1.09315e-09
-7.73905e-10
-1.75804e-10
2.54032e-10
4.05547e-10
3.50435e-10
2.02818e-10
5.06824e-11
-5.91258e-11
-1.12855e-10
-1.17454e-10
-9.00293e-11
-4.97758e-11
-1.23008e-11
1.33479e-11
2.4891e-11
2.49599e-11
1.8404e-11
9.93372e-12
2.75619e-12
-1.73842e-12
-3.57839e-12
-3.54432e-12
-2.57682e-12
-1.41731e-12
-4.86392e-13
7.80097e-14
3.15132e-13
3.36603e-13
2.54967e-13
1.5029e-13
6.43783e-14
1.16395e-14
-2.01532e-14
1
1
1
1
1
1
1
1
0.999981
0.999964
1.00002
1.00019
1.00037
1.00013
0.998962
0.997012
0.995878
0.99864
1.00829
1.02473
1.04186
1.04684
1.02301
0.955881
0.839741
0.681535
0.5
0.32018
0.165724
0.0522152
-0.015986
-0.0447357
-0.0461036
-0.0334697
-0.0176553
-0.00509503
0.00201159
0.00433459
0.00376502
0.0021538
0.000691889
-0.000158302
-0.000430534
-0.000362578
-0.000187044
-4.1731e-05
3.08245e-05
4.44991e-05
2.99245e-05
1.11886e-05
-7.01679e-07
-4.67149e-06
-3.92154e-06
-1.80933e-06
-2.01275e-07
4.61079e-07
4.68897e-07
2.41802e-07
4.36357e-08
-4.62711e-08
-5.3571e-08
-2.85676e-08
-5.17225e-09
5.55833e-09
6.22993e-09
2.94784e-09
-5.34919e-11
-1.36091e-09
-1.29255e-09
-6.44078e-10
-8.70321e-12
3.66696e-10
4.73246e-10
3.99497e-10
2.44295e-10
8.26236e-11
-4.07673e-11
-1.08129e-10
-1.22501e-10
-9.97833e-11
-6.01869e-11
-2.10784e-11
7.04038e-12
2.10441e-11
2.3184e-11
1.81708e-11
1.06838e-11
3.96798e-12
-4.85652e-13
-2.55929e-12
-2.87817e-12
-2.25581e-12
-1.35707e-12
-5.77955e-13
-6.9764e-14
1.75021e-13
2.34779e-13
1.96422e-13
1.29636e-13
4.6828e-14
1
1
1
1
1
1
1
1
0.999996
0.999974
0.999966
1.00004
1.00024
1.00038
1.00002
0.998704
0.996745
0.995901
0.999249
1.00951
1.02617
1.04278
1.04653
1.02123
0.953094
0.83695
0.67982
0.5
0.321818
0.168292
0.0547468
-0.0142781
-0.0441837
-0.0465584
-0.0344817
-0.0187287
-0.00588449
0.00162712
0.00429193
0.00391295
0.00234509
0.0008353
-9.05101e-05
-0.000423203
-0.000385216
-0.000213831
-5.94135e-05
2.43282e-05
4.54056e-05
3.34801e-05
1.42659e-05
8.22688e-07
-4.44398e-06
-4.30337e-06
-2.25052e-06
-4.59618e-07
3.93584e-07
5.04974e-07
2.9881e-07
8.04116e-08
-3.51274e-08
-5.72906e-08
-3.56314e-08
-9.55422e-09
4.74549e-09
7.43271e-09
4.42907e-09
7.61009e-10
-1.35815e-09
-1.81572e-09
-1.32229e-09
-5.70924e-10
4.56279e-11
3.99304e-10
5.07957e-10
4.44904e-10
2.92702e-10
1.22673e-10
-1.52485e-11
-9.68114e-11
-1.21411e-10
-1.04421e-10
-6.71369e-11
-2.82374e-11
8.32647e-13
1.63725e-11
2.02435e-11
1.68407e-11
1.06043e-11
4.65852e-12
5.07563e-13
-1.6155e-12
-2.17824e-12
-1.85089e-12
-1.20272e-12
-5.88221e-13
-1.58956e-13
6.9907e-14
1.49097e-13
1.35474e-13
1
1
1
1
1
1
1
1
1
0.999992
0.999968
0.999972
1.00008
1.00028
1.00038
0.999885
0.998442
0.996506
0.995975
0.999897
1.01073
1.02755
1.0436
1.04615
1.01946
0.950397
0.834276
0.678182
0.5
0.323384
0.170759
0.0572023
-0.0125913
-0.0435999
-0.0469552
-0.0354416
-0.0197763
-0.00667712
0.00122177
0.00422567
0.00404522
0.00253184
0.00098243
-1.58973e-05
-0.000410155
-0.000405065
-0.000240475
-7.83224e-05
1.64643e-05
4.54649e-05
3.67969e-05
1.74845e-05
2.5942e-06
-4.0343e-06
-4.61373e-06
-2.69974e-06
-7.55194e-07
2.94492e-07
5.26791e-07
3.55256e-07
1.22095e-07
-1.96651e-08
-5.94e-08
-4.31918e-08
-1.5087e-08
3.20365e-09
8.67519e-09
6.5282e-09
2.38345e-09
-6.90382e-10
-1.98836e-09
-1.97814e-09
-1.35004e-09
-6.03687e-10
2.93496e-12
3.77698e-10
5.21091e-10
4.83421e-10
3.38683e-10
1.62334e-10
1.24219e-11
-8.08007e-11
-1.14296e-10
-1.0333e-10
-6.98236e-11
-3.29707e-11
-4.52572e-12
1.15187e-11
1.66251e-11
1.47213e-11
9.8364e-12
4.84363e-12
1.18313e-12
-8.33469e-13
-1.52826e-12
-1.42724e-12
-9.97036e-13
-5.38808e-13
-2.05214e-13
4.63942e-14
1
1
1
1
1
1
1
1
1
1
0.999986
0.999964
0.999983
1.00011
1.00032
1.00035
0.999736
0.998181
0.996296
0.996096
1.00058
1.01194
1.02885
1.04434
1.04573
1.01771
0.947785
0.831708
0.676616
0.5
0.324883
0.173133
0.0595858
-0.0109263
-0.0429883
-0.0472984
-0.0363518
-0.020798
-0.0074709
0.000797666
0.00413694
0.00416179
0.00271326
0.00113242
6.50418e-05
-0.000391436
-0.000421892
-0.000266696
-9.82845e-05
7.26923e-06
4.46255e-05
3.98024e-05
2.07953e-05
4.59823e-06
-3.43388e-06
-4.83724e-06
-3.14579e-06
-1.08392e-06
1.62986e-07
5.32059e-07
4.09592e-07
1.68362e-07
4.56375e-10
-5.96328e-08
-5.14483e-08
-2.24019e-08
1.53636e-10
9.3374e-09
8.96898e-09
4.90457e-09
9.99911e-10
-1.34114e-09
-2.1766e-09
-2.04228e-09
-1.44358e-09
-7.2603e-10
-9.9121e-11
3.25882e-10
5.17252e-10
5.08282e-10
3.72959e-10
1.94435e-10
3.80153e-11
-6.22308e-11
-1.02159e-10
-9.69226e-11
-6.82647e-11
-3.49886e-11
-8.54387e-12
7.03803e-12
1.28258e-11
1.21775e-11
8.59583e-12
4.61345e-12
1.5465e-12
-2.52205e-13
-9.81865e-13
-1.03284e-12
-7.90429e-13
-3.68966e-13
1
1
1
1
1
1
1
1
1
1
0.999999
0.999981
0.999962
0.999998
1.00015
1.00035
1.00032
0.999574
0.997923
0.996116
0.996261
1.00129
1.01312
1.0301
1.045
1.04525
1.01599
0.945253
0.829241
0.675117
0.5
0.326321
0.17542
0.061901
-0.00928346
-0.0423523
-0.0475919
-0.0372146
-0.0217935
-0.00826406
0.000356807
0.00402691
0.00426271
0.00288868
0.00128445
0.000151804
-0.000367134
-0.000435504
-0.000292234
-0.000119122
-3.20597e-06
4.28483e-05
4.24293e-05
2.41482e-05
6.81601e-06
-2.63771e-06
-4.96023e-06
-3.57754e-06
-1.44111e-06
-1.1799e-09
5.1887e-07
4.606e-07
2.19348e-07
2.61762e-08
-5.71243e-08
-6.01981e-08
-3.20552e-08
-5.44827e-09
8.29645e-09
1.0894e-08
7.91124e-09
3.74732e-09
4.86249e-10
-1.40755e-09
-2.15285e-09
-2.10717e-09
-1.59435e-09
-8.90357e-10
-2.21005e-10
2.61333e-10
4.97348e-10
5.13586e-10
3.89222e-10
2.14419e-10
5.85275e-11
-4.32451e-11
-8.66552e-11
-8.63968e-11
-6.31378e-11
-3.44673e-11
-1.10279e-11
3.31353e-12
9.25786e-12
9.55092e-12
7.11538e-12
4.09666e-12
1.64812e-12
1.28866e-13
-5.57979e-13
-7.1391e-13
1
1
1
1
1
1
1
1
1
1
1
0.999996
0.999975
0.999962
1.00002
1.00019
1.00038
1.00027
0.999401
0.997672
0.995965
0.996466
1.00202
1.01429
1.03128
1.04559
1.04474
1.01428
0.942798
0.826867
0.673679
0.5
0.327702
0.177627
0.0641514
-0.00766299
-0.041695
-0.0478393
-0.0380319
-0.0227629
-0.00905505
-9.89654e-05
0.00389672
0.00434809
0.0030575
0.00143779
0.000243886
-0.000337371
-0.000445747
-0.000316848
-0.000140656
-1.4898e-05
4.01064e-05
4.46165e-05
2.74924e-05
9.22546e-06
-1.64411e-06
-4.9709e-06
-3.98445e-06
-1.82211e-06
-1.98273e-07
4.85174e-07
5.07041e-07
2.75537e-07
5.92189e-08
-4.99627e-08
-6.82297e-08
-4.39144e-08
-1.44271e-08
4.18868e-09
1.08851e-08
1.0308e-08
6.96929e-09
3.42739e-09
6.48009e-10
-1.16785e-09
-2.06752e-09
-2.18977e-09
-1.75556e-09
-1.04564e-09
-3.32062e-10
1.95e-10
4.61872e-10
4.96894e-10
3.85285e-10
2.20642e-10
7.23277e-11
-2.57092e-11
-6.96951e-11
-7.33604e-11
-5.5515e-11
-3.1915e-11
-1.20486e-11
5.2877e-13
6.1984e-12
7.10702e-12
5.6009e-12
3.41997e-12
1.6061e-12
4.51484e-14
1
1
1
1
1
1
1
1
1
1
1
1
0.999992
0.99997
0.999965
1.00004
1.00023
1.0004
1.0002
0.999218
0.99743
0.995844
0.996708
1.00277
1.01543
1.0324
1.0461
1.04418
1.01259
0.940414
0.82458
0.672298
0.5
0.329029
0.179757
0.0663401
-0.00606503
-0.041019
-0.0480439
-0.038806
-0.0237061
-0.0098425
-0.000567948
0.00374749
0.00441815
0.00321926
0.00159173
0.000340786
-0.000302302
-0.000452499
-0.000340315
-0.000162708
-2.77332e-05
3.63843e-05
4.63093e-05
3.07785e-05
1.18022e-05
-4.54117e-07
-4.85916e-06
-4.35672e-06
-2.22273e-06
-4.2931e-07
4.2789e-07
5.46751e-07
3.37057e-07
1.01748e-07
-3.50958e-08
-7.28351e-08
-5.64219e-08
-2.6603e-08
-3.93582e-09
7.36816e-09
1.0439e-08
9.34695e-09
6.71734e-09
3.79476e-09
1.15598e-09
-8.42111e-10
-1.98451e-09
-2.2612e-09
-1.87561e-09
-1.15392e-09
-4.13919e-10
1.33118e-10
4.1286e-10
4.59836e-10
3.62781e-10
2.13975e-10
7.90688e-11
-1.09736e-11
-5.30501e-11
-5.94499e-11
-4.65815e-11
-2.80039e-11
-1.18635e-11
-1.31069e-12
3.78156e-12
5.00443e-12
4.2646e-12
2.27992e-12
1
1
1
1
1
1
1
1
1
1
1
1
1
0.999988
0.999965
0.99997
1.00007
1.00026
1.00041
1.00013
0.999028
0.997198
0.995753
0.996984
1.00354
1.01656
1.03347
1.04656
1.0436
1.01093
0.938099
0.822373
0.670971
0.5
0.330308
0.181815
0.0684703
-0.00448957
-0.0403267
-0.0482087
-0.0395387
-0.0246235
-0.0106253
-0.00104857
0.00358032
0.00447314
0.00337353
0.00174563
0.000442012
-0.000262105
-0.000455675
-0.000362433
-0.000185103
-4.16298e-05
3.16772e-05
4.74598e-05
3.39587e-05
1.45208e-05
9.29645e-07
-4.61577e-06
-4.68474e-06
-2.63912e-06
-6.96461e-07
3.41983e-07
5.75349e-07
4.02294e-07
1.55215e-07
-8.99587e-09
-6.98826e-08
-6.61351e-08
-3.99833e-08
-1.56977e-08
-5.83767e-10
6.63284e-09
9.06082e-09
8.85468e-09
7.10022e-09
4.48882e-09
1.71616e-09
-5.56077e-10
-1.90874e-09
-2.2821e-09
-1.9186e-09
-1.19617e-09
-4.59437e-10
7.90759e-11
3.54279e-10
4.07254e-10
3.26008e-10
1.97007e-10
7.94227e-11
2.41191e-13
-3.80751e-11
-4.60432e-11
-3.74103e-11
-2.34177e-11
-1.08242e-11
-2.31877e-12
1.97964e-12
3.53376e-12
1
1
1
1
1
1
1
1
1
1
1
1
1
1
0.999983
0.999962
0.999979
1.00009
1.0003
1.00041
1.00004
0.998834
0.996977
0.99569
0.997292
1.00431
1.01766
1.03448
1.04696
1.04299
1.00928
0.935849
0.820243
0.669692
0.5
0.33154
0.183807
0.0705446
-0.00293652
-0.0396204
-0.0483365
-0.040232
-0.0255153
-0.0114023
-0.00153937
0.00339626
0.00451337
0.00351998
0.00189891
0.000547083
-0.000216979
-0.000455214
-0.000383022
-0.000207671
-5.65002e-05
2.59891e-05
4.80266e-05
3.69877e-05
1.73559e-05
2.50435e-06
-4.23071e-06
-4.95752e-06
-3.06658e-06
-1.00243e-06
2.20205e-07
5.85129e-07
4.66181e-07
2.18465e-07
3.07053e-08
-5.48593e-08
-6.80385e-08
-5.04099e-08
-2.85841e-08
-1.22698e-08
-1.89323e-09
4.44875e-09
7.94446e-09
8.94653e-09
7.77166e-09
5.15887e-09
2.14138e-09
-3.54459e-10
-1.82014e-09
-2.22543e-09
-1.87153e-09
-1.17087e-09
-4.69732e-10
3.46286e-11
2.91311e-10
3.45638e-10
2.80497e-10
1.73166e-10
7.47214e-11
7.81934e-12
-2.55871e-11
-3.41049e-11
-2.88289e-11
-1.87021e-11
-9.53989e-12
-1.07049e-12
1
1
1
1
1
1
1
1
1
1
1
1
1
1
0.999998
0.999978
0.99996
0.99999
1.00012
1.00033
1.0004
0.999936
0.998636
0.99677
0.995655
0.997627
1.0051
1.01873
1.03544
1.0473
1.04235
1.00766
0.93366
0.818185
0.66846
0.5
0.332728
0.185735
0.0725657
-0.00140572
-0.0389018
-0.0484299
-0.0408876
-0.0263818
-0.0121727
-0.00203902
0.00319634
0.00453918
0.00365836
0.00205103
0.000655535
-0.000167136
-0.000451085
-0.000401919
-0.000230249
-7.22533e-05
1.93308e-05
4.79732e-05
3.98219e-05
2.0282e-05
4.26792e-06
-3.69146e-06
-5.16027e-06
-3.49681e-06
-1.34823e-06
5.43852e-08
5.65069e-07
5.18986e-07
2.85673e-07
8.28564e-08
-2.49721e-08
-5.69812e-08
-5.21596e-08
-3.7773e-08
-2.46377e-08
-1.40591e-08
-5.04617e-09
2.42841e-09
7.45816e-09
9.35194e-09
8.35892e-09
5.57267e-09
2.35477e-09
-2.32392e-10
-1.6988e-09
-2.08511e-09
-1.742e-09
-1.08886e-09
-4.50872e-10
4.68357e-13
2.29226e-10
2.81551e-10
2.31737e-10
1.45935e-10
6.6587e-11
1.21187e-11
-1.5889e-11
-2.41149e-11
-2.1662e-11
-1.22374e-11
1
1
1
1
1
1
1
1
1
1
1
1
1
1
1
0.999995
0.999973
0.999959
1
1.00015
1.00036
1.00038
0.999826
0.998438
0.996577
0.995647
0.997988
1.00588
1.01978
1.03635
1.04759
1.04169
1.00607
0.93153
0.816193
0.667272
0.5
0.333876
0.187604
0.074536
0.000103055
-0.0381728
-0.0484913
-0.0415074
-0.0272235
-0.0129357
-0.00254628
0.00298156
0.00455094
0.00378844
0.00220149
0.000766918
-0.0001128
-0.000443277
-0.000418982
-0.000252681
-8.87965e-05
1.17177e-05
4.72656e-05
4.24173e-05
2.32723e-05
6.21847e-06
-2.98207e-06
-5.27196e-06
-3.91445e-06
-1.7292e-06
-1.61148e-07
5.02959e-07
5.46761e-07
3.45197e-07
1.40523e-07
1.81446e-08
-3.01684e-08
-3.97453e-08
-3.70338e-08
-3.23301e-08
-2.63428e-08
-1.79781e-08
-7.98709e-09
1.25492e-09
7.46285e-09
9.71275e-09
8.60694e-09
5.63716e-09
2.35999e-09
-1.64976e-10
-1.53702e-09
-1.87398e-09
-1.55102e-09
-9.67348e-10
-4.11099e-10
-2.35666e-11
1.72385e-10
2.2047e-10
1.84296e-10
1.18314e-10
5.66231e-11
1.37491e-11
-8.65802e-12
-1.74635e-11
1
1
1
1
1
1
1
1
1
1
1
1
1
1
1
1
0.999991
0.999968
0.999961
1.00002
1.00019
1.00038
1.00035
0.999707
0.998239
0.996398
0.995665
0.998373
1.00668
1.0208
1.03721
1.04784
1.04102
1.00449
0.929455
0.814265
0.666124
0.5
0.334986
0.189416
0.0764578
0.00159005
-0.0374349
-0.0485229
-0.0420928
-0.0280408
-0.0136908
-0.00306002
0.00275286
0.00454904
0.00391008
0.00234986
0.000880802
-5.42048e-05
-0.000431799
-0.000434082
-0.000274818
-0.000106037
3.16693e-06
4.58689e-05
4.47252e-05
2.62942e-05
8.35082e-06
-2.08489e-06
-5.26468e-06
-4.29392e-06
-2.13025e-06
-4.24219e-07
3.90089e-07
5.34418e-07
3.80608e-07
1.90082e-07
6.61485e-08
9.95172e-09
-1.06688e-08
-2.08109e-08
-2.88517e-08
-3.30575e-08
-3.05021e-08
-2.15628e-08
-9.69557e-09
9.50479e-10
7.63424e-09
9.7623e-09
8.41734e-09
5.36937e-09
2.20418e-09
-1.26563e-10
-1.3407e-09
-1.61647e-09
-1.32501e-09
-8.24823e-10
-3.58834e-10
-3.83757e-11
1.23675e-10
1.66184e-10
1.41416e-10
9.23357e-11
4.74305e-11
5.43976e-12
1
1
1
1
1
1
1
1
1
1
1
1
1
1
1
1
1
0.999987
0.999964
0.999964
1.00004
1.00022
1.0004
1.00032
0.99958
0.998041
0.996235
0.995708
0.998778
1.00747
1.02179
1.03803
1.04804
1.04033
1.00294
0.927434
0.812396
0.665014
0.5
0.336059
0.191175
0.0783333
0.00305557
-0.0366893
-0.0485266
-0.0426456
-0.0288341
-0.0144372
-0.00357921
0.00251115
0.00453389
0.00402317
0.00249573
0.000996776
8.4158e-06
-0.000416674
-0.000447105
-0.000296516
-0.000123879
-6.30219e-06
4.37453e-05
4.6688e-05
2.9303e-05
1.06496e-05
-9.8636e-07
-5.10675e-06
-4.59922e-06
-2.52226e-06
-7.18954e-07
2.27885e-07
4.71632e-07
3.74737e-07
2.12923e-07
1.03481e-07
5.35768e-08
3.16982e-08
1.29216e-08
-8.8199e-09
-2.77177e-08
-3.68569e-08
-3.43225e-08
-2.34698e-08
-9.98918e-09
1.21603e-09
7.68027e-09
9.38775e-09
7.8221e-09
4.85044e-09
1.94792e-09
-9.93804e-11
-1.12481e-09
-1.34041e-09
-1.08931e-09
-6.77585e-10
-3.01447e-10
-4.54317e-11
8.44259e-11
1.20474e-10
1.06488e-10
5.89817e-11
1
1
1
1
1
1
1
1
1
1
1
1
1
1
1
1
1
1
0.999983
0.999961
0.99997
1.00006
1.00025
1.00042
1.00027
0.999447
0.997846
0.996087
0.995774
0.999202
1.00826
1.02276
1.03881
1.04821
1.03962
1.00141
0.925464
0.810584
0.663941
0.5
0.337099
0.192883
0.0801645
0.00449994
-0.0359374
-0.0485044
-0.0431671
-0.029604
-0.0151746
-0.00410287
0.00225731
0.00450592
0.00412763
0.00263874
0.00111445
7.48248e-05
-0.000397935
-0.000457943
-0.000317628
-0.000142222
-1.6665e-05
4.08544e-05
4.82357e-05
3.2235e-05
1.30796e-05
3.12726e-07
-4.7713e-06
-4.78876e-06
-2.86254e-06
-1.01203e-06
3.45174e-08
3.60496e-07
3.1662e-07
1.90406e-07
1.09771e-07
8.35418e-08
7.63288e-08
5.99604e-08
2.92443e-08
-5.32239e-09
-3.08388e-08
-4.0692e-08
-3.61601e-08
-2.337e-08
-9.17023e-09
1.69466e-09
7.4374e-09
8.61404e-09
6.93122e-09
4.18353e-09
1.64651e-09
-7.47012e-11
-9.07278e-10
-1.07063e-09
-8.64194e-10
-5.37948e-10
-2.44675e-10
-4.64123e-11
5.38996e-11
8.80049e-11
1
1
1
1
1
1
1
1
1
1
1
1
1
1
1
1
1
1
0.999998
0.999979
0.999959
0.999977
1.00008
1.00028
1.00043
1.00022
0.999308
0.997655
0.995955
0.995863
0.999643
1.00906
1.02371
1.03954
1.04834
1.0389
0.999897
0.923542
0.808825
0.662901
0.5
0.338106
0.194544
0.0819532
0.00592349
-0.0351802
-0.048458
-0.0436588
-0.0303509
-0.0159026
-0.00463013
0.00199216
0.00446555
0.00422342
0.00277856
0.00123344
0.000144784
-0.000375624
-0.000466491
-0.000337998
-0.000160947
-2.78816e-05
3.71607e-05
4.92884e-05
3.50034e-05
1.55762e-05
1.78406e-06
-4.25007e-06
-4.82691e-06
-3.10168e-06
-1.25408e-06
-1.51553e-07
2.22462e-07
2.09765e-07
1.11505e-07
6.54779e-08
7.83414e-08
1.05057e-07
1.08512e-07
8.05353e-08
3.50599e-08
-7.99236e-09
-3.49839e-08
-4.26068e-08
-3.55293e-08
-2.15896e-08
-7.70834e-09
2.11595e-09
6.87715e-09
7.55236e-09
5.8812e-09
3.46483e-09
1.34164e-09
-5.03828e-11
-7.0399e-10
-8.25354e-10
-6.63324e-10
-4.12943e-10
-1.98058e-10
-7.05067e-12
1
1
1
1
1
1
1
1
1
1
1
1
1
1
1
1
1
1
1
0.999995
0.999974
0.999957
0.999986
1.00011
1.00031
1.00043
1.00016
0.999165
0.997468
0.995838
0.995973
1.0001
1.00984
1.02462
1.04023
1.04843
1.03817
0.99841
0.921667
0.807117
0.661894
0.5
0.339084
0.196158
0.0837012
0.00732659
-0.0344187
-0.048389
-0.044122
-0.0310754
-0.0166208
-0.00516018
0.00171649
0.00441319
0.00431054
0.00291487
0.00135338
0.000218048
-0.000349792
-0.000472641
-0.000357456
-0.000179905
-3.9881e-05
3.26491e-05
4.97678e-05
3.75029e-05
1.80412e-05
3.35994e-06
-3.56995e-06
-4.7012e-06
-3.19798e-06
-1.38871e-06
-2.74248e-07
1.01312e-07
7.89827e-08
-1.87427e-08
-4.0125e-08
1.81868e-08
9.6058e-08
1.40187e-07
1.33063e-07
8.83164e-08
3.21185e-08
-1.33927e-08
-3.78076e-08
-4.18878e-08
-3.27559e-08
-1.87367e-08
-6.03554e-09
2.33926e-09
6.06605e-09
6.34526e-09
4.798e-09
2.76843e-09
1.05996e-09
-2.75897e-11
-5.26183e-10
-6.14004e-10
-5.02074e-10
-2.52687e-10
1
1
1
1
1
1
1
1
1
1
1
1
1
1
1
1
1
1
1
1
0.999992
0.99997
0.999957
0.999998
1.00013
1.00034
1.00043
1.00009
0.999018
0.997287
0.995737
0.996103
1.00057
1.01063
1.02552
1.04089
1.04849
1.03743
0.996944
0.919836
0.805456
0.660916
0.5
0.340032
0.19773
0.0854101
0.0087096
-0.0336538
-0.0482989
-0.044558
-0.0317779
-0.0173289
-0.00569227
0.00143107
0.0043493
0.00438899
0.0030474
0.00147391
0.000294356
-0.000320507
-0.000476291
-0.000375808
-0.000198907
-5.25408e-05
2.73493e-05
4.96204e-05
3.96262e-05
2.03493e-05
4.92876e-06
-2.8067e-06
-4.44167e-06
-3.13754e-06
-1.36936e-06
-2.70803e-07
5.91186e-08
-2.75204e-08
-1.72935e-07
-2.00787e-07
-1.07093e-07
3.00016e-08
1.33727e-07
1.69017e-07
1.42827e-07
8.4371e-08
2.41063e-08
-1.8648e-08
-3.82187e-08
-3.87635e-08
-2.85589e-08
-1.54303e-08
-4.45466e-09
2.33582e-09
5.11435e-09
5.12537e-09
3.77722e-09
2.14217e-09
8.154e-10
-8.2994e-12
-3.79556e-10
-4.39514e-10
1
1
1
1
1
1
1
1
1
1
1
1
1
1
1
1
1
1
1
1
1
0.999989
0.999966
0.999958
1.00001
1.00016
1.00036
1.00042
1.00002
0.998868
0.997111
0.995652
0.996253
1.00105
1.0114
1.02638
1.04151
1.04852
1.03669
0.9955
0.918047
0.803842
0.659968
0.5
0.340953
0.19926
0.0870817
0.0100729
-0.0328863
-0.048189
-0.044968
-0.0324592
-0.0180267
-0.00622569
0.00113663
0.00427428
0.00445879
0.00317584
0.00159462
0.000373407
-0.00028788
-0.000477359
-0.00039285
-0.000217716
-6.56698e-05
2.13641e-05
4.88503e-05
4.12946e-05
2.23698e-05
6.34433e-06
-2.08899e-06
-4.13558e-06
-2.95544e-06
-1.18154e-06
-9.05479e-08
1.63754e-07
-4.34432e-08
-3.0024e-07
-3.8781e-07
-2.90539e-07
-1.02498e-07
7.09465e-08
1.68524e-07
1.82062e-07
1.37991e-07
7.26363e-08
1.45853e-08
-2.20815e-08
-3.61761e-08
-3.39668e-08
-2.37189e-08
-1.21556e-08
-3.12771e-09
2.14687e-09
4.13417e-09
3.99274e-09
2.87903e-09
1.60687e-09
6.34543e-10
-1.34856e-10
1
1
1
1
1
1
1
1
1
1
1
1
1
1
1
1
1
1
1
1
1
1
0.999985
0.999963
0.99996
1.00003
1.00019
1.00039
1.00041
0.999935
0.998716
0.996942
0.995582
0.99642
1.00154
1.01217
1.02722
1.04209
1.04853
1.03594
0.994077
0.916299
0.80227
0.659047
0.5
0.341849
0.200751
0.0887172
0.0114169
-0.0321169
-0.0480607
-0.0453532
-0.0331196
-0.018714
-0.00675978
0.000833892
0.00418861
0.00451998
0.00329994
0.00171512
0.000454842
-0.000252091
-0.000475818
-0.000408393
-0.000236064
-7.90019e-05
1.48934e-05
4.75566e-05
4.25004e-05
2.40057e-05
7.45347e-06
-1.58583e-06
-3.93025e-06
-2.75059e-06
-8.6469e-07
2.81879e-07
4.69065e-07
1.02102e-07
-3.3271e-07
-5.50018e-07
-5.03616e-07
-2.94294e-07
-5.65519e-08
1.15117e-07
1.88167e-07
1.78244e-07
1.22607e-07
5.74529e-08
6.02877e-09
-2.31652e-08
-3.22692e-08
-2.83582e-08
-1.88816e-08
-9.21974e-09
-2.10553e-09
1.84222e-09
3.21528e-09
3.00189e-09
2.17233e-09
9.03378e-10
1
1
1
1
1
1
1
1
1
1
1
1
1
1
1
1
1
1
1
1
1
1
0.999999
0.999981
0.99996
0.999964
1.00004
1.00021
1.00041
1.00039
0.999848
0.998562
0.996781
0.995527
0.996604
1.00204
1.01294
1.02804
1.04265
1.0485
1.03518
0.992673
0.91459
0.80074
0.658151
0.5
0.34272
0.202204
0.0903182
0.0127419
-0.0313463
-0.0479152
-0.0457147
-0.0337596
-0.0193906
-0.00729392
0.000523577
0.00409275
0.00457267
0.00341941
0.00183494
0.000538218
-0.000213432
-0.000471745
-0.000422312
-0.000253686
-9.22132e-05
8.24111e-06
4.59629e-05
4.33518e-05
2.52436e-05
8.14135e-06
-1.47409e-06
-4.01735e-06
-2.68678e-06
-5.26283e-07
8.04978e-07
9.91735e-07
4.64642e-07
-1.99148e-07
-6.20711e-07
-6.97083e-07
-5.18335e-07
-2.41867e-07
1.5395e-09
1.46793e-07
1.89692e-07
1.61369e-07
1.01731e-07
4.22278e-08
-3.3971e-10
-2.21584e-08
-2.73152e-08
-2.26837e-08
-1.44817e-08
-6.76888e-09
-1.36885e-09
1.4878e-09
2.43605e-09
2.04324e-09
1
1
1
1
1
1
1
1
1
1
1
1
1
1
1
1
1
1
1
1
1
1
1
0.999997
0.999978
0.999957
0.999969
1.00006
1.00024
1.00042
1.00037
0.999756
0.998408
0.996626
0.995487
0.996804
1.00255
1.01369
1.02883
1.04317
1.04846
1.03442
0.99129
0.912918
0.799249
0.65728
0.5
0.343567
0.203622
0.091886
0.0140484
-0.0305751
-0.0477536
-0.0460535
-0.03438
-0.0200565
-0.00782747
0.000206444
0.00398727
0.00461701
0.00353404
0.00195361
0.000622994
-0.000172341
-0.00046538
-0.000434615
-0.000270386
-0.000104972
1.79322e-06
4.44252e-05
4.41071e-05
2.62049e-05
8.38812e-06
-1.88771e-06
-4.59637e-06
-2.97418e-06
-3.40826e-07
1.36786e-06
1.69104e-06
1.06229e-06
1.55694e-07
-5.31247e-07
-8.08189e-07
-7.2923e-07
-4.60431e-07
-1.65856e-07
5.18934e-08
1.60283e-07
1.76052e-07
1.36941e-07
7.97046e-08
2.90215e-08
-4.27897e-09
-1.97001e-08
-2.20792e-08
-1.74674e-08
-1.07488e-08
-4.82207e-09
-9.29901e-10
1.55747e-09
1
1
1
1
1
1
1
1
1
1
1
1
1
1
1
1
1
1
1
1
1
1
1
1
0.999994
0.999974
0.999956
0.999976
1.00008
1.00027
1.00044
1.00034
0.999659
0.998254
0.99648
0.995461
0.997018
1.00306
1.01444
1.0296
1.04366
1.04839
1.03365
0.989927
0.911283
0.797796
0.656433
0.5
0.344392
0.205005
0.0934218
0.0153367
-0.0298038
-0.047577
-0.0463708
-0.0349811
-0.0207115
-0.00835982
-0.000116691
0.00387282
0.00465329
0.0036437
0.00207068
0.000708553
-0.000129428
-0.00045718
-0.000445528
-0.000286133
-0.000117021
-4.04394e-06
4.34031e-05
4.51812e-05
2.71825e-05
8.32394e-06
-2.85725e-06
-5.82059e-06
-3.83026e-06
-5.29289e-07
1.79318e-06
2.45835e-06
1.85757e-06
7.50967e-07
-2.28755e-07
-7.73392e-07
-8.70288e-07
-6.72036e-07
-3.65606e-07
-9.09026e-08
8.51769e-08
1.56891e-07
1.52711e-07
1.10059e-07
5.94564e-08
1.86909e-08
-6.13532e-09
-1.64946e-08
-1.71366e-08
-1.29726e-08
-7.92998e-09
-2.18786e-09
1
1
1
1
1
1
1
1
1
1
1
1
1
1
1
1
1
1
1
1
1
1
1
1
1
0.999992
0.99997
0.999955
0.999984
1.0001
1.00029
1.00045
1.0003
0.999558
0.998101
0.996342
0.995449
0.997247
1.00358
1.01517
1.03035
1.04412
1.0483
1.03289
0.988583
0.909682
0.796378
0.655608
0.5
0.345196
0.206356
0.0949269
0.0166073
-0.029033
-0.0473866
-0.0466677
-0.0355637
-0.0213556
-0.00889035
-0.000444937
0.00375024
0.00468203
0.00374845
0.0021858
0.000794252
-8.54503e-05
-0.000447849
-0.000455561
-0.00030116
-0.000128295
-8.94459e-06
4.33882e-05
4.71122e-05
2.86457e-05
8.26589e-06
-4.2535e-06
-7.73531e-06
-5.42474e-06
-1.31908e-06
1.8589e-06
3.12174e-06
2.74912e-06
1.55407e-06
3.06176e-07
-5.4407e-07
-8.84954e-07
-8.27384e-07
-5.63377e-07
-2.63486e-07
-3.07977e-08
1.00161e-07
1.41401e-07
1.25205e-07
8.44383e-08
4.25007e-08
1.12587e-08
-6.49863e-09
-1.30989e-08
-1.30227e-08
-8.11767e-09
1
1
1
1
1
1
1
1
1
1
1
1
1
1
1
1
1
1
1
1
1
1
1
1
1
1
0.999989
0.999967
0.999955
0.999993
1.00012
1.00032
1.00045
1.00026
0.999453
0.997949
0.996212
0.995451
0.997489
1.0041
1.0159
1.03108
1.04456
1.04819
1.03212
0.987258
0.908114
0.794995
0.654804
0.5
0.34598
0.207676
0.0964025
0.0178605
-0.0282631
-0.0471834
-0.0469453
-0.0361285
-0.0219888
-0.00941849
-0.000777321
0.00362057
0.00470402
0.00384867
0.00229884
0.000879546
-4.1241e-05
-0.000438319
-0.000465553
-0.000316056
-0.000139036
-1.27938e-05
4.47887e-05
5.04793e-05
3.1201e-05
8.7205e-06
-5.75205e-06
-1.02228e-05
-7.8192e-06
-2.89032e-06
1.33755e-06
3.46793e-06
3.57758e-06
2.47457e-06
1.04656e-06
-1.01483e-07
-7.30233e-07
-8.77981e-07
-7.17802e-07
-4.37519e-07
-1.7284e-07
9.89533e-09
1.00261e-07
1.19355e-07
9.78531e-08
6.22264e-08
2.92654e-08
6.28584e-09
-5.89317e-09
-1.04258e-08
1
1
1
1
1
1
1
1
1
1
1
1
1
1
1
1
1
1
1
1
1
1
1
1
1
1
1
0.999986
0.999963
0.999955
1
1.00014
1.00034
1.00046
1.00022
0.999344
0.997799
0.99609
0.995466
0.997743
1.00463
1.01662
1.03178
1.04497
1.04806
1.03135
0.985952
0.906578
0.793644
0.65402
0.5
0.346744
0.208965
0.0978498
0.0190969
-0.0274946
-0.0469685
-0.0472049
-0.0366765
-0.0226115
-0.00994379
-0.00111282
0.00348506
0.00472042
0.00394515
0.00241007
0.000964147
2.43687e-06
-0.000429655
-0.000476646
-0.00033181
-0.000149903
-1.58242e-05
4.77865e-05
5.57787e-05
3.55043e-05
1.03404e-05
-6.83385e-06
-1.29697e-05
-1.09154e-05
-5.31911e-06
4.66205e-08
3.27923e-06
4.1467e-06
3.37075e-06
1.91485e-06
5.32949e-07
-3.88902e-07
-7.87222e-07
-7.88742e-07
-5.79426e-07
-3.18283e-07
-1.02158e-07
3.25747e-08
9.0569e-08
9.5454e-08
7.33926e-08
4.41788e-08
2.0098e-08
-7.06506e-10
1
1
1
1
1
1
1
1
1
1
1
1
1
1
1
1
1
1
1
1
1
1
1
1
1
1
1
0.999999
0.999983
0.99996
0.999957
1.00001
1.00016
1.00036
1.00046
1.00017
0.999233
0.99765
0.995977
0.995494
0.998008
1.00516
1.01733
1.03246
1.04535
1.04792
1.03058
0.984664
0.905074
0.792325
0.653255
0.499999
0.34749
0.210227
0.0992702
0.020317
-0.0267278
-0.0467431
-0.0474479
-0.0372089
-0.0232242
-0.010466
-0.00145047
0.00334516
0.00473283
0.00403925
0.00252036
0.00104825
4.51034e-05
-0.000422882
-0.000490176
-0.000349785
-0.000162016
-1.87284e-05
5.21903e-05
6.32722e-05
4.21313e-05
1.38331e-05
-6.831e-06
-1.54709e-05
-1.4427e-05
-8.53095e-06
-2.1001e-06
2.37911e-06
4.2568e-06
4.06913e-06
2.78979e-06
1.29513e-06
1.22644e-07
-5.40004e-07
-7.46126e-07
-6.57064e-07
-4.40709e-07
-2.18388e-07
-5.25773e-08
4.14527e-08
7.59631e-08
7.27684e-08
5.41565e-08
2.37391e-08
1
1
1
1
1
1
1
1
1
1
1
1
1
1
1
1
1
1
1
1
1
1
1
1
1
1
1
1
0.999997
0.999979
0.999958
0.99996
1.00003
1.00019
1.00038
1.00045
1.00011
0.999119
0.997504
0.995872
0.995534
0.998284
1.00569
1.01803
1.03312
1.04571
1.04775
1.0298
0.983393
0.903598
0.791035
0.652508
0.499999
0.348219
0.211461
0.100665
0.0215215
-0.0259631
-0.0465083
-0.0476761
-0.0377272
-0.023828
-0.0109853
-0.00178951
0.00320241
0.00474317
0.00413293
0.00263128
0.00113274
8.68237e-05
-0.000418732
-0.000507473
-0.000371595
-0.00017693
-2.27105e-05
5.73209e-05
7.28388e-05
5.14253e-05
1.98322e-05
-5.01728e-06
-1.70755e-05
-1.78855e-05
-1.2277e-05
-5.05203e-06
6.77071e-07
3.74466e-06
4.39381e-06
3.52366e-06
2.08484e-06
7.5311e-07
-1.48507e-07
-5.77293e-07
-6.46559e-07
-5.15167e-07
-3.18605e-07
-1.41885e-07
-2.11168e-08
4.12024e-08
6.08252e-08
4.92065e-08
1
1
1
1
1
1
1
1
1
1
1
1
1
1
1
1
1
1
1
1
1
1
1
1
0.999999
1
1
1
1
0.999995
0.999976
0.999955
0.999964
1.00004
1.00021
1.0004
1.00044
1.00005
0.999003
0.997361
0.995777
0.995587
0.998569
1.00623
1.01871
1.03376
1.04605
1.04758
1.02903
0.982141
0.902151
0.789773
0.651779
0.499998
0.348931
0.21267
0.102036
0.0227115
-0.0252005
-0.0462655
-0.0478915
-0.0382338
-0.0244246
-0.0115026
-0.00212965
0.00305818
0.00475365
0.00422873
0.00274523
0.00121943
0.000128481
-0.000417341
-0.000529573
-0.00039888
-0.000196498
-2.94502e-05
6.196e-05
8.38599e-05
6.33511e-05
2.87493e-05
-7.3241e-07
-1.70737e-05
-2.06856e-05
-1.61421e-05
-8.60284e-06
-1.79749e-06
2.52124e-06
4.20003e-06
3.96717e-06
2.78061e-06
1.42232e-06
3.47417e-07
-2.91069e-07
-5.37727e-07
-5.23302e-07
-3.83999e-07
-2.20346e-07
-8.72572e-08
-4.33236e-09
4.33833e-08
1
1
1
1
1
1
1
1
1
1
1
1
1
1
1
1
1
1
1
1
1
1
1
1
1
1
1
1
1
1
0.999993
0.999973
0.999954
0.999968
1.00006
1.00023
1.00042
1.00043
0.999992
0.998886
0.997221
0.995689
0.995651
0.998864
1.00676
1.01939
1.03438
1.04637
1.04739
1.02826
0.980905
0.900732
0.788539
0.651065
0.499997
0.349628
0.213856
0.103385
0.0238882
-0.02444
-0.0460158
-0.0480964
-0.0387314
-0.0250168
-0.0120196
-0.00247141
0.00291335
0.00476639
0.00432961
0.0028654
0.00131112
0.000172009
-0.000417937
-0.000556885
-0.000433
-0.000222635
-4.0961e-05
6.43907e-05
9.51729e-05
7.73871e-05
4.06366e-05
6.48021e-06
-1.4812e-05
-2.21647e-05
-1.95867e-05
-1.23994e-05
-4.88061e-06
5.99275e-07
3.40511e-06
3.99691e-06
3.26009e-06
2.03354e-06
8.855e-07
8.23988e-08
-3.36844e-07
-4.57221e-07
-4.00977e-07
-2.7353e-07
-1.50282e-07
-2.63615e-08
1
1
1
1
1
1
1
1
1
1
1
1
1
1
1
1
1
1
1
1
1
1
1
1
1
1
1
1
1
1
1
0.999991
0.999969
0.999953
0.999974
1.00007
1.00025
1.00043
1.00042
0.999925
0.998766
0.997085
0.995611
0.995726
0.999167
1.00729
1.02006
1.03498
1.04667
1.04718
1.0275
0.979687
0.899338
0.787329
0.650366
0.499994
0.35031
0.215021
0.104714
0.0250536
-0.0236807
-0.0457603
-0.0482934
-0.0392237
-0.0256081
-0.0125394
-0.0028165
0.00276794
0.0047831
0.00443861
0.00299556
0.00141161
0.000220515
-0.000418588
-0.000588857
-0.000474683
-0.000256994
-5.93476e-05
6.25411e-05
0.000105114
9.24839e-05
5.50884e-05
1.67482e-05
-9.81738e-06
-2.17064e-05
-2.20184e-05
-1.59797e-05
-8.2831e-06
-1.89598e-06
2.01003e-06
3.53984e-06
3.4218e-06
2.48968e-06
1.39097e-06
4.96061e-07
-6.61403e-08
-3.21504e-07
-3.62487e-07
-2.98963e-07
-1.53982e-07
1
1
1
1
1
1
1
1
1
1
1
1
1
1
1
1
1
1
1
1
1
1
1
1
1
1
1
1
1
1
1
1
0.999988
0.999966
0.999952
0.999981
1.00009
1.00027
1.00045
1.0004
0.999855
0.998646
0.996952
0.995541
0.995812
0.999477
1.00783
1.02071
1.03556
1.04694
1.04697
1.02673
0.978485
0.89797
0.786143
0.64968
0.499991
0.350978
0.216167
0.106028
0.0262107
-0.0229214
-0.0454995
-0.0484851
-0.0397148
-0.0262036
-0.0130666
-0.00316825
0.0026205
0.00480448
0.00455839
0.00313974
0.00152545
0.000278251
-0.000416063
-0.000623705
-0.000523672
-0.000300614
-8.64876e-05
5.42231e-05
0.000111659
0.000107108
7.12056e-05
2.97833e-05
-1.90729e-06
-1.88489e-05
-2.28813e-05
-1.88345e-05
-1.16236e-05
-4.73576e-06
1.07087e-07
2.58975e-06
3.20405e-06
2.7101e-06
1.78909e-06
8.93737e-07
2.39575e-07
-1.31215e-07
-2.77577e-07
-2.58072e-07
1
1
1
1
1
1
1
1
1
1
1
1
1
1
1
1
1
1
1
1
1
1
1
1
1
1
1
0.999999
1
1
1
1
1
0.999985
0.999963
0.999952
0.999988
1.00011
1.0003
1.00046
1.00038
0.999782
0.998526
0.996824
0.99548
0.995908
0.999795
1.00836
1.02135
1.03613
1.0472
1.04674
1.02597
0.977299
0.896624
0.784977
0.649004
0.499985
0.351635
0.217297
0.107329
0.0273633
-0.0221594
-0.0452333
-0.048674
-0.0402094
-0.0268092
-0.0136075
-0.00353191
0.00246774
0.0048297
0.0046906
0.00330162
0.00165755
0.000350381
-0.000405867
-0.000658276
-0.000578463
-0.000353573
-0.00012368
3.74396e-05
0.00011265
0.000119375
8.76391e-05
4.48527e-05
8.7357e-06
-1.33788e-05
-2.17474e-05
-2.04825e-05
-1.448e-05
-7.61571e-06
-2.12847e-06
1.21237e-06
2.59707e-06
2.64475e-06
2.01775e-06
1.21956e-06
5.38596e-07
9.29517e-08
-1.90216e-07
1
1
1
1
1
1
1
1
1
1
1
1
1
1
1
1
1
1
1
1
1
1
1
1
1
1
1
1
0.999999
1
1
1
1
0.999999
0.999983
0.99996
0.999953
0.999997
1.00012
1.00032
1.00047
1.00035
0.999705
0.998405
0.9967
0.995428
0.996014
1.00012
1.00889
1.02199
1.03667
1.04744
1.04651
1.02521
0.976129
0.895298
0.783828
0.648336
0.499976
0.35228
0.218416
0.108624
0.0285174
-0.0213907
-0.0449603
-0.0488619
-0.0407125
-0.0274321
-0.0141699
-0.00391492
0.00230398
0.00485574
0.00483519
0.00348389
0.0018126
0.000442542
-0.000382487
-0.000688084
-0.000636162
-0.000414723
-0.000171316
1.07153e-05
0.000106082
0.000127257
0.000102711
6.08195e-05
2.15418e-05
-5.39254e-06
-1.83947e-05
-2.05453e-05
-1.64511e-05
-1.01977e-05
-4.46116e-06
-4.61883e-07
1.64626e-06
2.28278e-06
2.03829e-06
1.42371e-06
8.12509e-07
1.76235e-07
1
1
1
1
1
1
1
1
1
1
1
1
1
1
1
1
1
1
1
1
1
1
1
1
1
1
1
1
1
0.999999
1
1
1
1
0.999998
0.99998
0.999958
0.999954
1.00001
1.00014
1.00034
1.00047
1.00032
0.999626
0.998284
0.99658
0.995384
0.99613
1.00045
1.00942
1.02261
1.0372
1.04767
1.04627
1.02446
0.974974
0.893991
0.782693
0.647672
0.499962
0.352917
0.219529
0.10992
0.0296804
-0.0206087
-0.044677
-0.0490493
-0.0412283
-0.0280798
-0.0147632
-0.00432682
0.00212103
0.00487696
0.0049898
0.00368749
0.00199431
0.000560222
-0.000339841
-0.000707559
-0.000692528
-0.000481566
-0.000228637
-2.66006e-05
9.04014e-05
0.000128843
0.0001146
7.62499e-05
3.55906e-05
4.6867e-06
-1.28562e-05
-1.88102e-05
-1.7216e-05
-1.21585e-05
-6.62846e-06
-2.25603e-06
4.45931e-07
1.65561e-06
1.8345e-06
1.51488e-06
7.90887e-07
1
1
1
1
1
1
1
1
1
1
1
1
1
1
1
1
1
1
1
1
1
1
1
1
1
1
1
1
1
1
0.999999
1
1
1
1
0.999996
0.999977
0.999955
0.999956
1.00002
1.00016
1.00036
1.00048
1.00029
0.999544
0.998164
0.996466
0.99535
0.996254
1.00078
1.00994
1.02321
1.03771
1.04789
1.04603
1.02371
0.973832
0.892697
0.781566
0.647008
0.499942
0.353547
0.220641
0.111227
0.0308629
-0.0198046
-0.0443776
-0.0492347
-0.0417601
-0.0287595
-0.0153977
-0.00477902
0.00190811
0.00488481
0.00514919
0.00391093
0.00220465
0.000708016
-0.000271902
-0.000710493
-0.000742216
-0.000550295
-0.000293613
-7.41105e-05
6.47823e-05
0.0001226
0.000121566
8.95737e-05
4.9703e-05
1.6141e-05
-5.43249e-06
-1.52683e-05
-1.65835e-05
-1.32362e-05
-8.37821e-06
-3.97221e-06
-8.73535e-07
8.24273e-07
1.45972e-06
1.29558e-06
1
1
1
1
1
1
1
1
1
1
1
1
1
1
1
1
1
1
1
1
1
1
1
1
1
1
1
1
1
1
1
1
1
1
1
1
0.999994
0.999974
0.999953
0.999959
1.00003
1.00018
1.00038
1.00048
1.00025
0.99946
0.998045
0.996358
0.995324
0.996386
1.00111
1.01046
1.02381
1.03821
1.04809
1.04579
1.02298
0.972701
0.891411
0.780439
0.646337
0.499912
0.354173
0.221761
0.112554
0.0320779
-0.0189658
-0.0440527
-0.0494135
-0.0423089
-0.0294776
-0.0160836
-0.00528415
0.00165222
0.00486786
0.00530499
0.00414975
0.00244315
0.000888849
-0.00017344
-0.00069065
-0.000779208
-0.000616022
-0.000362986
-0.000130266
2.93178e-05
0.000107612
0.000122178
9.92731e-05
6.2575e-05
2.80342e-05
3.33575e-06
-1.01236e-05
-1.45209e-05
-1.32678e-05
-9.50406e-06
-5.4196e-06
-2.16591e-06
-1.29483e-07
1.06417e-06
1
1
1
1
1
1
1
1
1
1
1
1
1
1
1
1
1
1
1
1
1
1
1
1
1
1
1
1
1
1
1
0.999999
1
1
1
1.00001
1
0.999992
0.999971
0.999951
0.999963
1.00004
1.0002
1.00039
1.00048
1.00021
0.999374
0.997929
0.996256
0.995305
0.996524
1.00145
1.01097
1.02439
1.0387
1.04829
1.04555
1.02225
0.971576
0.890125
0.779303
0.645651
0.499868
0.354796
0.222896
0.113918
0.033342
-0.018076
-0.043689
-0.0495773
-0.0428722
-0.0302377
-0.01683
-0.00585507
0.00133887
0.00481217
0.00544569
0.00439618
0.00270633
0.00110327
-4.0776e-05
-0.00064247
-0.00079738
-0.000673177
-0.000432484
-0.000192409
-1.48896e-05
8.37464e-05
0.00011551
0.000104073
7.29335e-05
3.93208e-05
1.27293e-05
-3.77015e-06
-1.11602e-05
-1.22099e-05
-9.87492e-06
-6.42657e-06
-3.3852e-06
-4.74162e-07
1
1
1
1
1
1
1
1
1
1
1
1
1
1
1
1
1
1
1
1
1
1
1
1
1
1
1
1
1
1
1
1
0.999999
1
1
1
1.00001
1
0.999989
0.999967
0.99995
0.999967
1.00005
1.00022
1.00041
1.00047
1.00017
0.999288
0.997815
0.99616
0.995294
0.996664
1.00178
1.01147
1.02497
1.03919
1.0485
1.04531
1.02152
0.970452
0.888828
0.778146
0.644939
0.499805
0.355418
0.224057
0.115333
0.034675
-0.0171148
-0.0432684
-0.0497131
-0.0434435
-0.0310402
-0.0176439
-0.00650371
0.00095309
0.00470201
0.00555707
0.00463923
0.00298744
0.00134891
0.000127544
-0.000561782
-0.00079116
-0.000716032
-0.000497174
-0.000256958
-6.57659e-05
5.17278e-05
0.000101284
0.000103103
7.96901e-05
4.89706e-05
2.19367e-05
3.25604e-06
-6.77922e-06
-1.01481e-05
-9.41765e-06
-7.07247e-06
-3.27011e-06
1
1
1
1
1
1
1
1
1
1
1
1
1
1
1
1
1
1
1
1
1
1
1
1
1
1
1
1
1
1
1
1
1
0.999999
1
1
1
1.00001
1
0.999987
0.999964
0.99995
0.999973
1.00007
1.00024
1.00042
1.00046
1.00012
0.999203
0.997707
0.996071
0.995287
0.996805
1.00211
1.01197
1.02554
1.03968
1.04871
1.04509
1.02081
0.96932
0.887507
0.77695
0.644187
0.499716
0.356042
0.225254
0.116817
0.0360999
-0.0160576
-0.0427681
-0.0498024
-0.0440108
-0.0318808
-0.0185281
-0.00723957
0.000480749
0.00452103
0.00562298
0.0048651
0.00327647
0.00162023
0.000330251
-0.000446427
-0.000756174
-0.000739283
-0.000551926
-0.000319718
-0.000120426
1.31037e-05
7.99282e-05
9.60101e-05
8.2071e-05
5.60898e-05
3.01513e-05
1.03448e-05
-1.77161e-06
-7.23926e-06
-8.38501e-06
-6.12336e-06
1
1
1
1
1
1
1
1
1
1
1
1
1
1
1
1
1
1
1
1
1
1
1
1
1
1
1
1
1
1
1
1
1
1
0.999999
1
1
1
1.00001
1
0.999984
0.999962
0.99995
0.99998
1.00008
1.00025
1.00043
1.00045
1.00008
0.99912
0.997603
0.995986
0.99528
0.996942
1.00243
1.01246
1.02612
1.04018
1.04894
1.04488
1.02009
0.968167
0.88614
0.775696
0.643377
0.499591
0.356666
0.226497
0.118391
0.0376426
-0.0148759
-0.0421601
-0.0498209
-0.0445561
-0.0327491
-0.0194808
-0.00806832
-8.99328e-05
0.00425355
0.00562643
0.00505792
0.00356061
0.00190857
0.000563109
-0.000296708
-0.000689806
-0.000738624
-0.00059192
-0.000376278
-0.000175436
-2.98881e-05
5.25466e-05
8.30069e-05
7.97054e-05
6.00224e-05
3.66652e-05
1.68808e-05
3.43141e-06
-3.83106e-06
-6.6405e-06
1
1
1
1
1
1
1
1
1
1
1
1
1
1
1
1
1
1
1
1
1
1
1
1
1
1
1
1
1
1
1
1
1
1
0.999999
0.999999
1
1
1
1
0.999998
0.999981
0.99996
0.999952
0.999987
1.00009
1.00027
1.00044
1.00044
1.00003
0.999041
0.997503
0.995902
0.99527
0.99707
1.00274
1.01295
1.02671
1.0407
1.0492
1.04469
1.01936
0.966973
0.884704
0.774355
0.642487
0.499414
0.357288
0.227796
0.120073
0.0393303
-0.0135379
-0.0414122
-0.0497392
-0.0450551
-0.0336284
-0.0204937
-0.00899036
-0.000766888
0.00388612
0.00555096
0.00520087
0.00382495
0.00220255
0.000818975
-0.000115607
-0.000591594
-0.000711233
-0.000613139
-0.000422438
-0.000227143
-7.45348e-05
2.08139e-05
6.48465e-05
7.26614e-05
6.04171e-05
4.09494e-05
2.22857e-05
8.63429e-06
-2.09126e-06
1
1
1
1
1
1
1
1
1
1
1
1
1
1
1
1
1
1
1
1
1
1
1
1
1
1
1
1
1
1
1
1
1
1
1
0.999999
0.999999
1
1
1.00001
1
0.999996
0.999979
0.999959
0.999954
0.999995
1.00011
1.00028
1.00045
1.00043
0.999993
0.998967
0.997406
0.995815
0.995251
0.997187
1.00305
1.01345
1.02732
1.04126
1.04949
1.04452
1.01861
0.965712
0.883164
0.772894
0.641489
0.499169
0.357904
0.229159
0.121884
0.041191
-0.0120103
-0.0404887
-0.0495226
-0.0454777
-0.0344952
-0.0215519
-0.00999978
-0.00155283
0.00340898
0.00538214
0.0052775
0.00405357
0.00248875
0.00108816
9.12718e-05
-0.000463419
-0.000656118
-0.000612781
-0.000454625
-0.000272028
-0.000117916
-1.31979e-05
4.27397e-05
6.14265e-05
5.72727e-05
4.25864e-05
2.68613e-05
8.79944e-06
1
1
1
1
1
1
1
1
1
1
1
1
1
1
1
1
1
1
1
1
1
1
1
1
1
1
1
1
1
1
1
1
1
1
1
1
0.999999
1
1
1
1
1
0.999994
0.999977
0.999958
0.999957
1
1.00012
1.00029
1.00045
1.00042
0.999957
0.998897
0.997308
0.995719
0.995216
0.997291
1.00336
1.01397
1.02798
1.04188
1.04983
1.04435
1.01782
0.964348
0.881477
0.77127
0.640345
0.498831
0.358502
0.230589
0.123838
0.0432512
-0.0102592
-0.0393518
-0.0491328
-0.045788
-0.0353193
-0.022633
-0.0110837
-0.00244419
0.00281738
0.00510891
0.00527307
0.00423069
0.00275268
0.00135906
0.000316025
-0.000309452
-0.000574271
-0.000589549
-0.000470228
-0.000307041
-0.000157187
-4.72293e-05
1.82152e-05
4.68746e-05
5.07142e-05
4.26117e-05
2.37171e-05
1
1
1
1
1
1
1
1
1
1
1
1
1
1
1
1
1
1
1
1
1
1
1
1
1
1
1
1
1
1
1
1
1
1
1
1
1
0.999999
1
1
1
1
1
0.999992
0.999976
0.999959
0.99996
1.00001
1.00013
1.0003
1.00046
1.00041
0.999928
0.99883
0.997203
0.995605
0.99516
0.997383
1.00367
1.01453
1.0287
1.04256
1.0502
1.04417
1.01695
0.962836
0.879591
0.769431
0.639013
0.498369
0.359066
0.232085
0.125949
0.0455338
-0.00825308
-0.037964
-0.0485295
-0.0459465
-0.0360652
-0.0237083
-0.0122219
-0.00343048
0.00211262
0.00472494
0.00517592
0.00434202
0.00297987
0.00161902
0.000549007
-0.000135879
-0.000468625
-0.000543777
-0.000467838
-0.000329878
-0.000189845
-7.90615e-05
-7.00291e-06
2.99259e-05
4.23535e-05
3.54854e-05
1
1
1
1
1
1
1
1
1
1
1
1
1
1
1
1
1
1
1
1
1
1
1
1
1
1
1
1
1
1
1
1
1
1
1
1
1
1
1
1
1
1
1
1
0.999991
0.999976
0.99996
0.999962
1.00001
1.00013
1.00031
1.00047
1.00042
0.999905
0.99876
0.997082
0.995467
0.99508
0.997468
1.00402
1.01516
1.0295
1.04332
1.05062
1.04395
1.01595
0.961114
0.87744
0.767315
0.637439
0.497743
0.359572
0.233637
0.128221
0.0480563
-0.00596435
-0.0362902
-0.0476729
-0.0459117
-0.036693
-0.0247432
-0.0133876
-0.00449423
0.00130255
0.00422944
0.00497859
0.00437588
0.00315701
0.00185527
0.000779563
4.9581e-05
-0.000343824
-0.0004774
-0.000447353
-0.000339165
-0.000213946
-0.000106697
-3.1291e-05
1.20111e-05
3.30556e-05
1
1
1
1
1
1
1
1
1
1
1
1
1
1
1
1
1
1
1
1
1
1
1
1
1
1
1
1
1
1
1
1
1
1
1
1
1
1
1
1
1
1
1
1
1
0.999991
0.999976
0.999961
0.999962
1.00001
1.00014
1.00033
1.00049
1.00043
0.999886
0.998681
0.996938
0.995296
0.994978
0.99756
1.00441
1.01587
1.03041
1.04417
1.05105
1.04366
1.01476
0.959107
0.874945
0.764847
0.635561
0.496905
0.359987
0.235228
0.130651
0.050828
-0.0033724
-0.0343002
-0.0465255
-0.0456421
-0.0371609
-0.0256987
-0.0145483
-0.00561141
0.000401661
0.0036277
0.0046786
0.00432425
0.00327298
0.00205592
0.000996843
0.000238278
-0.000205827
-0.000393762
-0.00040995
-0.000334541
-0.000228276
-0.000128348
-5.46909e-05
5.60608e-06
1
1
1
1
1
1
1
1
1
1
1
1
1
1
1
1
1
1
1
1
1
1
1
1
1
1
1
1
1
1
1
1
1
1
1
1
1
1
1
1
1
1
1
1
1
1
0.999992
0.999978
0.99996
0.999958
1.00001
1.00014
1.00034
1.00052
1.00045
0.999865
0.998582
0.996758
0.99509
0.99486
0.997679
1.00488
1.0167
1.03144
1.04509
1.05148
1.04323
1.0133
0.956723
0.872012
0.76194
0.633303
0.495795
0.360269
0.236831
0.133224
0.053848
-0.000465833
-0.0319714
-0.0450555
-0.0450992
-0.0374273
-0.026534
-0.0156673
-0.00675252
-0.000569418
0.00293107
0.00427891
0.00418344
0.00331975
0.00221085
0.00119063
0.000421318
-6.14123e-05
-0.000297303
-0.000357924
-0.000316736
-0.000231766
-0.000146881
-5.07245e-05
1
1
1
1
1
1
1
1
1
1
1
1
1
1
1
1
1
1
1
1
1
1
1
1
1
1
1
1
1
1
1
1
1
1
1
1
1
1
1
1
1
1
1
1
1
1
1
0.999994
0.999978
0.999956
0.999951
1
1.00015
1.00037
1.00056
1.00048
0.999833
0.998454
0.996536
0.994848
0.994741
0.997851
1.00546
1.01767
1.03261
1.04608
1.05184
1.04258
1.01148
0.953853
0.868532
0.758496
0.630582
0.494346
0.360363
0.238405
0.135916
0.0571034
0.00275536
-0.0292914
-0.043239
-0.04425
-0.0374531
-0.0272082
-0.0167058
-0.00788406
-0.00158494
0.0021565
0.00378787
0.00395448
0.00329292
0.00231245
0.00135209
0.000590236
8.23666e-05
-0.00019314
-0.000294621
-0.000286307
-0.000230686
-0.000125661
1
1
1
1
1
1
1
1
1
1
1
1
1
1
1
1
1
1
1
1
1
1
1
1
1
1
1
1
1
1
1
1
1
1
1
1
1
1
1
1
1
1
1
1
1
1
1
1
0.999997
0.999977
0.999949
0.999941
0.999999
1.00016
1.00042
1.00062
1.00051
0.999781
0.998284
0.996267
0.99458
0.994644
0.99811
1.00619
1.01881
1.0339
1.04709
1.05206
1.04162
1.00917
0.950368
0.864383
0.754404
0.627302
0.492477
0.360205
0.239899
0.138686
0.0605679
0.00627813
-0.0262596
-0.0410624
-0.0430695
-0.0372049
-0.027683
-0.0176248
-0.0089704
-0.0026154
0.0013256
0.00321877
0.00364306
0.00319207
0.0023561
0.00147437
0.0007376
0.000218763
-8.68636e-05
-0.000222726
-0.000251803
-0.000190719
1
1
1
1
1
1
1
1
1
1
1
1
1
1
1
1
1
1
1
1
1
1
1
1
1
1
1
1
1
1
1
1
1
1
1
1
1
1
1
1
1
1
1
1
1
0.999999
1
1
1.00001
0.999998
0.999973
0.999938
0.999928
0.999998
1.00019
1.00047
1.00068
1.00053
0.999696
0.998064
0.995953
0.994303
0.994601
0.998495
1.00709
1.02012
1.03529
1.04805
1.05205
1.0402
1.00622
0.946124
0.859429
0.749542
0.623359
0.490101
0.359721
0.241251
0.141483
0.0642013
0.0100753
-0.022889
-0.0385242
-0.0415428
-0.036657
-0.0279252
-0.0183878
-0.00997583
-0.0036293
0.000463384
0.00258905
0.00325911
0.0030207
0.00234042
0.00155298
0.000857525
0.000341616
1.69854e-05
-0.000149682
-0.000201973
1
1
1
1
1
1
1
1
1
1
1
1
1
1
1
1
1
1
1
1
1
1
1
1
1
1
1
1
1
1
1
1
1
1
1
1
1
1
1
1
1
1
1
1
1
0.999999
0.999998
1
1.00001
1.00001
0.999998
0.999965
0.999922
0.999915
1.00001
1.00023
1.00054
1.00075
1.00053
0.999566
0.99779
0.995604
0.994042
0.994649
0.999043
1.00819
1.0216
1.03673
1.04888
1.05166
1.03818
1.00247
0.94096
0.853523
0.743784
0.618642
0.487122
0.358826
0.242387
0.144243
0.0679499
0.0141055
-0.0192067
-0.0356364
-0.0396669
-0.0357929
-0.0279088
-0.0189631
-0.0108667
-0.00459492
-0.000403234
0.00191916
0.00281615
0.00278588
0.00226724
0.00158603
0.000945969
0.000445669
0.000117412
-0.000111874
1
1
1
1
1
1
1
1
1
1
1
1
1
1
1
1
1
1
1
1
1
1
1
1
1
1
1
1
1
1
1
1
1
1
1
1
1
1
1
1
1
1
1
1
1
0.999999
0.999997
0.999998
1
1.00001
1.00001
0.999996
0.999952
0.999904
0.999905
1.00002
1.00029
1.00063
1.00081
1.00049
0.999385
0.997466
0.995239
0.993831
0.994828
0.999783
1.00949
1.0232
1.03814
1.04944
1.05074
1.03537
0.997735
0.934703
0.846511
0.736993
0.613037
0.483438
0.35743
0.243224
0.146891
0.0717473
0.0183135
-0.015254
-0.0324243
-0.0374512
-0.0346077
-0.0276165
-0.0193248
-0.0116132
-0.0054822
-0.00124706
0.00123128
0.00233031
0.00249766
0.00214125
0.00157448
0.000998721
0.000542217
0.000110755
1
1
1
1
1
1
1
1
1
1
1
1
1
1
1
1
1
1
1
1
1
1
1
1
1
1
1
1
1
1
1
1
1
1
1
1
1
1
1
1
1
1
1
1
1
1
0.999998
0.999996
0.999999
1.00001
1.00002
1.00002
0.999989
0.999935
0.999884
0.999901
1.00005
1.00036
1.00071
1.00085
1.00042
0.99915
0.997103
0.994885
0.99371
0.995174
1.00073
1.01097
1.02486
1.03939
1.04956
1.04909
1.03157
0.991821
0.927172
0.838236
0.729038
0.606427
0.478949
0.355439
0.243673
0.149342
0.0755162
0.0226321
-0.0110852
-0.028927
-0.0349181
-0.0331077
-0.027041
-0.0194555
-0.0121912
-0.00626441
-0.00204218
0.000547951
0.00181926
0.00216823
0.00197032
0.00151699
0.00104321
0.000457215
1
1
1
1
1
1
1
1
1
1
1
1
1
1
1
1
1
1
1
1
1
1
1
1
1
1
1
1
1
1
1
1
1
1
1
1
1
1
1
1
1
1
1
1
1
1
0.999999
0.999996
0.999996
1
1.00001
1.00002
1.00002
0.999977
0.999914
0.999866
0.999906
1.0001
1.00044
1.00079
1.00086
1.00029
0.998865
0.996722
0.994577
0.993715
0.995714
1.00189
1.01257
1.02648
1.04033
1.04905
1.04649
1.02655
0.984517
0.918185
0.828543
0.719787
0.598702
0.473553
0.352758
0.243642
0.151507
0.0791716
0.026984
-0.00676586
-0.0251952
-0.0321021
-0.0313112
-0.0261857
-0.0193463
-0.0125833
-0.0069195
-0.00276538
-0.000109189
0.00130095
0.0018122
0.00175727
0.00145604
0.000859799
1
1
1
1
1
1
1
1
1
1
1
1
1
1
1
1
1
1
1
1
1
1
1
1
1
1
1
1
1
1
1
1
1
1
1
1
1
1
1
1
1
1
1
1
1
1
1
0.999998
0.999995
0.999996
1
1.00002
1.00003
1.00001
0.999961
0.999891
0.999852
0.999923
1.00016
1.00053
1.00087
1.00084
1.00012
0.998544
0.996348
0.99435
0.993877
0.996452
1.00321
1.01422
1.02789
1.04075
1.04768
1.0427
1.02009
0.975612
0.907563
0.817285
0.70912
0.589758
0.467157
0.349298
0.24304
0.153295
0.0826237
0.0312852
-0.00237034
-0.0212902
-0.0290489
-0.0292471
-0.0250642
-0.0189976
-0.0127799
-0.0074312
-0.00339724
-0.000720831
0.00079397
0.00143681
0.00155109
0.00118596
1
1
1
1
1
1
1
1
1
1
1
1
1
1
1
1
1
1
1
1
1
1
1
1
1
1
1
1
1
1
1
1
1
1
1
1
1
1
1
1
1
1
1
1
1
1
1
0.999999
0.999996
0.999994
0.999998
1.00001
1.00002
1.00003
1
0.99994
0.999867
0.999846
0.999954
1.00023
1.00063
1.00092
1.00079
0.999912
0.998206
0.996014
0.994234
0.99421
0.997367
1.00463
1.01576
1.02891
1.04041
1.04518
1.03745
1.01193
0.964902
0.89514
0.804329
0.696931
0.579506
0.459678
0.344974
0.241782
0.154615
0.085782
0.0354479
0.00202116
-0.0172806
-0.0258127
-0.0269544
-0.0236996
-0.0184187
-0.012779
-0.00778951
-0.00392323
-0.00126955
0.000309074
0.00108085
0.00125295
1
1
1
1
1
1
1
1
1
1
1
1
1
1
1
1
1
1
1
1
1
1
1
1
1
1
1
1
1
1
1
1
1
1
1
1
1
1
1
1
1
1
1
1
1
1
1
1
0.999998
0.999994
0.999994
1
1.00002
1.00003
1.00003
0.999988
0.999916
0.999846
0.999848
0.999998
1.00032
1.00072
1.00095
1.00069
0.999671
0.997873
0.995745
0.994247
0.994703
0.9984
1.00601
1.01702
1.02929
1.03905
1.04127
1.03048
1.00185
0.952195
0.880766
0.789565
0.683136
0.567876
0.45105
0.339718
0.239789
0.155385
0.0885586
0.0393848
0.006326
-0.0132398
-0.0224545
-0.0244794
-0.0221237
-0.0176272
-0.0125863
-0.00799108
-0.00433357
-0.00174273
-0.000148323
0.00086522
1
1
1
1
1
1
1
1
1
1
1
1
1
1
1
1
1
1
1
1
1
1
1
1
1
1
1
1
1
1
1
1
1
1
1
1
1
1
1
1
1
1
1
1
1
1
1
1
1
0.999996
0.999993
0.999995
1.00001
1.00002
1.00003
1.00002
0.999969
0.999889
0.999829
0.999862
1.00006
1.00041
1.0008
1.00096
1.00057
0.999416
0.997569
0.99556
0.994385
0.99531
0.999446
1.0072
1.01777
1.02877
1.03637
1.03566
1.02153
0.989629
0.937323
0.864321
0.77291
0.667675
0.554819
0.441225
0.333473
0.236999
0.15553
0.0908728
0.043012
0.0104626
-0.00924293
-0.0190391
-0.0218741
-0.0203745
-0.0166479
-0.0122143
-0.00803983
-0.0046156
-0.00219351
-0.000129377
1
1
1
1
1
1
1
1
1
1
1
1
1
1
1
1
1
1
1
1
1
1
1
1
1
1
1
1
1
1
1
1
1
1
1
1
1
1
1
1
1
1
1
1
1
1
1
1
1
0.999998
0.999995
0.999993
0.999998
1.00001
1.00003
1.00003
1.00001
0.999945
0.999862
0.999818
0.99989
1.00013
1.00051
1.00087
1.00094
1.00043
0.999162
0.997305
0.995454
0.99461
0.99594
1.00035
1.00798
1.01773
1.02704
1.03205
1.02805
1.01034
0.975071
0.920147
0.845718
0.754312
0.650519
0.540314
0.430178
0.326207
0.233362
0.154989
0.0926538
0.0462534
0.0143538
-0.00536328
-0.015632
-0.0191936
-0.018495
-0.0155106
-0.0116846
-0.00792432
-0.00490123
-0.0017753
1
1
1
1
1
1
1
1
1
1
1
1
1
1
1
1
1
1
1
1
1
1
1
1
1
1
1
1
1
1
1
1
1
1
1
1
1
1
1
1
1
1
1
1
1
1
1
1
1
1
0.999997
0.999993
0.999994
1
1.00002
1.00003
1.00003
0.999991
0.999916
0.999838
0.999819
0.999934
1.00022
1.00061
1.00094
1.00091
1.00027
0.998917
0.997078
0.995397
0.994845
0.996458
1.00092
1.00808
1.01659
1.02376
1.02578
1.01818
0.996694
0.958018
0.90057
0.824908
0.733759
0.631674
0.524369
0.417911
0.317906
0.22885
0.153719
0.0938444
0.0490432
0.01793
-0.00166967
-0.0122971
-0.0164936
-0.0165296
-0.0142544
-0.0109873
-0.00786254
-0.00395176
1
1
1
1
1
1
1
1
1
1
1
1
1
1
1
1
1
1
1
1
1
1
1
1
1
1
1
1
1
1
1
1
1
1
1
1
1
1
1
1
1
1
1
1
1
1
1
1
1
1
0.999999
0.999995
0.999993
0.999997
1.00001
1.00003
1.00004
1.00002
0.999967
0.999886
0.999819
0.999835
0.999999
1.00032
1.00073
1.001
1.00087
1.00011
0.998671
0.996857
0.995319
0.994965
0.996673
1.00088
1.00719
1.01402
1.01861
1.01725
1.00579
0.98041
0.938354
0.878541
0.801888
0.711277
0.61118
0.507026
0.404452
0.308582
0.223456
0.151692
0.0944032
0.0513283
0.0211316
0.0017763
-0.009094
-0.0138267
-0.0145313
-0.0128713
-0.0104132
-0.00633747
1
1
1
1
1
1
1
1
1
1
1
1
1
1
1
1
1
1
1
1
1
1
1
1
1
1
1
1
1
1
1
1
1
1
1
1
1
1
1
1
1
1
1
1
1
1
1
1
1
1
1
0.999998
0.999995
0.999995
1
1.00002
1.00003
1.00003
1
0.999938
0.999858
0.999813
0.999872
1.00009
1.00045
1.00084
1.00105
1.0008
0.999913
0.998394
0.996576
0.995105
0.994796
0.996346
0.999957
1.00498
1.00967
1.01126
1.00618
0.99066
0.961347
0.916018
0.854058
0.776702
0.686937
0.589115
0.488355
0.389859
0.298271
0.217193
0.148903
0.0943057
0.0530708
0.023911
0.00492207
-0.00607422
-0.0112515
-0.0124936
-0.0116858
-0.00840984
1
1
1
1
1
1
1
1
1
1
1
1
1
1
1
1
1
1
1
1
1
1
1
1
1
1
1
1
1
1
1
1
1
1
1
1
1
1
1
1
1
1
1
1
1
1
1
1
1
1
1
0.999999
0.999997
0.999995
0.999997
1.00001
1.00002
1.00003
1.00002
0.999979
0.999908
0.999838
0.999825
0.999936
1.00021
1.0006
1.00097
1.00108
1.0007
0.999659
0.998017
0.996126
0.994591
0.994111
0.995192
0.997805
1.00109
1.0032
1.0014
0.992341
0.972633
0.939427
0.891003
0.827176
0.749444
0.660851
0.565594
0.468461
0.374215
0.287034
0.210098
0.145365
0.0935455
0.0542482
0.0262341
0.00772768
-0.00329111
-0.00876484
-0.0107085
-0.00948401
1
1
1
1
1
1
1
1
1
1
1
1
1
1
1
1
1
1
1
1
1
1
1
1
1
1
1
1
1
1
1
1
1
1
1
1
1
1
1
1
1
1
1
1
1
1
1
1
1
1
1
1
0.999999
0.999997
0.999996
1
1.00001
1.00002
1.00002
1
0.999952
0.999883
0.999834
0.999865
1.00003
1.00035
1.00076
1.00108
1.00108
1.00052
0.999273
0.997437
0.995352
0.993565
0.992639
0.992889
0.994078
0.995178
0.994289
0.988762
0.975531
0.951607
0.914632
0.863365
0.798002
0.720253
0.633172
0.540765
0.447475
0.357628
0.274953
0.202228
0.14111
0.0921339
0.0548541
0.028082
0.010157
-0.00074916
-0.00653526
-0.00878807
1
1
1
1
1
1
1
1
1
1
1
1
1
1
1
1
1
1
1
1
1
1
1
1
1
1
1
1
1
1
1
1
1
1
1
1
1
1
1
1
1
1
1
1
1
1
1
1
1
1
1
1
1
0.999998
0.999997
0.999999
1
1.00001
1.00002
1.00001
0.999981
0.999927
0.999869
0.999855
0.99994
1.00017
1.00053
1.00092
1.00115
1.00098
1.00018
0.998651
0.996501
0.994051
0.991765
0.990068
0.989091
0.988416
0.9869
0.98264
0.973136
0.955627
0.927547
0.887012
0.833221
0.766699
0.689317
0.60409
0.514807
0.425555
0.340232
0.262132
0.193657
0.136188
0.0900991
0.054898
0.0294472
0.0121896
0.00161499
-0.00556323
1
1
1
1
1
1
1
1
1
1
1
1
1
1
1
1
1
1
1
1
1
1
1
1
1
1
1
1
1
1
1
1
1
1
1
1
1
1
1
1
1
1
1
1
1
1
1
1
1
1
1
1
1
1
0.999999
0.999998
1
1.00001
1.00001
1.00001
0.999996
0.99996
0.999911
0.999878
0.99991
1.00005
1.00034
1.00071
1.00104
1.00113
1.00071
0.999576
0.997643
0.995013
0.991971
0.988893
0.98606
0.983442
0.980477
0.975953
0.968019
0.95437
0.932575
0.900491
0.856683
0.800746
0.73348
0.656861
0.573827
0.487925
0.40288
0.322174
0.24869
0.184479
0.130667
0.0874833
0.0544107
0.030281
0.0142367
0.000828485
1
1
1
1
1
1
1
1
1
1
1
1
1
1
1
1
1
1
1
1
1
1
1
1
1
1
1
1
1
1
1
1
1
1
1
1
1
1
1
1
1
1
1
1
1
1
1
1
1
1
1
1
1
1
1
0.999999
0.999999
1
1
1.00001
1
0.999979
0.999945
0.999914
0.999919
1.00001
1.00021
1.00052
1.00087
1.00108
1.00094
1.00016
0.998562
0.996053
0.992729
0.988824
0.984619
0.980266
0.975595
0.969944
0.96208
0.950252
0.932386
0.906395
0.87055
0.823827
0.766172
0.698601
0.623146
0.542632
0.460343
0.379647
0.303621
0.234762
0.174798
0.124622
0.0843616
0.0532995
0.0314541
0.0108079
1
1
1
1
1
1
1
1
1
1
1
1
1
1
1
1
1
1
1
1
1
1
1
1
1
1
1
1
1
1
1
1
1
1
1
1
1
1
1
1
1
1
1
1
1
1
1
1
1
1
1
1
1
1
1
1
1
0.999999
0.999999
0.999999
0.999997
0.999987
0.999968
0.999948
0.999947
0.999999
1.00014
1.00038
1.00069
1.00095
1.00096
1.00046
0.999186
0.996941
0.993645
0.989368
0.984291
0.978602
0.972341
0.965229
0.956547
0.945087
0.92924
0.907187
0.877187
0.837904
0.788689
0.729779
0.662356
0.588461
0.510772
0.432302
0.356061
0.284744
0.22049
0.164724
0.118177
0.0805815
0.0529909
0.0245112
1
1
1
1
1
1
1
1
1
1
1
1
1
1
1
1
1
1
1
1
1
1
1
1
1
1
1
1
1
1
1
1
1
1
1
1
1
1
1
1
1
1
1
1
1
1
1
1
1
1
0.999999
1
1
1
1
1
1
0.999998
0.999995
0.999993
0.999991
0.999987
0.99998
0.999973
0.999978
1.00002
1.00012
1.0003
1.00055
1.00079
1.00086
1.00054
0.999533
0.99758
0.994478
0.990142
0.98462
0.978038
0.970504
0.961964
0.952068
0.940079
0.924857
0.904966
0.878855
0.845125
0.802801
0.751563
0.691887
0.625068
0.553113
0.478528
0.404046
0.332332
0.265722
0.206011
0.154426
0.111098
0.0781912
0.0417577
1
1
1
1
1
1
1
1
1
1
1
1
1
1
1
1
1
1
1
1
1
1
1
1
1
1
1
1
1
1
1
1
1
1
1
1
1
1
1
1
1
1
1
1
1
1
1
1
1
1
0.999999
0.999999
1
1
1
1
1
0.999999
0.999994
0.999989
0.999985
0.999983
0.999984
0.999988
1
1.00004
1.00013
1.00027
1.00046
1.00066
1.00073
1.00049
0.999668
0.997967
0.995112
0.9909
0.985242
0.97816
0.969734
0.960005
0.948854
0.935893
0.920404
0.901353
0.877494
0.847553
0.810453
0.765546
0.712789
0.652848
0.587079
0.517419
0.446185
0.375827
0.30868
0.246729
0.191558
0.143599
0.106119
0.0620881
1
1
1
1
1
1
1
1
1
1
1
1
1
1
1
1
1
1
1
1
1
1
1
1
1
1
1
1
1
1
1
1
1
1
1
1
1
1
1
1
1
1
1
1
1
1
1
1
1
1
0.999999
0.999999
1
1
1
1
1
1
0.999994
0.999987
0.999981
0.999978
0.999982
0.999995
1.00002
1.00007
1.00015
1.00026
1.00042
1.00056
1.00061
1.00039
0.999667
0.99815
0.995524
0.99151
0.985907
0.978624
0.969662
0.959064
0.946825
0.932787
0.916559
0.897474
0.874629
0.846982
0.813528
0.773487
0.726497
0.672743
0.613027
0.548724
0.481672
0.413984
0.347834
0.285226
0.227951
0.176621
0.135527
0.0846759
1
1
1
1
1
1
1
1
1
1
1
1
1
1
1
1
1
1
1
1
1
1
1
1
1
1
1
1
1
1
1
1
1
1
1
1
1
1
1
1
1
1
1
1
1
1
1
1
1
1
0.999999
0.999999
1
1
1
1
1
1
0.999995
0.999987
0.999978
0.999974
0.999978
0.999996
1.00003
1.00009
1.00017
1.00028
1.0004
1.0005
1.00051
1.00028
0.999596
0.998191
0.995744
0.991932
0.986478
0.97919
0.969976
0.958825
0.945758
0.93074
0.913605
0.893985
0.871296
0.844782
0.813615
0.777044
0.73456
0.686043
0.631862
0.572903
0.510522
0.446427
0.38252
0.320676
0.262744
0.209387
0.165778
0.109205
1
1
1
1
1
1
1
1
1
1
1
1
1
1
1
1
1
1
1
1
1
1
1
1
1
1
1
1
1
1
1
1
1
1
1
1
1
1
1
1
1
1
1
1
1
1
1
1
1
1
0.999999
0.999999
1
1
1
1
1
1
0.999996
0.999987
0.999977
0.999971
0.999975
0.999994
1.00003
1.0001
1.00019
1.00029
1.0004
1.00048
1.00045
1.00019
0.999509
0.998159
0.995827
0.992177
0.986884
0.979685
0.970402
0.958957
0.945346
0.929582
0.911631
0.891332
0.868359
0.842214
0.812281
0.777917
0.738594
0.694025
0.64429
0.589899
0.531798
0.471316
0.410049
0.34968
0.292016
0.23768
0.192535
0.131622
1
1
1
1
1
1
1
1
1
1
1
1
1
1
1
1
1
1
1
1
1
1
1
1
1
1
1
1
1
1
1
1
1
1
1
1
1
1
1
1
1
1
1
1
1
1
1
1
1
1
1
0.999999
1
1
1
1
1
1
0.999996
0.999988
0.999977
0.999969
0.999971
0.999989
1.00003
1.0001
1.0002
1.00032
1.00042
1.00048
1.00041
1.0001
0.999397
0.998058
0.995805
0.992307
0.987218
0.980212
0.971022
0.959467
0.945461
0.928996
0.910098
0.888774
0.864957
0.83847
0.809017
0.776223
0.739706
0.699167
0.6545
0.605872
0.553775
0.49903
0.442751
0.38621
0.330971
0.277402
0.232029
0.167326
)
;

boundaryField
{
    upperWall
    {
        type            zeroGradient;
    }
    outlet
    {
        type            zeroGradient;
    }
    inlet
    {
        type            fixedValue;
        value           uniform 1;
    }
    lowerWall
    {
        type            fixedValue;
        value           uniform 0;
    }
    frontAndBack
    {
        type            empty;
    }
}


// ************************************************************************* //
