/*--------------------------------*- C++ -*----------------------------------*\
  =========                 |
  \\      /  F ield         | OpenFOAM: The Open Source CFD Toolbox
   \\    /   O peration     | Website:  https://openfoam.org
    \\  /    A nd           | Version:  7
     \\/     M anipulation  |
\*---------------------------------------------------------------------------*/
FoamFile
{
    version     2.0;
    format      ascii;
    class       volScalarField;
    location    "0.55";
    object      T;
}
// * * * * * * * * * * * * * * * * * * * * * * * * * * * * * * * * * * * * * //

dimensions      [0 0 0 1 0 0 0];

internalField   nonuniform List<scalar> 
10000
(
0.5
0.0669146
-0.0353169
-0.0277115
-0.00789976
0.00112931
0.00220711
0.000963794
3.88563e-05
-0.000206219
-0.000130475
-2.60559e-05
1.76156e-05
1.74837e-05
6.08561e-06
-9.06071e-07
-2.20759e-06
-1.13469e-06
-1.06163e-07
2.47859e-07
1.87024e-07
4.93947e-08
-2.13891e-08
-2.77869e-08
-1.17498e-08
4.14418e-10
3.6607e-09
2.24852e-09
3.90087e-10
-4.06288e-10
-3.79223e-10
-1.2391e-10
3.89378e-11
7.22262e-11
4.5072e-11
1.41256e-11
-2.51971e-12
-8.19938e-12
-9.37391e-12
-8.98455e-12
-7.42966e-12
-4.84158e-12
-1.91761e-12
4.56266e-13
1.76047e-12
2.01482e-12
1.59322e-12
9.36382e-13
3.57263e-13
-1.11226e-14
-1.72027e-13
-1.92516e-13
-1.46387e-13
-8.60651e-14
-3.77843e-14
-8.47908e-15
4.90514e-15
8.37978e-15
7.20161e-15
4.70412e-15
2.48119e-15
1.01002e-15
2.28358e-16
-9.2743e-17
-1.68236e-16
-1.42447e-16
-9.23509e-17
-4.96568e-17
-2.20159e-17
-7.22286e-18
-7.14254e-19
1.39061e-18
1.57723e-18
1.15518e-18
6.87871e-19
3.49812e-19
1.5069e-19
5.06293e-20
8.20433e-21
-5.63976e-21
-7.57812e-21
-5.76001e-21
-3.51406e-21
-1.85034e-21
-8.52256e-22
-3.34585e-22
-1.00139e-22
-1.0281e-23
1.52666e-23
1.68077e-23
1.19267e-23
6.99841e-24
3.60712e-24
1.65611e-24
6.67462e-25
2.21639e-25
4.61484e-26
-9.74815e-27
-1.94925e-26
-1.65874e-26
0.933085
0.5
0.14482
-0.0139075
-0.0411718
-0.0230289
-0.00507433
0.00215701
0.00250723
0.00101071
-9.38734e-08
-0.000255324
-0.000158213
-3.18213e-05
2.20241e-05
2.24005e-05
8.17946e-06
-9.48179e-07
-2.86443e-06
-1.56602e-06
-2.00131e-07
3.13491e-07
2.58846e-07
7.77016e-08
-2.39637e-08
-3.79425e-08
-1.77243e-08
-5.13379e-10
4.83158e-09
3.29206e-09
7.07419e-10
-5.41812e-10
-5.97563e-10
-2.51733e-10
1.19061e-11
1.01432e-10
9.32999e-11
6.26659e-11
3.79243e-11
1.95449e-11
3.83392e-12
-8.72021e-12
-1.56813e-11
-1.62843e-11
-1.2291e-11
-6.62867e-12
-1.73145e-12
1.25564e-12
2.35508e-12
2.19978e-12
1.50405e-12
7.73543e-13
2.46014e-13
-3.91204e-14
-1.40671e-13
-1.39295e-13
-9.85786e-14
-5.51092e-14
-2.3513e-14
-5.56242e-15
2.24884e-15
4.23425e-15
3.65264e-15
2.38881e-15
1.27846e-15
5.49262e-16
1.592e-16
-7.94602e-18
-5.62235e-17
-5.3861e-17
-3.70297e-17
-2.10009e-17
-1.00589e-17
-3.90541e-18
-9.89823e-19
1.23232e-19
3.92883e-19
3.46807e-19
2.28393e-19
1.26719e-19
6.08219e-20
2.47625e-20
7.71469e-21
9.1701e-22
-1.11311e-21
-1.2853e-21
-9.2936e-22
-5.50526e-22
-2.84271e-22
-1.29462e-22
-5.08338e-23
-1.56696e-23
-2.20657e-24
1.73616e-24
2.13358e-24
1.55383e-24
9.24414e-25
4.82871e-25
2.26964e-25
7.83634e-26
1.03532
0.85518
0.5
0.182448
0.00830364
-0.0419281
-0.032441
-0.0120093
3.84408e-05
0.00307766
0.00201936
0.000522644
-0.000189734
-0.000261936
-0.000118925
-6.07707e-06
2.86043e-05
2.02421e-05
5.19525e-06
-2.29056e-06
-2.95623e-06
-1.27805e-06
8.47113e-09
3.71773e-07
2.40894e-07
5.03714e-08
-3.68705e-08
-3.88662e-08
-1.47276e-08
1.76368e-09
5.53754e-09
3.13402e-09
3.8025e-10
-7.73129e-10
-7.37398e-10
-3.56378e-10
-7.50351e-11
4.60371e-11
8.24249e-11
9.20908e-11
8.95596e-11
7.2738e-11
4.4282e-11
1.38588e-11
-8.85489e-12
-1.96171e-11
-1.99925e-11
-1.45279e-11
-7.70225e-12
-2.2838e-12
8.27055e-13
1.95103e-12
1.86654e-12
1.29496e-12
6.93768e-13
2.59959e-13
2.04402e-14
-7.40758e-14
-8.67241e-14
-6.5927e-14
-3.94454e-14
-1.88721e-14
-6.44909e-15
-4.66541e-16
1.60559e-15
1.78992e-15
1.3166e-15
7.78686e-16
3.82538e-16
1.49053e-16
3.50721e-17
-8.88084e-18
-1.8937e-17
-1.60975e-17
-1.04201e-17
-5.66746e-18
-2.62583e-18
-9.90352e-19
-2.43126e-19
3.25635e-20
9.61389e-20
8.3382e-20
5.4332e-20
2.9992e-20
1.44278e-20
5.96816e-21
1.96403e-21
3.42659e-22
-1.70181e-22
-2.44468e-22
-1.86234e-22
-1.13508e-22
-6.00994e-23
-2.82378e-23
-1.16605e-23
-4.00936e-24
-9.20406e-25
1.02377e-25
3.06443e-25
2.75472e-25
1.02771
1.01391
0.817552
0.5
0.206389
0.0268058
-0.0388677
-0.0384381
-0.0184166
-0.00302402
0.00284105
0.00282245
0.00118552
4.2633e-05
-0.000296282
-0.000211922
-6.02234e-05
1.88442e-05
2.95095e-05
1.43558e-05
1.1797e-06
-3.31264e-06
-2.54099e-06
-7.34798e-07
2.46599e-07
3.77203e-07
1.78792e-07
8.51758e-09
-4.67786e-08
-3.35355e-08
-8.33622e-09
4.60779e-09
5.76997e-09
2.62128e-09
4.31299e-11
-8.7191e-10
-8.0027e-10
-4.96928e-10
-2.71172e-10
-1.31775e-10
-2.51146e-11
6.28845e-11
1.16276e-10
1.24363e-10
9.61421e-11
5.27234e-11
1.3729e-11
-1.06398e-11
-1.97585e-11
-1.84437e-11
-1.25415e-11
-6.32466e-12
-1.84631e-12
5.40891e-13
1.34479e-12
1.27014e-12
8.73205e-13
4.71461e-13
1.87744e-13
3.17332e-14
-3.20892e-14
-4.45652e-14
-3.56654e-14
-2.22106e-14
-1.12708e-14
-4.42926e-15
-9.56247e-16
4.07941e-16
7.04377e-16
5.83349e-16
3.72317e-16
1.98201e-16
8.77705e-17
2.9469e-17
3.9494e-18
-4.43634e-18
-5.42433e-18
-4.04347e-18
-2.43089e-18
-1.25015e-18
-5.49901e-19
-1.94676e-19
-4.10776e-20
1.17449e-20
2.18021e-20
1.76283e-20
1.10863e-20
5.97819e-21
2.82913e-21
1.15878e-21
3.81791e-22
7.06538e-23
-2.76877e-23
-4.28856e-23
-3.30355e-23
-2.02345e-23
-1.07755e-23
-5.1139e-24
-2.16861e-24
-5.86093e-25
1.0079
1.04117
0.991696
0.793611
0.5
0.223365
0.042154
-0.0343031
-0.0421139
-0.0239644
-0.00647534
0.00197761
0.00332499
0.00186777
0.000400612
-0.000245072
-0.000285991
-0.000129611
-8.12739e-06
3.15022e-05
2.39228e-05
7.25576e-06
-1.97866e-06
-3.44896e-06
-1.76137e-06
-1.84529e-07
3.91214e-07
3.18126e-07
9.90461e-08
-2.74991e-08
-4.8047e-08
-2.41644e-08
-1.66645e-09
6.62043e-09
5.57471e-09
2.29253e-09
1.56308e-10
-5.78513e-10
-6.56232e-10
-5.97787e-10
-5.26873e-10
-4.07712e-10
-2.31765e-10
-4.79912e-11
8.53818e-11
1.42239e-10
1.33958e-10
9.11826e-11
4.33332e-11
7.73933e-12
-1.09857e-11
-1.61687e-11
-1.37285e-11
-8.73515e-12
-4.1778e-12
-1.16634e-12
3.31377e-13
7.97453e-13
7.35983e-13
4.98802e-13
2.69213e-13
1.10913e-13
2.46186e-14
-1.13865e-14
-1.98161e-14
-1.66637e-14
-1.07152e-14
-5.66541e-15
-2.41781e-15
-7.0671e-16
1.89534e-17
2.28435e-16
2.21e-16
1.52128e-16
8.6377e-17
4.15597e-17
1.63677e-17
4.39338e-18
-2.36939e-19
-1.42412e-18
-1.3074e-18
-8.74438e-19
-4.90492e-19
-2.38306e-19
-9.89337e-20
-3.22673e-20
-5.15646e-21
3.34667e-21
4.45181e-21
3.339e-21
2.01732e-21
1.0581e-21
4.9013e-22
1.97266e-22
6.40358e-23
1.16869e-23
-4.56064e-24
-6.99324e-24
-5.3353e-24
-3.16821e-24
0.998871
1.02303
1.04193
0.973194
0.776635
0.5
0.236308
0.0551561
-0.0291433
-0.0442026
-0.0286476
-0.0100134
0.000663016
0.00351519
0.00249279
0.000838178
-0.000110139
-0.000325109
-0.00020245
-4.98925e-05
2.37007e-05
3.12705e-05
1.49633e-05
1.26015e-06
-3.5213e-06
-2.80622e-06
-8.95874e-07
2.13713e-07
4.12024e-07
2.18311e-07
2.58685e-08
-4.84673e-08
-4.17303e-08
-1.44231e-08
2.85487e-09
7.05162e-09
5.06255e-09
2.43159e-09
9.28588e-10
2.49605e-10
-1.73492e-10
-5.2107e-10
-7.1464e-10
-6.85647e-10
-4.8145e-10
-2.19983e-10
-6.75209e-12
1.10414e-10
1.38468e-10
1.12048e-10
6.7187e-11
2.7479e-11
2.22097e-12
-9.07161e-12
-1.10574e-11
-8.63243e-12
-5.17868e-12
-2.36151e-12
-6.29726e-13
1.81396e-13
4.15893e-13
3.75321e-13
2.5103e-13
1.35318e-13
5.71692e-14
1.48784e-14
-3.04988e-15
-7.7857e-15
-6.93323e-15
-4.59966e-15
-2.51649e-15
-1.13934e-15
-3.90585e-16
-5.46952e-17
5.85535e-17
7.3058e-17
5.49535e-17
3.31754e-17
1.70404e-17
7.41756e-18
2.53749e-18
4.47983e-19
-2.46037e-19
-3.53355e-19
-2.72287e-19
-1.66953e-19
-8.80343e-20
-4.04982e-20
-1.58237e-20
-4.6697e-21
-4.19033e-22
7.68714e-22
8.20911e-22
5.75807e-22
3.34835e-22
1.70888e-22
7.74373e-23
3.05562e-23
9.85407e-24
3.48705e-25
0.997793
1.00507
1.03244
1.03887
0.957846
0.763692
0.5
0.246668
0.0663827
-0.0238073
-0.0451887
-0.0325522
-0.0134733
-0.000959178
0.00341734
0.00301639
0.00131432
9.733e-05
-0.000320961
-0.000268331
-0.000102053
5.401e-06
3.42593e-05
2.29965e-05
6.21787e-06
-2.43302e-06
-3.56989e-06
-1.78345e-06
-1.8218e-07
4.07e-07
3.3827e-07
1.12275e-07
-2.54795e-08
-5.38692e-08
-3.20846e-08
-7.73472e-09
3.71718e-09
5.50045e-09
4.11918e-09
2.89223e-09
2.19784e-09
1.52185e-09
6.61933e-10
-1.7425e-10
-7.10712e-10
-8.49283e-10
-6.85449e-10
-3.96383e-10
-1.30926e-10
3.84177e-11
1.0737e-10
1.07487e-10
7.62451e-11
4.07616e-11
1.42487e-11
-5.4206e-13
-6.16613e-12
-6.51145e-12
-4.73694e-12
-2.70323e-12
-1.1842e-12
-3.04346e-13
8.76593e-14
1.94174e-13
1.72156e-13
1.13985e-13
6.14537e-14
2.65356e-14
7.72236e-15
-3.78862e-16
-2.72758e-15
-2.61381e-15
-1.79391e-15
-1.01299e-15
-4.80808e-16
-1.82814e-16
-4.29031e-17
9.37989e-18
2.10372e-17
1.78174e-17
1.14871e-17
6.25531e-18
2.93303e-18
1.14846e-18
3.24589e-19
9.22722e-21
-7.52877e-20
-7.36375e-20
-5.03183e-20
-2.87371e-20
-1.43413e-20
-6.262e-21
-2.29627e-21
-5.98334e-22
5.56961e-24
1.508e-22
1.38371e-22
9.16744e-23
5.15866e-23
2.30073e-23
0.999036
0.997843
1.01201
1.03844
1.0343
0.944844
0.753332
0.5
0.255249
0.0762288
-0.0184971
-0.0453946
-0.0357829
-0.0167686
-0.00277966
0.00306919
0.00341666
0.00179625
0.000362307
-0.000271062
-0.000319196
-0.000159502
-2.26982e-05
3.14485e-05
3.00042e-05
1.24139e-05
-5.06271e-08
-3.78091e-06
-2.69433e-06
-7.79355e-07
2.62924e-07
4.25062e-07
2.22944e-07
2.86223e-08
-4.96351e-08
-4.76796e-08
-2.32287e-08
-5.91143e-09
5.80616e-10
1.91285e-09
2.46556e-09
3.20549e-09
3.50169e-09
2.91417e-09
1.69e-09
4.09141e-10
-4.75134e-10
-8.28519e-10
-7.71066e-10
-5.16187e-10
-2.43114e-10
-4.65036e-11
5.42478e-11
8.16273e-11
6.91952e-11
4.39689e-11
2.11911e-11
6.24435e-12
-1.19436e-12
-3.57677e-12
-3.38471e-12
-2.32266e-12
-1.27161e-12
-5.39431e-13
-1.3543e-13
3.74597e-14
8.22978e-14
7.21309e-14
4.74518e-14
2.56398e-14
1.13001e-14
3.58352e-15
2.06036e-16
-8.51074e-16
-9.02109e-16
-6.43972e-16
-3.75233e-16
-1.85474e-16
-7.60428e-17
-2.25935e-17
-1.04956e-18
5.11824e-18
5.20626e-18
3.62858e-18
2.09322e-18
1.0442e-18
4.48184e-19
1.55354e-19
3.20551e-20
-9.29192e-21
-1.68425e-20
-1.34782e-20
-8.42362e-21
-4.5325e-21
-2.15242e-21
-8.93697e-22
-3.06328e-22
-6.77076e-23
1.01949e-23
3.13605e-23
0.999961
0.997493
0.999962
1.01842
1.04211
1.02914
0.933617
0.744751
0.5
0.262537
0.0849758
-0.0133115
-0.0450396
-0.0384394
-0.0198576
-0.00471768
0.00251112
0.00368607
0.00225945
0.000669094
-0.000176905
-0.000349474
-0.00021724
-5.89606e-05
2.21133e-05
3.47801e-05
1.9193e-05
3.57612e-06
-3.23573e-06
-3.45812e-06
-1.52539e-06
-4.41513e-08
4.40953e-07
3.38734e-07
1.153e-07
-1.73595e-08
-4.86985e-08
-3.4646e-08
-1.7136e-08
-8.5798e-09
-5.61879e-09
-3.25081e-09
-4.39018e-11
2.89723e-09
4.32068e-09
4.01159e-09
2.63631e-09
1.07592e-09
-7.3725e-11
-6.33141e-10
-7.16868e-10
-5.45064e-10
-3.08386e-10
-1.15709e-10
-1.04002e-12
4.60093e-11
5.12322e-11
3.82686e-11
2.21645e-11
9.71368e-12
2.35434e-12
-9.50433e-13
-1.8223e-12
-1.58364e-12
-1.03586e-12
-5.48248e-13
-2.26972e-13
-5.65115e-14
1.41974e-14
3.20099e-14
2.79244e-14
1.83216e-14
9.94327e-15
4.47002e-15
1.51953e-15
2.05911e-16
-2.32835e-16
-2.86627e-16
-2.14605e-16
-1.29218e-16
-6.6267e-17
-2.88253e-17
-9.86738e-18
-1.75553e-18
9.40807e-19
1.36163e-18
1.05111e-18
6.45231e-19
3.40622e-19
1.56923e-19
6.14492e-20
1.82194e-20
1.70304e-21
-2.93878e-21
-3.16514e-21
-2.22707e-21
-1.29769e-21
-6.63297e-22
-3.02774e-22
-9.49554e-23
1.00021
0.998989
0.996922
1.00302
1.02396
1.0442
1.02381
0.923771
0.737463
0.5
0.268847
0.0928295
-0.00829713
-0.0442768
-0.0406094
-0.0227243
-0.00671456
0.00178129
0.00382595
0.00268654
0.001003
-4.24486e-05
-0.000355818
-0.000270829
-0.00010122
6.15732e-06
3.63693e-05
2.58343e-05
8.24985e-06
-1.8142e-06
-3.90961e-06
-2.34211e-06
-5.21541e-07
3.44741e-07
4.25158e-07
2.20396e-07
4.5404e-08
-2.4312e-08
-2.90409e-08
-1.8347e-08
-1.34019e-08
-1.36168e-08
-1.29822e-08
-8.99623e-09
-3.18123e-09
1.78759e-09
4.34064e-09
4.5031e-09
3.24288e-09
1.63304e-09
3.63652e-10
-3.37919e-10
-5.54872e-10
-4.86507e-10
-3.14955e-10
-1.52237e-10
-4.26009e-11
1.26247e-11
2.99615e-11
2.76395e-11
1.86859e-11
9.99802e-12
4.01091e-12
7.67489e-13
-5.56917e-13
-8.33348e-13
-6.77239e-13
-4.25969e-13
-2.19436e-13
-8.92994e-14
-2.23747e-14
4.76171e-15
1.15219e-14
1.0077e-14
6.61884e-15
3.61536e-15
1.65726e-15
5.97013e-16
1.16562e-16
-5.31711e-17
-8.39584e-17
-6.67675e-17
-4.16669e-17
-2.21296e-17
-1.01118e-17
-3.81502e-18
-9.83254e-19
5.91876e-20
3.10737e-19
2.7902e-19
1.84245e-19
1.0289e-19
5.03377e-20
2.14788e-20
7.59123e-21
1.78466e-21
-1.99786e-22
-6.2112e-22
-5.25734e-22
-3.30647e-22
1.00013
1
0.997981
0.997159
1.00648
1.02865
1.04519
1.0185
0.915024
0.731153
0.5
0.274394
0.0999444
-0.00347339
-0.0432147
-0.0423674
-0.025367
-0.00872811
0.000913719
0.00384278
0.00306586
0.00135109
0.000126998
-0.000336704
-0.000316606
-0.000147096
-1.60179e-05
3.41084e-05
3.16358e-05
1.36731e-05
5.26192e-07
-3.89632e-06
-3.12574e-06
-1.15124e-06
1.00799e-07
4.3445e-07
3.07537e-07
1.19431e-07
2.06435e-08
-1.39593e-09
1.20597e-09
-1.06453e-09
-1.03595e-08
-1.83117e-08
-1.93606e-08
-1.40727e-08
-6.36438e-09
8.22911e-11
3.57687e-09
4.30645e-09
3.38007e-09
1.93922e-09
7.10858e-10
-3.83531e-11
-3.46161e-10
-3.71948e-10
-2.73319e-10
-1.5452e-10
-6.36978e-11
-1.09727e-11
1.16034e-11
1.63222e-11
1.31921e-11
8.22547e-12
4.10944e-12
1.51725e-12
2.13727e-13
-2.72977e-13
-3.47751e-13
-2.67945e-13
-1.63263e-13
-8.23485e-14
-3.31562e-14
-8.4672e-15
1.39273e-15
3.86249e-15
3.41312e-15
2.25252e-15
1.24078e-15
5.79814e-16
2.19479e-16
5.3218e-17
-8.47137e-18
-2.2591e-17
-1.94573e-17
-1.26455e-17
-6.95346e-18
-3.31688e-18
-1.34593e-18
-4.20302e-19
-5.26308e-20
5.73316e-20
6.72956e-20
4.88185e-20
2.89616e-20
1.49775e-20
6.83805e-21
2.69691e-21
8.53985e-22
5.03246e-24
1.00003
1.00026
0.999477
0.997178
0.998022
1.01001
1.03255
1.04539
1.01331
0.90717
0.725606
0.5
0.279329
0.106439
0.00115474
-0.041932
-0.0437761
-0.0277924
-0.0107283
-6.22622e-05
0.00374582
0.00339021
0.00170247
0.000325546
-0.000292007
-0.00035173
-0.000194221
-4.36535e-05
2.76188e-05
3.59666e-05
1.94887e-05
3.76195e-06
-3.27791e-06
-3.73842e-06
-1.86904e-06
-2.94822e-07
3.27e-07
3.28762e-07
1.62743e-07
5.57366e-08
3.1024e-08
3.68931e-08
3.38777e-08
1.5506e-08
-6.52257e-09
-2.05887e-08
-2.31373e-08
-1.74199e-08
-8.90689e-09
-1.76251e-09
2.31591e-09
3.56534e-09
3.0793e-09
1.95404e-09
8.95766e-10
1.91626e-10
-1.50126e-10
-2.41242e-10
-2.05744e-10
-1.32068e-10
-6.6133e-11
-2.28556e-11
-7.6833e-13
7.1638e-12
7.77517e-12
5.68961e-12
3.31775e-12
1.56139e-12
5.33149e-13
4.83975e-14
-1.17838e-13
-1.34116e-13
-9.90376e-14
-5.88255e-14
-2.92028e-14
-1.16996e-14
-3.07565e-15
3.39234e-16
1.21141e-15
1.09094e-15
7.26085e-16
4.04086e-16
1.92465e-16
7.60597e-17
2.13563e-17
1.60822e-19
-5.51849e-18
-5.31694e-18
-3.62492e-18
-2.06601e-18
-1.02494e-18
-4.40802e-19
-1.5546e-19
-3.50693e-20
6.04949e-21
1.44056e-20
1.19692e-20
7.62002e-21
4.17735e-21
1.77323e-21
0.999982
1.00016
1.00019
0.998814
0.996675
0.999337
1.01347
1.03578
1.04504
1.0083
0.900056
0.720671
0.5
0.283765
0.112406
0.00559006
-0.0404869
-0.0448875
-0.0300111
-0.0126941
-0.0011218
0.00354557
0.00365566
0.0020482
0.000547233
-0.000222625
-0.000374152
-0.000240386
-7.57673e-05
1.67629e-05
3.82785e-05
2.52925e-05
7.7964e-06
-1.94189e-06
-4.01273e-06
-2.54822e-06
-7.8094e-07
1.11168e-07
2.59794e-07
1.34315e-07
3.487e-08
2.65279e-08
5.85142e-08
7.59535e-08
6.20913e-08
2.97332e-08
-1.459e-09
-1.96909e-08
-2.37012e-08
-1.85251e-08
-1.03127e-08
-3.27638e-09
9.47436e-10
2.54912e-09
2.48816e-09
1.7303e-09
9.12871e-10
3.19917e-10
-4.21158e-12
-1.26129e-10
-1.34537e-10
-9.8183e-11
-5.63947e-11
-2.51705e-11
-7.00092e-12
1.22414e-12
3.60977e-12
3.3286e-12
2.25317e-12
1.24212e-12
5.54845e-13
1.761e-13
7.32178e-15
-4.60631e-14
-4.82864e-14
-3.44699e-14
-2.00653e-14
-9.84786e-15
-3.94475e-15
-1.07498e-15
5.82084e-17
3.56464e-16
3.30466e-16
2.22662e-16
1.25424e-16
6.08841e-17
2.49925e-17
7.81078e-18
8.9147e-19
-1.18851e-18
-1.36022e-18
-9.83592e-19
-5.8259e-19
-3.00005e-19
-1.35497e-19
-5.2097e-20
-1.50903e-20
-1.21689e-21
2.52588e-21
2.91163e-21
0.999983
1.00003
1.00026
0.999957
0.998132
0.996485
1.00096
1.01677
1.03844
1.04428
1.00347
0.893561
0.716235
0.5
0.287787
0.11792
0.00983944
-0.0389223
-0.0457452
-0.0320359
-0.0146108
-0.00224409
0.00325288
0.00386073
0.00238115
0.00078634
-0.000130163
-0.000382521
-0.000283627
-0.000111258
1.5916e-06
3.80928e-05
3.06179e-05
1.24196e-05
1.40889e-07
-3.80006e-06
-3.02271e-06
-1.22386e-06
-1.24895e-07
1.44416e-07
3.87373e-08
-6.8015e-08
-5.89772e-08
1.83657e-08
8.58865e-08
1.04991e-07
8.12561e-08
4.01119e-08
4.19588e-09
-1.61388e-08
-2.14432e-08
-1.75159e-08
-1.04429e-08
-4.16305e-09
-2.02054e-10
1.52926e-09
1.79102e-09
1.37062e-09
8.04835e-10
3.52984e-10
8.059e-11
-4.29048e-11
-7.47766e-11
-6.41236e-11
-4.16149e-11
-2.17078e-11
-8.63508e-12
-1.76658e-12
9.93575e-13
1.58688e-12
1.30501e-12
8.29628e-13
4.3616e-13
1.8619e-13
5.52475e-14
-3.07428e-16
-1.65932e-14
-1.63606e-14
-1.13707e-14
-6.5165e-15
-3.17412e-15
-1.27632e-15
-3.62047e-16
-3.22369e-19
9.84939e-17
9.51812e-17
6.51921e-17
3.72369e-17
1.84224e-17
7.82401e-18
2.65492e-18
4.99595e-19
-2.08034e-19
-3.23975e-19
-2.52806e-19
-1.5632e-19
-8.35264e-20
-3.93786e-20
-1.63192e-20
-3.83906e-21
0.999994
0.999978
1.00012
1.0003
0.999599
0.997507
0.996583
1.00278
1.01986
1.04061
1.04321
0.998845
0.887594
0.712213
0.5
0.291459
0.123039
0.0139117
-0.0372711
-0.0463857
-0.0338802
-0.0164687
-0.00341188
0.00287832
0.0040057
0.00269581
0.00103758
-1.66683e-05
-0.000376064
-0.000322231
-0.000148951
-1.76721e-05
3.50093e-05
3.49306e-05
1.72633e-05
2.83238e-06
-3.06962e-06
-3.17383e-06
-1.47284e-06
-2.30996e-07
1.09752e-07
-3.69016e-08
-2.13921e-07
-2.3049e-07
-1.18241e-07
1.7548e-08
1.02124e-07
1.18817e-07
8.9569e-08
4.56813e-08
9.30388e-09
-1.11858e-08
-1.73864e-08
-1.4993e-08
-9.50016e-09
-4.3646e-09
-9.59306e-10
6.93866e-10
1.14109e-09
9.79465e-10
6.32374e-10
3.19502e-10
1.12851e-10
6.3948e-12
-3.26577e-11
-3.64987e-11
-2.70855e-11
-1.59921e-11
-7.64679e-12
-2.6941e-12
-3.18992e-13
5.22826e-13
6.29354e-13
4.75074e-13
2.86867e-13
1.44877e-13
5.94783e-14
1.66169e-14
-8.11196e-16
-5.57527e-15
-5.25097e-15
-3.57415e-15
-2.02456e-15
-9.81939e-16
-3.97609e-16
-1.17625e-16
-6.20766e-18
2.55126e-17
2.61273e-17
1.8276e-17
1.0606e-17
5.3485e-18
2.34282e-18
8.48956e-19
2.06034e-19
-2.03917e-20
-7.09354e-20
-6.14912e-20
-4.00093e-20
-2.0493e-20
1
0.999978
1.00001
1.00021
1.00025
0.999162
0.996984
0.996931
1.00472
1.02272
1.04237
1.04193
0.99441
0.88208
0.708541
0.5
0.294834
0.127814
0.0178165
-0.035558
-0.0468395
-0.0355575
-0.0182615
-0.00461091
0.00243193
0.00409201
0.00298798
0.00129618
0.00011557
-0.000354445
-0.000354688
-0.00018757
-4.05714e-05
2.87968e-05
3.77064e-05
2.18233e-05
5.78172e-06
-2.00896e-06
-3.05614e-06
-1.47989e-06
-8.54522e-08
3.1612e-07
6.64273e-08
-2.7929e-07
-4.17977e-07
-3.33812e-07
-1.49212e-07
1.55633e-08
1.03709e-07
1.17536e-07
8.78103e-08
4.63634e-08
1.2876e-08
-6.16673e-09
-1.27021e-08
-1.17392e-08
-7.88635e-09
-4.01331e-09
-1.30704e-09
1.21729e-10
6.27382e-10
6.32078e-10
4.49392e-10
2.52913e-10
1.10009e-10
2.84708e-11
-7.58621e-12
-1.7434e-11
-1.5564e-11
-1.0379e-11
-5.65843e-12
-2.4943e-12
-7.67964e-13
-7.57008e-15
2.26615e-13
2.29829e-13
1.62294e-13
9.39076e-14
4.58447e-14
1.82101e-14
4.83157e-15
-4.14718e-16
-1.76275e-15
-1.60502e-15
-1.07535e-15
-6.04108e-16
-2.92568e-16
-1.19593e-16
-3.69007e-17
-3.70435e-18
6.16114e-18
6.84525e-18
4.917e-18
2.9053e-18
1.49389e-18
6.7328e-19
2.57532e-19
7.3242e-20
5.1533e-21
-1.81948e-20
1
0.999992
0.999971
1.00006
1.00029
1.00011
0.998686
0.996583
0.997489
1.00671
1.02537
1.04378
1.04049
0.990161
0.876961
0.705166
0.5
0.297951
0.132283
0.0215636
-0.0338022
-0.0471324
-0.0370806
-0.0199854
-0.00582943
0.00192305
0.00412197
0.0032546
0.00155789
0.000264134
-0.000317679
-0.00037965
-0.000225685
-6.62994e-05
1.95751e-05
3.86337e-05
2.5625e-05
8.51061e-06
-1.02982e-06
-2.97902e-06
-1.42566e-06
2.6988e-07
8.41872e-07
5.01707e-07
-9.261e-08
-4.78012e-07
-5.37673e-07
-3.78201e-07
-1.59238e-07
9.78843e-09
9.28948e-08
1.04811e-07
7.85345e-08
4.29618e-08
1.44619e-08
-2.04172e-09
-8.33457e-09
-8.45585e-09
-6.03341e-09
-3.33138e-09
-1.33172e-09
-1.97466e-10
2.75462e-10
3.65347e-10
2.90678e-10
1.7997e-10
8.9572e-11
3.29474e-11
4.51427e-12
-6.10996e-12
-7.74333e-12
-5.98518e-12
-3.66833e-12
-1.86565e-12
-7.60562e-13
-1.99928e-13
2.75956e-14
8.68763e-14
7.83624e-14
5.24641e-14
2.92975e-14
1.39017e-14
5.37369e-15
1.36803e-15
-1.56073e-16
-5.27957e-16
-4.69295e-16
-3.10853e-16
-1.73706e-16
-8.41995e-17
-3.4809e-17
-1.11904e-17
-1.60359e-18
1.36997e-18
1.71247e-18
1.27175e-18
7.66998e-19
4.02268e-19
1.87442e-19
5.91783e-20
1
1
0.99998
0.999981
1.00013
1.00033
0.999903
0.998204
0.996314
0.998219
1.00873
1.02779
1.04489
1.03892
0.986088
0.872186
0.702049
0.5
0.300845
0.136483
0.0251626
-0.0320185
-0.0472861
-0.0384617
-0.0216385
-0.00705784
0.00136019
0.00409836
0.00349345
0.0018189
0.000426445
-0.000266188
-0.000396018
-0.000261766
-9.36481e-05
7.9957e-06
3.7889e-05
2.85258e-05
1.06737e-05
-5.97597e-07
-3.44322e-06
-1.75209e-06
5.31166e-07
1.55672e-06
1.29483e-06
4.72986e-07
-2.48749e-07
-5.85909e-07
-5.71561e-07
-3.74733e-07
-1.54567e-07
1.47334e-09
7.4754e-08
8.57132e-08
6.50044e-08
3.68453e-08
1.41907e-08
7.61025e-10
-4.83212e-09
-5.61337e-09
-4.28102e-09
-2.53753e-09
-1.15862e-09
-3.23453e-10
6.73692e-11
1.84403e-10
1.71001e-10
1.16638e-10
6.44624e-11
2.84578e-11
8.44337e-12
-4.42005e-13
-3.1214e-12
-3.03937e-12
-2.11771e-12
-1.21081e-12
-5.78771e-13
-2.1848e-13
-4.71583e-14
1.69548e-14
3.0443e-14
2.52005e-14
1.61572e-14
8.75924e-15
4.05948e-15
1.53561e-15
3.79494e-16
-4.98497e-17
-1.50563e-16
-1.31747e-16
-8.66106e-17
-4.82673e-17
-2.34637e-17
-9.82339e-18
-3.2843e-18
-5.96257e-19
2.72748e-19
4.08859e-19
3.16344e-19
1.8605e-19
1
1
0.999995
0.99997
1.00001
1.0002
1.00032
0.999638
0.997741
0.996174
0.999086
1.01073
1.03001
1.04575
1.03727
0.982184
0.867717
0.699155
0.5
0.303542
0.14044
0.0286225
-0.0302183
-0.0473191
-0.0397121
-0.0232204
-0.00828825
0.000751113
0.00402428
0.00370298
0.00207565
0.000599619
-0.00020102
-0.000403243
-0.000294483
-0.000121199
-4.77209e-06
3.63076e-05
3.10195e-05
1.24184e-05
-8.96245e-07
-4.88992e-06
-3.0236e-06
1.6225e-07
2.06857e-06
2.24591e-06
1.3915e-06
3.58491e-07
-3.43337e-07
-6.00968e-07
-5.38247e-07
-3.38665e-07
-1.40176e-07
-6.81979e-09
5.45474e-08
6.49568e-08
5.02527e-08
2.95102e-08
1.25772e-08
2.26548e-09
-2.3623e-09
-3.42518e-09
-2.82744e-09
-1.79164e-09
-9.02617e-10
-3.28543e-10
-3.46407e-11
7.55511e-11
9.05762e-11
6.91745e-11
4.20133e-11
2.09893e-11
8.15997e-12
1.73745e-12
-7.6623e-13
-1.30864e-12
-1.08707e-12
-6.99197e-13
-3.76896e-13
-1.7029e-13
-5.95141e-14
-9.84991e-15
7.27042e-15
9.93676e-15
7.70327e-15
4.76662e-15
2.52121e-15
1.14625e-15
4.26601e-16
1.03619e-16
-1.41229e-17
-4.10461e-17
-3.56207e-17
-2.33223e-17
-1.29921e-17
-6.3445e-18
-2.69246e-18
-9.33515e-19
-2.06863e-19
9.26743e-20
1
1
1
0.999986
0.999968
1.00005
1.00027
1.00027
0.999331
0.997313
0.996157
1.00006
1.01269
1.03204
1.04639
1.03556
0.978436
0.863517
0.696458
0.5
0.306067
0.144179
0.0319521
-0.0284108
-0.0472473
-0.0408424
-0.0247314
-0.00951418
0.000102932
0.00390308
0.0038822
0.00232481
0.000780351
-0.00012414
-0.0004018
-0.000323281
-0.000147868
-1.74246e-05
3.52301e-05
3.43184e-05
1.46479e-05
-1.46919e-06
-7.33498e-06
-5.62606e-06
-1.40873e-06
1.80962e-06
2.92486e-06
2.42297e-06
1.27617e-06
2.38254e-07
-3.66077e-07
-5.46532e-07
-4.6353e-07
-2.84993e-07
-1.20145e-07
-1.30141e-08
3.61522e-08
4.59131e-08
3.65101e-08
2.22159e-08
1.026e-08
2.76043e-09
-8.28997e-10
-1.90278e-09
-1.73985e-09
-1.18002e-09
-6.44302e-10
-2.74376e-10
-7.00137e-11
1.83159e-11
4.19935e-11
3.7443e-11
2.50704e-11
1.38383e-11
6.28192e-12
2.10819e-12
2.15346e-13
-4.19243e-13
-4.84977e-13
-3.60963e-13
-2.17689e-13
-1.11513e-13
-4.78415e-14
-1.54599e-14
-1.70954e-15
2.64566e-15
3.05851e-15
2.25199e-15
1.35326e-15
7.01357e-16
3.14042e-16
1.15572e-16
2.79348e-17
-3.59789e-18
-1.07294e-17
-9.29907e-18
-6.08351e-18
-3.39399e-18
-1.67743e-18
-5.89515e-19
1
1
1
0.999999
0.999976
0.999976
1.0001
1.00032
1.00018
0.998997
0.996934
0.996254
1.00112
1.01461
1.03388
1.04684
1.0338
0.974837
0.85956
0.693933
0.5
0.308436
0.147722
0.0351594
-0.0266031
-0.0470843
-0.0418623
-0.0261727
-0.0107302
-0.000577648
0.00373861
0.00403099
0.00256359
0.000965096
-3.8484e-05
-0.000393559
-0.000349029
-0.000173693
-2.92901e-05
3.59093e-05
4.00182e-05
1.89598e-05
-1.0558e-06
-1.00666e-05
-9.42127e-06
-4.48058e-06
2.59405e-07
2.79424e-06
3.14861e-06
2.25579e-06
1.06605e-06
1.46866e-07
-3.33836e-07
-4.536e-07
-3.71544e-07
-2.25955e-07
-9.78672e-08
-1.62208e-08
2.16e-08
3.03766e-08
2.50375e-08
1.57978e-08
7.79776e-09
2.61534e-09
-9.4883e-12
-9.4001e-10
-9.95175e-10
-7.27548e-10
-4.26845e-10
-2.02896e-10
-7.0251e-11
-6.67079e-12
1.57188e-11
1.82597e-11
1.37349e-11
8.31914e-12
4.22256e-12
1.74081e-12
4.83916e-13
-3.21781e-14
-1.74532e-13
-1.64375e-13
-1.12706e-13
-6.44373e-14
-3.15661e-14
-1.29085e-14
-3.84916e-15
-1.91896e-16
8.68392e-16
8.95473e-16
6.32742e-16
3.71144e-16
1.8918e-16
8.37221e-17
3.06091e-17
7.44798e-18
-8.19502e-19
-2.69635e-18
-2.3453e-18
-1.48452e-18
1
1
1
1
0.999993
0.999969
0.999995
1.00016
1.00035
1.00004
0.998649
0.99661
0.996454
1.00224
1.01647
1.03556
1.04713
1.03202
0.971377
0.855821
0.691564
0.5
0.310668
0.151087
0.0382518
-0.0248006
-0.0468418
-0.0427809
-0.0275459
-0.0119317
-0.00128399
0.00353561
0.00415067
0.00279044
0.00115082
5.25634e-05
-0.000381659
-0.000374343
-0.000200533
-4.12296e-05
3.85947e-05
4.93363e-05
2.7143e-05
2.19602e-06
-1.16055e-05
-1.35368e-05
-8.7937e-06
-2.7771e-06
1.42641e-06
3.10625e-06
2.9269e-06
1.90926e-06
8.36801e-07
8.9573e-08
-2.71858e-07
-3.49414e-07
-2.80255e-07
-1.70044e-07
-7.60129e-08
-1.66292e-08
1.13558e-08
1.88311e-08
1.62545e-08
1.06518e-08
5.56818e-09
2.15708e-09
3.3889e-10
-3.88402e-10
-5.25267e-10
-4.20325e-10
-2.64428e-10
-1.37052e-10
-5.62282e-11
-1.41174e-11
3.2749e-12
7.75021e-12
6.87261e-12
4.59765e-12
2.565e-12
1.20509e-12
4.48431e-13
9.45857e-14
-3.60535e-14
-6.29566e-14
-5.1953e-14
-3.34015e-14
-1.82541e-14
-8.59585e-15
-3.36213e-15
-9.22862e-16
1.63811e-17
2.6445e-16
2.51008e-16
1.71563e-16
9.86498e-17
4.9615e-17
2.17713e-17
7.93628e-18
2.01028e-18
-5.53247e-19
1
1
1
1
1
0.999985
0.999966
1.00002
1.00022
1.00036
0.999873
0.998298
0.996344
0.996747
1.00341
1.01826
1.03708
1.04729
1.03022
0.968048
0.852278
0.689332
0.5
0.312776
0.15429
0.0412365
-0.0230078
-0.0465304
-0.0436068
-0.0288532
-0.0131147
-0.00200943
0.0033001
0.00424476
0.0030062
0.00133635
0.000146444
-0.000369567
-0.00040315
-0.000232181
-5.62231e-05
4.16562e-05
6.21561e-05
4.03323e-05
1.01181e-05
-1.00363e-05
-1.64407e-05
-1.34206e-05
-6.96407e-06
-1.27344e-06
1.97767e-06
2.92445e-06
2.46594e-06
1.5075e-06
6.2813e-07
5.83649e-08
-2.02175e-07
-2.52519e-07
-2.00412e-07
-1.22085e-07
-5.64312e-08
-1.50402e-08
4.90137e-09
1.09171e-08
1.0007e-08
6.82975e-09
3.75884e-09
1.61613e-09
4.18547e-10
-1.06707e-10
-2.51561e-10
-2.27083e-10
-1.538e-10
-8.59203e-11
-3.95505e-11
-1.35495e-11
-1.55026e-12
2.5836e-12
3.08633e-12
2.3362e-12
1.42925e-12
7.42748e-13
3.23993e-13
1.07416e-13
1.36176e-14
-1.70635e-14
-2.06449e-14
-1.55077e-14
-9.4634e-15
-4.97574e-15
-2.26235e-15
-8.49134e-16
-2.14055e-16
1.99103e-17
7.59134e-17
6.77017e-17
4.50425e-17
2.54769e-17
1.27584e-17
4.55333e-18
1
1
1
1
1
0.999999
0.999977
0.999969
1.00006
1.00027
1.00034
0.999674
0.997952
0.996139
0.997122
1.00461
1.01999
1.03846
1.04732
1.02841
0.964841
0.848913
0.687224
0.5
0.314772
0.157344
0.0441203
-0.0212282
-0.0461594
-0.0443487
-0.0300981
-0.0142767
-0.00274769
0.00303923
0.00431936
0.00321516
0.0015239
0.000243261
-0.000359301
-0.000439292
-0.000273555
-7.91881e-05
4.12167e-05
7.62925e-05
5.81245e-05
2.36905e-05
-3.64877e-06
-1.63349e-05
-1.69221e-05
-1.14118e-05
-4.94111e-06
-2.51211e-07
2.03443e-06
2.46938e-06
1.93007e-06
1.12712e-06
4.55549e-07
4.2667e-08
-1.39044e-07
-1.7246e-07
-1.36588e-07
-8.39354e-08
-4.01295e-08
-1.23986e-08
1.29928e-09
5.88186e-09
5.84479e-09
4.17303e-09
2.4098e-09
1.12354e-09
3.71184e-10
1.57715e-11
-1.05059e-10
-1.13992e-10
-8.40884e-11
-5.04328e-11
-2.5372e-11
-1.02957e-11
-2.70567e-12
3.7505e-13
1.18774e-12
1.0818e-12
7.34113e-13
4.17659e-13
2.03657e-13
8.25023e-14
2.3816e-14
2.80123e-16
-6.36097e-15
-6.30537e-15
-4.41107e-15
-2.57795e-15
-1.31097e-15
-5.77808e-16
-2.08796e-16
-4.82622e-17
8.49818e-18
2.07578e-17
1.7626e-17
1.09886e-17
1
1
1
1
1
1
0.999994
0.99997
0.999978
1.0001
1.00032
1.00029
0.999453
0.997619
0.995994
0.997568
1.00583
1.02164
1.03971
1.04725
1.0266
0.961749
0.845711
0.685228
0.499999
0.316666
0.160263
0.0469097
-0.0194644
-0.0457378
-0.0450162
-0.031286
-0.0154179
-0.00349436
0.00276005
0.00438253
0.00342515
0.00172015
0.000347529
-0.000349309
-0.000484417
-0.000328945
-0.000115823
3.16408e-05
8.73849e-05
7.80527e-05
4.23114e-05
8.32671e-06
-1.17544e-05
-1.77447e-05
-1.48725e-05
-8.79036e-06
-3.22901e-06
2.96616e-07
1.79106e-06
1.92357e-06
1.42417e-06
8.05609e-07
3.21097e-07
3.42934e-08
-8.90328e-08
-1.11868e-07
-8.90638e-08
-5.54193e-08
-2.73906e-08
-9.49086e-09
-4.11944e-10
2.90376e-09
3.23489e-09
2.43285e-09
1.47223e-09
7.33825e-10
2.81937e-10
5.46222e-11
-3.40072e-11
-5.24049e-11
-4.31341e-11
-2.78423e-11
-1.51132e-11
-6.87331e-12
-2.40117e-12
-3.70709e-13
3.3664e-13
4.45241e-13
3.46428e-13
2.16427e-13
1.15768e-13
5.32201e-14
1.99768e-14
4.823e-15
-7.87349e-16
-2.08881e-15
-1.81985e-15
-1.20372e-15
-6.78379e-16
-3.35139e-16
-1.43708e-16
-5.01372e-17
-1.09436e-17
5.38e-18
1
1
1
1
1
1
1
0.999988
0.999965
0.999994
1.00015
1.00035
1.00022
0.999214
0.997304
0.995908
0.998077
1.00706
1.02322
1.04084
1.04708
1.0248
0.958765
0.842657
0.683333
0.499998
0.318469
0.163059
0.0496118
-0.0177181
-0.0452745
-0.0456204
-0.0324262
-0.0165428
-0.00424919
0.00246709
0.00444213
0.0036463
0.00193595
0.000468977
-0.000332799
-0.000535815
-0.000399773
-0.000170673
6.91403e-06
8.96254e-05
9.57172e-05
6.34918e-05
2.51785e-05
-2.15825e-06
-1.47288e-05
-1.60984e-05
-1.18118e-05
-6.30755e-06
-1.97899e-06
4.98436e-07
1.4214e-06
1.40523e-06
1.00029e-06
5.53947e-07
2.20632e-07
2.85286e-08
-5.32017e-08
-6.91549e-08
-5.57256e-08
-3.52212e-08
-1.79793e-08
-6.82732e-09
-1.01507e-09
1.27218e-09
1.69079e-09
1.35378e-09
8.59194e-10
4.53857e-10
1.93924e-10
5.56814e-11
-3.86462e-12
-2.13534e-11
-2.06301e-11
-1.44754e-11
-8.43873e-12
-4.19024e-12
-1.71484e-12
-4.88675e-13
1.09978e-14
1.52141e-13
1.48051e-13
1.03466e-13
6.04874e-14
3.06517e-14
1.33248e-14
4.61177e-15
8.63364e-16
-4.09863e-16
-6.30522e-16
-5.01179e-16
-3.16796e-16
-1.73066e-16
-8.3987e-17
-2.79856e-17
1
1
1
1
1
1
1
1
0.999981
0.999964
1.00002
1.00019
1.00037
1.00013
0.998962
0.997012
0.995878
0.99864
1.00829
1.02473
1.04186
1.04684
1.02301
0.955882
0.839738
0.681529
0.499996
0.320188
0.165744
0.0522346
-0.0159895
-0.0447774
-0.0461742
-0.0335322
-0.0176626
-0.0050189
0.00215895
0.00450241
0.00388796
0.00218424
0.000621662
-0.000297397
-0.000585065
-0.000482629
-0.000244982
-3.74291e-05
7.72041e-05
0.000105641
8.31583e-05
4.45992e-05
1.17144e-05
-7.54324e-06
-1.42365e-05
-1.30659e-05
-8.71863e-06
-4.28961e-06
-1.15444e-06
4.98254e-07
1.04346e-06
9.73022e-07
6.73224e-07
3.68048e-07
1.47974e-07
2.33835e-08
-2.96004e-08
-4.08286e-08
-3.35283e-08
-2.15866e-08
-1.137e-08
-4.65402e-09
-1.05617e-09
4.5345e-10
8.28598e-10
7.18467e-10
4.79734e-10
2.67219e-10
1.23882e-10
4.36092e-11
6.22434e-12
-7.0526e-12
-9.07214e-12
-7.07288e-12
-4.4375e-12
-2.3758e-12
-1.0833e-12
-3.93207e-13
-7.99759e-14
3.28234e-14
5.51718e-14
4.5271e-14
2.92018e-14
1.61506e-14
7.7961e-15
3.21037e-15
1.01645e-15
1.24406e-16
-1.5083e-16
-1.78801e-16
-1.32754e-16
-7.53618e-17
1
1
1
1
1
1
1
1
0.999996
0.999974
0.999966
1.00004
1.00024
1.00038
1.00002
0.998704
0.996745
0.995902
0.999249
1.00951
1.02617
1.04278
1.04653
1.02123
0.953096
0.836944
0.679806
0.499992
0.321832
0.168331
0.0547888
-0.0142755
-0.0442528
-0.0466912
-0.0346217
-0.0187956
-0.00581947
0.00182488
0.00455975
0.00415439
0.00247621
0.000821141
-0.000226671
-0.000618237
-0.000568371
-0.000335089
-0.000102432
4.60611e-05
0.000102638
9.65209e-05
6.30763e-05
2.78664e-05
3.11228e-06
-9.1219e-06
-1.19679e-05
-9.7957e-06
-6.08197e-06
-2.7983e-06
-6.50474e-07
4.07741e-07
7.19341e-07
6.43335e-07
4.36291e-07
2.37018e-07
9.68997e-08
1.84245e-08
-1.52001e-08
-2.30427e-08
-1.94288e-08
-1.27779e-08
-6.93898e-09
-3.02482e-09
-8.69151e-10
8.72347e-11
3.75325e-10
3.62782e-10
2.56433e-10
1.50308e-10
7.45151e-11
2.98853e-11
7.70076e-12
-1.22612e-12
-3.55517e-12
-3.2264e-12
-2.19994e-12
-1.26458e-12
-6.27445e-13
-2.62289e-13
-8.19347e-14
-7.06694e-15
1.59882e-14
1.77133e-14
1.29827e-14
7.86053e-15
4.14496e-15
1.91378e-15
7.47106e-16
2.13666e-16
1.05952e-17
-5.99564e-17
1
1
1
1
1
1
1
1
1
0.999992
0.999968
0.999972
1.00008
1.00028
1.00038
0.999884
0.998442
0.996506
0.995976
0.999898
1.01073
1.02754
1.0436
1.04616
1.01947
0.950399
0.83426
0.678153
0.499983
0.32341
0.170836
0.0572902
-0.0125668
-0.0437014
-0.0471828
-0.0357146
-0.0199668
-0.00667652
0.00144265
0.00459915
0.00444027
0.00281655
0.00108016
-0.000103447
-0.000617913
-0.000642811
-0.000431998
-0.000184538
-4.60872e-06
8.32775e-05
9.92597e-05
7.66849e-05
4.34487e-05
1.5608e-05
-1.36976e-06
-8.46777e-06
-9.16448e-06
-6.90854e-06
-4.05438e-06
-1.76676e-06
-3.59809e-07
2.95944e-07
4.70249e-07
4.08333e-07
2.73244e-07
1.4828e-07
6.19475e-08
1.38399e-08
-7.0518e-09
-1.24271e-08
-1.08539e-08
-7.3139e-09
-4.09289e-09
-1.88318e-09
-6.31786e-10
-4.858e-11
1.52399e-10
1.73429e-10
1.31167e-10
8.09547e-11
4.25526e-11
1.87522e-11
6.22181e-12
6.95518e-13
-1.14197e-12
-1.35381e-12
-1.02559e-12
-6.34627e-13
-3.389e-13
-1.56501e-13
-5.95406e-14
-1.50475e-14
1.70569e-15
5.82232e-15
5.23726e-15
3.53522e-15
2.03193e-15
1.02718e-15
4.59294e-16
1.2506e-16
1
1
1
1
1
1
1
1
1
1
0.999986
0.999964
0.999983
1.00011
1.00032
1.00035
0.999736
0.998181
0.996297
0.996098
1.00058
1.01193
1.02885
1.04434
1.04574
1.01773
0.947786
0.831674
0.676558
0.499966
0.324931
0.173278
0.0597624
-0.0108443
-0.0431148
-0.0476535
-0.0368283
-0.0212035
-0.0076231
0.000979015
0.0045927
0.00472745
0.00319909
0.00140394
8.57853e-05
-0.00056668
-0.000688998
-0.000522401
-0.000275555
-7.15916e-05
4.70054e-05
8.86685e-05
8.20427e-05
5.54243e-05
2.77537e-05
7.75724e-06
-3.07304e-06
-6.8429e-06
-6.54632e-06
-4.63747e-06
-2.60322e-06
-1.087e-06
-1.98894e-07
1.96918e-07
2.93465e-07
2.49802e-07
1.65841e-07
9.027e-08
3.86546e-08
9.90557e-09
-2.8011e-09
-6.39142e-09
-5.84801e-09
-4.0518e-09
-2.33633e-09
-1.12717e-09
-4.22686e-10
-7.95411e-11
5.12249e-11
7.77604e-11
6.40851e-11
4.17955e-11
2.31899e-11
1.10062e-11
4.23939e-12
1.02923e-12
-2.05809e-13
-5.05399e-13
-4.46163e-13
-3.00426e-13
-1.72152e-13
-8.61102e-14
-3.70364e-14
-1.26348e-14
-2.22728e-15
1.26843e-15
1.84386e-15
1.45561e-15
9.25041e-16
4.55242e-16
1
1
1
1
1
1
1
1
1
1
1
0.999981
0.999962
0.999998
1.00015
1.00036
1.00032
0.999573
0.997923
0.996118
0.996264
1.00129
1.01311
1.03009
1.04501
1.04528
1.01602
0.94525
0.82917
0.675004
0.499936
0.326408
0.175685
0.06224
-0.0090752
-0.0424698
-0.0480952
-0.0379711
-0.0225294
-0.00869431
0.000393305
0.00450104
0.00498429
0.00360426
0.00178629
0.000346527
-0.000451275
-0.000690589
-0.000590975
-0.000363834
-0.000147888
-3.4351e-06
6.44196e-05
7.71432e-05
6.1288e-05
3.73171e-05
1.66548e-05
3.28271e-06
-3.2271e-06
-5.04522e-06
-4.4249e-06
-2.98713e-06
-1.61932e-06
-6.5509e-07
-1.11748e-07
1.22134e-07
1.75663e-07
1.47746e-07
9.77571e-08
5.35464e-08
2.35398e-08
6.77168e-09
-7.92047e-10
-3.12096e-09
-3.0381e-09
-2.17375e-09
-1.29207e-09
-6.50495e-10
-2.656e-10
-7.0398e-11
1.0105e-11
3.21025e-11
2.979e-11
2.06835e-11
1.20989e-11
6.11354e-12
2.61003e-12
8.41644e-13
8.84924e-14
-1.53287e-13
-1.7807e-13
-1.33679e-13
-8.25296e-14
-4.43312e-14
-2.08688e-14
-8.3386e-15
-2.48319e-15
-1.68232e-16
4.96907e-16
5.62106e-16
1
1
1
1
1
1
1
1
1
1
1
0.999996
0.999975
0.999962
1.00002
1.00019
1.00038
1.00027
0.999398
0.997673
0.995971
0.996472
1.00202
1.01427
1.03126
1.0456
1.04479
1.01434
0.942779
0.826726
0.673471
0.499885
0.327852
0.178091
0.0647704
-0.0072094
-0.0417241
-0.0484806
-0.0391351
-0.0239564
-0.00991954
-0.000355887
0.00427819
0.00516816
0.00399928
0.00220793
0.000673185
-0.00026628
-0.000635464
-0.000623395
-0.000436388
-0.000223893
-6.23831e-05
2.87441e-05
6.18392e-05
5.96361e-05
4.25338e-05
2.37564e-05
9.47465e-06
1.02158e-06
-2.69934e-06
-3.47486e-06
-2.85729e-06
-1.85732e-06
-9.80152e-07
-3.88161e-07
-6.4563e-08
7.12418e-08
1.01201e-07
8.46837e-08
5.60613e-08
3.09812e-08
1.39909e-08
4.4365e-09
3.07773e-11
-1.43454e-09
-1.52018e-09
-1.12962e-09
-6.92894e-10
-3.6279e-10
-1.58583e-10
-5.1041e-11
-3.73149e-12
1.17145e-11
1.30785e-11
9.79718e-12
6.05338e-12
3.23609e-12
1.49455e-12
5.64868e-13
1.36742e-13
-2.42544e-14
-6.2709e-14
-5.5383e-14
-3.73194e-14
-2.15041e-14
-1.09126e-14
-4.84333e-15
-1.81113e-15
-2.22005e-16
1
1
1
1
1
1
1
1
1
1
1
1
0.999992
0.999969
0.999964
1.00004
1.00023
1.0004
1.0002
0.999215
0.997435
0.995858
0.996715
1.00275
1.01539
1.03238
1.04615
1.0443
1.01269
0.940359
0.824311
0.671927
0.499798
0.329277
0.180535
0.0674135
-0.00517913
-0.0408139
-0.0487592
-0.0402894
-0.0254768
-0.0113137
-0.0013021
0.00387908
0.0052311
0.00434154
0.0026375
0.00104815
-1.63917e-05
-0.000518658
-0.000609284
-0.000481398
-0.000289204
-0.000122323
-1.39943e-05
3.78692e-05
5.04458e-05
4.24747e-05
2.78762e-05
1.44495e-05
5.14564e-06
4.09409e-08
-1.99608e-06
-2.26715e-06
-1.77452e-06
-1.11975e-06
-5.79209e-07
-2.26698e-07
-3.84518e-08
3.9248e-08
5.62503e-08
4.71246e-08
3.1321e-08
1.74993e-08
8.11736e-09
2.79503e-09
2.8399e-10
-6.10351e-10
-7.30971e-10
-5.68494e-10
-3.60528e-10
-1.9589e-10
-9.06391e-11
-3.31798e-11
-6.48287e-12
3.35877e-12
5.34709e-12
4.42683e-12
2.90529e-12
1.63911e-12
8.07852e-13
3.39636e-13
1.09579e-13
1.33367e-14
-1.74107e-14
-2.09224e-14
-1.58371e-14
-9.84827e-15
-5.38919e-15
-2.18967e-15
1
1
1
1
1
1
1
1
1
1
1
1
1
0.999987
0.999964
0.999971
1.00007
1.00026
1.0004
1.00012
0.999028
0.997214
0.995777
0.996984
1.00349
1.01648
1.03345
1.04667
1.04382
1.01107
0.93796
0.821878
0.670327
0.499652
0.330693
0.183063
0.070239
-0.0029013
-0.0396547
-0.0488563
-0.0413772
-0.0270572
-0.0128694
-0.00246225
0.00326815
0.0051274
0.00458444
0.00303526
0.00144336
0.00028331
-0.000343893
-0.000544395
-0.000490489
-0.000334587
-0.000175333
-5.81839e-05
8.45523e-06
3.50196e-05
3.71891e-05
2.84308e-05
1.7444e-05
8.46434e-06
2.6842e-06
-2.8416e-07
-1.35879e-06
-1.41412e-06
-1.06526e-06
-6.56842e-07
-3.35e-07
-1.30687e-07
-2.34493e-08
2.04323e-08
3.02132e-08
2.54956e-08
1.70663e-08
9.65634e-09
4.5989e-09
1.6986e-09
2.98128e-10
-2.31796e-10
-3.36392e-10
-2.76858e-10
-1.82069e-10
-1.02546e-10
-4.984e-11
-2.00344e-11
-5.50865e-12
3.4995e-13
1.97758e-12
1.89573e-12
1.33602e-12
7.96177e-13
4.15663e-13
1.89316e-13
7.15175e-14
1.81181e-14
-1.89453e-15
-6.85874e-15
-6.22944e-15
-4.05828e-15
1
1
1
1
1
1
1
1
1
1
1
1
1
1
0.999982
0.999961
0.999982
1.0001
1.0003
1.0004
1.00003
0.998845
0.997015
0.995722
0.997261
1.0042
1.01754
1.03451
1.04721
1.04337
1.00948
0.935538
0.819361
0.668608
0.499411
0.332102
0.185714
0.0733191
-0.000284087
-0.0381471
-0.0486755
-0.0423154
-0.0286361
-0.0145518
-0.00382958
0.00242752
0.00482183
0.00468462
0.00335878
0.00182403
0.000609173
-0.000123384
-0.000431542
-0.000460248
-0.000353629
-0.000214541
-9.80581e-05
-2.23853e-05
1.5646e-05
2.76181e-05
2.55016e-05
1.81108e-05
1.05061e-05
4.80646e-06
1.353e-06
-3.19725e-07
-8.69216e-07
-8.48678e-07
-6.20487e-07
-3.759e-07
-1.8999e-07
-7.44097e-08
-1.44706e-08
1.0016e-08
1.56958e-08
1.34245e-08
9.07728e-09
5.20892e-09
2.54535e-09
9.98515e-10
2.34057e-10
-7.11189e-11
-1.47105e-10
-1.30274e-10
-8.9235e-11
-5.20974e-11
-2.64589e-11
-1.14371e-11
-3.79402e-12
-4.85688e-13
6.15067e-13
7.6006e-13
5.86813e-13
3.71087e-13
2.04569e-13
9.94852e-14
4.17441e-14
1.37774e-14
2.23242e-15
-2.38406e-15
1
1
1
1
1
1
1
1
1
1
0.999999
1
1
1
0.999996
0.999977
0.999962
0.999996
1.00013
1.00032
1.00038
0.999932
0.998676
0.996836
0.995675
0.997525
1.00489
1.01859
1.03559
1.0478
1.04297
1.00788
0.933013
0.816659
0.666677
0.499014
0.333488
0.188517
0.0767186
0.00276283
-0.0361861
-0.0481077
-0.0430009
-0.0301263
-0.0162982
-0.00537009
0.0013627
0.00429652
0.00460918
0.00356937
0.00215374
0.000932411
0.000123969
-0.000280149
-0.000392728
-0.000343748
-0.000235271
-0.000128726
-5.06249e-05
-4.90753e-06
1.53303e-05
1.97459e-05
1.65365e-05
1.10752e-05
6.12758e-06
2.66039e-06
6.634e-07
-2.54957e-07
-5.28907e-07
-4.92381e-07
-3.51733e-07
-2.10319e-07
-1.05802e-07
-4.18455e-08
-8.92674e-09
4.57891e-09
7.88747e-09
6.88401e-09
4.716e-09
2.74826e-09
1.37691e-09
5.69137e-10
1.60633e-10
-1.03875e-11
-6.03394e-11
-5.90683e-11
-4.24235e-11
-2.57025e-11
-1.35954e-11
-6.23618e-12
-2.3387e-12
-5.50477e-13
1.20161e-13
2.78364e-13
2.44659e-13
1.65786e-13
9.65448e-14
4.97241e-14
2.27916e-14
6.49124e-15
1
1
1
1
1
1
1
1
1
1
1
1
1
1
1
0.999992
0.999974
0.999966
1.00001
1.00015
1.00033
1.00036
0.999849
0.998522
0.996661
0.99561
0.997756
1.00557
1.01968
1.03676
1.0485
1.04261
1.0062
0.930267
0.813634
0.664412
0.498375
0.334813
0.191481
0.0804834
0.00631542
-0.0336739
-0.0470417
-0.0433195
-0.0314219
-0.0180214
-0.00702321
0.00010479
0.00355531
0.0043412
0.00363795
0.0023998
0.00122339
0.000375527
-0.000104617
-0.00029489
-0.000306393
-0.000235669
-0.000146929
-7.29219e-05
-2.39326e-05
2.16614e-06
1.2204e-05
1.31661e-05
1.02488e-05
6.54356e-06
3.47783e-06
1.44223e-06
3.18962e-07
-1.74526e-07
-3.0856e-07
-2.77151e-07
-1.94502e-07
-1.1524e-07
-5.79111e-08
-2.32348e-08
-5.45183e-09
1.91057e-09
3.8313e-09
3.43911e-09
2.39446e-09
1.41887e-09
7.28366e-10
3.15193e-10
1.01431e-10
8.05288e-12
-2.2622e-11
-2.56915e-11
-1.95414e-11
-1.23166e-11
-6.77335e-12
-3.26859e-12
-1.33954e-12
-4.09018e-13
-2.81638e-14
8.78433e-14
9.57016e-14
7.07593e-14
4.39229e-14
2.10482e-14
1
1
1
1
1
1
1
1
1
1
1
1
1
1
1
1
0.99999
0.999974
0.999971
1.00002
1.00016
1.00035
1.00035
0.999783
0.998375
0.996463
0.995493
0.997948
1.00627
1.02087
1.0381
1.04933
1.04226
1.00432
0.927129
0.810102
0.661648
0.497375
0.336006
0.19458
0.0846281
0.0104218
-0.030534
-0.045379
-0.0431594
-0.0324093
-0.0196183
-0.00870679
-0.00129138
0.00262474
0.00388281
0.00354936
0.00253787
0.0014559
0.000608335
7.80533e-05
-0.000177248
-0.000246516
-0.000216739
-0.000151398
-8.70949e-05
-3.92299e-05
-1.01157e-05
4.06047e-06
8.66834e-06
8.31907e-06
6.11631e-06
3.75373e-06
1.92851e-06
7.68948e-07
1.51883e-07
-1.08706e-07
-1.73532e-07
-1.51774e-07
-1.05121e-07
-6.19195e-08
-3.11781e-08
-1.27313e-08
-3.27499e-09
6.90512e-10
1.7956e-09
1.6738e-09
1.18847e-09
7.17069e-10
3.76959e-10
1.69904e-10
6.03343e-11
1.06006e-11
-7.28773e-12
-1.06373e-11
-8.70354e-12
-5.73136e-12
-3.27577e-12
-1.65376e-12
-7.26135e-13
-2.58192e-13
-5.31243e-14
1.95585e-14
3.41762e-14
2.85626e-14
1
1
1
1
1
1
1
1
1
1
1
1
1
1
1
1
0.999999
0.99999
0.999976
0.999974
1.00003
1.00017
1.00037
1.00036
0.999734
0.998209
0.996201
0.995304
0.998125
1.00707
1.02228
1.03968
1.0503
1.04181
1.00206
0.923364
0.805825
0.65818
0.495856
0.336959
0.197749
0.0891258
0.01509
-0.0267248
-0.0430476
-0.0424249
-0.0329798
-0.0209805
-0.0103255
-0.00275271
0.00155153
0.00325523
0.00330427
0.00255507
0.00161054
0.000802321
0.000250854
-5.20458e-05
-0.000171501
-0.000181881
-0.000142815
-9.23172e-05
-4.93944e-05
-2.01173e-05
-3.57898e-06
3.78307e-06
5.70401e-06
5.03225e-06
3.53414e-06
2.09888e-06
1.0482e-06
4.04655e-07
7.24804e-08
-6.32073e-08
-9.44489e-08
-8.10379e-08
-5.56123e-08
-3.26596e-08
-1.6519e-08
-6.88033e-09
-1.92775e-09
1.81631e-10
8.09145e-10
7.93285e-10
5.76723e-10
3.54842e-10
1.9096e-10
8.92801e-11
3.4249e-11
8.38308e-12
-1.62021e-12
-4.13523e-12
-3.73559e-12
-2.58768e-12
-1.53882e-12
-8.09997e-13
-3.76411e-13
-1.48305e-13
-4.35356e-14
6.05256e-15
1
1
1
1
1
1
1
1
1
1
1
1
1
1
1
1
1
1
0.999993
0.999976
0.999968
1.00002
1.00019
1.00041
1.0004
0.99968
0.99798
0.995837
0.995047
0.998355
1.00808
1.024
1.04153
1.05132
1.04106
0.999137
0.91867
0.800518
0.653765
0.493623
0.337522
0.200878
0.0939016
0.02028
-0.0222497
-0.0400136
-0.041049
-0.0330429
-0.022007
-0.0117814
-0.00419586
0.000397136
0.00249604
0.00291868
0.00245104
0.00167689
0.000942748
0.000399078
6.86222e-05
-8.98309e-05
-0.000136101
-0.000123446
-8.90458e-05
-5.39113e-05
-2.69658e-05
-9.85446e-06
-8.15345e-07
2.85257e-06
3.54564e-06
2.9348e-06
1.98559e-06
1.14747e-06
5.59918e-07
2.108e-07
3.51012e-08
-3.47682e-08
-4.98931e-08
-4.22614e-08
-2.8834e-08
-1.69247e-08
-8.61635e-09
-3.66546e-09
-1.10985e-09
-2.23315e-12
3.48466e-10
3.65765e-10
2.7359e-10
1.71964e-10
9.47267e-11
4.57922e-11
1.87024e-11
5.55335e-12
1.55171e-13
-1.46851e-12
-1.53641e-12
-1.13173e-12
-7.02205e-13
-3.84629e-13
-1.89359e-13
-6.33178e-14
1
1
1
1
1
1
1
1
1
1
1
1
1
1
1
1
0.999999
1
1
0.999995
0.999969
0.999952
1.00002
1.00023
1.0005
1.00046
0.999579
0.997638
0.995356
0.994773
0.998754
1.00944
1.02613
1.04363
1.05223
1.03975
0.995209
0.912686
0.793849
0.648123
0.490449
0.337512
0.203815
0.0988314
0.0258997
-0.0171629
-0.0362897
-0.0390038
-0.0325373
-0.0226151
-0.0129844
-0.00553658
-0.000769348
0.00165428
0.0024213
0.00223722
0.00165406
0.00102158
0.00051199
0.000174403
-9.7919e-06
-8.50752e-05
-9.65754e-05
-7.87469e-05
-5.3082e-05
-3.0354e-05
-1.42416e-05
-4.61384e-06
1.6459e-07
1.9218e-06
2.10651e-06
1.65868e-06
1.0883e-06
6.14926e-07
2.94576e-07
1.08953e-07
1.74358e-08
-1.82259e-08
-2.56346e-08
-2.15555e-08
-1.46665e-08
-8.62295e-09
-4.42583e-09
-1.92423e-09
-6.24568e-10
-5.0701e-11
1.41875e-10
1.63793e-10
1.26832e-10
8.16197e-11
4.60293e-11
2.29501e-11
9.87689e-12
3.33795e-12
5.14531e-13
-4.458e-13
-5.99741e-13
-4.78052e-13
-3.12459e-13
-1.58764e-13
1
1
1
1
1
1
1
1
1
1
1
1
1
1
1
1
0.999998
0.999999
1.00001
1.00001
0.999992
0.99995
0.99993
1.00003
1.00031
1.00061
1.00049
0.999377
0.99715
0.994785
0.994586
0.999473
1.01128
1.02869
1.04585
1.05275
1.03747
0.989841
0.904999
0.785459
0.640956
0.486086
0.336713
0.206369
0.103747
0.031808
-0.0115694
-0.0319371
-0.0363054
-0.0314383
-0.0227495
-0.0138622
-0.00669859
-0.001879
0.000784447
0.0018494
0.00193454
0.00154983
0.00103774
0.000583679
0.000257784
6.15947e-05
-3.42859e-05
-6.58812e-05
-6.35126e-05
-4.78315e-05
-3.04783e-05
-1.6565e-05
-7.30746e-06
-2.06252e-06
3.91499e-07
1.20214e-06
1.20545e-06
9.12043e-07
5.83473e-07
3.23687e-07
1.52897e-07
5.59591e-08
8.93334e-09
-9.13977e-09
-1.28294e-08
-1.07646e-08
-7.32462e-09
-4.32167e-09
-2.2392e-09
-9.95117e-10
-3.43601e-10
-5.03287e-11
5.34843e-11
7.10428e-11
5.74191e-11
3.79367e-11
2.19147e-11
1.12493e-11
5.06342e-12
1.8801e-12
4.4433e-13
-9.06533e-14
-2.17276e-13
-1.94786e-13
1
1
1
1
1
1
1
1
1
1
1
1
1
1
1
1
0.999998
0.999998
1
1.00001
1.00001
0.999978
0.999921
0.999915
1.00008
1.00043
1.00074
1.00045
0.999026
0.996517
0.99421
0.994642
1.00067
1.01367
1.03159
1.04793
1.05246
1.03373
0.982538
0.895163
0.774978
0.63196
0.480279
0.334898
0.208326
0.108445
0.0378229
-0.00561878
-0.0270634
-0.0330141
-0.0297609
-0.0223876
-0.0143663
-0.00762104
-0.00287013
-5.96625e-05
0.00124407
0.00157013
0.00137885
0.000996317
0.000613106
0.000314593
0.000119261
1.16659e-05
-3.48749e-05
-4.56562e-05
-3.94564e-05
-2.79083e-05
-1.69507e-05
-8.80034e-06
-3.65682e-06
-8.77523e-07
3.5156e-07
7.11901e-07
6.68073e-07
4.89401e-07
3.06649e-07
1.67637e-07
7.83966e-08
2.85868e-08
4.71535e-09
-4.38964e-09
-6.26072e-09
-5.26761e-09
-3.59383e-09
-2.13157e-09
-1.11608e-09
-5.06881e-10
-1.84893e-10
-3.70991e-11
1.78243e-11
2.97149e-11
2.53561e-11
1.72625e-11
1.02244e-11
5.39672e-12
2.52675e-12
1.00808e-12
3.03e-13
-3.63971e-14
1
1
1
1
1
1
1
1
1
1
1
1
1
1
1
1
0.999999
0.999997
0.999999
1.00001
1.00002
1.00001
0.999954
0.999893
0.999925
1.00017
1.00058
1.00083
1.00029
0.998508
0.995801
0.993773
0.995117
1.00247
1.01659
1.03461
1.04945
1.05084
1.02797
0.972771
0.882733
0.76205
0.620851
0.472783
0.331837
0.209459
0.112705
0.0437349
0.000505043
-0.0218144
-0.02923
-0.0275583
-0.0215411
-0.0144764
-0.00826343
-0.0036939
-0.000830357
0.000645471
0.00117365
0.00116005
0.00090715
0.000603475
0.00034396
0.000160379
4.94787e-05
-6.47692e-06
-2.73608e-05
-2.93714e-05
-2.34275e-05
-1.57419e-05
-9.17225e-06
-4.56832e-06
-1.79117e-06
-3.53077e-07
2.49376e-07
4.03699e-07
3.60036e-07
2.56904e-07
1.58263e-07
8.55345e-08
3.97476e-08
1.45297e-08
2.54614e-09
-2.01637e-09
-2.98065e-09
-2.52736e-09
-1.73325e-09
-1.03503e-09
-5.48117e-10
-2.54287e-10
-9.73871e-11
-2.39531e-11
4.56677e-12
1.18993e-11
1.0903e-11
7.6859e-12
4.67461e-12
2.53435e-12
1.24085e-12
4.0867e-13
1
1
1
1
1
1
1
1
1
1
1
1
1
1
1
1
1
0.999998
0.999997
1
1.00001
1.00002
0.999991
0.999924
0.999877
0.99997
1.00029
1.00072
1.00082
0.999966
0.997857
0.995123
0.993653
0.996164
1.0049
1.01986
1.03736
1.04986
1.04725
1.01956
0.960009
0.867293
0.746359
0.607384
0.463386
0.327322
0.209553
0.116301
0.0493225
0.0065984
-0.0163623
-0.0250841
-0.0249167
-0.0202532
-0.0142002
-0.00860784
-0.00431771
-0.00149005
8.89917e-05
0.000773946
0.000914074
0.000783
0.000561175
0.000347829
0.000184281
7.73026e-05
1.72304e-05
-1.04252e-05
-1.88966e-05
-1.78788e-05
-1.34007e-05
-8.62556e-06
-4.84663e-06
-2.3247e-06
-8.61764e-07
-1.32753e-07
1.57214e-07
2.20841e-07
1.8926e-07
1.32188e-07
8.0326e-08
4.30434e-08
1.99405e-08
7.3464e-09
1.39261e-09
-8.81775e-10
-1.38454e-09
-1.18939e-09
-8.2197e-10
-4.94921e-10
-2.65268e-10
-1.25643e-10
-5.02519e-11
-1.42811e-11
2.58472e-13
4.50502e-12
4.55271e-12
3.34466e-12
2.10517e-12
1.03006e-12
1
1
1
1
1
1
1
1
1
1
1
1
1
1
1
1
1
1
0.999998
0.999998
1.00001
1.00002
1.00001
0.99997
0.9999
0.999885
1.00005
1.00043
1.00081
1.00068
0.999496
0.99717
0.99465
0.994022
0.997858
1.00784
1.02312
1.03929
1.04847
1.04097
1.00789
0.943761
0.848488
0.727662
0.591376
0.451926
0.321184
0.208417
0.119026
0.0543705
0.0124537
-0.010892
-0.0207272
-0.0219462
-0.0185931
-0.0135703
-0.00865842
-0.00472648
-0.00201356
-0.00039759
0.000396251
0.000660846
0.000637704
0.00049451
0.000330219
0.000192111
9.46607e-05
3.50779e-05
3.87614e-06
-9.10952e-06
-1.20402e-05
-1.04178e-05
-7.42711e-06
-4.60884e-06
-2.50844e-06
-1.16298e-06
-4.08668e-07
-4.55649e-08
9.19205e-08
1.17141e-07
9.72792e-08
6.67768e-08
4.01412e-08
2.13813e-08
9.90303e-09
3.69317e-09
7.6409e-10
-3.63534e-10
-6.27225e-10
-5.49107e-10
-3.834e-10
-2.33096e-10
-1.26527e-10
-6.11474e-11
-2.54237e-11
-8.05322e-12
-7.73135e-13
1.57442e-12
1.83747e-12
1.37683e-12
1
1
1
1
1
1
1
1
1
1
1
1
1
1
1
1
1
1
0.999999
0.999997
0.999999
1.00001
1.00002
1
0.99995
0.999888
0.999918
1.00015
1.00054
1.00081
1.00042
0.99895
0.996591
0.994555
0.994986
1.00014
1.01099
1.02585
1.03966
1.0445
1.03131
0.992373
0.923619
0.826062
0.705805
0.572727
0.438309
0.313309
0.205904
0.120703
0.0586852
0.0178749
-0.00558655
-0.016317
-0.0187713
-0.0166487
-0.0126396
-0.00843859
-0.00492181
-0.00238874
-0.000795571
6.03359e-05
0.000417729
0.000484567
0.000412459
0.000296367
0.000186322
0.000102208
4.67444e-05
1.4828e-05
-7.67982e-07
-6.5402e-06
-7.24014e-06
-5.85582e-06
-4.00581e-06
-2.40891e-06
-1.27495e-06
-5.73427e-07
-1.91691e-07
-1.35427e-08
5.08766e-08
6.04714e-08
4.89854e-08
3.31627e-08
1.97698e-08
1.0491e-08
4.86994e-09
1.84469e-09
4.17288e-10
-1.38487e-10
-2.76823e-10
-2.48683e-10
-1.75917e-10
-1.08147e-10
-5.94862e-11
-2.93155e-11
-1.26217e-11
-4.34825e-12
-7.98988e-13
7.04452e-13
1
1
1
1
1
1
1
1
1
1
1
1
1
1
1
1
1
1
1
0.999998
0.999996
1
1.00001
1.00002
0.999994
0.999934
0.999889
0.999964
1.00023
1.0006
1.0007
1.00007
0.998448
0.996282
0.994961
0.996528
1.00275
1.01385
1.02732
1.03768
1.03717
1.01759
0.972535
0.899294
0.79988
0.680749
0.551432
0.422522
0.303647
0.201924
0.121203
0.0621093
0.0226919
-0.000614237
-0.0120066
-0.0155198
-0.0145175
-0.0114747
-0.00798679
-0.00491957
-0.00261558
-0.00109557
-0.00022041
0.000198301
0.000335132
0.00032362
0.000251922
0.000170125
0.000101405
5.25963e-05
2.22245e-05
5.7034e-06
-1.81748e-06
-4.22558e-06
-4.1629e-06
-3.1928e-06
-2.10972e-06
-1.23478e-06
-6.37767e-07
-2.79292e-07
-8.92464e-08
-2.95474e-09
2.69655e-08
3.04659e-08
2.42035e-08
1.62083e-08
9.60375e-09
5.08724e-09
2.3717e-09
9.14741e-10
2.25588e-10
-4.65551e-11
-1.18799e-10
-1.10449e-10
-7.94013e-11
-4.94324e-11
-2.75697e-11
-1.38404e-11
-6.22009e-12
-1.6384e-12
1
1
1
1
1
1
1
1
1
1
1
1
1
1
1
0.999999
1
1
1
1
0.999996
0.999994
1
1.00002
1.00002
0.999986
0.999921
0.999894
1.00001
1.00029
1.00059
1.00054
0.99974
0.998133
0.996366
0.995878
0.99845
1.00525
1.01571
1.02669
1.03245
1.0257
0.999245
0.948031
0.870647
0.769947
0.652575
0.527589
0.404638
0.292226
0.19645
0.120452
0.0645311
0.0267701
0.0038824
-0.00793332
-0.0123135
-0.0122988
-0.010149
-0.00735132
-0.00474647
-0.00270428
-0.00129673
-0.000439033
1.18158e-05
0.000198419
0.000235424
0.000202272
0.000146971
9.41632e-05
5.34802e-05
2.62668e-05
1.01786e-05
1.88302e-06
-1.62171e-06
-2.54731e-06
-2.30796e-06
-1.69561e-06
-1.08798e-06
-6.22053e-07
-3.14579e-07
-1.34639e-07
-4.13794e-08
-3.22471e-11
1.37838e-08
1.50113e-08
1.17492e-08
7.80342e-09
4.60456e-09
2.43896e-09
1.14391e-09
4.49973e-10
1.20304e-10
-1.1999e-11
-4.94194e-11
-4.8077e-11
-3.52506e-11
-2.22526e-11
-1.26858e-11
-5.48286e-12
1
1
1
1
1
1
1
1
1
1
1
1
1
1
1
0.999999
1
1
1
1
0.999997
0.999992
0.999994
1.00001
1.00003
1.00002
0.999973
0.999902
0.99989
1.00003
1.00031
1.00055
1.00039
0.999545
0.998116
0.996869
0.99715
1.00035
1.00698
1.01575
1.02303
1.02315
1.00944
0.975856
0.918694
0.837706
0.736417
0.62149
0.501399
0.384817
0.279145
0.189522
0.118432
0.0658905
0.0300181
0.00779404
-0.00421137
-0.00926033
-0.0100856
-0.00873618
-0.00658513
-0.00443617
-0.00267263
-0.00140528
-0.000594385
-0.000136773
8.06084e-05
0.000153676
0.000152061
0.000120142
8.25389e-05
5.05097e-05
2.74353e-05
1.27662e-05
4.48721e-06
4.34033e-07
-1.14545e-06
-1.45948e-06
-1.24099e-06
-8.79926e-07
-5.50627e-07
-3.08546e-07
-1.53247e-07
-6.43495e-08
-1.91648e-08
4.66788e-10
6.82667e-09
7.2456e-09
5.60918e-09
3.70351e-09
2.1801e-09
1.15642e-09
5.46403e-10
2.19419e-10
6.31649e-11
-6.50857e-13
-1.98257e-11
-2.04873e-11
-1.5446e-11
-9.0659e-12
1
1
1
1
1
1
1
1
1
1
1
1
1
1
1
0.999999
0.999999
1
1
1
0.999999
0.999992
0.99999
1
1.00002
1.00004
1.00002
0.999945
0.999864
0.99987
1.00004
1.00034
1.00055
1.00036
0.999581
0.998422
0.997657
0.998415
1.0016
1.00709
1.013
1.01545
1.00903
0.987889
0.947208
0.884551
0.800677
0.699591
0.587817
0.473158
0.363296
0.264575
0.181241
0.115186
0.0661795
0.0323896
0.0110486
-0.000926371
-0.00644825
-0.00795935
-0.00730492
-0.00574105
-0.00402544
-0.00254319
-0.00143259
-0.000690045
-0.000246337
-1.49016e-05
8.23725e-05
0.000104913
9.246e-05
6.84778e-05
4.48774e-05
2.63634e-05
1.37338e-05
6.05322e-06
1.89974e-06
-3.2455e-08
-7.20815e-07
-8.03496e-07
-6.49932e-07
-4.47346e-07
-2.73998e-07
-1.50914e-07
-7.38299e-08
-3.05343e-08
-8.88881e-09
3.60666e-10
3.28602e-09
3.4303e-09
2.63585e-09
1.73377e-09
1.01976e-09
5.42406e-10
2.58462e-10
1.05998e-10
3.26227e-11
2.08847e-12
-7.53692e-12
-8.81185e-12
1
1
1
1
1
1
1
1
1
1
1
1
1
1
1
1
0.999999
1
1
1
1
0.999994
0.999988
0.999994
1.00002
1.00004
1.00005
0.999992
0.999889
0.999807
0.999849
1.00008
1.00043
1.00068
1.00053
0.999863
0.998931
0.998404
0.999102
1.00142
1.00466
1.00653
1.00312
0.989503
0.960767
0.913303
0.845831
0.759932
0.659901
0.551982
0.443243
0.340381
0.248746
0.171765
0.11081
0.0654388
0.0338824
0.0136117
0.00186654
-0.00394243
-0.00598601
-0.00591475
-0.00486796
-0.00355081
-0.00234059
-0.00139323
-0.000733013
-0.000318821
-8.71576e-05
2.37627e-05
6.3334e-05
6.61224e-05
5.36479e-05
3.77089e-05
2.37273e-05
1.3434e-05
6.72731e-06
2.80631e-06
7.68798e-07
-1.3203e-07
-4.21814e-07
-4.28088e-07
-3.32607e-07
-2.23267e-07
-1.34267e-07
-7.28796e-08
-3.52158e-08
-1.44004e-08
-4.13611e-09
1.93403e-10
1.54038e-09
1.59445e-09
1.22001e-09
8.01007e-10
4.71411e-10
2.51711e-10
1.21067e-10
5.0671e-11
1.68598e-11
-3.69814e-13
1
1
1
1
1
1
1
1
1
1
1
1
1
1
1
1
0.999999
1
1
1
1
0.999995
0.999989
0.99999
1.00001
1.00004
1.00006
1.00003
0.999931
0.999807
0.999749
0.999871
1.00021
1.00067
1.00099
1.00089
1.00027
0.999333
0.998573
0.998448
0.998881
0.998722
0.995465
0.985393
0.964214
0.928029
0.874367
0.802953
0.715994
0.617891
0.514493
0.412091
0.316428
0.231932
0.161297
0.10544
0.0637517
0.0345338
0.0154845
0.00414218
-0.00178424
-0.00421384
-0.00461348
-0.00400797
-0.0030459
-0.00208922
-0.00130313
-0.000732373
-0.000358375
-0.000137153
-2.1425e-05
2.87617e-05
4.26555e-05
3.93476e-05
2.99659e-05
2.01631e-05
1.2242e-05
6.70204e-06
3.23245e-06
1.2747e-06
2.94826e-07
-1.16811e-07
-2.34358e-07
-2.21823e-07
-1.66749e-07
-1.0958e-07
-6.48777e-08
-3.47872e-08
-1.66457e-08
-6.75555e-09
-1.93271e-09
8.2452e-11
7.04049e-10
7.28147e-10
5.56495e-10
3.65364e-10
2.15437e-10
1.15533e-10
5.67001e-11
1.87351e-11
1
1
1
1
1
1
1
1
1
1
1
1
1
1
1
1
0.999999
1
1
1
1
0.999996
0.99999
0.999989
1
1.00003
1.00006
1.00005
0.999969
0.999837
0.999721
0.999741
1
1.00051
1.0011
1.00147
1.00131
1.0005
0.999121
0.997438
0.99556
0.993013
0.988362
0.979083
0.961831
0.93306
0.889877
0.830843
0.756509
0.669506
0.574187
0.47591
0.380177
0.291825
0.21444
0.15007
0.0992476
0.0612349
0.0344139
0.0166987
0.00590252
7.67258e-06
-0.00267343
-0.00343608
-0.00319478
-0.00253956
-0.00181145
-0.00117803
-0.000698091
-0.000370478
-0.000167261
-5.36606e-05
1.71396e-06
2.29494e-05
2.64807e-05
2.23959e-05
1.62122e-05
1.05094e-05
6.18153e-06
3.28145e-06
1.527e-06
5.68441e-07
1.05387e-07
-7.9357e-08
-1.25093e-07
-1.12199e-07
-8.20632e-08
-5.29646e-08
-3.0946e-08
-1.6427e-08
-7.80264e-09
-3.15409e-09
-9.06991e-10
2.62778e-11
3.13913e-10
3.26862e-10
2.50264e-10
1.64529e-10
9.80299e-11
4.53371e-11
1
1
1
1
1
1
1
1
1
1
1
1
1
1
1
1
0.999999
1
1
1
1
0.999997
0.999991
0.99999
1
1.00002
1.00005
1.00005
0.999994
0.999872
0.999733
0.999685
0.999857
1.00032
1.00101
1.00169
1.00197
1.0015
1.00006
0.997596
0.994137
0.989489
0.982902
0.972822
0.956892
0.932268
0.896205
0.846751
0.783361
0.707219
0.621199
0.529465
0.436823
0.347992
0.266969
0.196587
0.138335
0.092424
0.058028
0.0336175
0.0173104
0.00717238
0.00143468
-0.00137882
-0.00240481
-0.00245307
-0.00205487
-0.00152644
-0.00103236
-0.000640012
-0.000361169
-0.000180685
-7.42585e-05
-1.80115e-05
7.35067e-06
1.55812e-05
1.55203e-05
1.2295e-05
8.53451e-06
5.3562e-06
3.06229e-06
1.58019e-06
7.10673e-07
2.49385e-07
3.39065e-08
-4.76953e-08
-6.4628e-08
-5.55508e-08
-3.97109e-08
-2.52411e-08
-1.45848e-08
-7.67963e-09
-3.62907e-09
-1.46602e-09
-4.27165e-10
3.06635e-12
1.36509e-10
1.4424e-10
1.11433e-10
6.74059e-11
1
1
1
1
1
1
1
1
1
1
1
1
1
1
1
1
1
1
1
1
1
0.999997
0.999992
0.999991
1
1.00002
1.00005
1.00005
1.00001
0.999899
0.99976
0.999676
0.999777
1.00017
1.00087
1.00169
1.00229
1.0022
1.00097
0.998273
0.993924
0.987742
0.979317
0.967761
0.95156
0.928666
0.89682
0.854066
0.7993
0.732702
0.655901
0.57185
0.484416
0.397816
0.316019
0.242252
0.178687
0.126341
0.0851683
0.0542837
0.0322554
0.0173934
0.00799423
0.00251463
-0.000329751
-0.00153029
-0.00179871
-0.00160875
-0.00124949
-0.000878437
-0.000567143
-0.000336421
-0.00018098
-8.50384e-05
-3.11203e-05
-4.21583e-06
6.8701e-06
9.65044e-06
8.70464e-06
6.54827e-06
4.38697e-06
2.67614e-06
1.49147e-06
7.4984e-07
3.26494e-07
1.07877e-07
8.94477e-09
-2.66037e-08
-3.24826e-08
-2.69805e-08
-1.89209e-08
-1.18723e-08
-6.79711e-09
-3.55655e-09
-1.67549e-09
-6.78406e-10
-2.01653e-10
-4.1183e-12
5.74509e-11
6.39332e-11
1
1
1
1
1
1
1
1
1
1
1
1
1
1
1
1
1
1
1
1
1
0.999997
0.999992
0.999992
1
1.00002
1.00004
1.00005
1.00001
0.999916
0.999786
0.999691
0.999747
1.00008
1.00072
1.00159
1.00237
1.00258
1.00165
0.999041
0.994326
0.987201
0.977348
0.964251
0.947012
0.924299
0.894466
0.85587
0.80729
0.748339
0.679749
0.603421
0.522245
0.439714
0.359448
0.284709
0.218039
0.161039
0.114333
0.0776767
0.0501576
0.0304459
0.0170321
0.00842272
0.00327775
0.000485554
-0.000813238
-0.00123965
-0.00121224
-0.000991894
-0.000726118
-0.000487176
-0.000301694
-0.000171665
-8.80338e-05
-3.86187e-05
-1.21184e-05
3.26879e-07
4.92114e-06
5.61779e-06
4.71183e-06
3.39805e-06
2.20813e-06
1.3136e-06
7.1546e-07
3.51222e-07
1.48342e-07
4.61235e-08
1.22576e-09
-1.40816e-08
-1.59404e-08
-1.28772e-08
-8.88672e-09
-5.51612e-09
-3.13445e-09
-1.63244e-09
-7.681e-10
-3.12305e-10
-9.71328e-11
1.04676e-11
1
1
1
1
1
1
1
1
1
1
1
1
1
1
1
1
1
1
1
1
1
0.999997
0.999993
0.999992
1
1.00002
1.00004
1.00004
1.00001
0.999923
0.999805
0.999712
0.999748
1.00003
1.00062
1.00147
1.00233
1.00274
1.00208
0.99968
0.994926
0.987337
0.97654
0.962165
0.943693
0.920342
0.891053
0.854638
0.810048
0.756706
0.694798
0.625439
0.550648
0.473141
0.395991
0.322228
0.25447
0.194657
0.143908
0.102531
0.0701331
0.0457999
0.0283078
0.0163152
0.00851946
0.00376249
0.00108733
-0.000246544
-0.000777186
-0.000871151
-0.000761109
-0.000582698
-0.000406265
-0.00026165
-0.000155958
-8.52645e-05
-4.16412e-05
-1.69e-05
-4.2358e-06
1.33222e-06
3.11373e-06
3.12285e-06
2.47607e-06
1.72374e-06
1.09083e-06
6.34623e-07
3.38573e-07
1.62635e-07
6.67724e-08
1.95456e-08
-6.29355e-10
-7.16034e-09
-7.65841e-09
-6.04812e-09
-4.11837e-09
-2.53349e-09
-1.43108e-09
-7.42512e-10
-3.53439e-10
-1.08666e-10
1
1
1
1
1
1
1
1
1
1
1
1
1
1
1
1
1
1
1
1
1
0.999997
0.999993
0.999993
1
1.00002
1.00004
1.00004
1
0.999925
0.999816
0.999731
0.999762
1.00001
1.00056
1.00138
1.00225
1.00276
1.00229
1.00012
0.995485
0.987756
0.976436
0.961159
0.94159
0.917307
0.887727
0.852127
0.809781
0.760178
0.703271
0.639668
0.570714
0.498416
0.425238
0.353807
0.286598
0.225649
0.172383
0.127524
0.091129
0.0627019
0.0413491
0.0259536
0.0153303
0.0083483
0.00401179
0.00150132
0.000182575
-0.000407395
-0.000586921
-0.000561233
-0.000453069
-0.00032899
-0.000220025
-0.000136609
-7.85778e-05
-4.13179e-05
-1.91787e-05
-7.10443e-06
-1.20943e-06
1.19775e-06
1.82636e-06
1.67374e-06
1.26859e-06
8.57023e-07
5.29904e-07
3.02234e-07
1.58278e-07
7.45531e-08
2.98263e-08
8.23485e-09
-7.56029e-10
-3.52414e-09
-3.60968e-09
-2.79862e-09
-1.88475e-09
-1.15044e-09
-6.52392e-10
-2.83428e-10
1
1
1
1
1
1
1
1
1
1
1
1
1
1
1
1
1
1
1
1
1
0.999997
0.999993
0.999993
1
1.00002
1.00004
1.00004
1
0.999923
0.99982
0.999743
0.999777
1.00002
1.00054
1.00131
1.00216
1.00271
1.00236
1.00036
0.995901
0.988212
0.976675
0.960854
0.940461
0.915274
0.885041
0.849437
0.808092
0.760709
0.70723
0.648013
0.583949
0.516476
0.44749
0.379151
0.313641
0.252921
0.198525
0.15144
0.112071
0.0802855
0.055523
0.0369266
0.0234857
0.0141596
0.00797156
0.00406974
0.00175609
0.000490515
-0.000122652
-0.000357628
-0.000393589
-0.000340019
-0.000258456
-0.000179607
-0.00011582
-6.95517e-05
-3.86831e-05
-1.95724e-05
-8.6086e-06
-2.852e-06
-1.7551e-07
8.27712e-07
1.01588e-06
8.70482e-07
6.35726e-07
4.18521e-07
2.53542e-07
1.42081e-07
7.31846e-08
3.38742e-08
1.32415e-08
3.46121e-09
-5.18415e-10
-1.68716e-09
-1.67186e-09
-1.27661e-09
-8.5743e-10
-4.62091e-10
1
1
1
1
1
1
1
1
1
1
1
1
1
1
1
1
1
1
1
1
1
0.999997
0.999992
0.999993
1
1.00002
1.00004
1.00004
0.999999
0.999921
0.999821
0.99975
0.999789
1.00003
1.00053
1.00128
1.0021
1.00264
1.00235
1.00047
0.996163
0.988585
0.977016
0.960927
0.94
0.914091
0.883147
0.847137
0.806011
0.759737
0.708383
0.652249
0.591974
0.528599
0.46355
0.398538
0.335394
0.275875
0.221479
0.173308
0.131992
0.0976876
0.0701248
0.0487092
0.0326339
0.0209925
0.0128766
0.0074471
0.00397896
0.00188084
0.000695487
8.70148e-05
-0.000178963
-0.00025737
-0.000244613
-0.000196491
-0.000142309
-9.52438e-05
-5.94529e-05
-3.46209e-05
-1.8647e-05
-9.07887e-06
-3.76777e-06
-1.08131e-06
1.05188e-07
5.06411e-07
5.42717e-07
4.41302e-07
3.12402e-07
2.01101e-07
1.19651e-07
6.60086e-08
3.35054e-08
1.52721e-08
5.85093e-09
1.4566e-09
-2.95347e-10
-7.88308e-10
-7.63711e-10
-5.44971e-10
1
1
1
1
1
1
1
1
1
1
1
1
1
1
1
1
1
1
1
1
1
0.999997
0.999992
0.999993
1
1.00002
1.00004
1.00004
0.999998
0.999919
0.99982
0.999752
0.999797
1.00004
1.00054
1.00126
1.00206
1.00259
1.00231
1.00049
0.996298
0.988841
0.977331
0.961153
0.939932
0.913523
0.881972
0.845434
0.804109
0.758217
0.708014
0.65386
0.596306
0.536155
0.474494
0.412654
0.352115
0.294374
0.240791
0.192464
0.150135
0.114148
0.0844682
0.0607348
0.0423455
0.0285515
0.0185473
0.0115445
0.00682628
0.00377874
0.0019036
0.000816036
0.000232741
-4.51169e-05
-0.000150269
-0.000166608
-0.000143881
-0.000109285
-7.60229e-05
-4.92336e-05
-2.98413e-05
-1.68864e-05
-8.81837e-06
-4.13015e-06
-1.60811e-06
-3.78841e-07
1.35074e-07
2.87783e-07
2.80693e-07
2.18818e-07
1.50849e-07
9.52197e-08
5.57583e-08
3.03377e-08
1.52024e-08
6.8385e-09
2.57636e-09
6.15197e-10
-1.46406e-10
-3.9715e-10
1
1
1
1
1
1
1
1
1
1
1
1
1
1
1
1
1
1
1
1
1
0.999997
0.999992
0.999993
1
1.00002
1.00004
1.00004
0.999997
0.999918
0.999818
0.999753
0.999801
1.00005
1.00054
1.00126
1.00204
1.00255
1.00226
1.00048
0.996348
0.98899
0.977566
0.9614
0.94005
0.913342
0.881345
0.844317
0.802629
0.756704
0.706991
0.653975
0.598222
0.540431
0.481476
0.422401
0.364384
0.308653
0.25638
0.208574
0.165991
0.129078
0.0979601
0.0724629
0.0521693
0.0364897
0.0247393
0.0162076
0.0102152
0.0061529
0.00350372
0.00185006
0.000869927
0.000325871
5.04604e-05
-6.90383e-05
-0.000104833
-0.000100622
-8.10752e-05
-5.88614e-05
-3.95573e-05
-2.48795e-05
-1.46795e-05
-8.08629e-06
-4.09827e-06
-1.84522e-06
-6.69045e-07
-1.16675e-07
1.00895e-07
1.55351e-07
1.41306e-07
1.06398e-07
7.16946e-08
4.44838e-08
2.56849e-08
1.38059e-08
6.84184e-09
3.04174e-09
1.14917e-09
1.1364e-10
1
1
1
1
1
1
1
1
1
1
1
1
1
1
1
1
1
1
1
1
1
0.999997
0.999992
0.999993
1
1.00002
1.00004
1.00004
0.999997
0.999917
0.999817
0.999752
0.999803
1.00005
1.00055
1.00127
1.00203
1.00253
1.00223
1.00045
0.996352
0.98906
0.977715
0.961602
0.940226
0.913367
0.881083
0.843673
0.801608
0.755459
0.705839
0.653373
0.598704
0.542519
0.485579
0.428743
0.372953
0.319201
0.268456
0.221595
0.179317
0.142097
0.110151
0.0834356
0.0616843
0.0444516
0.0311754
0.0212371
0.0140157
0.00892918
0.00546274
0.00318329
0.00174279
0.000873365
0.000377257
0.000114467
-9.95844e-06
-5.75404e-05
-6.61557e-05
-5.77565e-05
-4.41106e-05
-3.08401e-05
-2.01105e-05
-1.23199e-05
-7.09099e-06
-3.80822e-06
-1.87466e-06
-8.10662e-07
-2.71064e-07
-2.69799e-08
6.30542e-08
8.06615e-08
6.95091e-08
5.08371e-08
3.35857e-08
2.05262e-08
1.17063e-08
6.22213e-09
3.08823e-09
1.05497e-09
1
1
1
1
1
1
1
1
1
1
1
1
1
1
1
1
1
1
1
1
1
0.999997
0.999992
0.999993
1
1.00002
1.00004
1.00004
0.999997
0.999917
0.999816
0.999751
0.999803
1.00006
1.00056
1.00127
1.00203
1.00252
1.0022
1.00042
0.996336
0.989082
0.977796
0.961742
0.940389
0.913475
0.881031
0.84336
0.800981
0.754558
0.704829
0.652545
0.598448
0.543265
0.487727
0.432586
0.378624
0.326644
0.277432
0.231713
0.190098
0.15303
0.120756
0.0933124
0.0705401
0.0521121
0.0375784
0.0264142
0.0180677
0.0120002
0.00771635
0.00478369
0.00284135
0.00160083
0.000840526
0.000396772
0.00015331
3.07964e-05
-2.26866e-05
-3.95742e-05
-3.90789e-05
-3.18549e-05
-2.32994e-05
-1.57731e-05
-1.00145e-05
-5.99011e-06
-3.36942e-06
-1.76657e-06
-8.4525e-07
-3.50651e-07
-1.06752e-07
-5.48039e-10
3.58569e-08
4.05972e-08
3.35067e-08
2.39088e-08
1.55265e-08
9.35908e-09
5.32752e-09
2.35434e-09
1
1
1
1
1
1
1
1
1
1
1
1
1
1
1
1
1
1
1
1
1
0.999997
0.999992
0.999993
1
1.00002
1.00004
1.00004
0.999998
0.999917
0.999816
0.99975
0.999802
1.00006
1.00056
1.00127
1.00204
1.00251
1.00219
1.00039
0.996315
0.989078
0.977831
0.961826
0.940512
0.913597
0.88108
0.843251
0.800644
0.753975
0.704061
0.651757
0.597898
0.543278
0.488644
0.434705
0.382149
0.331641
0.283821
0.239273
0.1985
0.161882
0.129653
0.101884
0.0784817
0.059206
0.0436998
0.0315247
0.0222
0.0152386
0.0101772
0.00659693
0.00413637
0.00249656
0.00143964
0.000783346
0.000393035
0.000172816
5.68936e-05
1.84841e-06
-1.97882e-05
-2.45868e-05
-2.19916e-05
-1.7003e-05
-1.19964e-05
-7.89645e-06
-4.89509e-06
-2.8647e-06
-1.57731e-06
-8.08326e-07
-3.76165e-07
-1.49514e-07
-4.07456e-08
4.81516e-09
1.91869e-08
1.99098e-08
1.58642e-08
1.10784e-08
7.13956e-09
3.73128e-09
1
1
1
1
1
1
1
1
1
1
1
1
1
1
1
1
1
1
1
1
1
0.999997
0.999992
0.999993
1
1.00002
1.00004
1.00004
0.999998
0.999917
0.999815
0.99975
0.999801
1.00006
1.00056
1.00128
1.00204
1.00251
1.00219
1.00038
0.996297
0.989066
0.977839
0.961869
0.940592
0.913698
0.881162
0.843251
0.800498
0.753638
0.703539
0.651125
0.59731
0.542959
0.488857
0.435714
0.384173
0.334814
0.288166
0.244698
0.204806
0.168796
0.136861
0.109069
0.0853577
0.0655444
0.0493408
0.0363806
0.0262489
0.0185122
0.0127455
0.00855306
0.00558291
0.00353493
0.00216274
0.00127129
0.000711505
0.000373288
0.000178062
7.16686e-05
1.81042e-05
-5.6551e-06
-1.37154e-05
-1.42994e-05
-1.19135e-05
-8.8274e-06
-6.03972e-06
-3.87824e-06
-2.35281e-06
-1.34958e-06
-7.28423e-07
-3.65302e-07
-1.6545e-07
-6.29205e-08
-1.49998e-08
4.29445e-09
9.82619e-09
9.54665e-09
7.4265e-09
4.66414e-09
1
1
1
1
1
1
1
1
1
1
1
1
1
1
1
1
1
1
1
1
1
0.999997
0.999992
0.999993
1
1.00002
1.00004
1.00004
0.999998
0.999917
0.999815
0.999749
0.999801
1.00006
1.00056
1.00128
1.00204
1.00251
1.00218
1.00037
0.996284
0.989053
0.977834
0.961885
0.940638
0.91377
0.88124
0.843297
0.80046
0.75347
0.703218
0.650673
0.596808
0.542545
0.48872
0.436065
0.385211
0.336696
0.290974
0.248427
0.209363
0.174008
0.142503
0.114891
0.0911146
0.0710193
0.054363
0.0408341
0.0300733
0.021697
0.0153199
0.0105746
0.00712567
0.00467948
0.00298807
0.00184952
0.00110477
0.000632558
0.000343398
0.000173309
7.80264e-05
2.79378e-05
3.92972e-06
-5.86434e-06
-8.49283e-06
-7.92673e-06
-6.2554e-06
-4.47421e-06
-2.98072e-06
-1.87215e-06
-1.11373e-06
-6.27156e-07
-3.3227e-07
-1.63248e-07
-7.20105e-08
-2.61678e-08
-5.28382e-09
2.79416e-09
4.86104e-09
4.41929e-09
1
1
1
1
1
1
1
1
1
1
1
1
1
1
1
1
1
1
1
1
1
0.999997
0.999992
0.999993
1
1.00002
1.00004
1.00004
0.999998
0.999917
0.999815
0.999749
0.999801
1.00006
1.00056
1.00128
1.00204
1.00252
1.00218
1.00037
0.996277
0.989042
0.977826
0.961887
0.940659
0.913815
0.8813
0.843351
0.800475
0.753406
0.703044
0.650382
0.596431
0.542161
0.488452
0.436067
0.385648
0.337716
0.292685
0.250876
0.212526
0.177796
0.146771
0.119456
0.0957807
0.0755978
0.0586908
0.0447853
0.0335648
0.0246881
0.0178073
0.0125846
0.00870517
0.00588703
0.00388649
0.00250002
0.00156298
0.000946386
0.000552151
0.000307947
0.000162007
7.84031e-05
3.29671e-05
9.9742e-06
-4.49803e-07
-4.2638e-06
-4.90176e-06
-4.23281e-06
-3.19877e-06
-2.22038e-06
-1.44494e-06
-8.89705e-07
-5.19905e-07
-2.87823e-07
-1.49872e-07
-7.22199e-08
-3.10535e-08
-1.07605e-08
-1.83099e-09
2.16198e-09
1
1
1
1
1
1
1
1
1
1
1
1
1
1
1
1
1
1
1
1
1
0.999997
0.999992
0.999993
1
1.00002
1.00004
1.00004
0.999998
0.999917
0.999815
0.999749
0.999801
1.00005
1.00056
1.00128
1.00204
1.00252
1.00219
1.00037
0.996273
0.989035
0.977818
0.961883
0.940667
0.913838
0.88134
0.843399
0.800509
0.753398
0.702965
0.650213
0.596177
0.541858
0.488172
0.435916
0.38575
0.338197
0.293652
0.2524
0.214631
0.180449
0.14989
0.12292
0.0994446
0.0793089
0.0623056
0.0481822
0.0366518
0.0274066
0.0201307
0.0145141
0.0102637
0.00711238
0.00482472
0.00319984
0.00207154
0.00130637
0.000800249
0.00047429
0.000270367
0.000146851
7.47705e-05
3.45483e-05
1.33569e-05
3.06258e-06
-1.31041e-06
-2.68379e-06
-2.69158e-06
-2.19231e-06
-1.59868e-06
-1.08134e-06
-6.89198e-07
-4.16818e-07
-2.39623e-07
-1.30591e-07
-6.69163e-08
-3.16407e-08
-1.34637e-08
-2.84695e-09
1
1
1
1
1
1
1
1
1
1
1
1
1
1
1
1
1
1
1
1
1
0.999997
0.999992
0.999993
1
1.00002
1.00004
1.00004
0.999998
0.999917
0.999815
0.999749
0.999801
1.00005
1.00056
1.00128
1.00204
1.00252
1.00219
1.00037
0.996272
0.989031
0.977812
0.961878
0.940667
0.913849
0.881364
0.843433
0.800543
0.753414
0.70294
0.650126
0.59602
0.541643
0.487937
0.435725
0.38569
0.338365
0.294143
0.253291
0.215966
0.182235
0.152091
0.125465
0.102233
0.0822265
0.0652352
0.0510157
0.0392996
0.0298022
0.0222332
0.0163068
0.0117503
0.0083126
0.00576875
0.00392362
0.00261263
0.00170086
0.00108072
0.00066868
0.000401628
0.000233116
0.000129867
6.86696e-05
3.37788e-05
1.48146e-05
5.13912e-06
6.44551e-07
-1.11985e-06
-1.55539e-06
-1.42259e-06
-1.10658e-06
-7.83033e-07
-5.17771e-07
-3.23914e-07
-1.92735e-07
-1.0916e-07
-5.86002e-08
-2.99121e-08
-1.09849e-08
1
1
1
1
1
1
1
1
1
1
1
1
1
1
1
1
1
1
1
1
1
0.999997
0.999992
0.999993
1
1.00002
1.00004
1.00004
0.999998
0.999917
0.999815
0.999749
0.9998
1.00005
1.00056
1.00128
1.00205
1.00252
1.00219
1.00037
0.996271
0.989029
0.977808
0.961873
0.940664
0.913852
0.881376
0.843455
0.800571
0.753436
0.702942
0.650091
0.595934
0.541504
0.487761
0.435549
0.38557
0.338371
0.294351
0.25377
0.216767
0.183386
0.153587
0.127272
0.10429
0.0844523
0.0675407
0.0533116
0.0415053
0.031852
0.0240799
0.0179222
0.0131245
0.00945057
0.00668695
0.00464601
0.00316711
0.00211622
0.00138444
0.000885467
0.000552643
0.000335739
0.000197845
0.000112511
6.12612e-05
3.15169e-05
1.49433e-05
6.17093e-06
1.84337e-06
-6.89736e-08
-7.48171e-07
-8.52649e-07
-7.29076e-07
-5.46261e-07
-3.76686e-07
-2.44138e-07
-1.50197e-07
-8.80053e-08
-4.96413e-08
-2.19688e-08
1
1
1
1
1
1
1
1
1
1
1
1
1
1
1
1
1
1
1
1
1
0.999997
0.999992
0.999993
1
1.00002
1.00004
1.00004
0.999998
0.999917
0.999816
0.999749
0.9998
1.00005
1.00056
1.00128
1.00204
1.00252
1.00219
1.00037
0.996272
0.989028
0.977806
0.96187
0.940661
0.913851
0.881381
0.843467
0.80059
0.753457
0.702954
0.650082
0.595892
0.541423
0.487643
0.435412
0.385445
0.338307
0.294403
0.253995
0.217216
0.184092
0.154566
0.128512
0.105759
0.0861004
0.0693034
0.05512
0.0432919
0.0335574
0.0256565
0.0193366
0.0143579
0.0104973
0.00755245
0.00534391
0.00371627
0.00253814
0.00170106
0.0011176
0.000718926
0.000452106
0.000277376
0.000165566
9.57761e-05
5.33844e-05
2.84102e-05
1.42095e-05
6.47457e-06
2.48939e-06
5.92304e-07
-1.99524e-07
-4.45302e-07
-4.4854e-07
-3.64146e-07
-2.64429e-07
-1.78297e-07
-1.13451e-07
-6.93391e-08
-3.45754e-08
1
1
1
1
1
1
1
1
1
1
1
1
1
1
1
1
1
1
1
1
1
0.999997
0.999992
0.999993
1
1.00002
1.00004
1.00004
0.999998
0.999917
0.999816
0.999749
0.999801
1.00005
1.00056
1.00128
1.00204
1.00252
1.00219
1.00037
0.996272
0.989028
0.977805
0.961868
0.940658
0.913849
0.881382
0.843473
0.800602
0.753472
0.702968
0.650086
0.595877
0.54138
0.48757
0.435314
0.385341
0.338225
0.294381
0.254077
0.217444
0.184501
0.155177
0.129332
0.106776
0.0872843
0.070613
0.0565051
0.0447
0.0349381
0.0269663
0.0205413
0.0154343
0.011433
0.00834475
0.00599809
0.00424339
0.00295294
0.00202
0.00135732
0.000895101
0.000578713
0.000366345
0.000226688
0.00013681
8.02866e-05
4.56159e-05
2.49285e-05
1.29654e-05
6.29779e-06
2.74722e-06
9.6766e-07
1.52335e-07
-1.65963e-07
-2.47071e-07
-2.2841e-07
-1.77902e-07
-1.25727e-07
-8.37433e-08
-4.64401e-08
1
1
1
1
1
1
1
1
1
1
1
1
1
1
1
1
1
1
1
1
1
0.999997
0.999992
0.999993
1
1.00002
1.00004
1.00004
0.999998
0.999917
0.999816
0.999749
0.999801
1.00005
1.00056
1.00128
1.00204
1.00252
1.00219
1.00037
0.996272
0.989028
0.977804
0.961866
0.940656
0.913848
0.881382
0.843476
0.800608
0.753482
0.70298
0.650095
0.595875
0.541361
0.487529
0.435251
0.385263
0.338149
0.294332
0.254085
0.217542
0.18472
0.155541
0.129853
0.107455
0.0881091
0.0715583
0.0575373
0.0457804
0.0360269
0.0280261
0.0215408
0.0163491
0.0122471
0.00905031
0.00659417
0.00473482
0.00334863
0.00233136
0.00159689
0.00107542
0.000711511
0.000462059
0.000294202
0.000183411
0.000111752
6.63885e-05
3.8326e-05
2.13974e-05
1.14677e-05
5.82801e-06
2.74575e-06
1.14106e-06
3.59336e-07
1.57752e-08
-1.07943e-07
-1.30561e-07
-1.13199e-07
-8.57277e-08
-5.39854e-08
1
1
1
1
1
1
1
1
1
1
1
1
1
1
1
1
1
1
1
1
1
0.999997
0.999992
0.999993
1
1.00002
1.00004
1.00004
0.999998
0.999917
0.999816
0.999749
0.999801
1.00005
1.00056
1.00128
1.00204
1.00252
1.00219
1.00037
0.996273
0.989029
0.977804
0.961866
0.940655
0.913846
0.881381
0.843476
0.800611
0.753488
0.702988
0.650103
0.595879
0.541355
0.487508
0.435213
0.385211
0.33809
0.29428
0.254061
0.217569
0.184824
0.155743
0.13017
0.107893
0.0886654
0.0722209
0.0582856
0.0465876
0.0368634
0.0288622
0.022349
0.0171069
0.0129375
0.00966238
0.00712302
0.00518063
0.00371561
0.00262661
0.00182919
0.00125425
0.000846277
0.000561501
0.000366065
0.000234275
0.00014701
9.03194e-05
5.42241e-05
3.17285e-05
1.80288e-05
9.89508e-06
5.20196e-06
2.58253e-06
1.17826e-06
4.63543e-07
1.25492e-07
-1.64185e-08
-6.25961e-08
-6.66768e-08
-5.25152e-08
1
1
1
1
1
1
1
1
1
1
1
1
1
1
1
1
1
1
1
1
1
0.999997
0.999992
0.999993
1
1.00002
1.00004
1.00004
0.999998
0.999917
0.999816
0.999749
0.999801
1.00005
1.00056
1.00128
1.00204
1.00252
1.00219
1.00037
0.996273
0.989029
0.977805
0.961866
0.940654
0.913845
0.88138
0.843476
0.800612
0.753492
0.702993
0.650109
0.595884
0.541355
0.487499
0.435193
0.385178
0.338047
0.294236
0.254028
0.217563
0.184863
0.155846
0.130352
0.108164
0.0890282
0.0726716
0.0588131
0.047175
0.0374899
0.0295053
0.0229867
0.0177193
0.0135085
0.0101802
0.00758045
0.00557471
0.00404708
0.00289907
0.0020482
0.00142653
0.000978965
0.000661601
0.000440055
0.000287872
0.000185064
0.000116801
7.22833e-05
4.37942e-05
2.59229e-05
1.49492e-05
8.3653e-06
4.51539e-06
2.32891e-06
1.12905e-06
4.97898e-07
1.83922e-07
3.98572e-08
-1.71247e-08
-3.64843e-08
1
1
1
1
1
1
1
1
1
1
1
1
1
1
1
1
1
1
1
1
1
0.999997
0.999992
0.999993
1
1.00002
1.00004
1.00004
0.999998
0.999917
0.999816
0.999749
0.999801
1.00005
1.00056
1.00128
1.00204
1.00252
1.00219
1.00037
0.996273
0.989029
0.977805
0.961866
0.940654
0.913845
0.881379
0.843475
0.800612
0.753493
0.702996
0.650113
0.595888
0.541357
0.487497
0.435183
0.385159
0.33802
0.294203
0.253997
0.217545
0.18487
0.155892
0.130449
0.108323
0.0892561
0.0729686
0.0591745
0.0475912
0.0379474
0.029988
0.0234778
0.0182026
0.0139697
0.010608
0.00796663
0.00591459
0.00433906
0.00314413
0.00224933
0.00158807
0.001106
0.000759473
0.000513958
0.000342584
0.000224783
0.000145081
9.20331e-05
5.7321e-05
3.50073e-05
2.09293e-05
1.22219e-05
6.95015e-06
3.83197e-06
2.03502e-06
1.02992e-06
4.87393e-07
2.07118e-07
7.24076e-08
7.62607e-11
1
1
1
1
1
1
1
1
1
1
1
1
1
1
1
1
1
1
1
1
1
0.999997
0.999992
0.999993
1
1.00002
1.00004
1.00004
0.999998
0.999917
0.999816
0.999749
0.999801
1.00005
1.00056
1.00128
1.00204
1.00252
1.00219
1.00037
0.996273
0.989029
0.977805
0.961866
0.940654
0.913844
0.881378
0.843475
0.800612
0.753493
0.702998
0.650116
0.595892
0.54136
0.487498
0.43518
0.385149
0.338003
0.294181
0.253972
0.217524
0.184862
0.155906
0.130496
0.108412
0.0893934
0.0731577
0.0594149
0.0478783
0.038273
0.0303416
0.0238471
0.0185751
0.0143336
0.0109531
0.00828512
0.00620092
0.00459018
0.00335926
0.00242951
0.00173572
0.00122448
0.000852615
0.000585736
0.000396827
0.000264995
0.000174332
0.000112914
7.19508e-05
4.50669e-05
2.77171e-05
1.67153e-05
9.86706e-06
5.68777e-06
3.19118e-06
1.73442e-06
9.06593e-07
4.49964e-07
2.10478e-07
6.30242e-08
1
1
1
1
1
1
1
1
1
1
1
1
1
1
1
1
1
1
1
1
1
0.999997
0.999992
0.999993
1
1.00002
1.00004
1.00004
0.999998
0.999917
0.999816
0.999749
0.999801
1.00005
1.00056
1.00128
1.00204
1.00252
1.00219
1.00037
0.996273
0.989029
0.977805
0.961866
0.940654
0.913844
0.881378
0.843474
0.800611
0.753493
0.702998
0.650118
0.595894
0.541363
0.4875
0.435179
0.385145
0.337994
0.294167
0.253955
0.217507
0.18485
0.155906
0.130515
0.108458
0.0894722
0.0732737
0.0595698
0.0480708
0.0384989
0.0305943
0.0241183
0.0188556
0.0146143
0.0112255
0.00854193
0.0064367
0.00480128
0.00354377
0.00258714
0.00186747
0.00133228
0.000939037
0.000653652
0.000449173
0.000304582
0.000203715
0.000134326
8.72721e-05
5.58334e-05
3.51471e-05
2.17504e-05
1.32172e-05
7.87555e-06
4.59284e-06
2.61483e-06
1.44828e-06
7.75792e-07
4.03817e-07
1.57528e-07
1
1
1
1
1
1
1
1
1
1
1
1
1
1
1
1
1
1
1
1
1
0.999997
0.999992
0.999993
1
1.00002
1.00004
1.00004
0.999998
0.999917
0.999816
0.999749
0.999801
1.00005
1.00056
1.00128
1.00204
1.00252
1.00219
1.00037
0.996273
0.989029
0.977805
0.961866
0.940654
0.913844
0.881378
0.843474
0.800611
0.753493
0.702999
0.650118
0.595895
0.541365
0.487501
0.43518
0.385143
0.337989
0.294159
0.253943
0.217494
0.184838
0.1559
0.13052
0.108479
0.0895145
0.0733419
0.0596663
0.0481961
0.0386515
0.0307705
0.0243129
0.0190622
0.0148261
0.0114357
0.00874452
0.00662667
0.00497486
0.00369855
0.00272199
0.00198236
0.00142811
0.00101733
0.000716357
0.000498429
0.000342549
0.000232445
0.000155674
0.000102854
6.70073e-05
4.30205e-05
2.72019e-05
1.69262e-05
1.03549e-05
6.22079e-06
3.66444e-06
2.11247e-06
1.18771e-06
6.56561e-07
2.87517e-07
1
1
1
1
1
1
1
1
1
1
1
1
1
1
1
1
1
1
1
1
1
0.999997
0.999992
0.999993
1
1.00002
1.00004
1.00004
0.999998
0.999917
0.999816
0.999749
0.999801
1.00005
1.00056
1.00128
1.00204
1.00252
1.00219
1.00037
0.996273
0.989029
0.977805
0.961866
0.940654
0.913844
0.881378
0.843474
0.800611
0.753493
0.702999
0.650119
0.595896
0.541366
0.487503
0.43518
0.385143
0.337987
0.294154
0.253936
0.217485
0.184828
0.155892
0.130518
0.108486
0.0895354
0.0733798
0.0597241
0.0482752
0.0387518
0.0308903
0.0244492
0.0192109
0.0149823
0.0115944
0.00890096
0.00677649
0.00511458
0.00382564
0.00283487
0.00208038
0.00151141
0.00108667
0.000772923
0.000543689
0.000378085
0.000259837
0.000176412
0.000118279
7.82824e-05
5.11219e-05
3.29246e-05
2.09007e-05
1.30688e-05
8.04272e-06
4.86671e-06
2.89215e-06
1.68407e-06
9.69728e-07
4.55237e-07
1
1
1
1
1
1
1
1
1
1
1
1
1
1
1
1
1
1
1
1
1
0.999997
0.999992
0.999993
1
1.00002
1.00004
1.00004
0.999998
0.999917
0.999816
0.999749
0.999801
1.00005
1.00056
1.00128
1.00204
1.00252
1.00219
1.00037
0.996273
0.989029
0.977805
0.961866
0.940654
0.913844
0.881378
0.843474
0.800611
0.753493
0.702999
0.650119
0.595897
0.541366
0.487503
0.435181
0.385144
0.337987
0.294152
0.253932
0.217479
0.184822
0.155886
0.130514
0.108487
0.0895443
0.0733996
0.0597572
0.0483234
0.0388158
0.0309697
0.0245425
0.0193156
0.0150951
0.0117118
0.00901925
0.00689222
0.00522474
0.00392784
0.00292741
0.00216227
0.0015823
0.00114676
0.00082284
0.000584351
0.000410587
0.000285342
0.000196071
0.000133169
8.93672e-05
5.92355e-05
3.8765e-05
2.50357e-05
1.59487e-05
1.00158e-05
6.19652e-06
3.77373e-06
2.25843e-06
1.341e-06
6.60956e-07
1
1
1
1
1
1
1
1
1
1
1
1
1
1
1
1
1
1
1
1
1
0.999997
0.999992
0.999993
1
1.00002
1.00004
1.00004
0.999998
0.999917
0.999816
0.999749
0.999801
1.00005
1.00056
1.00128
1.00204
1.00252
1.00219
1.00037
0.996273
0.989029
0.977805
0.961866
0.940654
0.913844
0.881378
0.843474
0.800611
0.753493
0.702998
0.650119
0.595897
0.541367
0.487504
0.435182
0.385144
0.337987
0.294151
0.25393
0.217475
0.184817
0.155881
0.130509
0.108485
0.0895469
0.0734089
0.0597751
0.0483516
0.0388554
0.0310209
0.0246047
0.0193875
0.0151748
0.0117968
0.00910688
0.00697982
0.00530987
0.00400839
0.00300176
0.00222931
0.0016414
0.00119777
0.000865969
0.000620107
0.00043967
0.000308566
0.000214286
0.000147207
0.000100003
6.71597e-05
4.45722e-05
2.92228e-05
1.89195e-05
1.20903e-05
7.62216e-06
4.7381e-06
2.90002e-06
1.76482e-06
9.02864e-07
1
1
1
1
1
1
1
1
1
1
1
1
1
1
1
1
1
1
1
1
1
0.999997
0.999992
0.999993
1
1.00002
1.00004
1.00004
0.999998
0.999917
0.999816
0.999749
0.999801
1.00005
1.00056
1.00128
1.00204
1.00252
1.00219
1.00037
0.996273
0.989029
0.977805
0.961866
0.940654
0.913844
0.881378
0.843474
0.800611
0.753493
0.702998
0.650119
0.595897
0.541367
0.487504
0.435182
0.385145
0.337987
0.294151
0.253929
0.217474
0.184814
0.155877
0.130506
0.108483
0.0895467
0.0734125
0.0597841
0.0483674
0.038879
0.031053
0.0246452
0.0194359
0.0152299
0.0118571
0.00917048
0.00704482
0.00537436
0.00407064
0.00306034
0.00228312
0.00168971
0.00124021
0.000902489
0.000650911
0.000465159
0.000329268
0.0002308
0.000160152
0.000109978
7.47192e-05
5.02081e-05
3.33576e-05
2.19053e-05
1.42128e-05
9.10781e-06
5.76208e-06
3.59456e-06
2.23278e-06
1.17717e-06
1
1
1
1
1
1
1
1
1
1
1
1
1
1
1
1
1
1
1
1
1
0.999997
0.999992
0.999993
1
1.00002
1.00004
1.00004
0.999998
0.999917
0.999816
0.999749
0.999801
1.00005
1.00056
1.00128
1.00204
1.00252
1.00219
1.00037
0.996273
0.989029
0.977805
0.961866
0.940654
0.913844
0.881378
0.843474
0.800611
0.753493
0.702998
0.650119
0.595897
0.541367
0.487505
0.435183
0.385145
0.337987
0.294151
0.253929
0.217473
0.184812
0.155875
0.130503
0.10848
0.0895454
0.0734133
0.0597881
0.0483757
0.0388926
0.0310724
0.0246709
0.0194676
0.0152671
0.0118989
0.00921571
0.0070921
0.00542227
0.00411784
0.00310562
0.00232549
0.00172845
0.00127485
0.000932816
0.000676931
0.000487054
0.000347351
0.000245466
0.000171839
0.000119134
8.17727e-05
5.55546e-05
3.7346e-05
2.48342e-05
1.63308e-05
1.06162e-05
6.82022e-06
4.32534e-06
2.73428e-06
1.47836e-06
1
1
1
1
1
1
1
1
1
1
1
1
1
1
1
1
1
1
1
1
1
0.999997
0.999992
0.999993
1
1.00002
1.00004
1.00004
0.999998
0.999917
0.999816
0.999749
0.999801
1.00005
1.00056
1.00128
1.00204
1.00252
1.00219
1.00037
0.996273
0.989029
0.977805
0.961866
0.940654
0.913844
0.881378
0.843474
0.800611
0.753493
0.702998
0.650119
0.595897
0.541367
0.487505
0.435183
0.385145
0.337988
0.294151
0.253929
0.217472
0.184812
0.155873
0.130501
0.108478
0.0895439
0.0734129
0.0597895
0.0483798
0.0389
0.0310838
0.0246867
0.0194878
0.0152917
0.0119273
0.00924723
0.00712583
0.0054572
0.00415295
0.00313997
0.00235824
0.00175894
0.0013026
0.000957533
0.000698498
0.000505506
0.000362841
0.000258234
0.000182179
0.000127366
8.82175e-05
6.05187e-05
4.11092e-05
2.7643e-05
1.83953e-05
1.21109e-05
7.88657e-06
5.07444e-06
3.25731e-06
1.79964e-06
1
1
1
1
1
1
1
1
1
1
1
1
1
1
1
1
1
1
1
1
1
0.999997
0.999992
0.999993
1
1.00002
1.00004
1.00004
0.999998
0.999917
0.999816
0.999749
0.999801
1.00005
1.00056
1.00128
1.00204
1.00252
1.00219
1.00037
0.996273
0.989029
0.977805
0.961866
0.940654
0.913844
0.881378
0.843474
0.800611
0.753493
0.702998
0.650119
0.595897
0.541367
0.487505
0.435183
0.385145
0.337988
0.294151
0.253929
0.217472
0.184811
0.155872
0.1305
0.108477
0.0895427
0.0734121
0.0597897
0.0483814
0.0389037
0.0310902
0.0246961
0.0195005
0.0153076
0.0119462
0.00926875
0.00714941
0.00548218
0.0041786
0.00316555
0.0023831
0.00178251
0.00132443
0.000977313
0.000716049
0.000520771
0.000375865
0.000269143
0.000191155
0.000134624
9.39897e-05
6.50348e-05
4.45868e-05
3.02795e-05
2.0364e-05
1.35591e-05
8.93638e-06
5.824e-06
3.78927e-06
2.1334e-06
1
1
1
1
1
1
1
1
1
1
1
1
1
1
1
1
1
1
1
1
1
0.999997
0.999992
0.999993
1
1.00002
1.00004
1.00004
0.999998
0.999917
0.999816
0.999749
0.999801
1.00005
1.00056
1.00128
1.00204
1.00252
1.00219
1.00037
0.996273
0.989029
0.977805
0.961866
0.940654
0.913844
0.881378
0.843474
0.800611
0.753493
0.702998
0.650119
0.595897
0.541367
0.487505
0.435183
0.385146
0.337988
0.294152
0.253929
0.217472
0.184811
0.155872
0.1305
0.108476
0.0895417
0.0734113
0.0597894
0.048382
0.0389055
0.0310936
0.0247015
0.0195081
0.0153176
0.0119585
0.00928315
0.00716559
0.00549971
0.00419698
0.00318427
0.00240164
0.00180041
0.0013413
0.000992865
0.000730081
0.000533175
0.000386619
0.000278294
0.000198802
0.000140905
9.90617e-05
6.90641e-05
4.77371e-05
3.27046e-05
2.22027e-05
1.49326e-05
9.9475e-06
6.55727e-06
4.31785e-06
2.47175e-06
1
1
1
1
1
1
1
1
1
1
1
1
1
1
1
1
1
1
1
1
1
0.999997
0.999992
0.999993
1
1.00002
1.00004
1.00004
0.999998
0.999917
0.999816
0.999749
0.999801
1.00005
1.00056
1.00128
1.00204
1.00252
1.00219
1.00037
0.996273
0.989029
0.977805
0.961866
0.940654
0.913844
0.881378
0.843474
0.800611
0.753493
0.702998
0.650119
0.595897
0.541367
0.487505
0.435183
0.385146
0.337988
0.294152
0.253929
0.217472
0.184811
0.155872
0.130499
0.108476
0.0895411
0.0734106
0.0597889
0.0483819
0.0389062
0.0310953
0.0247044
0.0195126
0.0153237
0.0119663
0.00929257
0.00717647
0.00551178
0.00420992
0.00319771
0.00241522
0.00181376
0.00135412
0.00100488
0.000741106
0.000543082
0.000395346
0.000285837
0.000205203
0.000146242
0.000103438
7.25928e-05
5.05375e-05
3.48927e-05
2.38864e-05
1.62092e-05
1.09014e-05
7.25952e-06
4.83172e-06
2.80704e-06
1
1
1
1
1
1
1
1
1
1
1
1
1
1
1
1
1
1
1
1
1
0.999997
0.999992
0.999993
1
1.00002
1.00004
1.00004
0.999998
0.999917
0.999816
0.999749
0.999801
1.00005
1.00056
1.00128
1.00204
1.00252
1.00219
1.00037
0.996273
0.989029
0.977805
0.961866
0.940654
0.913844
0.881378
0.843474
0.800611
0.753493
0.702998
0.650119
0.595897
0.541367
0.487505
0.435183
0.385146
0.337988
0.294152
0.253929
0.217472
0.184811
0.155872
0.130499
0.108475
0.0895407
0.0734102
0.0597885
0.0483817
0.0389064
0.0310961
0.024706
0.0195151
0.0153273
0.0119711
0.00929861
0.00718364
0.00551994
0.00421887
0.00320721
0.002425
0.00182356
0.00136369
0.00101402
0.000749625
0.000550861
0.000402308
0.000291948
0.00021047
0.000150701
0.000107147
7.56285e-05
5.29821e-05
3.68306e-05
2.53995e-05
1.73731e-05
1.17839e-05
7.91869e-06
5.32111e-06
3.13227e-06
1
1
1
1
1
1
1
1
1
1
1
1
1
1
1
1
1
1
1
1
1
0.999997
0.999992
0.999993
1
1.00002
1.00004
1.00004
0.999998
0.999917
0.999816
0.999749
0.999801
1.00005
1.00056
1.00128
1.00204
1.00252
1.00219
1.00037
0.996273
0.989029
0.977805
0.961866
0.940654
0.913844
0.881378
0.843474
0.800611
0.753493
0.702998
0.650119
0.595897
0.541367
0.487505
0.435183
0.385146
0.337988
0.294152
0.253929
0.217472
0.184811
0.155872
0.130499
0.108475
0.0895404
0.0734098
0.0597882
0.0483815
0.0389063
0.0310963
0.0247067
0.0195165
0.0153294
0.011974
0.00930239
0.00718826
0.00552534
0.00422494
0.00321379
0.00243192
0.00183063
0.00137072
0.00102084
0.000756099
0.000556871
0.000407772
0.000296819
0.000214731
0.000154362
0.000110239
7.81955e-05
5.50791e-05
3.8517e-05
2.67351e-05
1.84151e-05
1.25852e-05
8.52573e-06
5.77817e-06
3.44146e-06
1
1
1
1
1
1
1
1
1
1
1
1
1
1
1
1
1
1
1
1
1
0.999997
0.999992
0.999993
1
1.00002
1.00004
1.00004
0.999998
0.999917
0.999816
0.999749
0.999801
1.00005
1.00056
1.00128
1.00204
1.00252
1.00219
1.00037
0.996273
0.989029
0.977805
0.961866
0.940654
0.913844
0.881378
0.843474
0.800611
0.753493
0.702998
0.650119
0.595897
0.541367
0.487505
0.435183
0.385146
0.337988
0.294152
0.253929
0.217472
0.184811
0.155872
0.130499
0.108475
0.0895403
0.0734096
0.0597879
0.0483812
0.0389062
0.0310964
0.024707
0.0195171
0.0153306
0.0119758
0.00930469
0.00719118
0.00552885
0.00422898
0.00321828
0.00243673
0.00183565
0.0013758
0.00102586
0.000760942
0.000561439
0.000411991
0.000300639
0.000218124
0.00015732
0.000112773
8.03304e-05
5.68481e-05
3.99597e-05
2.78936e-05
1.93317e-05
1.32998e-05
9.07468e-06
6.19719e-06
3.72983e-06
1
1
1
1
1
1
1
1
1
1
1
1
1
1
1
1
1
1
1
1
1
0.999997
0.999992
0.999993
1
1.00002
1.00004
1.00004
0.999998
0.999917
0.999816
0.999749
0.999801
1.00005
1.00056
1.00128
1.00204
1.00252
1.00219
1.00037
0.996273
0.989029
0.977805
0.961866
0.940654
0.913844
0.881378
0.843474
0.800611
0.753493
0.702998
0.650119
0.595897
0.541367
0.487505
0.435183
0.385146
0.337988
0.294152
0.253929
0.217472
0.184811
0.155872
0.130499
0.108475
0.0895402
0.0734095
0.0597878
0.0483811
0.038906
0.0310963
0.0247071
0.0195175
0.0153312
0.0119767
0.00930606
0.00719298
0.00553109
0.00423163
0.00322128
0.00244002
0.00183914
0.00137942
0.00102949
0.000764506
0.000564857
0.000415199
0.000303588
0.000220782
0.000159673
0.000114818
8.20776e-05
5.83163e-05
4.11738e-05
2.88822e-05
2.01244e-05
1.39264e-05
9.56251e-06
6.57458e-06
3.99392e-06
1
1
1
1
1
1
1
1
1
1
1
1
1
1
1
1
1
1
1
1
1
0.999997
0.999992
0.999993
1
1.00002
1.00004
1.00004
0.999998
0.999917
0.999816
0.999749
0.999801
1.00005
1.00056
1.00128
1.00204
1.00252
1.00219
1.00037
0.996273
0.989029
0.977805
0.961866
0.940654
0.913844
0.881378
0.843474
0.800611
0.753493
0.702998
0.650119
0.595897
0.541367
0.487505
0.435183
0.385146
0.337988
0.294152
0.253929
0.217472
0.184811
0.155872
0.130499
0.108475
0.0895401
0.0734095
0.0597877
0.048381
0.0389059
0.0310963
0.0247071
0.0195176
0.0153315
0.0119773
0.00930686
0.00719407
0.00553248
0.00423332
0.00322325
0.00244224
0.00184155
0.00138194
0.00103208
0.00076709
0.000567376
0.0004176
0.00030583
0.000222834
0.000161515
0.000116443
8.34854e-05
5.95159e-05
4.21795e-05
2.97121e-05
2.07991e-05
1.44667e-05
9.98884e-06
6.90873e-06
4.23162e-06
1
1
1
1
1
1
1
1
1
1
1
1
1
1
1
1
1
1
1
1
1
0.999997
0.999992
0.999993
1
1.00002
1.00004
1.00004
0.999998
0.999917
0.999816
0.999749
0.999801
1.00005
1.00056
1.00128
1.00204
1.00252
1.00219
1.00037
0.996273
0.989029
0.977805
0.961866
0.940654
0.913844
0.881378
0.843474
0.800611
0.753493
0.702998
0.650119
0.595897
0.541367
0.487505
0.435183
0.385146
0.337988
0.294152
0.253929
0.217472
0.184811
0.155872
0.130499
0.108475
0.0895401
0.0734094
0.0597876
0.0483809
0.0389059
0.0310962
0.0247071
0.0195176
0.0153316
0.0119775
0.0093073
0.00719471
0.00553333
0.00423438
0.00322453
0.0024437
0.00184317
0.00138368
0.0010339
0.000768933
0.000569203
0.000419371
0.000307509
0.000224394
0.000162937
0.000117714
8.46028e-05
6.04812e-05
4.29998e-05
3.03983e-05
2.13642e-05
1.49254e-05
1.03555e-05
7.1998e-06
4.44202e-06
1
1
1
1
1
1
1
1
1
1
1
1
1
1
1
1
1
1
1
1
1
0.999997
0.999992
0.999993
1
1.00002
1.00004
1.00004
0.999998
0.999917
0.999816
0.999749
0.999801
1.00005
1.00056
1.00128
1.00204
1.00252
1.00219
1.00037
0.996273
0.989029
0.977805
0.961866
0.940654
0.913844
0.881378
0.843474
0.800611
0.753493
0.702998
0.650119
0.595897
0.541367
0.487505
0.435183
0.385146
0.337988
0.294152
0.253929
0.217472
0.184811
0.155872
0.130499
0.108475
0.0895401
0.0734094
0.0597876
0.0483809
0.0389058
0.0310962
0.0247071
0.0195176
0.0153317
0.0119777
0.00930754
0.00719507
0.00553383
0.00423504
0.00322533
0.00244465
0.00184424
0.00138486
0.00103515
0.000770229
0.00057051
0.000420658
0.000308748
0.000225563
0.000164017
0.000118695
8.54765e-05
6.12463e-05
4.36589e-05
3.09569e-05
2.18304e-05
1.53087e-05
1.06658e-05
7.44934e-06
4.62524e-06
1
1
1
1
1
1
1
1
1
1
1
1
1
1
1
1
1
1
1
1
1
0.999997
0.999992
0.999993
1
1.00002
1.00004
1.00004
0.999998
0.999917
0.999816
0.999749
0.999801
1.00005
1.00056
1.00128
1.00204
1.00252
1.00219
1.00037
0.996273
0.989029
0.977805
0.961866
0.940654
0.913844
0.881378
0.843474
0.800611
0.753493
0.702998
0.650119
0.595897
0.541367
0.487505
0.435183
0.385146
0.337988
0.294152
0.253929
0.217472
0.184811
0.155872
0.130499
0.108475
0.0895401
0.0734094
0.0597876
0.0483808
0.0389058
0.0310961
0.024707
0.0195176
0.0153317
0.0119777
0.00930766
0.00719527
0.00553413
0.00423543
0.00322583
0.00244525
0.00184494
0.00138565
0.001036
0.000771127
0.000571431
0.00042158
0.000309651
0.000226427
0.000164829
0.000119441
8.61511e-05
6.18454e-05
4.41819e-05
3.14061e-05
2.22103e-05
1.5625e-05
1.09253e-05
7.66059e-06
4.7828e-06
1
1
1
1
1
1
1
1
1
1
1
1
1
1
1
1
1
1
1
1
1
0.999997
0.999992
0.999993
1
1.00002
1.00004
1.00004
0.999998
0.999917
0.999816
0.999749
0.999801
1.00005
1.00056
1.00128
1.00204
1.00252
1.00219
1.00037
0.996273
0.989029
0.977805
0.961866
0.940654
0.913844
0.881378
0.843474
0.800611
0.753493
0.702998
0.650119
0.595897
0.541367
0.487505
0.435183
0.385146
0.337988
0.294152
0.253929
0.217472
0.184811
0.155872
0.130499
0.108475
0.0895401
0.0734094
0.0597876
0.0483808
0.0389058
0.0310961
0.024707
0.0195176
0.0153317
0.0119777
0.00930771
0.00719537
0.00553429
0.00423566
0.00322613
0.00244563
0.00184539
0.00138616
0.00103656
0.000771729
0.00057206
0.000422219
0.000310286
0.000227045
0.000165416
0.00011999
8.66531e-05
6.2297e-05
4.45811e-05
3.17534e-05
2.25075e-05
1.58755e-05
1.11332e-05
7.83183e-06
4.91234e-06
1
1
1
1
1
1
1
1
1
1
1
1
1
1
1
1
1
1
1
1
1
0.999997
0.999992
0.999993
1
1.00002
1.00004
1.00004
0.999998
0.999917
0.999816
0.999749
0.999801
1.00005
1.00056
1.00128
1.00204
1.00252
1.00219
1.00037
0.996273
0.989029
0.977805
0.961866
0.940654
0.913844
0.881378
0.843474
0.800611
0.753493
0.702998
0.650119
0.595897
0.541367
0.487505
0.435183
0.385146
0.337988
0.294152
0.253929
0.217472
0.184811
0.155872
0.130499
0.108475
0.0895401
0.0734094
0.0597876
0.0483808
0.0389057
0.0310961
0.024707
0.0195176
0.0153317
0.0119777
0.00930774
0.00719543
0.00553439
0.00423582
0.00322635
0.00244591
0.00184573
0.00138656
0.00103702
0.000772228
0.000572591
0.00042277
0.000310843
0.000227596
0.00016595
0.000120496
8.71247e-05
6.27281e-05
4.49684e-05
3.20955e-05
2.2805e-05
1.61302e-05
1.13478e-05
8.01129e-06
5.05074e-06
)
;

boundaryField
{
    upperWall
    {
        type            zeroGradient;
    }
    outlet
    {
        type            zeroGradient;
    }
    inlet
    {
        type            fixedValue;
        value           uniform 1;
    }
    lowerWall
    {
        type            fixedValue;
        value           uniform 0;
    }
    frontAndBack
    {
        type            empty;
    }
}


// ************************************************************************* //
