/*--------------------------------*- C++ -*----------------------------------*\
  =========                 |
  \\      /  F ield         | OpenFOAM: The Open Source CFD Toolbox
   \\    /   O peration     | Website:  https://openfoam.org
    \\  /    A nd           | Version:  7
     \\/     M anipulation  |
\*---------------------------------------------------------------------------*/
FoamFile
{
    version     2.0;
    format      ascii;
    class       volScalarField;
    location    "0.5";
    object      T;
}
// * * * * * * * * * * * * * * * * * * * * * * * * * * * * * * * * * * * * * //

dimensions      [0 0 0 1 0 0 0];

internalField   nonuniform List<scalar> 
5936
(
0.509388
0.913124
0.999003
0.982342
1.00586
1.01594
1.00206
1.00701
1.00021
1.00101
0.999887
0.999757
0.99995
0.999843
0.999998
0.999979
1
1
0.999999
0.999998
0.999999
0.999996
0.999999
0.999998
1
1
1
1
1
1
1
1
1
1
1
1
1
1
1
1
1
1
1
1
1
1
1
1
1
1
1
1
1
1
1
1
1
1
1
1
1
1
1
1
1
1
1
1
1
1
1
1
1
1
1
1
1
1
1
1
1
1
1
1
1
1
1
1
1
1
1
1
1
1
1
1
1
1
1
0.116255
-0.00308433
-0.000220627
4.08802e-05
-3.12017e-07
4.17884e-07
-4.29986e-09
-1.38393e-08
2.78211e-09
2.69838e-11
-8.43816e-11
5.23205e-12
2.02633e-12
9.67499e-14
-1.44349e-14
-2.63586e-15
-5.70988e-17
1.4196e-17
1.31919e-18
3.69521e-20
-2.93463e-21
-3.12386e-22
-9.96796e-24
2.05582e-25
-5.32431e-42
8.69574e-26
5.58492e-25
1.07867e-22
1.03102e-21
-2.50181e-20
3.46052e-19
-2.06133e-18
-4.03328e-17
1.03096e-15
4.95962e-15
-6.27442e-14
7.70633e-14
2.7813e-12
-2.72049e-11
-2.21062e-11
6.0206e-10
-5.23639e-10
1.26645e-09
-1.39535e-08
1.5213e-08
4.7272e-08
-2.78777e-08
2.89945e-07
4.58909e-07
7.28487e-07
1
1
1
1
1
1
0.999998
0.999999
1
1
1
0.999999
1.00001
1.00001
0.999961
0.999985
0.999951
0.99994
1.00021
1.00011
1.00017
1.0002
0.999596
0.999855
0.998973
0.999215
0.999631
0.999288
1.00265
1.0014
1.0062
1.0049
1.00521
1.00581
0.993483
0.998042
0.963404
0.97343
0.911131
0.927964
0.832573
0.857431
0.733706
0.763969
0.622215
0.656421
0.507138
0.541432
0.403098
0.433613
0.307121
0.335114
0.22647
0.249648
0.162591
0.180567
0.112603
0.126586
0.0761154
0.0862529
0.0502876
0.0572537
0.0323015
0.0371121
0.0201284
0.0233521
0.0123519
0.0144033
0.00728764
0.00859016
0.00429163
0.00506504
0.00246933
0.00293878
0.0013725
0.00164971
0.000766959
0.000921925
0.000414125
0.00050359
0.000218682
0.000267444
0.000117294
0.000143165
6.053e-05
7.48496e-05
3.15336e-05
3.91816e-05
1.57371e-05
2.00485e-05
8.11198e-06
1.05007e-05
4.25647e-06
5.57693e-06
1.80677e-06
9.7775e-07
2.44075e-06
7.70609e-26
5.7338e-07
0.0134562
-0.00159039
6.86165e-05
7.1604e-06
1.02307e-07
1.83645e-07
-3.60133e-08
6.82678e-10
1.11375e-09
-1.69625e-10
-1.48132e-11
5.09439e-12
5.41281e-13
-3.3475e-15
-7.92444e-15
-5.89856e-16
2.318e-17
4.81276e-18
2.79709e-19
-1.57979e-21
-1.13553e-21
-6.54492e-23
-7.07709e-25
-0.000922384
1.2533e-25
8.02539e-07
-3.75926e-25
-2.26744e-23
-1.71976e-22
-4.425e-22
7.17476e-21
-6.33024e-19
1.7809e-17
-1.38901e-16
-2.65357e-15
3.11746e-15
1.55174e-13
-1.41112e-12
3.89112e-12
5.10371e-11
-1.99665e-10
-4.24531e-10
-4.09191e-10
9.85574e-09
-2.72788e-08
4.19553e-08
-4.27299e-08
1.16389e-07
4.67214e-07
0.000131133
0.0664675
1.9863e-06
0.457247
0.000144097
3.03971e-05
6.57336e-07
5.37238e-07
-9.94506e-08
4.95582e-10
3.379e-09
-4.89935e-10
-5.37174e-11
1.66355e-11
2.06674e-12
-2.8813e-16
-2.69541e-14
-2.29995e-15
5.16544e-17
1.80105e-17
1.14454e-18
3.32735e-21
-4.07516e-21
-2.70977e-22
-4.37714e-24
3.42857e-25
-1.62936e-23
-3.41467e-23
1.58548e-22
3.61529e-20
-1.54815e-19
2.47745e-17
-8.60819e-17
-1.97397e-15
1.02098e-14
2.09644e-13
-1.45214e-12
1.76056e-12
4.91405e-11
-1.9045e-10
-4.57609e-10
-4.12034e-10
1.01439e-08
-3.1504e-08
5.40071e-08
-4.68929e-08
1.6758e-07
6.14274e-07
-3.64941e-25
1.15186e-06
4.4728e-09
-4.17112e-08
7.25697e-09
1.7459e-10
-2.71229e-10
1.33624e-11
7.33107e-12
3.7664e-13
-4.53252e-14
-9.5849e-15
-2.90643e-16
5.09213e-17
5.02909e-18
1.72335e-19
-9.19737e-21
-1.20338e-21
-4.492e-23
4.12482e-25
9.11586e-23
5.61838e-22
-3.17549e-20
2.69317e-19
-4.10248e-18
-6.47273e-17
9.04649e-16
2.5716e-15
-8.41164e-14
-1.54005e-14
3.56374e-12
-2.47481e-11
-2.74222e-11
6.34593e-10
-6.54551e-10
2.15951e-09
-1.74993e-08
1.91511e-08
5.47475e-08
-2.16317e-08
4.01086e-07
6.34963e-07
-0.0055644
-0.00532447
-4.93171e-25
0.596807
-0.00118086
0.957427
1.0026
0.985737
1.00456
1.0082
1.00136
1.00401
0.999967
1.00053
0.999869
0.999794
0.999989
0.999958
1.00002
1.00005
1.00001
1.00003
1
1.00001
0.999998
0.999998
0.999999
0.999998
1
1
1
1
1
1
1
1
1
1
1
1
1
1
1
1
1
1
1
1
1
1
1
1
1
1
1
1
1
1
1
1
1
1
1
1
1
1
1
1
1
1
1
1
1
1
1
1
1
1
1
1
1
1
1
1
1
1
1
1
1
1
1
1
1
1
1
1
1
1
1
-2.19141e-24
0.00151943
6.24046e-05
0.260823
-5.70177e-06
5.06032e-08
2.89686e-07
-5.96259e-08
1.08963e-09
1.52722e-09
-2.52453e-10
-3.81494e-11
3.35326e-12
6.98148e-13
3.98844e-14
-4.34668e-15
-7.611e-16
-2.46052e-17
1.82353e-18
2.60998e-19
9.50023e-21
-2.47537e-22
-4.09705e-23
-1.39759e-24
1.33082e-22
-0.00316853
-0.00458952
-0.0032785
2.74195e-26
1.32769e-06
2.24736e-06
-3.69158e-06
-8.98709e-06
-1.32552e-06
0.532986
3.66972e-22
-4.46007e-20
3.33361e-19
-4.9095e-18
-1.2367e-16
1.08327e-15
4.20112e-15
-1.18849e-13
-2.82454e-13
6.23589e-12
-3.1927e-11
-8.24071e-11
9.87168e-10
-8.81926e-10
4.9062e-09
-3.64018e-08
5.0238e-08
6.32191e-08
1.86159e-08
7.34952e-07
9.26248e-07
1.5949e-06
0.0517236
0.189634
0.0225263
-9.55433e-05
-0.000690286
4.39838e-05
1.58859e-05
-6.93728e-06
1
1
1
1
0.999998
0.999999
1
1
1
1
1.00001
1.00001
0.999967
0.999985
0.999964
0.999932
1.00018
1.0001
1.00011
1.00022
0.999651
0.99991
0.99917
0.999242
0.99975
0.999088
1.00249
1.00112
1.0056
1.00483
1.0046
1.00662
0.993296
1.00069
0.963432
0.980068
0.910553
0.935616
0.833541
0.86835
0.735093
0.776475
0.626045
0.67031
0.512075
0.5572
0.405739
0.445207
0.310902
0.34549
0.231052
0.260128
0.165348
0.188542
0.11475
0.131794
0.0783009
0.0906216
0.0512549
0.0601629
0.0327891
0.0387135
0.0207385
0.024679
0.0126371
0.0151473
0.00750283
0.00909437
0.00441366
0.00534945
0.00254435
0.00310601
0.00143299
0.00177123
0.00079857
0.00098674
0.000433819
0.000539668
0.000231874
0.000291122
0.000122498
0.000153333
6.40345e-05
8.06245e-05
3.42418e-05
4.29105e-05
1.80228e-05
2.27273e-05
1.04139e-05
1.32536e-05
0.780431
-7.68059e-25
0.830481
-2.90978e-24
4.97486e-17
3.34423e-17
4.15339e-05
-9.46645e-24
-6.82415e-25
-1.59151e-16
7.66128e-07
-2.0439e-08
-2.14721e-08
3.95393e-09
1.64404e-11
-1.40946e-10
-1.74184e-12
1.89462e-12
2.05651e-13
-7.95853e-16
-2.2092e-15
-1.73387e-16
1.43227e-19
8.44819e-19
5.85229e-20
6.96312e-22
-1.39934e-22
-8.71099e-24
1.39078e-22
4.52699e-20
-4.22011e-19
-5.49483e-22
-2.86766e-21
3.02494e-23
-6.14771e-20
1.53788e-22
1.05641e-19
-8.67925e-18
1.42294e-06
-1.09094e-18
-2.72736e-15
9.7436e-15
3.57008e-13
-1.7018e-12
-1.87312e-12
8.04188e-11
-2.06806e-10
-1.03569e-09
-2.34443e-11
1.226e-08
-4.11537e-08
8.7783e-08
-9.57408e-08
3.58811e-07
1.03159e-06
-1.15823e-07
1.51452e-13
1.94555e-12
-1.76107e-23
5.36302e-12
5.62176e-06
-1.28635e-10
8.88143e-07
1.10407e-08
8.32297e-08
5.15359e-08
-4.0057e-08
5.53937e-09
-1.14759e-09
1.1387e-09
-7.3264e-11
-3.54465e-11
7.25264e-12
-3.15885e-13
-6.13797e-24
-1.31568e-22
-2.27605e-22
3.88022e-20
7.9947e-19
3.60954e-18
-1.08609e-16
-2.23621e-15
-9.03624e-15
1.26384e-06
4.07846e-07
-1.07117e-07
1.05756e-07
-5.29391e-08
1.55642e-08
-3.19865e-10
-1.0459e-09
-2.79583e-10
8.75834e-11
-1.15429e-12
-2.1089e-12
4.56994e-13
2.37107e-14
-2.88264e-15
1.10271e-19
-3.18648e-23
-3.48349e-22
4.7358e-21
2.06933e-19
2.23395e-18
-9.20062e-18
-6.32852e-16
-5.7357e-15
1.39863e-14
6.38189e-13
4.82518e-12
-1.86736e-11
-3.55031e-10
6.40579e-10
7.75754e-09
-6.22526e-08
7.00519e-08
-1.69222e-17
-4.47297e-10
4.38197e-09
-6.23027e-09
8.43503e-07
2.68093e-22
-1.72336e-13
3.99822e-19
2.20591e-15
1.27983e-15
8.04998e-05
6.22581e-17
0.994132
1.00615
1.00363
1.00319
1.00652
1.00017
1.00137
0.999567
0.999319
0.99981
0.999466
0.999986
0.999885
1.00002
1.00003
1.00001
1.00002
1
1
0.999999
0.999998
0.999999
0.999998
1
1
1
1
1
1
1
1
1
1
1
1
1
1
1
1
1
1
1
1
1
1
1
1
1
1
1
1
1
1
1
1
1
1
1
1
1
1
1
1
1
1
1
1
1
1
1
1
1
1
1
1
1
1
1
1
1
1
1
1
1
1
1
1
1
1
1
-3.42965e-19
-3.92562e-11
-2.25872e-13
7.63245e-06
-8.21326e-22
2.1746e-16
5.23102e-13
8.37642e-07
5.41423e-07
1.651e-06
-4.79235e-08
-1.62781e-08
4.16117e-09
1.4981e-06
2.06529e-12
3.47945e-06
-1.26544e-10
-1.19718e-10
-6.61299e-25
1.16873e-12
1.13345e-12
2.42529e-12
1.31482e-12
2.07465e-06
4.39059e-14
-3.50089e-16
-3.72285e-16
-2.51663e-17
-5.55816e-20
1.08681e-19
6.46767e-21
6.41339e-23
-3.64419e-06
-7.56545e-07
1.38005e-09
6.30627e-10
3.08514e-22
-9.35387e-22
-2.57557e-16
-3.21992e-16
2.07121e-16
-7.72504e-20
3.11109e-15
-9.50875e-18
-1.50655e-17
9.07997e-17
-6.31057e-21
-1.06087e-19
0.000171348
0.000193242
-3.66755e-15
6.42512e-17
4.42364e-19
3.1189e-19
2.31261e-14
4.45659e-14
-3.12886e-13
-9.4203e-13
1.12899e-11
-3.4857e-11
-1.66987e-10
1.64942e-09
-1.2922e-09
1.05515e-08
-7.53288e-08
1.14502e-07
7.68721e-08
1.51404e-07
8.34954e-07
1.77753e-06
2.43071e-07
3.17896e-08
1
1
0.999999
1
1
1
1
1
1.00001
1.00001
0.999978
0.999992
0.999955
0.999936
1.00012
1.00006
1.00012
1.00019
0.999818
1.00001
0.999312
0.999393
0.999491
0.999019
1.00182
1.00063
1.005
1.00422
1.00507
1.00663
0.995972
1.00293
0.970289
0.984987
0.921853
0.94536
0.848236
0.88253
0.753061
0.79386
0.646231
0.689735
0.53307
0.578582
0.424235
0.464636
0.326687
0.363357
0.244047
0.273853
0.176829
0.20061
0.122951
0.141706
0.0833962
0.0962983
0.0554341
0.064689
0.0357458
0.0421533
0.0224797
0.0266603
0.0138064
0.0165086
0.0082485
0.00999181
0.00480353
0.00583176
0.00279387
0.00340169
0.00160065
0.00196967
0.000889345
0.00109899
0.000486066
0.000606678
0.000259269
0.000325422
0.000137778
0.000172894
7.15956e-05
9.05541e-05
3.79579e-05
4.72984e-05
2.07921e-05
2.57501e-05
-2.24355e-10
-3.58861e-10
-3.0132e-10
2.45868e-06
3.93458e-06
-3.39415e-21
-5.80504e-24
-2.51123e-11
-5.89196e-12
-0.00209075
-1.23973e-23
0.92558
7.78639e-07
8.61872e-06
-9.11172e-24
5.05077e-13
1.77482e-13
2.56739e-06
4.12724e-09
-1.19563e-07
-5.94123e-08
-5.47345e-08
3.18369e-09
-3.4284e-13
1.47413e-13
7.02887e-15
-8.70834e-16
-1.12148e-16
-3.88009e-18
2.49927e-19
2.97324e-20
1.03655e-21
1.98558e-22
0.00947254
3.1237e-06
-1.09073e-05
-1.13237e-05
9.13466e-13
7.18355e-13
0.959572
2.48634e-19
1.39628e-15
-1.0336e-11
-1.00793e-11
-1.91329e-12
-4.28201e-11
-2.53221e-12
1.29687e-10
-2.2914e-10
-2.17937e-09
9.00301e-10
1.4208e-08
-5.63918e-08
1.56822e-07
-1.81729e-07
9.62315e-07
0.0767339
0.0425133
1.30209e-05
2.22987e-20
8.68824e-07
2.95357e-05
-1.96193e-05
1.40509e-07
1.09804e-07
1.20958e-07
-8.43552e-08
1.20881e-08
-1.7861e-09
6.12902e-22
4.90219e-22
-2.03981e-07
1.90129e-07
-7.64111e-08
-0.00337852
0.000562483
-0.00375684
1.99016e-08
0.684452
4.76338e-10
-2.2373e-09
-3.53984e-10
4.27452e-21
9.60022e-20
3.93317e-19
-1.6173e-17
-3.35786e-16
-1.58649e-15
-2.37992e-09
-2.99678e-23
-0.000220654
-0.000990872
0.000205238
2.68717e-19
0.78693
-2.7729e-23
2.91513e-14
2.83882e-19
-1.6016e-18
-3.05794e-23
-8.76533e-17
8.15321e-09
-1.01167e-15
2.36652e-15
2.117e-22
-1.07087e-12
1.38105e-10
-3.59067e-15
5.56014e-19
1.67675e-15
1.29194e-11
1.92731e-09
-1.58278e-10
0.322933
-9.49564e-11
1.0091
1.00853
1.01706
1.00223
1.00742
0.999796
1.00081
0.999654
0.999394
0.999897
0.999686
1.00001
0.999964
1.00002
1.00003
1.00001
1.00002
0.999999
1
0.999999
0.999998
1
0.999999
1
1
1
1
1
1
1
1
1
1
1
1
1
1
1
1
1
1
1
1
1
1
1
1
1
1
1
1
1
1
1
1
1
1
1
1
1
1
1
1
1
1
1
1
1
1
1
1
1
1
1
1
1
1
1
1
1
1
1
1
1
1
1
-2.35578e-06
1.91037e-23
1.7954e-10
2.43966e-20
1.78457e-11
5.20431e-19
-6.14115e-08
1.26802e-15
6.44327e-06
3.25933e-21
-1.22231e-10
-1.95802e-10
-2.24209e-12
2.50888e-13
9.53639e-09
-5.12194e-19
3.8495e-06
3.45368e-22
3.50304e-14
8.64206e-15
5.74837e-15
-7.69796e-09
-4.91861e-17
-3.27799e-18
-2.20434e-18
-1.34688e-20
3.2692e-20
-2.86278e-07
1.38e-12
-2.55323e-12
4.18256e-09
4.93883e-06
-3.83469e-21
1.62382e-15
0.000166268
1.50295e-15
-6.04673e-19
2.68797e-13
4.68122e-13
0.873027
2.55518e-09
-3.66813e-11
1.89944e-10
0.211792
1.07623e-20
9.57267e-21
-2.0609e-10
3.01543e-09
7.95052e-22
1.43384e-21
-4.62954e-21
-1.52554e-09
2.00589e-08
1.61821e-08
-6.26062e-08
2.60384e-07
7.52994e-08
-3.38709e-07
1.85052e-06
7.46984e-07
-1.13634e-19
5.75184e-19
1
1
1
0.999999
1
1
1.00001
1.00001
0.999986
1
0.999951
0.999941
1.00009
1.00002
1.00014
1.00018
0.999952
1.00011
0.999381
0.999535
0.999236
0.998921
1.00128
1.00015
1.00453
1.00351
1.0056
1.00651
0.999006
1.00472
0.977157
0.990632
0.932976
0.956667
0.864137
0.897551
0.773568
0.813873
0.667849
0.713554
0.553957
0.600669
0.444774
0.487142
0.345087
0.383932
0.259183
0.290598
0.189558
0.215236
0.132133
0.153169
0.0891341
0.103654
0.0600515
0.0702698
0.0387565
0.0459676
0.0244331
0.0290878
0.0151418
0.0182343
0.00901752
0.0109864
0.0053083
0.00647033
0.00310715
0.00380637
0.00177818
0.00219463
0.00100394
0.00124456
0.000551902
0.00069172
0.000295083
0.000372584
0.000157736
0.000198928
8.21071e-05
0.000104738
4.25947e-05
5.38894e-05
2.18863e-05
2.71511e-05
-1.3695e-12
-1.87871e-12
2.05621e-11
2.98485e-06
3.68041e-06
4.61341e-06
3.41366e-09
2.38908e-08
-1.05805e-05
-9.09255e-06
-1.19505e-16
-1.31962e-16
5.24563e-07
2.19193e-06
-1.35357e-20
-1.17259e-20
-1.58044e-19
5.38122e-09
4.24405e-09
8.74064e-09
1.46904e-07
6.09242e-07
-1.25983e-08
1.06124e-13
2.69032e-13
9.72379e-14
4.25396e-22
2.82035e-20
0.000386258
0.000200587
9.15691e-07
9.59758e-06
-4.30051e-17
-1.4394e-17
1.56463e-05
2.8779e-14
3.22811e-09
-3.77051e-11
5.36066e-06
-2.35542e-19
-1.00609e-10
6.88052e-22
-4.62768e-08
5.56604e-07
-5.94767e-17
-9.97124e-08
-1.11105e-17
1.57364e-06
-3.15483e-11
-9.25093e-12
-3.47473e-08
-2.12537e-16
1.59115e-05
1.51593e-07
4.40021e-16
4.16905e-09
1.42213e-09
-8.33895e-06
-1.98853e-05
6.68026e-16
1.89277e-15
0.97501
-4.68421e-15
0.658389
-3.02489e-15
6.14283e-19
8.46606e-19
-2.72982e-11
-3.95389e-13
1.69673e-12
-2.92085e-11
0.739487
-4.47031e-11
1.1416e-07
1.00093
-3.1766e-10
-4.29487e-09
0.0211096
-1.46769e-07
2.43252e-07
1.43523e-10
9.12129e-10
-1.01892e-10
-4.64095e-16
7.49238e-16
-3.70524e-10
2.52411e-21
1.06963e-16
-5.75628e-16
-4.52969e-09
-0.00115445
-0.00019901
-1.20575e-12
-1.62839e-13
-0.00506774
-0.00383966
7.54772e-14
4.10815e-14
-3.18828e-10
0.91765
-4.36364e-15
3.06167e-19
3.21691e-07
-9.55579e-08
-2.37018e-09
-1.68476e-07
2.65598e-07
-1.42978e-18
-8.06884e-06
-5.77442e-10
1.00927
1.00429
1.00996
1.0005
1.00288
0.999622
0.999815
0.999768
0.999513
0.999959
0.999822
1.00002
1
1.00001
1.00003
1
1.00001
0.999999
1
0.999999
0.999998
1
0.999999
1
1
1
1
1
1
1
1
1
1
1
1
1
1
1
1
1
1
1
1
1
1
1
1
1
1
1
1
1
1
1
1
1
1
1
1
1
1
1
1
1
1
1
1
1
1
1
1
1
1
1
1
1
1
1
1
0.705216
1.41962e-05
-4.47391e-18
-4.61164e-12
-5.4148e-18
1.61489e-14
1.13404e-15
7.73632e-06
1.39438e-05
-8.24551e-09
-6.08344e-15
-8.35048e-08
-2.11987e-11
-5.63454e-20
1.45909e-06
9.67535e-09
1.65227e-08
-1.08095e-07
0.323259
-3.59857e-19
-2.34683e-19
-5.92032e-11
4.88526e-07
3.81794e-14
3.97878e-14
-1.6229e-18
-1.24374e-18
-2.78666e-07
2.93183e-10
1.11972e-10
-1.27464e-17
-1.35726e-17
-1.63596e-17
9.13899e-19
-1.24543e-19
2.03393e-08
-0.00929573
0.001175
2.10493e-21
-2.93525e-21
-2.78759e-20
1.08773e-21
3.86431e-09
-8.65892e-09
-1.33763e-08
-3.16859e-07
0.0676589
-3.67496e-11
4.72497e-09
-2.38856e-17
-0.00541556
0.000585012
1.39812e-16
0.0712045
0.0315684
0.109768
-3.67701e-08
5.44117e-07
0.882953
0.720368
3.62673e-08
-3.03887e-09
4.93604e-15
3.83684e-15
0.999999
1
0.999999
1.00001
1
0.999994
1.00001
0.999951
0.999954
1.00005
0.999988
1.00014
1.00015
1.00005
1.00017
0.999458
0.999669
0.99905
0.998878
1.00076
0.999711
1.0039
1.00268
1.00581
1.00597
1.00185
1.00623
0.984551
0.996726
0.945887
0.968241
0.883037
0.914893
0.796465
0.837435
0.692819
0.739169
0.581096
0.629612
0.469285
0.515392
0.366977
0.408573
0.278059
0.312514
0.204032
0.232441
0.144502
0.16727
0.0984833
0.115015
0.0659855
0.0774326
0.0429334
0.0510088
0.0272257
0.0325081
0.0169053
0.0203753
0.0102129
0.0124614
0.00601786
0.00739757
0.00351634
0.00433953
0.0020425
0.00252518
0.00116004
0.00144683
0.000637605
0.000803239
0.000349117
0.000442097
0.000185979
0.000238044
9.72865e-05
0.000125976
5.10147e-05
6.68446e-05
2.39271e-05
5.2781e-05
0.000174672
1.24585e-05
-1.54413e-05
-1.96738e-05
1.05497e-18
1.40626e-18
1.62744e-16
6.38024e-17
-4.16028e-07
1.5317e-06
2.26112e-10
-5.91141e-10
-1.67053e-12
4.39922e-08
-5.81165e-12
1.40638e-14
-3.97388e-09
-2.90165e-20
-5.19705e-07
6.09713e-06
-4.60234e-18
-0.0110106
-0.00772792
1.46852e-16
3.31141e-05
7.24543e-06
8.94492e-06
-2.53266e-09
-9.64917e-10
0.18927
-2.04308e-17
-7.58627e-11
-4.52855e-11
9.96573e-09
4.91083e-07
2.72888e-07
2.44546e-12
-5.22552e-12
5.18093e-07
4.10053e-07
-3.44878e-11
-2.43495e-11
1.68839e-15
1.65939e-05
-1.37301e-05
-8.47416e-08
1.65965e-15
2.31734e-15
-5.17439e-15
-6.13423e-07
7.53854e-13
1.39155e-12
7.53171e-16
-1.18178e-15
-5.35675e-13
1.3493e-09
1.09494e-09
1.00726
0.992244
1.31649e-21
-2.38507e-17
-2.81238e-10
-1.14282e-20
-1.35929e-20
-2.98297e-20
0.239597
7.36673e-08
-5.05944e-06
-3.40654e-17
-4.07878e-08
-1.02904e-07
-2.65222e-08
0.999998
1
2.61921e-11
3.10807e-11
-6.18968e-11
-8.97923e-15
1.04265e-06
1.09412e-06
1.19024e-06
-0.000322668
-8.11256e-16
-1.02095e-15
1.79756e-15
4.2344e-14
7.06122e-14
3.98248e-06
-0.00301168
-0.00762374
-0.0018765
-7.34786e-12
-5.71673e-12
2.03737e-16
-1.41098e-19
-2.23213e-19
1.16273e-18
4.92198e-09
4.93841e-09
2.46454e-10
4.58127e-06
1.16637e-13
6.95606e-14
0.926392
7.39893e-06
1.84632e-16
9.5036e-08
1.00652
1.0016
1.0051
0.999788
1.00058
0.99964
0.999493
0.999871
0.999658
1
0.999933
1.00002
1.00002
1.00001
1.00002
0.999999
1
0.999998
0.999997
0.999999
0.999997
0.999999
0.999998
0.999999
0.999999
0.999999
0.999999
0.999999
0.999999
0.999999
0.999998
0.999999
0.999998
0.999999
0.999998
0.999999
0.999998
0.999999
0.999998
0.999999
0.999998
0.999999
0.999998
0.999999
0.999998
0.999999
0.999998
0.999999
0.999998
0.999999
0.999998
0.999999
0.999998
0.999999
0.999998
0.999999
0.999998
0.999999
0.999998
0.999999
0.999998
0.999999
0.999998
0.999999
0.999998
0.999999
0.999998
0.999999
0.999998
0.999999
0.999998
0.999999
0.999998
0.999999
0.999998
0.999998
0.461913
1
-6.7572e-06
1.9157e-09
-4.00583e-07
9.14579e-06
-1.63722e-18
5.99142e-07
2.00338e-15
-1.9158e-13
-3.06929e-18
-1.42571e-08
-1.20309e-11
0.441637
1.07083e-16
-3.39869e-17
-4.41384e-17
2.33425e-16
9.97713e-10
-1.03071e-07
-5.58363e-07
-1.91395e-14
2.97355e-07
-9.90722e-15
7.90385e-06
-2.24186e-11
-5.15737e-11
-2.079e-11
-6.10353e-19
0.000193345
0.000257068
0.480209
-1.53706e-18
-1.51577e-18
0.980044
1.26625e-17
3.31282e-18
2.47083e-10
0.145562
-6.34575e-13
-8.64535e-13
2.93255e-12
-1.00927e-12
-2.52216e-14
0.380168
1.43037e-05
-3.86353e-12
1.38675e-11
2.67199e-10
1
1.0092
1.01154
1.00152
4.4624e-10
5.72638e-09
-1.51679e-08
-4.76576e-07
3.96452e-08
0.811422
0.898621
0.516607
9.38152e-07
7.71544e-07
3.47052e-09
7.38032e-09
3.54233e-09
-7.64164e-08
-5.57471e-07
5.43223e-15
5.2432e-15
1
1
1.00001
0.999964
0.999973
1.00001
0.999962
1.00013
1.0001
1.0001
1.00019
0.999559
0.99982
0.999002
0.998999
1.00031
0.999449
1.0031
1.00177
1.00548
1.00503
1.00399
1.00694
0.991609
1.00143
0.959527
0.978501
0.902476
0.933401
0.821099
0.861088
0.722471
0.767785
0.612337
0.661531
0.499762
0.546775
0.395721
0.438872
0.300925
0.338923
0.222958
0.252638
0.160892
0.185051
0.109744
0.128703
0.0736277
0.0862723
0.0484642
0.0576204
0.030648
0.03689
0.0191761
0.0231328
0.0117917
0.0144098
0.00698073
0.00858574
0.0041404
0.00509234
0.00240543
0.00298379
0.00136191
0.00169228
0.00076677
0.000966356
0.00041833
0.000531986
0.000230309
0.000293014
0.000125224
0.00016223
6.74514e-05
8.93201e-05
2.02634e-05
2.18479e-05
3.30454e-05
1.46129e-18
-1.78419e-18
5.31032e-16
3.82818e-16
3.48688e-06
9.22702e-06
-9.17945e-10
1.96417e-10
5.84664e-08
-7.52635e-08
-3.24766e-08
-2.84447e-18
-2.20178e-05
-1.42712e-05
-3.22201e-12
-1.03613e-12
-6.21095e-08
2.3889e-08
2.20447e-08
8.66577e-10
2.6805e-10
3.80612e-06
-1.00291e-11
-1.00826e-11
1.6327e-15
-2.08464e-13
-1.24263e-13
6.61742e-17
0.227186
-5.07041e-19
-1.6244e-19
-9.45674e-10
8.00382e-05
3.24795e-05
1.02119e-06
9.25681e-07
-8.55187e-12
-0.00126088
1.15902e-05
-6.82793e-15
-2.06815e-14
1.39043e-05
1.73292e-05
7.56343e-15
7.04945e-09
1.06824e-06
2.33024e-09
2.52601e-09
-1.34056e-19
-5.06084e-20
-2.27784e-19
-8.43553e-08
-9.248e-08
1
1.54618e-15
-5.27662e-15
0.0898452
0.0176231
-1.03484e-10
4.29664e-12
4.54524e-05
0.00014339
0.000315571
9.11409e-05
3.18306e-15
2.28737e-15
-1.28519e-15
-1.55274e-15
3.42713e-15
-0.00493096
-0.0038204
1.44891e-13
8.51428e-14
6.47053e-08
-5.88582e-08
1.95666e-18
2.18985e-18
2.43324e-18
-1.27575e-05
-4.08121e-06
7.15762e-08
1.24342e-15
7.74491e-12
7.88442e-12
1.0434e-14
1.28118e-17
-1.31479e-13
1.00315
1.00032
1.00206
0.99961
0.999787
0.999757
0.999524
0.999948
0.999809
1.00002
0.999991
1.00001
1.00003
1
1.00001
0.999998
1
0.999998
0.999998
0.999999
0.999999
0.999999
1
0.999999
1
0.999999
1
0.999999
1
0.999999
1
0.999999
1
0.999999
1
0.999999
1
0.999999
1
0.999999
1
0.999999
1
0.999999
1
0.999999
1
0.999999
1
0.999999
1
0.999999
1
0.999999
1
0.999999
1
0.999999
1
0.999999
1
0.999999
1
0.999999
1
0.999999
1
0.999998
1
-7.69693e-18
-8.15592e-07
2.2293e-16
1.27917e-15
2.09059e-05
3.22765e-05
2.10228e-10
4.35565e-08
4.6053e-08
-0.000373941
0.000169744
2.17151e-05
4.88003e-05
2.61327e-05
3.15698e-05
3.75768e-05
5.96061e-17
4.3583e-17
7.77364e-07
8.51676e-09
1.75031e-06
1.06825e-06
4.75904e-07
1.99957e-06
-3.01105e-20
1.00001
-1.18409e-15
1.02023e-15
0.999977
0.999989
0.999978
0.999949
1.0001
1.00006
1.00014
1.00018
0.999734
0.999989
0.999096
0.999206
0.999956
0.999274
1.00207
1.00083
1.00474
1.00383
1.00555
1.00695
0.997857
1.00524
0.971582
0.988353
0.92302
0.949799
0.847867
0.886091
0.752132
0.796466
0.646631
0.693851
0.533065
0.58267
0.425367
0.469932
0.329103
0.369185
0.243772
0.276826
0.177995
0.203209
0.123579
0.144545
0.0824745
0.0972292
0.0548758
0.0647726
0.0353986
0.0424503
0.0220842
0.0266461
0.0138339
0.0167117
0.00825247
0.0101728
0.00485709
0.00599941
0.00284688
0.00353151
0.00160333
0.00200978
0.000914949
0.0011397
0.000513358
0.000644693
0.000284752
0.000358208
0.000164726
0.000207451
9.61445e-05
6.84792e-05
0.000128099
3.36711e-11
-1.08476e-10
7.71877e-07
-9.37849e-07
1.7967e-06
6.67495e-16
5.89767e-16
1.54995e-05
2.58337e-05
1.61976e-09
1.06544e-08
-0.00742315
-0.00937778
-2.38221e-07
-9.70295e-07
-3.90634e-07
-2.46417e-07
-2.32115e-08
-4.32683e-09
1.11294e-08
5.15391e-08
-3.98281e-20
-1.2168e-19
-5.92738e-20
0.800147
-7.44387e-13
1.00668
-6.9568e-17
-5.15901e-17
0.999999
1.00742
1.0082
1.69494e-10
2.92364e-11
-3.6762e-07
4.0534e-11
1.00001
1.58489e-12
1.78418e-16
-7.04546e-08
-5.33414e-13
-4.20393e-13
3.9666e-07
1
1.01123
-2.88235e-12
-2.89985e-12
-0.00306952
2.1699e-11
-9.63062e-12
0.000170055
0.000110937
1.25465e-06
1.05627e-13
7.38561e-16
-2.61734e-08
-2.42513e-08
1.80637e-18
-0.0016201
-2.55449e-14
1.93469e-13
-1.37092e-09
-1.33466e-09
-2.34131e-14
8.31567e-18
-7.6445e-20
7.90362e-06
6.8033e-20
6.85504e-10
-1.56331e-07
0.967021
0.990011
0.880756
-6.23396e-08
-1.20768e-07
-9.02975e-14
0.406815
0.52581
0.186207
2.77879e-09
4.41315e-09
3.91339e-12
-1.29503e-14
-7.78748e-15
-4.64216e-15
-4.1638e-14
9.19287e-11
2.36748e-10
1.43478e-15
-1.30915e-05
-1.83906e-05
-1.90622e-15
0.000257518
0.000234392
1.21095e-09
-1.34769e-11
-1.9823e-11
8.57945e-06
-1.30723e-12
-9.86687e-13
-0.00714463
-0.00703112
7.8426e-08
2.6029e-18
-5.87128e-18
1.7472e-09
1.18091e-09
3.6981e-18
4.21819e-18
4.52377e-18
7.78348e-09
-1.46983e-11
2.24964e-11
1.83429e-06
8.62051e-07
1.00504e-07
6.4008e-19
1.78983e-05
-2.37425e-07
1.28456e-06
-1.59743e-12
-3.44982e-12
-1.46168e-12
1.00543
4.55417e-11
3.72181e-11
1.00132
1.0041
0.999729
1.00042
0.999639
0.999497
0.999874
0.999677
1
0.999936
1.00002
1.00003
1.00001
1.00003
1
1.00001
1
1.00001
1
1.00001
1
1.00001
1
1.00001
1
1.00001
1
1.00001
1
1.00001
1
1.00001
1
1.00001
1
1.00001
1
1.00001
1
1.00001
1
1.00001
1
1.00001
1
1.00001
1
1.00001
1
1.00001
1
1.00001
1
1.00001
1
1.00001
1
1.00001
1
1.00001
1
1.00001
1.00001
1.00001
1.00001
1.00001
1.00001
-1.50252e-14
-5.57797e-07
1.00184
1.45646e-16
8.44131e-07
0.000429409
-2.26882e-15
-1.85895e-12
-1.47825e-12
1.78503e-16
9.1726e-18
-6.44985e-14
-4.97962e-14
-1.64195e-10
7.28586e-11
-1.57981e-09
-1.73533e-19
-3.87448e-08
7.13476e-08
-6.08642e-07
2.93477e-05
2.24398e-16
2.80787e-17
2.27317e-17
-1.56995e-19
1.82621e-07
7.49306e-07
2.7968e-08
-2.60125e-17
1.75778e-16
4.6111e-12
3.04397e-06
1.25802e-06
1.67178e-05
3.46189e-05
0.99999
1
6.41837e-15
6.01186e-15
0.999962
0.999953
1.00006
1.00002
1.00013
1.00014
0.9999
1.0001
0.999304
0.999465
0.999731
0.999274
1.00113
1.0002
1.00372
1.00265
1.00619
1.00653
1.00212
1.00698
0.981766
0.994867
0.939751
0.962144
0.872674
0.906206
0.781539
0.823804
0.6779
0.723595
0.567553
0.614972
0.457854
0.501801
0.357332
0.396775
0.268586
0.303167
0.195684
0.222682
0.137924
0.159142
0.0941552
0.10996
0.0620147
0.0731599
0.0404809
0.0479288
0.0257349
0.0308885
0.0158976
0.0191594
0.00971641
0.0118089
0.00580709
0.00710685
0.00337463
0.00414324
0.00193835
0.00240903
0.00109485
0.00136705
0.000614677
0.000769634
0.000345723
0.000429794
0.00020079
0.000241235
-2.10349e-13
-1.78645e-13
1.16015e-08
-4.2008e-08
-0.00509828
-0.00953324
-1.24989e-06
1.249e-06
1.81747e-06
1.88374e-05
1.38945e-09
8.50805e-08
1.06587e-07
1.00993
1.0101
-2.35016e-15
-1.70493e-10
2.80372e-11
1.09425e-07
-9.7071e-17
-4.98771e-09
-1.48982e-06
4.62714e-11
3.85784e-11
1.01005
0.000144123
-4.41107e-12
-4.87093e-13
-4.97214e-13
-0.00202132
5.92766e-12
7.16508e-12
-1.63086e-11
2.23149e-11
8.85223e-07
-7.68472e-08
3.89999e-11
-2.24146e-15
-0.000344377
4.51254e-11
-1.6405e-09
-1.77957e-12
6.9937e-18
8.89467e-08
-9.85455e-15
7.61862e-17
0.97733
0.948336
-6.80955e-07
0.415644
5.60909e-05
8.00619e-05
2.06823e-15
2.72018e-08
3.08976e-08
4.75533e-05
3.94654e-05
7.06607e-17
9.86074e-17
-2.72689e-15
0.0315322
1.85524e-06
9.98191e-08
1.38945e-13
-2.45365e-12
-8.88806e-15
3.64599e-09
1.55654e-16
-2.30742e-09
0.00943247
0.775528
0.856433
0.520652
-1.05968e-15
0.120649
-5.55314e-09
-7.5874e-16
-4.50335e-15
4.73159e-05
5.79584e-05
6.84521e-05
0.000297351
0.000351013
-2.44608e-05
-1.09843e-05
1.04011e-10
9.67186e-05
-1.88593e-17
-1.1982e-16
-1.51763e-06
-0.00522354
3.52986e-06
-0.00840627
-0.00933456
6.73806e-09
-5.30866e-08
-7.13957e-07
1.35098e-09
5.90711e-10
0.000307715
0.000276411
-2.79977e-08
-6.8339e-06
-3.63476e-06
6.71029e-17
1.43796e-08
3.32456e-09
-1.97388e-08
-1.62105e-08
8.63799e-11
2.81907e-11
-2.46083e-10
-2.40894e-10
1.00836
-7.7345e-06
-1.78082e-06
1.00287
1.00695
1.00007
1.00149
0.999546
0.999564
0.999771
0.999518
0.999967
0.999844
1.00003
1.00001
1.00002
1.00003
1.00001
1.00001
1
1
1
0.999999
1
0.999999
1
1
1.00001
1
1.00001
1
1.00001
1
1.00001
1
1.00001
1
1
1
1.00001
1
1.00001
1
1.00001
1
1.00001
1
1.00001
1
1.00001
1
1
1
1.00001
1
1
1
1
1
1.00001
1
1.00001
1
1.00001
1
1
0.999996
0.999999
-2.17525e-08
-6.12101e-07
0.203941
0.000173241
1.11044e-11
9.57779e-12
8.23449e-18
4.64996e-18
-6.20802e-14
1.69628e-06
1.31015e-06
7.29026e-09
-1.3302e-15
2.03744e-10
8.03699e-12
1.46886e-07
-6.3158e-15
-4.66423e-15
0.000117767
1.02818e-14
1.08394e-14
1.73744e-15
-8.573e-14
-5.85983e-14
1.20231e-17
8.20775e-18
2.59531e-10
-3.11486e-09
-3.21544e-10
5.21199e-07
-8.3339e-07
5.62558e-05
4.19054e-05
-6.00218e-06
7.45976e-08
1.75505e-07
-1.1981e-06
-2.20434e-06
-7.26081e-18
-7.82986e-19
0.999956
0.999962
1.00004
0.999998
1.00012
1.0001
1.00005
1.00019
0.999463
0.99965
0.999533
0.99928
1.00037
0.999646
1.00288
1.00166
1.00645
1.00587
1.00492
1.00814
0.989488
0.999979
0.953687
0.973289
0.892478
0.923355
0.808372
0.847375
0.708736
0.751653
0.598076
0.644947
0.485473
0.530214
0.383057
0.423623
0.290511
0.326194
0.213378
0.241307
0.151717
0.174388
0.10406
0.12087
0.069618
0.0816461
0.0455521
0.0538651
0.0290484
0.0346842
0.0181692
0.0217705
0.0111782
0.0135174
0.0066553
0.00810315
0.00389156
0.00477479
0.00224622
0.00277722
0.00128295
0.00158481
0.000737947
0.000920932
0.000406936
0.000515366
0.000219133
0.000276627
-8.89139e-14
-1.18646e-13
1.88032e-10
5.36519e-10
1.44809e-10
-0.00384464
-0.00121999
5.04652e-06
1.1092e-06
-6.16784e-08
6.82897e-08
0.0034359
-0.0054739
3.1298e-06
5.91095e-06
3.58788e-05
6.59105e-05
6.06892e-09
-1.29143e-06
0.988897
-4.84319e-08
-8.6683e-08
-4.93418e-08
4.89181e-07
-1.82404e-05
-2.7137e-05
-1.86295e-05
3.11211e-06
1.10123e-10
-7.20545e-12
-1.33906e-05
-2.22375e-11
-2.46248e-11
4.86615e-11
2.94517e-13
4.19601e-14
2.72034e-10
8.15385e-06
7.51098e-06
4.69478e-07
0.141512
-0.00865399
-1.62502e-09
6.94794e-09
1.01093
-1.80882e-17
0.000143728
-5.67353e-14
-2.28515e-14
1.80249e-08
1.36829e-08
1.75786e-10
6.95609e-08
0.0278304
6.4655e-07
-1.83489e-14
-3.29919e-10
-3.20915e-10
1.35788e-11
2.01955e-13
0.000256263
-0.000273568
0.000526949
-2.21681e-15
-2.51032e-12
1.54921e-11
9.12272e-11
1.66384e-10
-1.24733e-08
-2.8363e-08
-2.89082e-08
-2.05083e-16
1.92156e-11
4.31844e-12
-3.00811e-13
1.55779e-12
-7.9706e-13
4.02819e-05
0.0440112
0.398474
0.201111
8.64871e-05
7.26856e-05
1.01332
0.000210154
-1.85704e-16
-1.46494e-14
-8.72005e-16
-1.2036e-16
-0.00831043
-0.0137781
1.0858e-06
1.14158e-06
-7.25702e-17
-5.00306e-17
-2.53537e-15
0.943217
0.905741
1.72703e-14
1.66662e-14
0.00035738
0.000428848
-6.99721e-08
-1.14926e-05
-3.29362e-06
1.00546
-1.85504e-13
-1.42997e-13
0.000102686
8.63718e-05
-9.5187e-08
1.11985e-10
4.80904e-11
1.00553
1.00097
1.00382
0.999553
1.00003
0.999616
0.999358
0.999877
0.999673
0.999999
0.999936
1.00001
1.00001
0.999995
0.999998
0.999985
0.999979
0.999982
0.99997
0.999982
0.999968
0.999983
0.999968
0.999984
0.99997
0.999984
0.99997
0.999984
0.999969
0.999984
0.99997
0.999984
0.999971
0.999984
0.99997
0.999984
0.999971
0.999984
0.99997
0.999984
0.999971
0.999984
0.999971
0.999984
0.999971
0.999984
0.999971
0.999984
0.999971
0.999985
0.999972
0.999984
0.999972
0.999984
0.999971
0.999984
0.999972
0.999983
0.999974
0.999976
0.999964
0.999973
-4.1034e-10
-1.87596e-09
-0.00802272
-0.00320736
3.55928e-07
7.52752e-08
0.000130177
6.42411e-06
1.54076e-06
-4.8976e-17
-5.44326e-17
-2.23512e-16
0.960608
5.69244e-15
3.26221e-10
2.60876e-10
-4.57469e-10
1.40536e-08
-1.05903e-07
-6.49075e-15
0.108714
-3.67118e-11
-3.22641e-11
-1.35299e-14
-1.40274e-14
4.6405e-14
-3.46716e-12
-2.4844e-15
-6.14673e-15
3.8639e-10
4.34696e-10
-1.07786e-08
-3.61823e-09
7.34488e-05
1.04273e-06
0.722888
0.78615
0.474099
0.000161346
3.75749e-05
0.000104609
2.1759e-07
5.6695e-10
-2.13807e-06
6.57959e-06
-1.80302e-16
-1.43704e-16
1.00002
0.999984
1.0001
1.00007
1.00013
1.00021
0.999584
0.999768
0.999442
0.999323
0.999858
0.999379
1.0021
1.00092
1.00619
1.00514
1.00643
1.00838
0.994873
1.00295
0.964198
0.981347
0.909108
0.936491
0.83134
0.866652
0.734289
0.776224
0.623878
0.669425
0.512178
0.556465
0.408293
0.448725
0.3119
0.347993
0.230413
0.259586
0.164856
0.188416
0.114339
0.131704
0.0774499
0.0901995
0.0507825
0.0597585
0.032643
0.0385789
0.0206152
0.0245567
0.0125628
0.015121
0.0075485
0.00911914
0.00446987
0.00544806
0.0025881
0.00317587
0.00148647
0.00182154
0.000868244
0.00106031
0.000500375
0.000620729
2.43843e-13
1.21436e-13
2.15117e-05
2.28737e-05
8.32319e-05
-3.19429e-07
5.72853e-07
1.48657e-07
2.75153e-07
0.0222848
0.00242496
7.67797e-06
4.01595e-07
-5.61322e-16
-4.23544e-16
1.00759
0.987438
0.000103965
0.000156527
-2.21917e-06
-2.79989e-06
0.000127362
9.14512e-07
-8.255e-07
1.77866e-06
-1.65673e-11
5.50464e-12
-1.69652e-05
1.37171e-06
-2.49466e-05
9.11399e-06
-1.32676e-14
0.000312955
-2.95254e-13
0.000180072
0.000150194
8.54756e-11
-8.79106e-11
-0.00973924
1.47257e-12
1.00326e-12
1.37899e-13
-1.99288e-05
0.138455
0.335944
0.0776276
2.58356e-14
-1.00008e-08
-3.05684e-14
-3.61933e-13
-0.000272548
0.000249451
1.80014e-11
3.26271e-15
-1.04025e-16
1.01194
-4.32059e-10
-2.38436e-10
0.87211
0.820734
0.000123339
1.43173e-07
3.03067e-12
1.81752e-12
1.01534
-2.007e-15
-5.47695e-10
-2.55207e-09
-1.9225e-10
0.0011468
-0.0082895
-2.03358e-07
0.00027414
-3.10694e-08
7.19049e-09
-4.97548e-08
1.02099e-06
-3.92725e-16
-1.04012e-15
2.62099e-14
-5.17224e-06
-2.52455e-05
0.000261003
0.000462868
-2.4484e-06
1.22636e-08
2.16323e-08
1.46171e-06
8.35894e-07
-4.08025e-10
-3.99947e-10
-5.34893e-15
-1.39474e-07
-2.06391e-08
-1.40039e-08
-4.87047e-11
-4.55963e-11
1.01174
-1.53656e-15
1.45163e-11
1.08903e-11
-6.55324e-11
4.11017e-11
-1.24427e-15
0.00010189
4.64678e-05
1.0027
0.999789
1.00105
0.999417
0.999259
0.999726
0.999415
0.999952
0.999831
1.00001
1.00001
0.999997
1.00002
0.99998
0.999998
0.999971
0.999981
0.99997
0.999975
0.999969
0.999973
0.999971
0.999973
0.99997
0.999974
0.99997
0.999973
0.99997
0.999975
0.999969
0.999974
0.999971
0.999974
0.99997
0.999974
0.99997
0.999973
0.999971
0.999974
0.999971
0.999973
0.99997
0.999972
0.99997
0.999972
0.99997
0.999972
0.99997
0.999973
0.999969
0.999973
0.99997
0.999971
0.999962
0.999969
0.999963
0.999998
0.999969
1.33363e-15
-5.30615e-14
-0.00201985
1.09406e-05
0.00027047
-0.0100097
-0.00526
-3.46373e-16
-2.10336e-05
-8.90402e-06
-3.93557e-06
-2.25899e-15
-2.76619e-15
7.59344e-06
-7.64763e-07
-4.436e-06
8.84e-11
-4.21458e-16
-1.31606e-07
1.0104e-14
1.91417e-15
-3.12453e-12
-4.01775e-12
2.15052e-11
-3.27409e-15
8.34355e-15
-2.19506e-14
0.000193642
0.000183095
1.06902e-13
6.41028e-14
0.000369253
0.992791
1.31928e-10
1.23159e-05
1.31897e-05
-9.07342e-10
1.21222e-08
1.00007
1.00004
1.01297
1.00739
1.00017
1.0002
0.999654
0.999846
0.999409
0.999406
0.999556
0.999236
1.00148
1.00028
1.00572
1.0043
1.00711
1.00816
0.998598
1.00516
0.97251
0.98766
0.923205
0.947858
0.850345
0.883694
0.755714
0.796791
0.647604
0.692448
0.537254
0.581824
0.430268
0.47176
0.331228
0.369096
0.245661
0.276321
0.177596
0.201854
0.124094
0.142808
0.084299
0.0979209
0.0559709
0.0655809
0.0360613
0.0426802
0.0226169
0.0269512
0.0139083
0.0166751
0.00842498
0.0101729
0.0050003
0.00608435
0.00294182
0.00359081
0.0016796
0.00205913
0.000961989
0.00116562
5.62426e-13
3.94212e-13
2.8028e-07
-7.37991e-07
0.0718798
0.0410178
-1.77834e-06
8.04507e-06
-1.86035e-06
1.30245e-05
-1.78208e-16
1.00912
1.01583
2.77199e-11
3.2858e-11
-3.17646e-17
-2.20297e-10
-6.90551e-16
-1.02784e-06
-6.05399e-06
5.00674e-07
-0.0105233
1.00732
2.09976e-12
1.71386e-12
-4.15382e-07
-2.40767e-13
-1.03948e-06
0.000410082
2.2199e-10
3.54345e-10
0.000268369
-1.50053e-08
-6.75753e-09
0.708986
-2.02768e-05
-2.8802e-06
5.89888e-05
5.30487e-05
1.38389e-10
2.86081e-07
2.86469e-07
2.2411e-08
2.79033e-11
-0.00116883
-0.00034606
0.00020822
3.23211e-05
-5.33679e-06
0.0105273
-0.00478115
6.29065e-08
5.87638e-12
4.54426e-12
-2.09411e-09
-5.86838e-09
-1.53387e-09
0.595368
0.642154
0.359035
-1.06392e-09
4.83544e-08
0.00029986
0.000390922
3.82869e-07
-1.92393e-15
0.000549097
3.27975e-07
2.53615e-07
0.000145047
0.000167283
0.000231548
-5.87812e-13
-2.8753e-13
3.60569e-14
1.98473e-14
2.82484e-15
3.51647e-14
-1.13926e-09
-1.23679e-09
-1.09812e-09
-7.44728e-16
0.911596
0.000238482
-4.74011e-10
-4.69182e-10
-3.53562e-05
0.000430524
1.26484e-08
-1.48876e-07
8.43945e-07
1.49809e-15
0.766555
-5.40985e-06
-3.56971e-06
0.946459
-5.28224e-11
-5.34422e-11
2.14102e-07
1.68082e-07
-8.28008e-10
-2.67007e-10
0.000652039
0.000326051
0.000288474
-4.57493e-12
-2.86498e-12
1.01314
5.56688e-07
7.56656e-07
-3.50747e-06
1.00088
0.999475
0.999954
0.999582
0.999281
0.999902
0.99968
1.00005
1.00002
1.00007
1.00013
1.00006
1.00012
1.00004
1.0001
1.00004
1.00009
1.00003
1.00008
1.00003
1.00008
1.00003
1.00008
1.00003
1.00008
1.00003
1.00008
1.00003
1.00008
1.00003
1.00008
1.00003
1.00008
1.00003
1.00008
1.00003
1.00008
1.00003
1.00008
1.00003
1.00008
1.00004
1.00009
1.00004
1.00009
1.00003
1.00009
1.00003
1.00009
1.00004
1.00008
1.00003
0.0764297
1.00008
3.08746e-15
-0.00387189
0.000358426
-6.7105e-06
0.448531
0.206969
1.96967e-10
2.049e-10
-1.86974e-10
0.000433985
0.181363
0.655313
3.07238e-14
3.17627e-11
2.64369e-07
0.00052956
-2.95955e-05
-1.59354e-05
1.00586
1.00408
1.01327
1.66468e-13
1.19656e-13
0.000208074
0.000440654
0.000146188
5.16156e-07
4.25571e-07
1.44443e-05
-2.57479e-06
2.56642e-08
1.51707e-10
1.79034e-11
1.58025e-11
0.000500429
0.000611408
0.000653649
1.96271e-08
2.31427e-08
-8.74874e-14
-7.18406e-13
0.842988
0.699429
-9.89352e-14
0.958931
0.877533
1.00016
0.053594
0.999706
0.999898
0.999454
0.999522
0.999379
0.999164
1.00083
0.999715
1.00491
1.00328
1.00725
1.00767
1.0015
1.00669
0.980126
0.99322
0.9358
0.959706
0.866644
0.899996
0.77716
0.817899
0.672246
0.717554
0.560999
0.606922
0.453748
0.496816
0.351826
0.391672
0.261855
0.295154
0.190517
0.216363
0.134302
0.15476
0.0916911
0.106632
0.0615063
0.0721337
0.039646
0.0470714
0.0249149
0.0297453
0.015389
0.0185174
0.00935411
0.0113068
0.00563897
0.00685632
0.0033377
0.00409844
0.00189301
0.00236593
0.00103338
6.02597e-13
4.84984e-13
5.50793e-07
5.45646e-07
-1.99791e-06
-7.6099e-06
2.23862e-05
1.80993e-05
1.00822
1.0176
0.98456
3.91098e-11
1.70921e-14
0.323114
0.408393
0.115641
-1.18926e-05
1.3414e-12
1.37774e-12
2.85392e-05
2.77839e-05
0.0565504
-0.0125718
0.408364
-1.73386e-10
1.21293e-10
5.1652e-14
4.3952e-14
-2.86492e-13
-0.00861167
-1.5514e-07
-4.2935e-10
-5.21611e-13
9.72702e-07
3.0629e-07
-2.81532e-09
-1.06172e-05
-3.68871e-06
-0.0025558
-0.00129985
0.000386111
4.07676e-11
-1.818e-10
-3.76851e-11
-1.91635e-06
-1.46489e-05
0.000111663
0.0355908
0.00841829
5.22415e-12
5.01428e-12
-3.09764e-09
-0.00783461
-1.18655e-09
2.3679e-05
-2.14536e-12
-4.32995e-12
4.56261e-11
-5.07166e-11
-5.00406e-11
0.000356842
0.000511851
-6.03819e-16
2.30714e-14
-3.52458e-13
1.7218e-09
2.02142e-08
-0.00091746
-7.88908e-05
-1.6969e-07
5.25743e-07
-1.70318e-09
-2.1372e-09
0.000134875
0.000123487
-5.79607e-10
-5.67209e-10
-1.76584e-06
2.93652e-07
1.23693e-07
6.08355e-05
-1.76367e-06
7.51952e-09
-2.0042e-07
-1.99454e-09
-2.18604e-09
1.64909e-09
0.99997
0.999521
0.999447
0.999828
0.999512
1.00008
0.999936
1.00016
1.00017
1.00017
1.00021
1.00016
1.0002
1.00014
1.00019
1.00014
1.00018
1.00014
1.00018
1.00014
1.00018
1.00014
1.00018
1.00014
1.00018
1.00014
1.00017
1.00014
1.00017
1.00014
1.00017
1.00014
1.00017
1.00014
1.00018
1.00014
1.00018
1.00014
1.00017
1.00015
1.00018
1.00015
1.00018
1.00013
1.00018
1.00012
1.00018
-5.51141e-08
-0.0157701
-5.64532e-09
-6.38899e-09
-0.00639952
0.337297
0.513701
0.163072
0.000570942
0.000346687
2.73832e-10
2.84174e-10
-3.52797e-10
0.000283334
0.000320059
0.000419896
-1.09977e-09
-4.68854e-10
-7.39615e-07
-6.41798e-09
5.3696e-12
-1.18353e-11
8.83955e-12
3.76829e-05
0.00087275
0.000303891
-1.21457e-12
-1.44939e-12
-7.77386e-13
0.700369
1.09519e-13
0.999789
0.999573
0.999699
0.999247
0.999175
1.00014
0.999127
1.0039
1.00212
1.00707
1.00681
1.00388
1.00799
0.986765
0.998238
0.948416
0.970171
0.886206
0.917913
0.80048
0.840785
0.698924
0.744598
0.589271
0.637396
0.478976
0.524744
0.375098
0.416318
0.28209
0.318344
0.205112
0.233897
0.146702
0.168677
0.101372
0.118042
0.0680698
0.0799371
0.0442685
0.0527696
0.0277358
0.0333285
0.0172463
0.0208187
0.0106021
0.0128849
0.00639696
0.00780111
0.0038319
0.00467297
2.53724e-13
4.22475e-07
5.32141e-07
-1.00743e-05
1.74529e-05
-3.72841e-08
4.75838e-06
2.95714e-06
4.06251e-05
-2.05305e-05
-2.19131e-05
-2.3446e-05
-4.27472e-06
-4.49141e-06
-1.17279e-05
0.504599
-1.28111e-09
-6.8456e-10
-0.0113644
0.00129143
0.000260883
6.14427e-13
0.00405553
2.10888e-07
3.01717e-08
2.3425e-08
0.00125646
-8.93009e-13
5.94134e-14
1.00527e-07
3.06527e-08
-2.81317e-07
0.111871
-1.59805e-05
-0.00503427
-0.00353642
-6.99417e-10
-3.91731e-11
0.0844811
0.0494812
1.01346
-5.67455e-13
1.19003e-12
1.00151
1.00283
-2.04447e-07
7.51555e-08
-3.64686e-10
-2.4466e-06
7.76903e-05
0.000469229
-6.56331e-13
-1.22375e-12
6.20336e-11
-2.8798e-11
-2.33612e-12
-1.33965e-12
2.28216e-05
3.21763e-13
1.0001
1.00004
0.00225981
0.000749571
0.00099234
1.86514e-07
-1.34857e-05
-2.26549e-05
-9.22675e-13
-2.76484e-12
2.90223e-09
1.96912e-08
2.15987e-11
1.0092
1.01608
0.00168545
0.000104505
0.000537067
0.897931
0.742293
-0.00244916
-0.001133
0.99044
1.00673
0.934071
8.39422e-07
1.94182e-07
2.21516e-09
7.77902e-10
8.2706e-05
0.000487422
0.000230082
-8.79935e-10
-7.98278e-10
1.00772
0.000288086
0.00279433
1.00524
-3.81092e-10
-1.22692e-10
-0.00833027
6.8084e-11
1.00081
1.00359
0.000591104
0.000518782
0.999453
0.999811
0.999551
0.999124
0.999875
0.99948
1.00005
0.999833
1.00009
0.99998
1.0001
1.00001
1.00009
1.00002
1.00009
0.999999
1.00009
1
1.00009
1
1.00009
0.999999
1.00009
0.999999
1.00009
1
1.00009
1
1.00009
0.999998
1.00009
1
1.00009
1
1.00008
0.999999
1.00008
0.999978
1.00008
0.99997
1.00009
0.999971
1.00011
1.00001
0.999982
2.64732e-07
1.54979e-07
1.00015
0.00180256
0.00142615
0.00252353
0.00019515
1.00954
4.54737e-05
1.08738e-05
0.29011
-1.61189e-05
-7.50217e-06
-0.0109254
-2.01525e-07
8.77025e-07
1.6083e-05
0.000213668
3.27592e-10
3.41729e-10
-5.6906e-10
-5.93209e-10
-3.97583e-10
-6.20277e-14
-3.12656e-13
-1.425e-12
-2.15262e-06
-1.4395e-06
1.96608e-05
1.83499e-05
1.01142
1.01076
1.01427
0.999792
0.999257
0.99952
0.998767
1.00268
1.00106
1.00636
1.00553
1.0058
1.00851
0.993152
1.00257
0.961071
0.980651
0.905509
0.934951
0.825478
0.863933
0.727938
0.773827
0.620769
0.668907
0.510395
0.556649
0.401426
0.446318
0.304016
0.342353
0.225088
0.25575
0.162191
0.186545
0.112644
0.131384
0.0762893
0.0895285
0.050269
0.0597939
0.0316164
0.0381194
0.019764
0.0238453
0.0123243
0.0149974
0.00740395
0.00907005
0.00438388
0.00534317
-0.000663677
0.238529
-0.0121915
7.50342e-09
3.13891e-08
-3.11613e-09
-2.7326e-09
9.94869e-11
0.00300206
0.990494
0.970007
0.999417
0.0248677
-0.00822635
-0.0066671
-3.69847e-12
-1.91479e-12
0.000167268
-3.57014e-09
-2.51905e-09
-1.73392e-07
-6.11931e-06
-1.45176e-05
-1.0897e-11
-6.03938e-12
-9.84588e-07
3.64427e-10
1.40365e-09
-1.31258e-06
-9.34354e-07
-1.99329e-11
-8.05649e-11
-1.0579e-11
0.000530178
-9.56289e-12
3.84756e-10
-3.16942e-13
9.62483e-12
6.50535e-12
1.10207e-10
-1.49841e-09
0.00059346
0.000123486
0.000458476
1.51787e-05
-4.22199e-12
-1.7357e-12
6.21503e-05
2.76807e-05
1.52608e-08
1.03843e-08
-8.53273e-06
-8.92341e-06
-1.737e-05
-0.00479804
-0.00315397
0.131058
0.0890665
7.17765e-09
5.19261e-09
0.000622048
0.000739999
0.000889257
1.31421e-09
-2.30353e-07
0.00105705
0.000928756
-2.66167e-06
-1.21955e-05
1.24563e-11
0.00259457
1.00851
1.0022
1.00659
0.999399
1.00055
0.998983
0.998669
0.999263
0.998706
0.99952
0.999093
0.999636
0.99934
0.999667
0.999427
0.999662
0.999444
0.999665
0.999444
0.999675
0.999456
0.999671
0.99946
0.999672
0.999456
0.999667
0.999452
0.999673
0.999452
0.999672
0.999462
0.999676
0.999457
0.999668
0.999459
0.999652
0.999442
0.999632
0.999441
0.999613
0.999421
0.999593
0.999391
0.000127849
8.58576e-05
0.0043355
-5.41517e-08
1.25675e-05
1.59576e-05
3.64019e-05
6.67382e-05
1.31527e-06
-5.53319e-07
5.81907e-08
4.55409e-08
-0.0139032
0.000463274
-1.05949e-09
-5.10375e-12
7.95625e-05
0.000517269
8.0458e-10
-7.4468e-09
-5.73003e-09
0.00171575
1.47224e-07
0.999223
1.00165
1.00022
1.00561
1.00429
1.00717
1.00825
0.998571
1.00598
0.973356
0.989087
0.925179
0.951635
0.850449
0.888565
0.759135
0.802086
0.655985
0.703682
0.541374
0.590885
0.430912
0.475935
0.331573
0.371797
0.247269
0.281137
0.180214
0.206496
0.126838
0.147628
0.0861939
0.101062
0.0572014
0.0676714
0.0366641
0.0442491
0.0228801
0.0277161
0.0145185
0.0175825
0.00871519
0.0107854
0.00494533
0.00614793
-4.39771e-06
-3.69625e-06
0.346477
0.622728
0.833737
0.88118
0.684933
-3.89647e-10
4.59586e-11
-1.65452e-10
-1.71732e-09
-3.21108e-09
-8.19545e-10
0.267514
-1.56033e-09
-4.05013e-09
0.000359238
4.20253e-08
2.41758e-08
7.05961e-09
0.0032675
0.000320966
-1.80567e-07
1.41227e-06
0.000234573
0.999624
-0.0103165
-0.0114344
-0.0106297
-7.08924e-07
3.03578e-09
-6.71051e-12
-2.01563e-11
-1.47633e-11
-2.92945e-09
-2.46074e-09
0.476833
-9.77611e-06
-9.29114e-06
-3.20736e-06
0.000102354
9.37017e-05
0.00164958
-0.00763807
0.000605263
0.00122807
0.00106992
1.648e-10
-5.07729e-11
-1.3484e-10
-3.75724e-11
0.0664369
-1.5594e-05
3.11444e-10
-1.20393e-09
-2.36567e-06
-1.89669e-06
6.9192e-08
1.0039
2.899e-11
1.81089e-10
2.88484e-12
2.6394e-11
0.998842
1.01509
1.01393
2.41115e-05
3.49765e-05
8.71091e-05
2.49562e-08
2.02501e-08
-1.80051e-05
3.39561e-05
-1.53565e-05
-1.69201e-05
-2.28623e-05
0.22092
0.174733
4.72032e-11
1.05137e-10
3.6611e-10
9.66957e-09
7.96026e-09
0.00133132
-1.28431e-08
-1.00462e-08
0.999353
-0.00595763
-0.00203572
0.000187051
6.56344e-05
0.00191965
0.978357
0.951056
1.00454
0.0358084
1.00005
1.00292
0.998693
0.999125
0.998696
0.998338
0.99895
0.998563
0.999105
0.998825
0.999166
0.998971
0.999179
0.99902
0.999178
0.999
0.999201
0.999021
0.999197
0.999043
0.999185
0.99903
0.999187
0.999026
0.999199
0.999037
0.999193
0.999035
0.999187
0.999031
0.999177
0.999054
0.999153
0.999041
0.999106
0.999061
0.999053
0.999074
0.999072
2.27694e-09
-4.88439e-07
0.00158555
-1.72761e-11
-1.85758e-11
5.83508e-12
0.437166
1.03005e-09
1.15304e-09
-8.02777e-06
0.00205325
6.20574e-08
9.67529e-08
5.79433e-08
0.00107595
0.803172
0.877203
0.559592
0.00102126
2.88306e-06
3.72889e-05
-5.95771e-06
0.000448633
0.000459374
2.80085e-10
1.00078
0.999686
0.00303877
1.00462
1.00312
1.00731
1.00737
1.00228
1.00746
0.982751
0.995602
0.941851
0.964564
0.875719
0.908737
0.789347
0.830324
0.688691
0.733389
0.575941
0.624247
0.460839
0.507542
0.359744
0.400316
0.273339
0.30779
0.20082
0.228236
0.143077
0.165093
0.0971685
0.11361
0.0650632
0.0764917
0.0426831
0.0508154
0.0271387
0.0326941
0.0171997
0.0207186
0.0104438
0.0129495
0.00567216
0.00712678
-5.62596e-06
-9.2896e-06
-5.12647e-06
-0.0159502
1.77625e-08
1.82408e-08
4.57891e-08
0.00124326
0.0017499
-7.72181e-09
1.01348
-2.20715e-08
-1.62773e-08
-5.96625e-11
-5.17624e-11
0.000392022
1.8411e-06
-2.86042e-06
-0.000341119
0.128527
-1.07346e-07
-1.12907e-06
-0.0134394
-0.014423
2.26485e-08
2.12925e-08
0.00236245
0.00211175
0.341202
0.533517
0.289247
0.000141253
0.000202168
-0.000865894
0.000545775
0.906107
7.26289e-09
-2.73404e-05
4.09216e-09
-2.19189e-07
0.00302647
-2.41148e-09
-9.26078e-09
-2.81548e-06
-2.4781e-06
2.76478e-10
1.57826e-10
1.01133
1.012
0.00217268
6.76779e-11
3.08244e-10
-0.0105031
0.00340804
0.00284837
0.00392339
0.000241288
0.00108489
-8.23304e-06
-3.00068e-05
0.980943
0.928866
7.50203e-05
0.000154644
-1.01052e-10
6.76384e-10
-1.07358e-10
1.18129e-08
1.24467e-08
0.00235366
0.000504787
0.000322139
-0.0119079
-0.0159839
0.00356404
6.93546e-09
3.38939e-09
0.0875408
-3.04131e-08
2.42268e-08
1.00189
0.999463
1.00125
0.998937
0.999391
0.999051
0.999175
0.999224
0.999384
0.999306
0.999549
0.99933
0.999618
0.999319
0.999609
0.999342
0.999608
0.99933
0.999614
0.999331
0.999624
0.999327
0.999611
0.999339
0.99963
0.999324
0.999595
0.999282
0.99955
0.999289
0.999621
0.999302
0.999685
0.999388
1.00021
0.999847
-8.89003e-07
-3.05352e-07
-0.0124481
3.60689e-08
3.59858e-08
-2.95523e-05
-2.07386e-05
0.00330387
1.01334
0.00527235
4.95142e-05
3.6491e-05
1.00359
1.00213
1.01757
-0.00935789
-0.00398658
1.01162
1.00694
1.00631
1.00488
1.00825
0.990364
1.00011
0.955142
0.973863
0.896185
0.925387
0.815955
0.853794
0.717706
0.76085
0.605478
0.652718
0.491524
0.537459
0.388022
0.429199
0.297543
0.332752
0.220373
0.249545
0.15795
0.181014
0.108287
0.125803
0.0732606
0.0856227
0.0488163
0.0576459
0.0315918
0.0378728
0.02023
0.0244055
0.0122508
0.0149754
0.00380227
0.00377222
0.00594746
1.94844e-10
3.13824e-10
-1.85366e-09
0.0201529
0.99745
-2.44085e-11
-3.45468e-11
-0.00640746
1.99657e-06
3.45102e-08
0.763803
2.12384e-06
-7.52484e-06
4.23403e-10
1.00294e-09
1.0016
0.00023652
1.00746
5.04471e-09
8.67678e-09
-1.22644e-06
6.96961e-05
5.28216e-11
0.00730398
2.85396e-09
1.17846e-09
-1.6341e-08
1.01185
-0.000462421
-0.00257372
9.85414e-05
3.85135e-10
0.70468
0.460622
8.09312e-05
3.28963e-05
1.00638
0.000518375
-1.72898e-05
0.000135429
0.000298935
0.000103964
-2.18938e-06
-2.20755e-06
6.71901e-08
6.55736e-08
4.69946e-10
5.87274e-10
-1.8964e-08
-9.80792e-09
1.01425
0.00196341
0.00414913
0.958045
0.927813
0.00673324
-4.44921e-06
-4.82852e-06
-4.39416e-05
-2.97137e-05
6.11604e-08
6.88186e-08
3.65528e-08
-9.93032e-08
0.820438
0.000202588
0.000102596
-1.14242e-10
3.48681e-08
3.68977e-08
6.58273e-05
-0.0144742
-0.012559
-3.02593e-08
-2.27953e-08
-0.00165731
-0.000855332
0.387908
0.202998
0.827699
-4.44652e-08
-2.00966e-07
-2.14456e-08
0.72862
7.46893e-11
0.0490388
0.147375
0.0201062
1.01448
-0.00639329
-0.00489935
0.00057244
0.00057161
0.00205328
1.00236
1.00107
1.00268
1.0009
1.00176
1.00104
1.00179
1.00111
1.00196
1.00114
1.00201
1.00112
1.00201
1.0011
1.00197
1.00111
1.00196
1.0011
1.00198
1.0011
1.00196
1.00105
1.00193
1.00098
1.00186
1.00099
1.00177
1.00115
1.00192
1.00151
1.0028
1.0023
3.22101e-10
-8.71801e-11
-1.02269e-06
-4.36663e-07
0.000133074
0.00012691
0.000223443
7.42218e-11
0.00497275
1.01152
1.01736
0.00844994
4.81055e-07
0.00509775
1.76674e-11
1.00645
1.00549
1.0065
1.00842
0.995215
1.00285
0.964812
0.981457
0.912016
0.938083
0.838955
0.874146
0.743016
0.78562
0.631716
0.677197
0.519179
0.564288
0.413826
0.454828
0.320512
0.355559
0.239324
0.269643
0.171686
0.195517
0.119153
0.137602
0.081613
0.09474
0.0549258
0.0641912
0.0364921
0.0430929
0.0241936
0.0290209
1.84898e-05
7.04531e-05
-3.48069e-06
0.00850298
0.000320714
0.000327443
1.90126e-09
2.09199e-09
1.00585
1.01165
0.0101092
7.38872e-08
7.79883e-08
-1.13084e-07
-7.68573e-08
2.5441e-06
0.0874388
-0.0124726
-3.63863e-10
1.00572
-0.00326186
0.994255
1.00901
0.94124
0.879058
-9.28989e-07
2.80655e-10
3.66412e-10
5.72661e-10
-1.47478e-07
0.0510404
0.00467481
0.000193336
0.000349187
0.000164688
5.45007e-08
0.0109281
0.600069
0.00128532
-2.59405e-09
1.0302e-07
8.74474e-08
-1.71204e-05
-4.9145e-05
-2.21753e-08
-3.67619e-08
-2.20372e-08
-1.45311e-07
-1.96166e-06
0.00636355
0.00963165
-1.93624e-08
2.87688e-08
0.000229068
0.0146727
5.1521e-05
1.57218e-05
-4.13449e-09
2.02678e-06
0.000226422
0.000226689
0.00134994
1.11724e-07
1.09505e-07
-3.63026e-07
-1.03997e-06
-0.0022988
-0.000593779
9.30992e-10
-3.1329e-08
-3.28971e-08
1.77554e-06
-1.61481e-05
-0.00860624
-0.00738632
-5.99436e-09
0.00360145
0.00384332
0.00700865
1.00683
1.00488
1.00776
1.00437
1.00624
1.00443
1.00598
1.00443
1.00599
1.00439
1.00596
1.00438
1.00594
1.00434
1.00593
1.00439
1.00591
1.00439
1.00596
1.0043
1.00589
1.00419
1.00574
1.00436
1.00562
1.00431
1.00542
1.00478
1.00592
1.00546
-3.21657e-07
0.00029384
0.000325594
0.000251813
0.986899
0.28799
0.226015
-9.05113e-07
-4.53343e-07
0.0152766
1.01387
1.00158
-3.24688e-09
-4.88159e-11
1.4501e-07
1.5164e-07
0.541878
8.98288e-10
7.70499e-08
1.00742
1.0084
0.998337
1.0044
0.972903
0.98767
0.926259
0.95043
0.859342
0.892466
0.766957
0.808002
0.656286
0.702789
0.54322
0.588352
0.437588
0.479472
0.340759
0.377614
0.255433
0.287264
0.184174
0.209002
0.129802
0.148943
0.0895192
0.103668
0.0606946
0.070585
0.041202
0.0480489
-7.50716e-09
1.22504e-09
1.73331e-09
1.02667e-09
1.01572
1.01832
-1.59681e-08
-1.45664e-08
-1.52855e-07
-3.65433e-07
-1.10849e-07
-0.0102637
-3.74175e-08
-0.0125386
0.00649815
0.018964
1.01097
1.01156
1.01694
0.338203
-3.73438e-08
2.48634e-06
0.00644022
8.91712e-10
0.666773
-0.00969256
-0.0051352
0.0201277
-3.42118e-08
-6.48757e-09
-0.00792071
0.000209302
0.264676
0.120542
8.27145e-06
-0.014103
-6.58908e-05
-1.39019e-05
0.0279503
6.81658e-06
3.06063e-06
0.0134483
0.0174729
1.76118e-07
1.73516e-07
0.92848
0.870117
0.000387625
0.0027052
0.00684196
1.67751e-07
1.37786e-07
1.09011e-07
1.85162e-07
1.0405e-08
2.93691e-06
1.54316e-06
0.000184172
-0.000174812
0.000283233
2.60528e-07
2.73651e-07
0.000200505
0.000104087
0.000478484
0.000436701
2.50984e-07
-3.2468e-07
-3.05303e-07
-1.12967e-07
1.01116
1.00868
1.01136
1.00767
1.00911
1.00749
1.00845
1.00742
1.00834
1.00728
1.0082
1.00731
1.00812
1.00738
1.00819
1.00742
1.0082
1.00733
1.00822
1.00725
1.00832
1.00698
1.00832
1.00827
1.00845
1.00827
1.00791
1.00833
0.000560868
0.000589998
0.00274876
-5.49438e-08
-6.5807e-08
-2.22876e-08
-4.29656e-07
0.0104882
0.0114118
0.0150476
2.81451e-07
2.69913e-07
-5.05256e-10
3.4392e-05
2.40826e-05
0.571072
-3.27581e-05
-3.31405e-05
-7.59702e-05
0.968495
1.00049
1.00551
0.980855
0.993831
0.940127
0.962506
0.879594
0.911158
0.791123
0.832798
0.681105
0.730487
0.567469
0.614521
0.463036
0.506969
0.36127
0.401205
0.272385
0.305604
0.198095
0.226275
0.13891
0.159761
0.0985512
0.113862
0.0668443
0.0782214
0.672066
-0.00962376
-0.0132263
1.00975
0.989331
-1.0934e-07
-9.70822e-08
4.58361e-07
1.01831
1.01693
8.53029e-05
0.0165162
0.000382208
-0.00410971
-0.00158182
0.0784284
0.0192012
5.52822e-08
7.95945e-08
4.57381e-07
-1.50226e-07
0.032383
0.0327887
0.000613414
5.07589e-05
0.00347729
0.000760315
0.000693464
0.0445164
1.08884e-06
0.000152484
2.85105e-07
2.5018e-07
0.0111182
0.0182836
1.56112e-05
1.09244e-05
0.0240231
2.95734e-07
2.38339e-07
0.586168
0.369128
1.01536
1.01536
0.858352
0.909759
0.668654
-0.00293918
6.01413e-06
4.01664e-06
-0.000151965
-0.00100746
3.68432e-05
-0.00971878
-0.0107683
4.51074e-07
4.36989e-07
2.4716e-07
1.53445e-07
7.26835e-07
7.12574e-07
5.07324e-05
4.04499e-05
1.00781
1.00659
1.00602
1.00631
1.00524
1.00622
1.00521
1.00588
1.00491
1.00585
1.00468
1.00589
1.00455
1.00599
1.00452
1.00579
1.00458
1.0059
1.00514
1.00499
1.00594
0.0204963
0.0228288
0.0269213
0.000177664
0.000117046
5.27396e-07
0.00060714
4.08104e-07
0.0399685
0.0198165
0.989161
0.95492
0.975772
0.901846
0.932659
0.817136
0.860994
0.711606
0.761476
0.599422
0.64915
0.492424
0.538668
0.386243
0.430277
0.292099
0.328924
0.215378
0.245858
0.15263
0.176289
0.109333
0.126473
0.0752396
0.0888027
5.43275e-07
4.48859e-07
0.915862
-3.02841e-07
-1.00141e-08
0.156633
1.01986
1.00851
1.01051
0.0510292
1.99978e-05
0.000137409
0.0306318
0.000939856
0.000104417
0.00152301
0.00138802
9.08957e-07
0.300908
-0.0114496
-0.00711539
6.11851e-07
8.27362e-07
3.86446e-07
-9.70847e-05
0.0142646
0.081751
0.0585492
0.0261609
0.0339415
1.00014
2.17035e-05
1.59334e-05
2.36111e-06
0.11308
1.00223
0.00536234
0.00572935
0.0121722
8.42443e-06
6.29308e-06
0.989862
0.941239
0.798178
0.770101
1.13499e-06
-0.000679679
-6.13395e-05
-0.000114941
-1.28523e-07
1.04193e-06
8.66574e-07
-6.80198e-06
-6.16916e-05
0.0488792
0.0354877
0.0611717
1.01217
1.01396
0.00130434
0.00121421
-0.000348158
5.22819e-07
5.73173e-05
4.79802e-05
1.01243
1.00052
0.037335
0.000933037
0.99622
0.996073
0.990693
0.995756
0.990497
0.995676
0.990518
0.995654
0.990265
0.995573
0.990142
0.995366
0.989514
0.994729
0.988909
0.997654
0.995214
0.991181
1.00645
9.59833e-05
8.37278e-05
9.84956e-05
1.90494e-06
1.61116e-06
4.81832e-07
1.79406e-06
3.15032e-07
0.00236424
-0.00779225
0.198654
0.170115
0.97231
1.00017
3.28318e-06
0.927097
0.849125
0.892927
0.747371
0.797609
0.636272
0.687714
0.526884
0.575422
0.416586
0.4631
0.318013
0.357885
0.237329
0.270143
0.170733
0.197595
0.123925
0.14327
0.0845444
0.0970247
-0.00282029
-0.00202962
-0.000129717
8.55303e-05
0.997353
0.994021
0.991428
0.00335512
0.00325411
9.90784e-07
0.00148992
1.01415
9.73408e-06
0.432295
0.0419526
-0.00610593
0.960217
-2.70813e-07
-4.9559e-06
2.41834e-05
1.95991e-05
0.0439808
2.82655e-06
0.996438
1.00164
0.380948
-0.00147037
0.0195272
0.0288586
4.37959e-06
0.063282
0.836291
-0.00412085
-0.00341885
0.162241
0.127539
0.000281716
0.0492829
0.0542798
0.639794
0.682205
0.426284
-0.000103527
-0.000162378
0.00248364
0.00230704
7.87033e-06
0.950524
0.868386
2.42407e-06
5.28341e-06
0.99261
0.992882
0.962824
0.971573
0.970138
0.970344
0.959742
0.970332
0.960161
0.970421
0.960176
0.970026
0.959455
0.968541
0.956814
0.883448
0.0014912
1.13487e-06
0.000211206
0.000545849
-0.00821696
-0.010717
-0.00781133
9.69196e-06
0.29389
3.58107e-06
0.0105232
0.0108504
0.02123
1.7517e-05
1.95649e-05
9.114e-06
-0.00104671
-0.000297837
5.55987e-06
3.08129e-06
2.16157e-06
0.0679021
0.0925083
0.620165
0.786468
0.831958
0.677455
0.72883
0.566005
0.617996
0.450598
0.500218
0.348938
0.393047
0.261811
0.296225
0.194174
0.222246
0.143384
0.113899
0.16769
1.57256e-07
4.74839e-05
4.51893e-05
1.49695e-06
0.0248217
0.000549449
0.0489306
0.041044
0.0657951
0.970345
0.960867
1.97916e-06
1.73313e-06
0.289979
0.960134
0.917952
0.96409
0.0598565
-0.000169509
0.00458176
2.31091e-05
-0.000133343
5.09474e-05
-0.00504757
-1.95627e-05
-0.00010727
-0.00446756
-0.00225552
0.489822
2.2346e-06
0.962104
0.972852
0.534645
0.205731
0.421043
0.142908
-2.49236e-06
-1.67224e-06
-1.76191e-05
0.00242844
0.00478975
0.746471
0.00683353
0.00679691
0.951859
0.961806
0.97099
-5.92723e-06
0.929486
0.929134
0.912053
0.930144
0.912922
0.927074
0.899347
0.910423
0.0403881
0.000444652
0.815798
0.856302
-0.00022113
-0.000202133
0.0134312
0.0131533
-0.00709591
-0.00484948
-0.00751541
0.929366
0.78347
0.717767
0.766242
0.609778
0.661869
0.490516
0.543378
0.385765
0.43222
0.289578
0.328087
0.213367
0.238563
1.6551e-05
0.928976
0.912632
0.927599
0.0713355
-6.72189e-06
-0.000103374
-3.6664e-05
-0.00495241
0.8931
0.111736
0.950585
0.953035
-0.000172045
0.0010088
0.00242871
0.912115
0.0240952
0.173328
0.0465873
-0.00371114
-0.00525867
-0.000685526
-0.00172708
-0.000438826
0.680833
0.489804
0.0324755
-5.28497e-05
0.197849
0.388745
0.146987
0.0786912
-8.30253e-06
0.0190633
0.0201609
0.0359244
0.929315
-1.56777e-05
2.50369e-05
0.912949
0.912016
0.906796
0.920123
-2.28836e-05
0.00977172
-2.04187e-05
0.00898396
0.0248184
-2.96893e-05
-0.00492622
-0.00291454
0.904729
0.138072
0.867445
-4.18997e-05
0.869198
0.845483
0.87479
0.841983
0.852739
0.051793
0.0681721
-0.000283536
0.0333927
0.0520329
0.032797
0.00357768
-4.55618e-05
-0.000183783
0.656414
0.535449
0.59247
0.42642
0.477763
0.321856
0.368297
0.23162
0.273738
0.867872
-0.000220029
0.0591868
0.0268562
-0.000164042
0.869652
0.846946
0.756791
0.708025
0.801389
-4.46369e-05
0.146607
-9.45539e-05
-0.000188535
-0.00018593
0.0782059
0.0542039
0.106115
0.846339
0.86985
0.00417123
0.00942756
-9.57591e-05
-0.000199573
0.000878469
-0.000306844
0.177092
-0.000280215
0.847824
0.848524
0.0803378
-0.00278262
-0.000263574
0.824329
0.710137
-0.00035149
0.114446
0.865065
0.185221
0.0437654
0.0850119
0.844114
0.833235
-0.00245666
-0.00107355
-0.000963549
0.792448
0.0198627
0.00424503
0.783688
0.890621
0.798538
-0.00345058
-0.00278512
-0.000305085
-0.000711536
0.112085
0.436365
0.315277
0.0012034
-0.000767793
0.476534
0.365368
0.414912
0.272066
0.314239
0.760209
0.827351
0.11814
-0.00043901
-0.000489321
-0.000332271
0.884546
0.183921
0.0151481
0.796534
0.768254
0.0604321
-0.0010105
0.044196
0.757659
0.793804
0.0180828
0.046525
0.765886
0.0582306
0.00183797
0.00426477
0.0834998
0.108888
0.0813615
-0.0012684
-0.000820266
-0.000684484
0.153184
0.610419
0.795247
0.782819
0.798815
0.530708
0.585894
0.418405
0.300958
0.706614
0.740877
0.693532
0.701253
0.691912
0.221781
0.00986756
0.00121646
0.12859
0.168918
0.767471
0.759335
0.696933
0.648493
0.690781
0.111474
0.14108
-0.00255825
0.141049
0.552807
0.572604
0.337446
0.168525
0.583784
0.531671
-7.58015e-05
-0.000180767
0.00173032
0.0970054
0.412161
0.464391
0.647185
0.585231
0.697207
0.214219
0.31211
0.2485
0.356072
-0.00190465
0.70559
0.667013
-0.00158443
6.17662e-05
-0.00150187
0.0786735
0.137515
0.00780897
0.0194645
0.24728
0.602708
0.0633176
0.226252
0.715111
0.67673
0.0268776
-0.000975546
-0.00111196
0.66334
0.684064
0.594142
0.642998
0.105085
0.294457
0.469238
0.230609
0.249198
0.459721
0.0193301
0.00712363
0.359502
0.308803
0.419628
0.595521
0.576373
0.512655
0.624459
0.503227
0.55776
0.540401
0.487747
0.620165
0.035726
0.0819873
0.000736741
0.491145
0.579232
0.00367192
0.00828836
0.000499342
0.000608933
0.00376111
0.00144878
0.195345
0.0852388
0.0447801
0.395011
0.402347
0.259739
0.00441105
0.00517965
0.203577
0.0148116
0.0332148
0.0110981
0.518386
0.0033105
0.0146701
0.0361921
0.318258
0.445303
0.49433
0.384081
0.303467
0.278615
0.458749
0.171938
0.128777
0.433477
0.186268
0.00737076
0.00814068
0.0142817
0.137469
0.066161
0.329668
0.289724
0.128727
0.0218805
0.0463814
0.017063
0.201891
0.37179
0.184012
0.0226943
0.0602594
0.167467
0.404947
)
;

boundaryField
{
    frontAndBack
    {
        type            empty;
    }
    hot
    {
        type            fixedValue;
        value           uniform 1;
    }
    cold
    {
        type            fixedValue;
        value           uniform 0;
    }
    defaultFaces
    {
        type            zeroGradient;
    }
}


// ************************************************************************* //
