/*--------------------------------*- C++ -*----------------------------------*\
  =========                 |
  \\      /  F ield         | OpenFOAM: The Open Source CFD Toolbox
   \\    /   O peration     | Website:  https://openfoam.org
    \\  /    A nd           | Version:  7
     \\/     M anipulation  |
\*---------------------------------------------------------------------------*/
FoamFile
{
    version     2.0;
    format      ascii;
    class       volScalarField;
    location    "0.05";
    object      T;
}
// * * * * * * * * * * * * * * * * * * * * * * * * * * * * * * * * * * * * * //

dimensions      [0 0 0 1 0 0 0];

internalField   nonuniform List<scalar> 
5936
(
0.499965
0.931476
1.01595
1.0288
1.02443
1.0715
1.02564
1.07553
1.02537
1.07374
1.02537
1.07318
1.02479
1.0737
1.02507
1.07544
1.02514
1.07418
1.02471
1.07448
1.02509
1.07451
1.02494
1.07247
1.02424
1.07369
1.02513
1.07633
1.0256
1.07257
1.02484
1.07261
1.02572
1.07578
1.02516
1.0727
1.02574
1.07538
1.02572
1.07254
1.02547
1.0741
1.02545
1.07577
1.02425
1.07303
1.02466
1.07584
1.02614
1.07445
1.02523
1.07164
1.02463
1.07448
1.02513
1.07499
1.02505
1.07302
1.02424
1.07392
1.0251
1.07636
1.02558
1.07255
1.02479
1.07259
1.02552
1.07582
1.02468
1.07297
1.02494
1.07611
1.02487
1.07332
1.0249
1.07379
1.02608
1.07558
1.02584
1.07229
1.02582
1.07293
1.02649
1.07428
1.02638
1.07233
1.02483
1.07401
1.02527
1.07588
1.02806
1.07128
1.03281
1.06972
1.03915
1.06747
1.03904
1.07589
1.06124
0.121397
0.00282495
-1.91234e-05
-1.6358e-06
-3.28796e-08
-2.57171e-10
4.79391e-13
4.71994e-14
6.47607e-16
4.66509e-18
8.80953e-21
-2.01927e-22
-3.02069e-24
-2.3216e-26
-7.06083e-29
-5.66612e-32
3.84568e-34
5.89397e-36
2.81067e-39
0
0
0
0
0
0
0
0
5.30745e-47
-3.13727e-44
-7.08497e-43
1.06303e-41
1.68889e-39
-1.36448e-37
-1.40205e-35
-7.06145e-35
2.36426e-34
1.11187e-32
-3.30867e-32
1.25184e-31
-2.83877e-33
-6.10754e-30
-5.53763e-29
1.43002e-27
5.19304e-27
5.20901e-27
2.06979e-26
2.72808e-26
2.46727e-26
1.18852e-26
4.2294e-27
0.75446
0.882469
0.379044
0.479876
0.183469
0.232891
0.077294
0.101976
0.0308895
0.0413133
0.0118118
0.0160309
0.00421321
0.00578247
0.00150756
0.00207577
0.000477216
0.000673073
0.000150274
0.000212249
4.76267e-05
6.72788e-05
1.51756e-05
2.14857e-05
4.47999e-06
6.41048e-06
1.34504e-06
1.91782e-06
3.93548e-07
5.64298e-07
1.11389e-07
1.60235e-07
3.18728e-08
4.59544e-08
8.50678e-09
1.23891e-08
2.27826e-09
3.29003e-09
6.43034e-10
9.26076e-10
1.62418e-10
2.35422e-10
4.21075e-11
6.09372e-11
1.06149e-11
1.54991e-11
2.56352e-12
3.72187e-12
6.71729e-13
9.7125e-13
1.68085e-13
2.44455e-13
4.10028e-14
5.95571e-14
1.0008e-14
1.45635e-14
2.35178e-15
3.43808e-15
5.56472e-16
8.09312e-16
1.32624e-16
1.92305e-16
3.08514e-17
4.49213e-17
6.88079e-18
1.00068e-17
1.54374e-18
2.25344e-18
3.33001e-19
4.83211e-19
7.43979e-20
1.07959e-19
1.6624e-20
2.42218e-20
3.53921e-21
5.13099e-21
7.8709e-22
1.14356e-21
1.67147e-22
2.44538e-22
3.51986e-23
5.11149e-23
7.65791e-24
1.12242e-23
1.63799e-24
2.40585e-24
3.75694e-25
5.52345e-25
9.64925e-26
1.4448e-25
3.21147e-26
4.88294e-26
1.87379e-26
2.98258e-26
1.23503e-26
6.39094e-27
1.96246e-26
0
1.09788e-26
0.0239793
0.000159778
-7.99606e-06
-2.64913e-07
-3.20944e-09
-1.09704e-11
2.91274e-13
5.75503e-15
6.37023e-17
3.66909e-19
-7.36508e-22
-2.67342e-23
-2.14823e-25
-1.20655e-27
-3.26397e-30
1.4644e-32
2.2787e-34
1.22463e-37
6.03139e-41
0
0
0
0
-3.80839e-05
0
1.75491e-26
0
0
1.25252e-45
-1.68512e-44
5.37838e-42
4.51911e-40
-7.37789e-39
1.15173e-38
5.17404e-36
3.53381e-35
7.78429e-33
2.09667e-32
-3.83695e-32
5.92688e-31
1.19265e-30
4.16586e-29
1.96753e-28
3.16013e-27
5.87268e-27
9.18724e-27
2.57336e-26
2.81304e-26
1.85837e-26
-7.30971e-06
0.0980591
-1.68602e-07
0.470827
-3.15648e-05
-1.27072e-06
-1.89411e-08
-9.38259e-11
1.20746e-12
3.30199e-14
3.7477e-16
2.21057e-18
-2.86433e-21
-1.56473e-22
-1.47182e-24
-8.22986e-27
-2.09486e-29
9.17606e-32
1.3532e-33
7.84294e-37
3.90347e-40
0
0
0
0
0
0
2.03683e-45
-2.9314e-44
8.78936e-42
7.44647e-40
-1.2175e-38
1.23303e-38
8.14174e-36
6.17176e-35
1.26681e-32
3.41489e-32
-6.15948e-32
9.63392e-31
1.89732e-30
6.60464e-29
3.31886e-28
5.119e-27
9.53047e-27
1.49512e-26
4.13745e-26
4.45535e-26
2.92446e-26
0
-1.57957e-09
4.91086e-13
2.58594e-13
3.5733e-15
3.09974e-17
9.57926e-20
-1.04232e-21
-1.81893e-23
-1.35962e-25
-4.57295e-28
-3.69465e-31
2.44269e-33
3.88587e-35
1.76481e-38
0
0
0
0
0
8.78822e-47
-5.13845e-44
-1.17093e-42
1.77516e-41
2.76763e-39
-2.18069e-37
-2.2868e-35
-1.16354e-34
3.90148e-34
1.81264e-32
-5.42738e-32
2.06034e-31
4.79217e-34
-9.56256e-30
-8.47847e-29
2.30327e-27
8.3844e-27
8.52444e-27
3.34375e-26
4.38196e-26
3.90071e-26
1.97105e-26
0.013977
0.00104818
0
0.649935
0.000126282
0.881927
0.919065
0.773811
0.922095
0.79579
0.920759
0.796447
0.920029
0.793829
0.9255
0.796672
0.924914
0.804053
0.926182
0.805628
0.928909
0.808488
0.927397
0.809419
0.926881
0.806837
0.930983
0.806277
0.926285
0.808255
0.924679
0.805584
0.930268
0.804987
0.923802
0.807823
0.928732
0.803806
0.928413
0.810231
0.921539
0.803731
0.929742
0.802898
0.925715
0.807268
0.926207
0.801511
0.926043
0.804545
0.920666
0.803612
0.927347
0.803811
0.931561
0.810744
0.9281
0.810098
0.927344
0.807191
0.93135
0.806906
0.926464
0.808605
0.924779
0.805758
0.930468
0.805123
0.924583
0.808334
0.930349
0.805827
0.931611
0.814457
0.928446
0.811719
0.927993
0.807329
0.924701
0.805795
0.92181
0.80223
0.928204
0.801915
0.922851
0.804465
0.926473
0.802071
0.939308
0.811144
0.94113
0.828388
0.937835
0.827174
0.925032
0.814219
0.907934
0.766105
0.796845
0
0.00727517
-6.03377e-08
0.20316
-5.4181e-08
-1.17769e-09
-1.19588e-11
-2.69369e-15
1.18788e-15
1.82844e-17
1.57684e-19
4.79736e-22
-5.14949e-24
-6.9551e-26
-2.94565e-28
-8.84392e-31
6.22238e-34
9.47534e-35
3.71408e-37
3.19426e-40
0
0
0
0
2.02116e-46
0.00106067
0.0041428
0.000575226
0
3.54242e-26
3.75812e-26
-8.891e-09
-3.62989e-08
-5.46551e-09
0.467941
-1.16754e-43
-2.72058e-42
5.26185e-41
6.07912e-39
-4.70778e-37
-4.91229e-35
-2.6853e-34
9.19042e-34
3.92144e-32
-1.25475e-31
5.06798e-31
-1.26676e-31
-1.89669e-29
-1.77889e-28
5.17781e-27
1.74758e-26
1.71264e-26
7.28208e-26
9.02472e-26
7.87811e-26
3.40685e-26
6.53637e-26
0.0417895
0.135276
0.0262406
1.09558e-05
6.00529e-05
3.37629e-06
-2.49534e-07
-2.0205e-07
0.389534
0.511641
0.18466
0.240521
0.0808098
0.109041
0.0325386
0.0445439
0.0124597
0.0173033
0.00443668
0.00633459
0.00154471
0.002178
0.000510251
0.000731523
0.000163789
0.00023468
5.35445e-05
7.65633e-05
1.6827e-05
2.39873e-05
5.27935e-06
7.60203e-06
1.57802e-06
2.29286e-06
4.56087e-07
6.60243e-07
1.36788e-07
1.97994e-07
3.81229e-08
5.5162e-08
1.05117e-08
1.52418e-08
2.88347e-09
4.22595e-09
7.5839e-10
1.10185e-09
1.99231e-10
2.92267e-10
5.28905e-11
7.7113e-11
1.35684e-11
1.97384e-11
3.35747e-12
4.94957e-12
8.74393e-13
1.27345e-12
2.22284e-13
3.22693e-13
5.69271e-14
8.32963e-14
1.3516e-14
1.97417e-14
3.13826e-15
4.55049e-15
7.8665e-16
1.14793e-15
1.8079e-16
2.6615e-16
4.13368e-17
6.01453e-17
9.75553e-18
1.42855e-17
2.15356e-18
3.14242e-18
4.7521e-19
6.96578e-19
1.07999e-19
1.57458e-19
2.42744e-20
3.53111e-20
5.2967e-21
7.77245e-21
1.18478e-21
1.72552e-21
2.5416e-22
3.68942e-22
5.50282e-23
8.09038e-23
1.18474e-23
1.72035e-23
2.62815e-24
3.83144e-24
6.47327e-25
9.45447e-25
1.88521e-25
2.72636e-25
7.35194e-26
1.1004e-25
0.748654
0
0.653164
0
-8.85614e-38
-2.80794e-38
-6.05897e-07
0
0
-7.76896e-37
-1.24824e-10
-6.99143e-13
6.68509e-15
1.83202e-16
2.04653e-18
1.0809e-20
2.42355e-23
-2.33896e-25
-4.60428e-27
-7.76306e-30
1.40439e-31
1.08414e-33
6.86166e-36
1.44924e-38
1.9238e-42
0
0
0
3.34354e-46
3.8494e-39
1.69081e-39
-3.0392e-43
-7.21533e-44
4.61401e-45
-4.38793e-42
7.66112e-45
1.93487e-41
9.90463e-39
-6.3917e-10
5.80818e-38
2.14478e-35
1.90537e-34
2.81672e-32
7.08976e-32
-1.11087e-31
2.16243e-30
4.07511e-30
1.42009e-28
8.46182e-28
1.08379e-26
1.93805e-26
3.25666e-26
8.52127e-26
8.81009e-26
5.90072e-26
-1.43426e-13
-1.80823e-27
-3.6045e-25
0
-2.20055e-23
5.21674e-26
3.58266e-21
1.22871e-25
1.43464e-25
1.14471e-25
2.70524e-26
2.77003e-26
8.24855e-27
-2.83848e-28
-3.05189e-29
-1.89421e-31
8.18246e-31
-2.01652e-31
6.41922e-32
0
0
0
0
1.86065e-39
2.2807e-36
5.24749e-34
-7.61884e-34
-6.70616e-30
8.87872e-26
1.40662e-25
1.3651e-25
5.15883e-26
3.07623e-26
1.6986e-26
1.29675e-27
2.29962e-28
6.72272e-30
3.545e-30
-1.77277e-31
1.14264e-31
4.57089e-32
3.14404e-34
3.37235e-35
3.19134e-41
0
0
0
1.13999e-41
8.48728e-38
3.8523e-35
6.82076e-33
7.9846e-31
-5.31411e-29
-2.66824e-26
-1.36522e-24
1.78084e-22
6.58052e-20
1.10544e-17
8.59484e-16
2.22398e-14
-5.04718e-12
3.95734e-38
8.94987e-19
9.80347e-17
5.71581e-15
-6.40495e-11
-1.89508e-43
1.45562e-33
8.34042e-41
-4.34558e-34
-8.00292e-35
1.64297e-07
-1.97957e-37
0.554466
0.544299
0.433317
0.54062
0.423336
0.545113
0.421943
0.555487
0.429826
0.562588
0.441254
0.56729
0.44696
0.564739
0.449585
0.564881
0.448147
0.564065
0.448938
0.563859
0.447632
0.56423
0.447707
0.561539
0.447403
0.564035
0.445329
0.564019
0.44896
0.564044
0.446107
0.560258
0.445492
0.558986
0.44182
0.558981
0.441059
0.558904
0.44333
0.563216
0.444749
0.5618
0.447728
0.563191
0.446265
0.567678
0.447236
0.56464
0.449462
0.5653
0.44834
0.564656
0.449351
0.564236
0.448101
0.56441
0.447988
0.56165
0.447542
0.564436
0.44545
0.566092
0.449485
0.568756
0.448436
0.56676
0.450304
0.567161
0.449727
0.562343
0.449737
0.560653
0.446176
0.562198
0.446276
0.559534
0.447185
0.564107
0.445675
0.569596
0.450097
0.58324
0.456816
0.589369
0.47354
0.580598
0.477486
0.552756
0.429881
0.457099
8.46722e-39
1.08462e-22
3.84581e-33
8.41412e-26
-4.23407e-43
1.30646e-37
-1.25435e-26
-2.56934e-11
-1.92846e-10
-1.15595e-10
-1.92552e-13
-1.76016e-16
2.36121e-17
2.35493e-25
3.52502e-19
6.84921e-26
1.90784e-21
8.26802e-22
0
-4.04738e-25
-7.36352e-26
-3.71463e-25
-6.79817e-26
1.69993e-25
-1.20522e-28
-6.51308e-31
-3.12633e-34
1.25166e-35
4.10778e-38
2.82828e-41
2.09057e-44
0
-1.3574e-09
-8.33995e-10
3.06509e-18
1.88024e-18
1.69621e-44
-6.99055e-43
-1.59217e-36
-2.59843e-36
3.27152e-38
-1.03061e-41
-9.54774e-34
2.08039e-38
3.34806e-38
-3.26783e-37
-6.97596e-43
-1.66311e-41
3.20829e-06
1.30235e-06
8.68231e-35
-1.55979e-33
2.32252e-40
1.37484e-38
8.6476e-34
1.43007e-33
5.9829e-33
1.35675e-31
-4.55494e-31
1.83824e-30
-8.05717e-31
-6.05646e-29
-5.68373e-28
1.80082e-26
5.64785e-26
5.31995e-26
2.34569e-25
2.85609e-25
2.82501e-25
3.82935e-25
-2.64394e-12
-1.22973e-12
0.204087
0.264838
0.0931535
0.124747
0.0374863
0.0515372
0.0147916
0.0203904
0.00544559
0.00769979
0.00183632
0.00262271
0.000590237
0.000850461
0.000195344
0.000279968
6.38535e-05
9.14422e-05
2.03042e-05
2.93364e-05
6.42598e-06
9.28568e-06
1.98084e-06
2.85292e-06
5.83556e-07
8.50984e-07
1.68156e-07
2.45148e-07
4.70812e-08
6.88096e-08
1.30771e-08
1.90564e-08
3.52109e-09
5.16328e-09
9.56176e-10
1.39623e-09
2.60012e-10
3.82421e-10
6.7012e-11
9.85518e-11
1.73804e-11
2.53933e-11
4.53117e-12
6.68937e-12
1.1561e-12
1.69095e-12
2.96017e-13
4.35674e-13
7.52998e-14
1.1087e-13
1.81754e-14
2.69178e-14
4.36125e-15
6.42646e-15
1.05431e-15
1.54525e-15
2.47938e-16
3.62159e-16
5.818e-17
8.56935e-17
1.34377e-17
1.97852e-17
3.02386e-18
4.422e-18
6.93271e-19
1.02433e-18
1.52708e-19
2.24056e-19
3.4775e-20
5.08626e-20
7.96364e-21
1.17483e-20
1.7542e-21
2.58147e-21
3.84643e-22
5.63102e-22
8.33109e-23
1.22731e-22
1.8288e-23
2.67242e-23
4.15507e-24
6.1191e-24
1.0731e-24
1.58109e-24
3.59038e-25
5.13173e-25
3.08562e-20
1.84329e-19
1.18132e-20
1.16585e-25
1.19789e-25
-1.11728e-42
0
7.61001e-24
-5.88251e-25
0.000243729
0
0.542188
-1.37487e-11
1.31484e-25
0
-7.55521e-27
-1.29222e-27
2.96789e-25
1.5273e-17
-7.31214e-14
-9.15514e-15
-3.72021e-15
1.12856e-16
-7.50877e-25
-7.73762e-28
-8.99011e-30
-2.46924e-32
-1.10439e-35
9.88434e-37
1.48193e-39
7.78267e-43
3.43405e-46
7.38596e-46
0.00720131
2.07327e-25
-7.33987e-09
-5.40985e-09
2.26175e-31
1.01974e-31
0.438881
7.21332e-41
-1.74674e-34
8.43834e-31
-2.86529e-31
2.38092e-31
2.98265e-30
3.91007e-31
7.88409e-30
1.41236e-29
4.92116e-28
3.2313e-27
3.58417e-26
6.03535e-26
1.10917e-25
2.71116e-25
4.52159e-25
0.0312512
0.0198052
1.66014e-25
1.29253e-43
-1.76587e-08
1.06037e-08
-2.18184e-08
4.59536e-25
3.72689e-25
8.37203e-26
8.9329e-26
2.80762e-26
-9.04677e-28
2.84576e-44
0
4.28339e-25
1.73621e-25
9.55997e-26
0.00146142
0.00448608
0.000882407
5.70343e-26
0.430616
4.99927e-27
7.87539e-28
2.30341e-29
2.25556e-45
5.17767e-42
8.72134e-39
5.81067e-36
-1.80704e-34
-1.79409e-31
3.32595e-16
0
3.28274e-05
0.000138033
1.65303e-05
1.1939e-40
0.375616
0
-5.54852e-29
1.70445e-40
2.5978e-37
0
7.39029e-35
1.02022e-16
-3.71973e-33
-4.17492e-30
1.22999e-45
2.21365e-31
1.27271e-29
1.34707e-34
3.7357e-40
-2.86515e-34
-7.26677e-31
-9.87882e-29
-1.26392e-30
0.148005
5.78849e-22
0.267161
0.27147
0.204462
0.282805
0.211743
0.292842
0.222626
0.297689
0.229621
0.29729
0.231976
0.298105
0.231515
0.298733
0.233195
0.298159
0.232803
0.296645
0.232046
0.296342
0.231068
0.296165
0.230912
0.296741
0.230582
0.295136
0.230639
0.295605
0.229775
0.291533
0.229842
0.293202
0.227507
0.295353
0.229663
0.296301
0.231312
0.297879
0.231063
0.296321
0.232064
0.295884
0.230535
0.297294
0.230632
0.298999
0.232396
0.299252
0.233957
0.29849
0.233126
0.29682
0.232261
0.296416
0.231189
0.296222
0.23098
0.29703
0.23068
0.296506
0.231024
0.29885
0.231384
0.299818
0.233694
0.297693
0.233328
0.297292
0.231931
0.297528
0.232704
0.29773
0.23172
0.293416
0.229995
0.294097
0.226565
0.302614
0.230004
0.318563
0.240117
0.327906
0.260591
0.292498
0.222755
0.257024
-1.71752e-10
0
2.7322e-29
5.36502e-41
-1.63565e-30
2.70531e-40
-5.34884e-14
-1.44331e-31
2.39525e-25
3.26828e-43
6.76782e-21
3.11936e-21
4.52453e-31
-1.89172e-27
1.18084e-25
8.78817e-39
5.40311e-25
2.67278e-45
-2.99416e-29
-2.45483e-30
-8.75714e-31
-2.15423e-16
-5.54075e-36
1.79716e-37
5.11925e-38
7.41068e-40
2.97887e-40
8.39747e-25
5.01408e-31
7.39612e-31
2.53469e-18
3.96392e-25
-1.61445e-42
-6.04765e-34
5.91861e-06
-3.43612e-33
3.09984e-38
1.22021e-26
-7.33026e-27
0.283615
-1.84567e-28
6.88337e-30
4.4663e-29
0.0813517
4.07817e-42
1.86764e-42
4.84653e-29
-3.00741e-28
6.5975e-44
1.09757e-43
-2.70782e-42
-1.75411e-27
6.11122e-26
1.8673e-25
1.85901e-25
3.65471e-25
7.63729e-25
1.35926e-24
8.96255e-25
-4.65486e-12
-3.81076e-41
4.42806e-40
0.106872
0.142145
0.0446709
0.0615381
0.0180367
0.0252312
0.00653575
0.00937521
0.00217905
0.0031465
0.000730145
0.00106076
0.000235093
0.000342232
7.875e-05
0.000112986
2.5546e-05
3.71144e-05
8.03383e-06
1.16824e-05
2.52983e-06
3.68039e-06
7.38184e-07
1.08881e-06
2.10348e-07
3.08858e-07
6.13901e-08
9.03503e-08
1.65821e-08
2.4724e-08
4.52768e-09
6.66641e-09
1.26762e-09
1.8638e-09
3.37686e-10
5.00331e-10
8.87097e-11
1.31194e-10
2.37842e-11
3.52441e-11
6.08593e-12
9.06533e-12
1.58583e-12
2.33786e-12
4.14816e-13
6.17098e-13
1.03935e-13
1.53504e-13
2.62048e-14
3.8661e-14
6.15482e-15
9.31341e-15
1.40299e-15
2.07833e-15
3.47311e-16
5.13802e-16
8.17717e-17
1.22023e-16
1.89622e-17
2.80668e-17
4.42636e-18
6.58886e-18
9.99122e-19
1.49159e-18
2.25708e-19
3.33623e-19
5.25382e-20
7.76648e-20
1.18484e-20
1.75836e-20
2.71115e-21
3.99258e-21
5.99988e-22
8.91218e-22
1.30472e-22
1.93042e-22
2.94029e-23
4.3395e-23
7.00851e-24
1.03957e-23
1.92948e-24
2.80828e-24
7.33161e-25
1.04773e-24
8.20333e-31
1.35321e-30
-2.67347e-30
7.41264e-25
1.22818e-24
8.80861e-25
1.23857e-26
9.70668e-26
-6.26661e-10
-5.5164e-10
-7.66264e-34
-5.54975e-35
9.15924e-25
1.46311e-24
-2.51916e-42
-4.1434e-42
-6.18116e-41
-5.70418e-18
-6.93161e-17
6.7508e-18
-5.35133e-13
-2.59292e-12
-2.76675e-13
-2.76011e-28
-1.40089e-27
-1.56982e-28
4.74576e-45
2.49921e-41
3.1168e-06
6.60978e-07
-3.21965e-11
7.66637e-25
8.73007e-36
1.59018e-36
2.3216e-25
-1.41253e-29
1.96202e-26
5.216e-23
6.91343e-25
4.18577e-39
2.89155e-22
8.50342e-45
-4.50957e-15
1.47491e-24
-7.75983e-33
-2.57559e-14
9.91687e-37
-1.99827e-11
1.84965e-23
2.67051e-24
-1.66852e-15
-4.83494e-33
3.53311e-25
-1.19541e-10
-4.56349e-32
2.12125e-18
4.89478e-19
1.7494e-09
-6.61762e-10
7.2234e-38
-9.81192e-34
0.274608
3.34501e-34
0.255123
-5.58633e-33
9.99341e-40
1.61936e-39
2.17902e-30
1.57157e-32
8.14901e-31
3.52252e-30
0.213856
1.14139e-29
1.21077e-24
0.205951
-4.37285e-30
1.68566e-27
0.00577149
1.82754e-25
1.65998e-25
6.20651e-20
3.01662e-19
3.57898e-20
-5.32714e-36
-4.19537e-37
7.99655e-29
5.83464e-44
-7.2777e-37
-8.8512e-36
2.71054e-27
4.36053e-05
2.41677e-05
1.93141e-25
8.4224e-26
0.000276893
0.000165591
1.50042e-32
3.81751e-33
-6.93068e-30
0.216739
5.27726e-34
4.99539e-38
5.78165e-25
2.97396e-25
-2.78113e-27
2.93166e-25
2.62056e-25
1.13981e-37
6.01183e-12
-2.2162e-29
0.134675
0.140838
0.100743
0.144347
0.105012
0.144468
0.10633
0.144141
0.106297
0.14605
0.107013
0.144661
0.107292
0.144718
0.106601
0.1456
0.107388
0.144724
0.107805
0.144761
0.107546
0.145496
0.10748
0.143938
0.107584
0.143793
0.106567
0.144021
0.106751
0.144149
0.106684
0.145467
0.10728
0.143648
0.10687
0.144477
0.105729
0.144391
0.107258
0.144301
0.106511
0.145024
0.106646
0.146716
0.107422
0.144811
0.107551
0.144793
0.106662
0.145631
0.107425
0.144729
0.107824
0.144758
0.107543
0.145527
0.10744
0.144518
0.107471
0.145446
0.106697
0.144824
0.106916
0.144712
0.106713
0.146184
0.107738
0.143865
0.107531
0.141985
0.105705
0.141539
0.10483
0.142382
0.104246
0.149448
0.105651
0.171227
0.115852
0.116843
1.3996e-24
-1.47718e-34
1.52317e-30
-3.917e-37
-2.37656e-30
-2.1434e-32
1.17546e-24
2.57498e-24
6.08281e-27
1.39275e-33
-9.44236e-15
9.38775e-22
5.79833e-42
3.03687e-24
4.92377e-26
-8.11283e-14
-4.41614e-14
0.0826767
-5.46722e-40
-3.63983e-41
9.56257e-30
5.32137e-25
-1.20021e-29
-1.14689e-29
-1.85264e-38
-4.38887e-39
6.07779e-25
8.19522e-21
4.77179e-21
-5.73332e-36
-2.53357e-36
7.21822e-38
4.19875e-39
1.83455e-37
2.57001e-24
0.000821739
0.00357418
8.3442e-43
5.01042e-42
2.46262e-41
3.89757e-42
-5.64762e-28
9.66524e-27
4.02776e-25
9.53658e-25
0.0132127
1.74564e-28
-9.22075e-28
1.1804e-37
0.00133671
0.00144706
-1.18396e-36
0.00719301
0.00444061
0.0210415
5.96315e-25
8.44375e-25
0.111993
0.0798274
2.18671e-25
6.38921e-25
-2.63557e-31
-1.07665e-31
0.0555339
0.024006
0.0338757
0.00867803
0.0127228
0.00275735
0.00411294
0.000909926
0.00134792
0.000311375
0.000457245
0.000102604
0.000150064
3.35287e-05
4.8904e-05
1.09284e-05
1.59667e-05
3.36336e-06
4.95725e-06
9.74886e-07
1.44409e-06
2.81771e-07
4.17532e-07
8.26704e-08
1.2244e-07
2.29556e-08
3.43947e-08
6.19997e-09
9.30695e-09
1.71354e-09
2.55034e-09
4.73411e-10
7.02794e-10
1.26899e-10
1.89986e-10
3.33987e-11
4.99026e-11
8.85163e-12
1.32839e-11
2.26078e-12
3.39849e-12
5.91548e-13
8.81736e-13
1.50496e-13
2.25337e-13
3.75625e-14
5.66796e-14
9.08876e-15
1.36793e-14
2.1142e-15
3.18173e-15
5.10944e-16
7.68696e-16
1.22183e-16
1.82206e-16
2.87846e-17
4.30446e-17
6.7269e-18
1.00812e-17
1.55591e-18
2.34137e-18
3.52488e-19
5.31733e-19
8.07025e-20
1.20725e-19
1.87625e-20
2.79906e-20
4.35388e-21
6.56783e-21
9.58129e-22
1.43234e-21
2.19072e-22
3.29212e-22
4.98256e-23
7.50546e-23
1.24491e-23
1.87288e-23
3.75843e-24
5.79736e-24
1.63697e-24
5.6135e-08
3.18652e-07
2.22997e-08
1.02652e-09
3.48036e-10
1.04856e-39
6.69821e-39
-2.49004e-33
-8.91501e-34
2.7309e-24
4.82648e-24
9.92494e-29
-3.53787e-29
8.12677e-26
3.45077e-25
1.50775e-24
-1.34982e-30
-6.5421e-17
-9.95839e-42
4.34169e-24
2.48416e-24
-1.15374e-37
0.000866513
0.000259024
-2.70087e-36
2.74742e-24
1.7767e-24
3.81049e-25
-3.00468e-28
-5.20773e-27
0.019976
-3.67972e-35
5.73523e-22
1.02509e-22
7.66469e-26
-6.14342e-13
-3.52222e-13
1.82433e-30
2.47585e-30
2.12055e-24
1.25482e-24
6.93612e-29
2.67091e-29
-1.64731e-36
1.415e-08
6.66501e-09
9.55074e-25
-2.1997e-33
-3.65273e-33
2.16626e-33
-1.64371e-11
6.96492e-30
2.99033e-30
-1.47907e-32
-1.23939e-32
2.47974e-32
5.12904e-20
3.95401e-20
0.0948043
0.126165
2.66228e-43
2.50483e-37
2.85824e-28
-6.22698e-42
-9.97859e-42
-1.64276e-41
0.0303787
4.04272e-24
-2.82373e-11
4.02371e-37
-7.85941e-16
-4.47962e-15
-3.87918e-16
0.0750129
0.128743
-6.24361e-30
-1.00773e-29
1.54454e-29
-2.03421e-32
-3.55518e-12
-1.24874e-11
-2.41643e-12
7.64137e-06
-1.90663e-35
-3.09931e-35
-4.72651e-36
3.02071e-30
-2.85744e-29
2.91716e-24
4.54129e-05
0.000147929
2.70209e-05
1.06157e-24
5.11671e-25
-4.38447e-36
-1.46806e-40
-2.38814e-40
1.73514e-39
-2.07199e-17
-2.03478e-18
1.61269e-28
4.70529e-24
1.04195e-31
3.64131e-32
0.0809143
3.96837e-24
-9.80132e-36
1.86027e-24
0.0652972
0.0655799
0.048115
0.0652778
0.0486161
0.0660021
0.0485613
0.065561
0.0485796
0.0657965
0.0486065
0.0661664
0.0488167
0.0663675
0.0489406
0.0667691
0.0493415
0.0661522
0.0494583
0.0663089
0.0486518
0.0661816
0.0492344
0.0660326
0.0491005
0.0656681
0.048773
0.0663119
0.0487294
0.0654791
0.0487934
0.0652191
0.0484948
0.0662326
0.0484917
0.0656329
0.0488664
0.0658074
0.0486961
0.0657731
0.0485787
0.0655071
0.0482996
0.0657677
0.0485306
0.0661521
0.0487884
0.0663545
0.0489298
0.0667416
0.0493336
0.0660601
0.0494304
0.0659976
0.0485335
0.065741
0.0488311
0.0657047
0.048674
0.0659206
0.0489402
0.0667112
0.0492451
0.0659539
0.0493032
0.0651838
0.0489695
0.0641051
0.0481571
0.0629461
0.0468531
0.0634455
0.0458496
0.0706818
0.0550054
0.047539
0.0747243
0.170502
2.10738e-09
2.76113e-27
8.42001e-24
2.83434e-24
-9.05299e-37
4.60558e-24
3.10825e-32
3.09797e-27
4.08353e-37
2.06295e-26
4.49195e-27
0.0349638
-4.9282e-35
8.37641e-37
1.35141e-36
-1.61462e-35
-9.61835e-22
8.17945e-24
1.34236e-23
1.2357e-28
-7.75078e-14
-4.24878e-32
8.96351e-24
1.21706e-23
6.14133e-23
5.8247e-24
-5.66105e-39
4.37715e-06
1.05219e-06
0.103892
-9.06223e-38
-3.28421e-38
0.0600351
-5.43298e-36
-4.40688e-36
3.40423e-28
0.00725662
6.3494e-32
1.00066e-31
2.93477e-30
2.45709e-26
6.04759e-28
0.0235738
5.46149e-24
1.79438e-25
1.51469e-28
5.58856e-28
0.0358487
0.0635147
0.0472965
0.0451071
5.95885e-28
-1.67632e-27
3.31383e-26
1.91758e-24
2.95599e-24
0.0488111
0.0372812
0.0191479
1.73004e-24
7.22709e-24
2.86538e-20
-8.38562e-19
1.54943e-19
1.3299e-24
3.07283e-24
4.54941e-31
2.46137e-31
0.0128951
0.00384839
0.00598794
0.00131116
0.00195414
0.000449981
0.000662895
0.000144526
0.000213478
4.76312e-05
7.07285e-05
1.49717e-05
2.21698e-05
4.63426e-06
6.85999e-06
1.38167e-06
2.08147e-06
4.02101e-07
6.02478e-07
1.17932e-07
1.76375e-07
3.38633e-08
5.13824e-08
9.04973e-09
1.36863e-08
2.57174e-09
3.8879e-09
7.23234e-10
1.09236e-09
1.88269e-10
2.8362e-10
5.07303e-11
7.67659e-11
1.36314e-11
2.06922e-11
3.46076e-12
5.23138e-12
9.3055e-13
1.41924e-12
2.33347e-13
3.54113e-13
5.81929e-14
8.76868e-14
1.46136e-14
2.24595e-14
3.37343e-15
5.18205e-15
8.08885e-16
1.22383e-15
1.95902e-16
3.00879e-16
4.55578e-17
6.92645e-17
1.07019e-17
1.62763e-17
2.56909e-18
3.93342e-18
5.82467e-19
8.84969e-19
1.36401e-19
2.08897e-19
3.19718e-20
4.85787e-20
7.32375e-21
1.10717e-20
1.67491e-21
2.60963e-21
3.80404e-22
5.81602e-22
9.21559e-23
1.40455e-22
2.50722e-23
3.86225e-23
8.3979e-24
1.31925e-23
4.54089e-24
7.90115e-24
4.59791e-24
1.74294e-38
6.67804e-37
1.1436e-33
-1.60678e-34
9.54253e-24
1.44213e-23
-9.75252e-29
9.75808e-28
7.69529e-25
2.13624e-24
-1.3517e-16
-5.28638e-37
9.75991e-10
1.72508e-10
9.2048e-26
1.49588e-26
1.31299e-23
3.25527e-25
1.80608e-25
4.20189e-22
3.71284e-22
1.54802e-23
1.77558e-24
1.00819e-24
1.01868e-32
1.57896e-27
7.92549e-28
-2.56487e-35
0.0427028
-2.16836e-39
-3.28368e-40
-1.5653e-28
2.0857e-08
1.0646e-08
-3.9625e-13
-2.86427e-13
5.11041e-30
7.04314e-06
7.46707e-24
4.98079e-33
-6.97443e-32
1.22866e-23
9.68841e-24
1.02507e-29
-2.75274e-27
2.76057e-24
-7.04762e-20
-2.12721e-20
-5.65081e-40
-3.78502e-41
-9.35576e-40
-1.38288e-15
-7.54785e-16
0.0202998
-8.11669e-33
7.82964e-33
0.00444886
0.00128526
3.7544e-29
2.44369e-28
7.55355e-24
1.29479e-07
5.6288e-07
6.86203e-08
-1.51158e-35
-1.33448e-32
-6.44686e-35
-1.07759e-34
-2.89461e-35
3.78216e-05
2.22299e-05
5.60606e-31
2.31887e-31
-5.07574e-14
-1.11648e-14
3.94433e-39
6.53549e-39
2.84413e-38
8.02896e-11
8.38725e-12
1.21438e-24
6.72685e-29
3.13545e-29
1.45169e-29
3.06071e-30
2.74887e-36
1.8427e-28
0.0292658
0.0289243
0.0210324
0.0286523
0.0206329
0.0288628
0.0204366
0.0288314
0.0206598
0.0289856
0.0205447
0.0292929
0.0207654
0.0289829
0.0207781
0.0285352
0.0203904
0.0292082
0.0204617
0.0291286
0.0209392
0.0289311
0.0207371
0.0287475
0.0206398
0.0287729
0.0204425
0.0288868
0.0205112
0.0286911
0.0206291
0.0287135
0.0203951
0.0291895
0.0206058
0.0289987
0.0210584
0.0289572
0.0207416
0.028911
0.0207287
0.0288141
0.0206757
0.0289694
0.0205312
0.0292805
0.020757
0.0289608
0.0207722
0.0284404
0.0203711
0.0288732
0.0203766
0.0289803
0.0207265
0.0292783
0.0208086
0.0294329
0.021243
0.0292135
0.0210735
0.0292417
0.0210405
0.0283638
0.0210176
0.0271397
0.0200933
0.0260664
0.0190096
1.54315e-36
6.48622e-24
7.3482e-34
1.67221e-31
3.51555e-09
1.42459e-23
1.21479e-27
2.70517e-23
7.9728e-25
4.12356e-06
1.12265e-06
2.35622e-23
1.26113e-23
1.82359e-23
3.0278e-23
2.44737e-23
4.05241e-35
1.54073e-35
1.54255e-23
-4.53631e-27
5.75327e-24
2.43591e-23
6.00898e-24
9.07459e-24
-2.63452e-41
0.00641594
1.94908e-30
8.97622e-31
0.0020352
0.00300644
0.000661058
0.00097245
0.000209626
0.00031212
6.61013e-05
9.76122e-05
2.14006e-05
3.18748e-05
6.57704e-06
9.81532e-06
2.00895e-06
2.99219e-06
5.99597e-07
9.08847e-07
1.74041e-07
2.60332e-07
5.21033e-08
7.80874e-08
1.384e-08
2.13344e-08
3.91431e-09
5.86807e-09
1.12213e-09
1.69821e-09
2.91849e-10
4.48841e-10
7.92095e-11
1.18906e-10
2.19232e-11
3.31325e-11
5.52081e-12
8.49023e-12
1.47171e-12
2.21081e-12
3.82984e-13
5.88955e-13
9.16806e-14
1.39346e-13
2.38442e-14
3.59467e-14
5.67685e-15
8.83974e-15
1.30561e-15
1.9877e-15
3.22681e-16
4.88386e-16
7.77091e-17
1.20183e-16
1.80223e-17
2.71999e-17
4.50769e-18
6.84689e-18
1.02321e-18
1.58974e-18
2.37734e-19
3.59534e-19
5.61239e-20
8.61077e-20
1.26132e-20
1.9111e-20
3.00964e-21
4.48124e-21
7.09204e-22
1.08474e-21
1.76774e-22
2.67407e-22
5.38968e-23
8.19609e-23
2.02053e-23
2.12975e-23
3.36773e-23
-2.27259e-29
6.15843e-29
-8.91705e-13
1.70256e-12
-1.11335e-12
1.18693e-32
4.19438e-33
2.81141e-23
3.83092e-23
2.14818e-27
-7.53282e-27
0.000210108
0.000119231
4.48857e-24
1.02961e-23
2.76027e-23
4.33333e-23
-7.07893e-17
-1.3796e-17
2.43777e-26
1.24629e-24
-4.14996e-41
-2.14564e-40
-6.11998e-41
0.0231439
9.27597e-27
0.0284769
6.0453e-36
2.96157e-36
0.0268739
0.0209495
0.0289555
2.77652e-22
7.81002e-23
4.3159e-23
-3.70487e-29
0.00936655
-9.33841e-25
2.27362e-34
-1.65558e-16
1.69833e-27
9.39079e-28
9.50715e-24
0.0177168
0.0205128
-9.07927e-26
2.69661e-26
7.03804e-06
6.94002e-29
8.33149e-30
2.76783e-08
1.50672e-08
3.15501e-13
1.32275e-30
-2.98736e-32
1.52007e-25
7.41598e-26
-3.91273e-38
0.000749399
-1.41598e-31
2.1231e-30
-4.12479e-28
-4.24326e-28
2.66383e-29
-1.09299e-37
-1.28867e-40
3.10972e-23
-2.13955e-39
-2.81494e-19
-6.8824e-15
0.0273063
0.0196329
0.0172336
-8.43818e-16
-6.15376e-16
1.41045e-28
0.0112679
0.00889225
0.00421652
-1.31578e-18
-5.4069e-19
6.41269e-30
1.13664e-29
1.87813e-32
2.9575e-32
-2.32112e-31
5.55721e-28
1.95863e-27
6.68883e-32
1.85816e-09
4.10674e-10
-2.43937e-34
1.58802e-07
8.70724e-08
3.51429e-27
1.14594e-23
8.70604e-24
4.91961e-23
8.86585e-31
2.4526e-31
3.39252e-05
2.10322e-05
2.63763e-24
7.64667e-38
2.46554e-36
-1.37335e-19
-2.42281e-20
1.57982e-38
2.64973e-38
1.23571e-37
3.71314e-26
1.69838e-29
1.12422e-28
1.07783e-13
-2.0086e-15
4.13337e-24
-3.34898e-38
4.53566e-23
7.04778e-24
1.81866e-23
8.43533e-27
2.48367e-26
7.92821e-27
0.012334
-6.10561e-29
-8.61434e-29
0.0121883
0.00883712
0.0120701
0.00869918
0.0121786
0.00868348
0.0121854
0.00875542
0.0122308
0.00871584
0.0121008
0.00868361
0.012014
0.00861833
0.0121932
0.00866354
0.0122766
0.0087576
0.0122631
0.00876026
0.0121648
0.00875613
0.0120882
0.00871704
0.0121395
0.00861283
0.0121875
0.00872895
0.0121444
0.008784
0.0123357
0.00875415
0.0124163
0.00879139
0.0120671
0.00876511
0.0121807
0.00853842
0.0122028
0.00874757
0.0121761
0.00876437
0.0122204
0.00871232
0.0121002
0.0086793
0.0120058
0.00862239
0.0121561
0.0086596
0.0122096
0.0087262
0.0122713
0.00873844
0.012568
0.00884658
0.0123342
0.00900976
0.0124072
0.00889262
0.0121689
0.00896061
0.0115119
0.00864376
0.010759
0.0074172
0.00818118
2.0758e-30
1.46728e-23
0.0121831
1.27653e-33
5.2429e-23
6.29275e-07
-3.98904e-34
5.34161e-30
2.05418e-30
-3.86544e-35
3.25263e-37
1.91298e-29
1.01307e-29
1.50362e-28
9.03203e-28
-1.06642e-27
-6.50528e-39
3.30496e-25
8.70237e-24
2.32045e-23
8.60098e-23
-6.16793e-35
8.95231e-36
1.59347e-36
-3.68651e-39
-3.88908e-15
-5.61307e-15
-2.83175e-15
1.57179e-32
7.1606e-33
1.04242e-29
1.8818e-23
8.3739e-23
9.65668e-23
1.38124e-22
0.00256212
0.00380942
-8.1986e-34
-9.44987e-35
0.000887314
0.00129552
0.000290626
0.00042918
9.57069e-05
0.000141521
3.07019e-05
4.51118e-05
9.7369e-06
1.4433e-05
3.01804e-06
4.52226e-06
9.10858e-07
1.35542e-06
2.7786e-07
4.1876e-07
7.91023e-08
1.18466e-07
2.15495e-08
3.25392e-08
6.27034e-09
9.54044e-09
1.76327e-09
2.6488e-09
4.81916e-10
7.33977e-10
1.28168e-10
1.96815e-10
3.42562e-11
5.17768e-11
9.02974e-12
1.37155e-11
2.42376e-12
3.71243e-12
6.30695e-13
9.56031e-13
1.552e-13
2.39678e-13
3.88263e-14
5.92375e-14
9.43209e-15
1.43135e-14
2.28635e-15
3.55694e-15
5.39642e-16
8.28045e-16
1.3267e-16
2.00273e-16
3.1981e-17
4.96099e-17
7.63714e-18
1.16124e-17
1.82545e-18
2.77499e-18
4.31582e-19
6.70564e-19
9.95044e-20
1.51444e-19
2.29596e-20
3.55114e-20
5.31641e-21
8.25381e-21
1.28247e-21
1.93583e-21
3.39112e-22
5.09999e-22
1.12216e-22
1.59906e-22
7.68838e-30
7.93053e-29
-1.0285e-26
5.24203e-25
0.000157743
9.3492e-05
2.05814e-23
2.93161e-23
8.46516e-23
1.54714e-22
-7.94366e-18
2.94005e-24
1.39139e-23
0.0124195
0.00872856
-8.58764e-34
2.41482e-28
-1.53255e-28
-1.91565e-16
1.27844e-35
-3.28281e-19
3.29586e-23
2.4437e-28
-2.53788e-28
0.00891688
5.14576e-23
5.28173e-23
-1.06791e-27
-3.124e-28
4.2508e-06
2.26336e-29
3.6663e-29
2.75359e-29
-7.26268e-24
2.19953e-12
-9.9323e-17
-1.31502e-23
2.1287e-31
1.21808e-06
4.08941e-27
-1.68667e-27
1.19618e-29
6.77199e-38
7.43964e-13
1.10862e-30
9.27616e-35
0.00863338
0.0118787
8.87432e-23
0.00533543
4.49693e-23
3.64214e-23
-4.87954e-32
5.3699e-25
1.40831e-25
1.31352e-22
7.16717e-23
-1.37014e-34
-2.20326e-34
-1.37357e-33
0.000826672
1.35916e-22
4.64702e-24
5.01918e-30
1.90147e-29
7.36294e-32
7.63847e-27
4.43644e-34
-1.57348e-18
0.000490736
0.0105943
0.00785805
0.0041736
8.73441e-32
0.00259327
-2.62395e-18
-1.07737e-31
1.15002e-31
5.61806e-23
9.23985e-23
7.42514e-23
1.91137e-07
1.08936e-07
2.2349e-10
4.43151e-11
-4.67828e-23
4.06705e-09
5.76279e-36
2.04156e-35
4.28377e-12
5.98824e-06
2.98998e-23
2.87868e-05
1.79888e-05
-2.69417e-16
-9.96376e-17
1.41624e-22
-1.42495e-20
-2.36559e-21
2.95471e-08
1.63299e-08
-2.04769e-17
7.23144e-12
3.6515e-12
4.4605e-35
-1.68897e-26
1.23965e-26
-2.57331e-18
-1.47291e-18
-2.2856e-23
-3.9653e-24
2.97793e-27
5.84949e-28
0.00517676
2.3758e-11
6.82827e-23
0.0050779
0.00365858
0.00512012
0.00362049
0.00517182
0.00365373
0.00513224
0.00364024
0.00511372
0.00364031
0.00510994
0.00364402
0.00514545
0.0036292
0.00517878
0.0036543
0.00511756
0.00366791
0.00511792
0.00359319
0.00512321
0.00362708
0.00507629
0.00362103
0.00515753
0.00360398
0.00520636
0.00368061
0.00516222
0.00369277
0.0051534
0.00362616
0.00511505
0.00365483
0.00507131
0.00363856
0.00516341
0.00361114
0.00516996
0.00367984
0.00512712
0.00363929
0.00511179
0.00363793
0.00511382
0.00364607
0.00514753
0.00363666
0.00516296
0.00366381
0.00512845
0.00367972
0.00525126
0.00366378
0.0053364
0.0037821
0.00529689
0.00385628
0.00529018
0.00382988
0.00498049
0.00380363
0.00455969
0.00314051
0.00353957
-1.23755e-17
2.97085e-22
0.00219273
7.11859e-07
1.74945e-28
8.48097e-29
2.73643e-36
3.35297e-37
-7.32636e-30
2.96041e-13
4.56902e-14
3.10419e-26
1.3227e-32
2.00665e-27
6.81578e-27
1.09137e-23
8.18517e-32
5.89984e-32
6.53284e-23
-1.95009e-33
-3.25991e-33
-1.77665e-31
-4.27491e-31
-4.55685e-31
2.12535e-35
7.88305e-36
-2.56284e-22
-1.83366e-19
-3.91504e-20
1.87017e-22
4.67177e-22
2.72349e-22
2.17139e-09
5.07173e-10
1.35442e-24
1.70132e-23
4.95297e-23
1.07426e-22
1.57267e-34
7.65729e-35
0.00111944
0.00161186
0.00038156
0.000557358
0.000126223
0.000184295
4.09145e-05
6.00246e-05
1.30885e-05
1.92922e-05
4.16698e-06
6.10857e-06
1.31523e-06
1.94905e-06
3.89456e-07
5.7851e-07
1.11882e-07
1.66039e-07
3.11856e-08
4.69044e-08
9.2008e-09
1.36451e-08
2.62668e-09
3.91422e-09
7.26321e-10
1.08971e-09
1.94154e-10
2.92127e-10
5.23299e-11
7.82385e-11
1.42244e-11
2.14729e-11
3.74828e-12
5.60508e-12
9.71068e-13
1.45653e-12
2.4093e-13
3.65318e-13
6.06206e-14
9.0743e-14
1.50433e-14
2.28205e-14
3.67797e-15
5.54451e-15
8.88151e-16
1.3399e-15
2.17912e-16
3.29525e-16
5.29868e-17
7.99541e-17
1.27421e-17
1.91081e-17
3.12578e-18
4.7349e-18
7.36313e-19
1.1091e-18
1.68944e-19
2.54204e-19
3.94202e-20
5.97156e-20
9.35157e-21
1.40061e-20
2.38457e-21
3.61388e-21
6.44893e-22
9.80627e-22
2.23281e-22
3.38792e-22
-3.30525e-28
-7.83162e-29
-2.19455e-22
-1.34663e-21
-9.3306e-23
3.60765e-06
1.1196e-06
6.41942e-23
2.9263e-22
1.20715e-24
2.09253e-24
0.000124374
7.87014e-05
5.90559e-23
1.00266e-22
3.19076e-22
4.34884e-22
3.08661e-23
7.79008e-23
0.00500884
-1.73524e-17
-6.54405e-17
-1.11778e-17
3.86725e-16
6.57314e-11
2.80295e-10
3.39159e-11
9.38277e-23
-7.17143e-23
-6.1199e-28
1.20154e-11
5.72595e-29
9.47485e-29
3.94919e-28
-5.26784e-27
-2.00276e-27
-4.35024e-22
4.69053e-22
2.76964e-22
8.66547e-16
0.00139605
4.6191e-06
-4.82303e-27
5.0279e-26
0.0052438
9.17613e-36
1.02794e-22
-9.44109e-31
3.84675e-31
1.42796e-25
-1.07631e-26
3.28651e-27
4.86552e-23
0.000292633
1.89046e-15
2.54483e-31
1.48225e-26
6.73397e-27
3.83351e-28
8.13459e-30
1.98258e-07
6.68672e-07
1.16072e-07
-3.12081e-33
4.5684e-29
6.14358e-28
-6.77552e-22
-3.3509e-22
-2.73963e-19
-1.57303e-18
-1.06279e-18
1.47497e-33
-2.30913e-24
-3.69439e-25
-2.94906e-26
-2.12467e-25
-9.21979e-27
5.0851e-22
0.000484167
0.00232189
0.00106225
4.37572e-22
2.56622e-22
0.00373161
4.74632e-09
4.33986e-35
3.20056e-31
6.45209e-33
6.25141e-34
2.22146e-05
1.36024e-05
1.22445e-14
5.33475e-15
-5.12403e-34
-8.2406e-34
-5.08751e-33
0.00348632
0.00489729
-2.47301e-32
-7.83761e-33
2.93378e-08
1.71622e-08
1.93737e-24
6.70794e-12
1.47041e-12
0.00357067
9.92881e-32
-8.33594e-31
3.12548e-22
1.73785e-22
4.27874e-24
-3.27814e-23
-6.51867e-24
0.00210764
0.00208812
0.00146848
0.00205608
0.00143802
0.00206871
0.00141482
0.00206001
0.00142766
0.00204621
0.00141786
0.00206478
0.00141227
0.00206868
0.00142806
0.00204833
0.00142798
0.00205211
0.0014124
0.00203713
0.00141599
0.00203438
0.00139913
0.0020709
0.00140611
0.0020643
0.00142264
0.002029
0.00140194
0.00204745
0.00140176
0.00207317
0.00142314
0.00204734
0.00142521
0.00206835
0.00141582
0.00205002
0.00142461
0.00206574
0.00141197
0.0020615
0.00142737
0.00205153
0.00142096
0.0020736
0.00141908
0.00209219
0.00143817
0.00208313
0.00145632
0.00212733
0.00145055
0.00220906
0.00150389
0.00219177
0.00156284
0.00214295
0.00157365
0.00191529
0.00133607
0.00151955
1.52369e-26
-7.82517e-27
2.80295e-06
9.10799e-07
3.31552e-16
2.26128e-17
8.40646e-22
1.80985e-22
1.97063e-14
2.17706e-35
3.39407e-35
6.81425e-35
0.00204093
-2.88521e-29
7.192e-27
1.15416e-26
2.45143e-26
3.91998e-25
6.71878e-24
-2.98442e-32
0.000546814
4.49282e-28
1.91286e-28
-1.64023e-30
-3.9955e-31
1.81386e-29
7.24999e-29
-3.9431e-31
4.97513e-31
-2.32379e-20
-4.2692e-21
-1.72282e-19
-4.07183e-20
1.01546e-21
9.31425e-22
0.00440251
0.0032065
0.00170877
2.6093e-09
6.41298e-10
1.45815e-22
3.8085e-23
-2.52099e-21
2.1278e-22
2.85531e-22
1.75874e-34
9.26068e-35
0.000482607
0.000693594
0.000162535
0.00023651
5.41106e-05
7.87974e-05
1.75951e-05
2.55823e-05
5.7327e-06
8.30491e-06
1.79973e-06
2.6273e-06
5.41769e-07
7.96761e-07
1.56952e-07
2.31268e-07
4.34908e-08
6.47289e-08
1.31568e-08
1.92444e-08
3.89966e-09
5.77148e-09
1.0675e-09
1.5953e-09
2.91555e-10
4.32744e-10
7.99225e-11
1.19009e-10
2.12108e-11
3.16747e-11
5.50965e-12
8.16947e-12
1.44803e-12
2.15777e-12
3.63318e-13
5.42044e-13
9.19146e-14
1.37026e-13
2.30221e-14
3.45275e-14
5.69128e-15
8.46453e-15
1.42452e-15
2.13792e-15
3.45916e-16
5.20973e-16
8.46758e-17
1.25522e-16
2.09697e-17
3.15389e-17
5.02528e-18
7.5376e-18
1.18457e-18
1.76208e-18
2.7618e-19
4.15737e-19
6.45852e-20
9.67565e-20
1.56448e-20
2.32125e-20
4.28648e-21
6.44006e-21
1.28902e-21
1.93891e-21
-4.71169e-28
-1.74831e-28
9.03173e-22
1.41685e-21
1.59965e-21
6.21405e-22
1.48891e-21
5.11454e-24
5.91449e-23
9.37589e-05
5.62572e-05
2.09611e-22
9.78793e-22
8.16349e-34
4.83617e-34
0.00210098
0.0014382
8.36605e-22
1.34546e-21
1.57241e-22
3.32642e-22
2.3563e-22
1.56996e-13
8.25115e-13
6.82917e-14
-6.49828e-23
-1.01148e-27
9.3038e-11
3.70994e-10
5.12693e-11
3.27485e-22
-1.16189e-29
3.88454e-09
1.41893e-30
1.02355e-21
5.67053e-22
8.84003e-28
-2.28664e-27
3.52007e-06
-7.19957e-27
-2.80209e-27
2.87671e-29
1.22831e-11
0.00041539
0.000913345
0.000253656
-5.99682e-32
9.72164e-19
1.27643e-30
1.8477e-30
1.71148e-07
1.01055e-07
1.30733e-27
-6.40972e-31
-1.82804e-33
0.00209261
-5.06466e-22
-2.86076e-22
0.00134842
0.00189199
1.32992e-21
8.04961e-24
-6.42302e-26
-2.96315e-26
0.0014798
3.75722e-33
-5.53592e-21
-2.46777e-20
-3.08273e-21
1.72642e-05
1.05606e-05
1.0452e-22
5.09418e-22
-4.08961e-18
4.16432e-18
-5.14751e-18
1.96921e-14
-1.09668e-32
-1.79832e-32
-9.96135e-32
8.64943e-11
4.94829e-11
2.42069e-08
1.43357e-08
2.50842e-22
1.17393e-25
6.142e-25
9.83755e-15
1.99929e-15
7.00661e-26
3.32463e-26
3.48873e-33
1.63045e-22
1.56578e-19
-5.00091e-20
2.31358e-27
9.24069e-28
0.00147254
2.72991e-33
-7.90717e-25
-3.64512e-25
-3.77646e-27
-3.92658e-24
1.59505e-33
5.68702e-10
3.21227e-10
0.000824922
0.000811398
0.00056989
0.00081255
0.000566501
0.000819044
0.000568269
0.000815624
0.00057203
0.000812724
0.00056725
0.000819383
0.000566373
0.000809559
0.000566499
0.000806167
0.000563985
0.000799916
0.000560631
0.000801119
0.000556059
0.000812643
0.000559278
0.000804096
0.000564581
0.000809002
0.000562908
0.000812506
0.000566045
0.000800747
0.000559595
0.000805374
0.000554642
0.000816465
0.000563088
0.000810034
0.000566278
0.000812603
0.000566589
0.000821122
0.000569224
0.00082005
0.00057439
0.000822034
0.000573258
0.000831732
0.000574298
0.000831314
0.000580923
0.00086053
0.000588272
0.000890708
0.000612157
0.00090248
0.000637854
0.000853963
0.000608021
0.000667298
1.5632e-28
6.70744e-29
5.47484e-07
6.95637e-22
2.11793e-09
2.13192e-06
6.94129e-07
1.44268e-34
6.46983e-12
1.4795e-12
5.10854e-22
-7.3566e-32
-2.08223e-32
3.07699e-21
3.40856e-22
8.07355e-22
1.42479e-27
2.21765e-34
1.51198e-23
-2.34608e-30
-6.68727e-31
1.66546e-28
2.65358e-28
2.11283e-27
-1.40194e-30
-2.29314e-30
1.98433e-30
2.58624e-21
4.19166e-22
-4.12402e-29
-1.79395e-29
8.51787e-22
0.000845579
2.97463e-27
5.47758e-22
1.08416e-21
-1.97217e-26
1.89928e-25
0.000211287
0.000314547
0.000830086
0.000590639
6.81579e-05
9.86769e-05
2.28309e-05
3.2772e-05
7.29363e-06
1.06409e-05
2.28886e-06
3.33432e-06
6.98734e-07
1.02662e-06
2.00623e-07
2.96231e-07
5.82789e-08
8.54742e-08
1.79954e-08
2.6365e-08
5.37132e-09
7.91807e-09
1.50307e-09
2.21201e-09
4.19696e-10
6.18363e-10
1.11704e-10
1.66978e-10
2.92494e-11
4.31976e-11
7.6766e-12
1.1458e-11
2.00412e-12
2.98245e-12
5.15208e-13
7.6729e-13
1.30042e-13
1.93396e-13
3.37799e-14
5.01687e-14
8.49475e-15
1.26749e-14
2.11283e-15
3.1496e-15
5.25232e-16
7.78821e-16
1.28261e-16
1.91607e-16
3.13645e-17
4.6566e-17
7.59032e-18
1.12472e-17
1.79511e-18
2.68452e-18
4.17788e-19
6.22311e-19
1.01754e-19
1.49827e-19
2.52868e-20
3.75721e-20
7.42061e-21
1.08542e-20
-5.96925e-28
-2.50037e-28
1.34786e-22
5.38077e-22
8.20944e-05
5.29358e-05
2.10099e-21
4.90499e-21
6.58224e-22
8.76712e-22
-2.93078e-33
0.000834573
0.000574804
-3.23492e-23
-7.49239e-24
-5.81434e-33
-7.17163e-27
5.54871e-34
1.91892e-13
8.50438e-13
9.43447e-14
2.22367e-06
0.000579537
-8.65249e-27
-3.73611e-27
2.3681e-14
3.54212e-28
3.302e-21
3.29514e-09
5.65384e-26
2.37044e-26
1.94951e-21
-3.90405e-20
-1.67023e-20
0.000733175
1.17261e-11
1.05561e-21
5.00879e-21
2.77389e-21
4.7997e-27
3.97145e-23
1.97394e-23
7.57966e-18
4.81727e-27
1.32776e-07
7.90544e-08
7.0451e-22
7.74992e-11
4.49885e-11
9.54696e-06
5.78089e-06
1.4349e-17
-7.57184e-26
-3.81449e-26
-3.16928e-21
-1.12414e-20
-2.04555e-21
0.0015818
0.00113009
0.000649294
-2.75446e-22
2.10467e-18
1.2668e-21
1.29375e-21
2.12771e-22
-5.34181e-30
2.33893e-21
2.06182e-16
9.49861e-17
3.10766e-21
4.89686e-21
4.09138e-21
8.54819e-30
5.58125e-28
-2.43018e-31
-8.83443e-30
-3.89339e-32
-4.04526e-31
5.23312e-26
8.46449e-26
-3.11176e-26
8.04504e-34
0.000837648
2.67573e-21
3.29156e-25
1.5565e-25
1.90646e-08
1.14831e-08
1.62013e-24
2.40316e-23
1.1231e-15
-6.77529e-32
0.00052717
1.95176e-13
9.95933e-14
0.000595944
1.1442e-26
4.86556e-27
2.85765e-17
1.19521e-17
-1.93482e-22
-4.82795e-23
3.34567e-21
3.06381e-21
4.2113e-21
1.37738e-27
6.19937e-28
0.00031507
1.20602e-14
2.39422e-15
7.24991e-21
0.000313208
0.000313993
0.000213087
0.000313467
0.000212823
0.000308449
0.000210541
0.000311499
0.000208978
0.000311823
0.000210525
0.000312059
0.000211734
0.000312399
0.000212955
0.000310358
0.000212408
0.000310202
0.000212122
0.000310572
0.000210145
0.000312451
0.00021083
0.000314879
0.000213182
0.000313305
0.00021479
0.000310403
0.000213859
0.000312052
0.000212475
0.000312503
0.000211589
0.000313705
0.000212701
0.000314431
0.000213663
0.000315383
0.000213637
0.000310604
0.000211779
0.000310765
0.000208909
0.000314236
0.00020935
0.000321587
0.000214247
0.000344695
0.000223015
0.000370383
0.000248136
0.000350888
2.92067e-13
0.000249135
-1.18049e-31
4.19808e-07
2.03858e-21
1.70228e-21
0.000349084
0.000323601
1.02034e-26
1.6745e-26
-1.20796e-26
8.4543e-21
0.000207117
0.000330106
-2.71078e-30
7.70211e-27
4.80689e-22
3.89604e-21
5.94758e-12
1.39393e-12
0.000313138
0.000212404
0.000211739
-4.62485e-29
-2.13743e-29
5.15355e-10
1.82918e-09
2.8921e-10
9.34048e-23
7.48078e-22
2.38963e-21
1.12143e-20
9.32929e-19
1.35669e-19
-8.37808e-25
-4.0552e-25
6.08114e-21
9.47837e-21
5.79489e-21
4.4661e-25
2.54515e-24
5.41847e-30
1.25796e-29
0.000323812
0.000235912
8.70932e-30
0.000315325
0.000221942
7.27142e-05
1.64467e-13
2.73918e-05
3.86281e-05
9.36216e-06
1.35714e-05
2.97315e-06
4.37543e-06
8.63138e-07
1.28251e-06
2.5958e-07
3.83327e-07
7.7563e-08
1.1403e-07
2.39523e-08
3.50345e-08
7.40082e-09
1.07897e-08
2.10024e-09
3.12812e-09
5.61819e-10
8.35867e-10
1.52188e-10
2.24748e-10
3.96709e-11
5.95855e-11
1.03531e-11
1.54104e-11
2.79214e-12
4.12939e-12
7.14935e-13
1.07373e-12
1.82623e-13
2.7199e-13
4.88202e-14
7.20775e-14
1.23404e-14
1.8482e-14
3.01996e-15
4.50811e-15
7.71417e-16
1.15023e-15
1.87143e-16
2.80812e-16
4.57726e-17
6.8158e-17
1.11154e-17
1.6578e-17
2.59791e-18
3.87842e-18
6.27749e-19
9.32617e-19
1.56186e-19
2.33059e-19
4.09704e-20
6.09264e-20
1.28678e-20
-6.5406e-28
-2.82206e-28
3.04027e-16
1.54375e-16
1.13583e-21
2.67392e-21
1.73363e-21
3.73848e-21
0.000315727
0.000212453
0.000213533
-4.52576e-24
-7.3559e-31
0.000206909
0.000158294
4.60186e-05
2.22365e-13
-8.39176e-27
-3.80149e-27
1.66205e-20
1.01501e-20
2.33619e-05
1.36378e-06
0.000493955
2.749e-25
1.11547e-25
-4.46506e-30
-1.09134e-30
2.42393e-29
1.55055e-06
2.1361e-21
-1.68418e-26
1.31152e-27
1.34564e-15
4.36963e-17
-9.35865e-22
1.15147e-13
2.63816e-14
1.00193e-07
6.04391e-08
2.67915e-09
1.687e-26
-2.98733e-23
-6.87732e-24
1.77862e-21
7.99959e-13
7.0867e-11
7.02156e-06
4.2524e-06
-8.96998e-26
-4.6579e-26
-1.35329e-21
4.92511e-07
6.10932e-23
2.73721e-21
3.10011e-27
4.93914e-27
2.70472e-26
4.94558e-26
2.37581e-26
8.11407e-21
1.3026e-20
-2.31126e-29
-3.80232e-29
3.79319e-29
-7.47801e-26
7.24306e-25
1.44122e-08
8.74614e-09
5.44852e-23
1.44886e-22
3.09481e-21
8.91508e-22
1.70572e-20
1.00819e-20
1.62952e-24
7.63483e-25
3.36386e-21
2.10836e-17
4.31307e-18
4.09096e-11
1.04168e-11
6.64678e-24
8.59567e-23
1.72737e-25
2.81309e-25
-1.20212e-25
0.000118513
0.000118353
8.09048e-05
0.00011797
8.18628e-05
0.000118281
8.09796e-05
0.000119427
8.12972e-05
0.00012089
8.24323e-05
0.000119359
8.29118e-05
0.00012077
8.23543e-05
0.000118744
8.2978e-05
0.000119248
8.1614e-05
0.000121361
8.2498e-05
0.000122037
8.36243e-05
0.000120345
8.35894e-05
0.000121123
8.30994e-05
0.000119713
8.33247e-05
0.000120248
8.2429e-05
0.000121172
8.32441e-05
0.000120558
8.35462e-05
0.000119006
8.25293e-05
0.000116481
8.18189e-05
0.000115693
7.96441e-05
0.000119947
7.97749e-05
0.000127098
8.34689e-05
0.000148308
8.95924e-05
1.6265e-21
9.5388e-07
6.57631e-21
-1.97676e-21
3.00945e-07
9.9862e-05
0.000123366
3.27881e-05
1.47608e-09
4.14376e-10
3.57464e-26
5.69787e-26
-3.04354e-26
9.97233e-21
1.59015e-20
1.26335e-20
-1.63682e-23
-1.6467e-23
2.40519e-20
6.99359e-20
-8.58314e-25
-4.15624e-24
-4.49368e-25
5.27114e-21
1.69615e-20
2.45805e-10
4.685e-29
7.06632e-29
2.09956e-27
0.00011059
-1.21349e-29
3.06488e-05
1.3071e-05
1.91637e-05
4.02869e-06
6.11412e-06
1.12218e-06
1.70481e-06
3.44011e-07
5.20562e-07
1.0504e-07
1.56607e-07
3.32488e-08
4.90835e-08
9.95098e-09
1.47631e-08
2.90332e-09
4.31083e-09
8.00917e-10
1.19941e-09
2.11299e-10
3.16366e-10
5.66054e-11
8.4401e-11
1.48546e-11
2.23916e-11
3.85187e-12
5.79057e-12
1.03004e-12
1.53833e-12
2.76295e-13
4.16795e-13
7.04353e-14
1.05614e-13
1.82373e-14
2.73007e-14
4.57673e-15
6.88539e-15
1.14658e-15
1.72329e-15
2.84158e-16
4.3004e-16
6.74907e-17
1.02061e-16
1.64322e-17
2.48122e-17
3.90831e-18
5.89614e-18
9.40198e-19
1.41861e-18
2.48159e-19
3.70455e-19
-3.79347e-28
4.11416e-16
2.08256e-16
5.35317e-21
8.05482e-21
3.75868e-20
6.57061e-21
1.04256e-20
8.39006e-21
1.61855e-12
6.10656e-12
8.89208e-13
3.74665e-21
5.92516e-21
8.54301e-21
8.08335e-05
1.68242e-24
5.59892e-25
3.44094e-07
1.93492e-20
3.32104e-20
1.13311e-26
1.19634e-06
4.78988e-17
1.78345e-24
1.03814e-23
2.62256e-20
-4.85066e-27
-2.4208e-27
2.49913e-18
4.63472e-19
3.56908e-15
1.9228e-05
1.81262e-13
7.1294e-08
4.28785e-08
5.27866e-27
1.0406e-25
5.96291e-06
3.60708e-06
0.000118265
-7.56218e-26
-4.07061e-26
8.20671e-05
0.000120011
4.06741e-16
2.14107e-16
2.33318e-22
1.51801e-14
3.38211e-20
3.20291e-10
4.78963e-27
1.7999e-26
5.94863e-26
1.6832e-25
2.27032e-28
7.68085e-27
1.27091e-20
-1.67554e-28
9.95544e-05
4.38077e-05
7.28457e-20
2.50557e-20
2.7074e-20
1.89429e-15
1.31671e-12
7.14362e-13
1.22549e-28
3.60831e-28
4.62703e-20
2.64439e-19
1.90271e-20
0.000120111
8.13299e-05
4.35093e-20
1.91315e-09
1.06531e-09
0.000115846
7.36963e-05
1.03826e-08
6.27679e-09
0.000116926
7.96762e-05
7.85913e-05
3.33388e-22
2.56347e-21
3.86294e-21
1.44858e-21
5.2641e-20
1.84049e-10
5.18057e-11
7.44491e-24
3.5586e-24
8.28434e-05
5.25726e-20
1.0801e-19
4.40351e-05
-1.0632e-23
-3.38559e-24
7.2165e-07
9.62576e-26
4.42299e-05
2.96655e-05
5.28049e-20
3.05253e-20
4.45698e-05
2.95797e-05
4.3856e-05
2.98653e-05
4.43472e-05
2.94653e-05
4.49876e-05
2.98887e-05
4.50579e-05
3.02021e-05
4.54096e-05
3.04611e-05
4.50385e-05
3.03642e-05
4.47407e-05
3.02564e-05
4.51919e-05
3.01441e-05
4.5176e-05
3.02904e-05
4.53e-05
3.02258e-05
4.58198e-05
3.06285e-05
4.53075e-05
3.06966e-05
4.5169e-05
3.04944e-05
4.55618e-05
3.05604e-05
4.56071e-05
3.09285e-05
4.53388e-05
3.07074e-05
4.4531e-05
3.04512e-05
4.29749e-05
2.99527e-05
4.27641e-05
2.88196e-05
4.46342e-05
2.85883e-05
4.92515e-05
3.59754e-05
3.07707e-05
2.40557e-17
5.29908e-18
0.000141222
6.28395e-20
5.0106e-20
1.18478e-19
1.07058e-19
4.5828e-05
8.38909e-12
4.86037e-12
3.17034e-05
9.59801e-14
2.25377e-14
2.09416e-07
1.9348e-22
5.2329e-22
8.32599e-20
1.69012e-19
1.14629e-25
1.85767e-25
-7.22447e-27
7.68663e-23
6.64948e-24
-1.44213e-28
-2.40052e-28
2.04809e-28
3.30797e-15
1.79492e-15
2.80132e-20
1.29763e-19
4.52287e-05
3.03016e-05
3.10465e-05
2.22346e-05
6.65639e-06
1.64989e-06
2.62487e-06
5.16608e-07
7.77818e-07
1.60398e-07
2.41578e-07
4.94855e-08
7.36836e-08
1.40926e-08
2.11742e-08
4.13688e-09
6.22633e-09
1.13804e-09
1.71614e-09
3.0863e-10
4.67651e-10
8.39205e-11
1.27149e-10
2.19986e-11
3.32707e-11
5.93322e-12
8.99547e-12
1.59898e-12
2.43144e-12
4.16371e-13
6.31219e-13
1.10322e-13
1.67533e-13
2.8674e-14
4.35254e-14
7.01283e-15
1.07233e-14
1.78503e-15
2.70801e-15
4.56745e-16
6.97613e-16
1.06795e-16
1.63964e-16
2.5857e-17
3.9468e-17
6.26324e-18
9.68756e-18
1.52423e-18
2.32966e-18
4.17158e-19
6.28442e-19
1.3901e-09
2.04865e-05
2.50057e-07
-3.02863e-25
2.84785e-24
1.63215e-24
5.84728e-25
2.17391e-25
1.70082e-19
3.12445e-05
4.55417e-05
1.08947e-05
8.25358e-07
5.28699e-08
3.22471e-08
-1.95677e-27
-1.30818e-27
3.07072e-11
6.68463e-24
3.44651e-24
5.39279e-17
1.32446e-14
1.77823e-20
-4.12453e-26
-2.4835e-26
5.79793e-21
3.90154e-25
4.55462e-22
4.15066e-16
2.20405e-16
-5.48156e-25
-2.12699e-24
-3.11771e-25
1.02123e-19
3.68905e-25
6.22068e-25
1.9185e-26
4.15188e-26
6.64463e-26
3.48073e-25
1.6456e-23
1.6034e-19
7.79825e-10
2.23973e-10
1.06419e-12
1.07402e-27
3.02801e-26
1.66635e-20
4.33961e-20
5.1894e-20
2.28358e-20
1.26559e-20
1.9739e-20
2.76181e-20
7.45022e-09
4.54158e-09
3.54983e-06
2.16872e-06
6.06626e-21
2.47626e-21
2.37385e-20
3.77957e-20
3.97999e-20
2.59382e-23
3.05608e-22
1.68313e-19
1.02832e-19
5.69252e-13
1.44837e-13
5.94026e-25
1.85108e-19
1.64563e-05
1.61969e-05
1.1053e-05
1.66874e-05
1.10207e-05
1.65142e-05
1.13937e-05
1.65946e-05
1.12483e-05
1.68302e-05
1.12507e-05
1.69978e-05
1.14989e-05
1.66652e-05
1.14435e-05
1.68244e-05
1.1279e-05
1.67936e-05
1.14974e-05
1.68337e-05
1.1363e-05
1.68745e-05
1.14564e-05
1.70645e-05
1.15257e-05
1.68437e-05
1.15066e-05
1.70286e-05
1.14473e-05
1.69702e-05
1.16467e-05
1.72237e-05
1.15698e-05
1.68105e-05
1.16411e-05
1.66115e-05
1.14267e-05
1.63902e-05
1.13357e-05
1.56437e-05
1.11481e-05
1.51875e-05
1.05125e-05
6.78456e-12
3.88125e-12
5.05966e-07
2.6819e-17
3.47721e-20
2.13283e-20
6.76688e-20
2.63103e-20
1.23586e-21
9.08755e-21
5.72679e-19
2.7165e-19
1.51897e-07
3.41721e-19
2.37424e-25
1.66384e-27
2.73932e-19
5.35997e-19
1.90088e-22
2.94267e-23
1.35354e-23
7.93285e-20
3.09219e-18
2.92133e-06
8.18026e-07
1.23159e-06
2.43187e-07
3.64156e-07
7.02545e-08
1.0577e-07
2.01297e-08
3.02277e-08
5.95999e-09
8.89774e-09
1.7156e-09
2.60022e-09
4.6695e-10
7.07076e-10
1.26049e-10
1.90229e-10
3.48977e-11
5.34686e-11
9.30938e-12
1.40263e-11
2.51287e-12
3.79734e-12
6.71086e-13
1.02564e-12
1.77613e-13
2.69235e-13
4.54464e-14
6.95356e-14
1.14395e-14
1.74623e-14
2.93166e-15
4.44806e-15
7.43792e-16
1.1319e-15
1.79832e-16
2.76934e-16
4.19481e-17
6.41196e-17
1.06263e-17
1.63396e-17
2.71306e-18
4.20358e-18
7.22723e-19
1.11481e-18
3.07039e-15
1.6843e-15
1.50764e-05
4.4259e-05
4.13888e-05
2.76701e-05
2.98767e-05
3.44505e-24
3.17917e-23
-4.03247e-25
2.61164e-23
5.81696e-23
3.25115e-25
8.74186e-06
1.6569e-24
9.45045e-23
3.97254e-11
6.59284e-24
4.09092e-23
-4.83578e-25
2.87316e-19
2.32012e-11
6.89726e-22
1.92358e-21
4.71514e-12
1.56244e-05
1.78568e-07
3.75134e-08
2.25573e-08
4.14858e-17
5.53812e-22
2.66547e-27
-1.03204e-27
-6.77229e-27
8.16304e-24
3.4555e-24
1.34863e-05
2.18061e-14
1.17886e-14
2.00651e-20
9.83978e-20
5.04404e-20
3.36328e-19
5.10791e-09
1.33193e-10
5.5337e-19
3.22501e-19
7.90522e-25
-1.89435e-25
-3.20955e-25
-1.42828e-25
6.35101e-07
8.53545e-14
1.26055e-24
2.5799e-24
3.20471e-16
1.69937e-16
6.00026e-18
1.7398e-05
1.46736e-25
1.27458e-24
6.78891e-26
2.33476e-25
4.51532e-06
1.12305e-05
1.6521e-05
9.41063e-20
1.47849e-19
4.29426e-19
7.13116e-20
3.23893e-20
5.51659e-20
1.06984e-19
4.12957e-20
6.62098e-20
8.84265e-20
2.97256e-06
1.83026e-06
1.24477e-24
2.01917e-24
2.06366e-24
6.52102e-21
2.96844e-21
8.08149e-20
1.22362e-22
5.9382e-23
9.60104e-06
3.08968e-09
9.56484e-10
2.7083e-12
7.38125e-13
5.29214e-19
1.23005e-05
1.77782e-05
6.1539e-06
3.84543e-07
6.36225e-06
4.18619e-06
6.29149e-06
4.30532e-06
6.32285e-06
4.26742e-06
6.40582e-06
4.28009e-06
6.36416e-06
4.31329e-06
6.35002e-06
4.31055e-06
6.38875e-06
4.30918e-06
6.29293e-06
4.29606e-06
6.43527e-06
4.26649e-06
6.43364e-06
4.36207e-06
6.38647e-06
4.33601e-06
6.43525e-06
4.33991e-06
6.44519e-06
4.37139e-06
6.48929e-06
4.40785e-06
6.53089e-06
4.43921e-06
6.40252e-06
4.49306e-06
6.30571e-06
4.3969e-06
6.01027e-06
4.29715e-06
5.37354e-06
3.49146e-06
4.02062e-06
2.52801e-22
2.14565e-17
1.27639e-19
1.92998e-26
3.56655e-26
1.14454e-25
8.80019e-06
4.30588e-23
1.67018e-23
1.64182e-14
3.39303e-19
7.74605e-19
3.51571e-18
3.7149e-19
7.09674e-20
1.73889e-05
1.22662e-05
6.83676e-06
1.09723e-18
1.16565e-13
4.36212e-13
6.34681e-14
2.75794e-11
1.59308e-11
2.98884e-24
1.06522e-06
1.63541e-06
1.12444e-18
3.24563e-07
4.88828e-07
9.78922e-08
1.45278e-07
2.93702e-08
4.43261e-08
8.63298e-09
1.29208e-08
2.57806e-09
3.84039e-09
7.22618e-10
1.09741e-09
2.01664e-10
3.05976e-10
5.62229e-11
8.40813e-11
1.52173e-11
2.33246e-11
3.99688e-12
6.08273e-12
1.08226e-12
1.62878e-12
2.95185e-13
4.50528e-13
7.55255e-14
1.1403e-13
1.94466e-14
2.98878e-14
4.87826e-15
7.45779e-15
1.22808e-15
1.86118e-15
3.05188e-16
4.67638e-16
7.4034e-17
1.15026e-16
1.89148e-17
2.90732e-17
5.23491e-18
8.4206e-18
1.32868e-18
2.11285e-18
2.36534e-15
9.15079e-15
1.29927e-15
1.08571e-07
-1.20262e-24
-1.95335e-24
1.06488e-23
1.12633e-19
2.01731e-19
2.20229e-22
1.17772e-05
5.78332e-22
2.7157e-22
2.21578e-25
6.14687e-26
2.07563e-11
4.53688e-21
3.16214e-20
1.32445e-07
4.22679e-07
4.796e-18
3.1475e-17
2.64709e-08
1.59501e-08
7.19481e-20
3.53034e-20
1.82747e-18
1.13066e-18
1.86717e-06
4.07045e-06
1.14847e-06
1.97663e-19
1.64898e-10
5.70138e-10
9.4053e-11
7.22615e-06
6.65083e-21
1.43829e-19
1.05159e-22
1.08766e-21
3.63596e-19
9.54004e-24
3.47223e-22
2.48026e-16
1.30019e-16
9.63621e-24
4.5477e-24
4.03557e-06
5.97305e-06
2.29835e-19
5.45988e-25
4.76687e-24
3.49127e-09
1.01354e-18
6.31751e-19
5.85302e-19
9.3424e-19
1.70897e-18
7.17218e-20
2.24434e-19
6.24386e-06
4.92021e-06
2.18936e-19
3.0965e-19
1.89434e-23
4.89791e-23
2.73747e-24
1.74244e-22
8.88103e-23
3.55564e-19
1.19228e-11
3.50173e-12
1.79317e-08
1.07441e-08
1.73784e-18
3.22332e-21
6.00712e-22
2.58277e-07
2.80077e-18
5.91185e-19
2.38438e-06
2.32285e-06
1.59203e-06
2.28139e-06
1.52979e-06
2.32213e-06
1.51232e-06
2.31623e-06
1.54004e-06
2.28922e-06
1.53201e-06
2.30424e-06
1.52137e-06
2.29338e-06
1.52292e-06
2.31405e-06
1.52155e-06
2.32748e-06
1.53489e-06
2.32544e-06
1.54536e-06
2.33183e-06
1.54604e-06
2.37573e-06
1.56909e-06
2.3817e-06
1.59824e-06
2.43958e-06
1.61443e-06
2.33877e-06
1.65652e-06
2.18611e-06
1.57379e-06
1.95108e-06
1.28862e-06
1.46927e-06
1.57888e-17
3.63957e-18
8.07304e-08
-6.5962e-24
-5.26407e-24
3.09229e-19
1.8833e-19
6.65628e-19
2.25554e-06
3.36222e-18
5.12882e-19
3.28215e-19
4.11121e-07
6.10924e-07
3.9712e-06
2.10655e-09
6.55497e-10
5.94026e-06
1.2838e-07
1.89802e-07
4.07767e-08
5.99557e-08
1.21156e-08
1.80356e-08
3.63852e-09
5.37713e-09
1.0887e-09
1.62648e-09
3.08102e-10
4.60508e-10
8.60286e-11
1.28672e-10
2.32623e-11
3.48544e-11
6.19904e-12
9.30222e-12
1.69841e-12
2.55422e-12
4.67044e-13
7.02057e-13
1.19943e-13
1.81201e-13
3.15028e-14
4.73976e-14
7.81631e-15
1.18886e-14
1.95924e-15
2.95614e-15
5.0074e-16
7.6034e-16
1.27306e-16
1.93123e-16
3.41394e-17
5.20855e-17
1.06913e-17
1.66904e-17
9.77207e-19
3.52445e-18
5.35953e-18
4.40469e-24
7.02766e-24
1.46761e-23
8.92579e-08
4.10254e-06
6.71932e-25
2.79669e-25
1.10614e-08
7.16623e-21
3.51637e-19
4.45862e-06
1.66148e-20
1.10829e-19
2.90942e-23
4.37972e-21
2.17587e-06
1.45529e-18
2.3528e-06
6.25891e-20
3.1219e-20
2.23438e-17
3.42469e-19
8.94045e-25
5.81083e-18
3.61335e-22
7.39911e-23
7.94099e-22
1.45382e-06
1.1861e-10
3.90627e-10
6.89814e-11
2.10688e-23
2.72775e-06
1.01426e-06
1.09191e-18
9.03353e-14
1.57543e-06
5.40998e-08
6.14067e-19
5.97412e-13
2.08679e-12
3.36151e-13
1.92417e-16
1.00665e-16
4.98642e-23
-1.88183e-23
1.09106e-23
3.26143e-23
4.14239e-20
2.09419e-20
1.52201e-06
3.28948e-18
5.55805e-18
1.32084e-06
2.01117e-06
2.76313e-18
1.87963e-15
1.00501e-15
4.66505e-19
9.60113e-19
2.71284e-23
4.40088e-23
1.65927e-22
2.45742e-21
2.70274e-06
6.04588e-19
1.67718e-18
1.59624e-24
7.68865e-22
3.77324e-22
1.44101e-11
6.62713e-09
2.20391e-09
2.55243e-21
1.23145e-21
7.87555e-11
4.60918e-11
5.97515e-07
2.43398e-07
1.67265e-06
5.27921e-19
2.13443e-18
2.70037e-19
6.27265e-06
5.95162e-24
5.25492e-08
1.47927e-07
3.20659e-08
8.69038e-07
4.21526e-10
2.48989e-10
2.94973e-18
4.60749e-18
5.1963e-18
8.48352e-07
8.41655e-07
5.69491e-07
8.51476e-07
5.6798e-07
8.49184e-07
5.70102e-07
8.36068e-07
5.70571e-07
8.35152e-07
5.60281e-07
8.44307e-07
5.6308e-07
8.48339e-07
5.6748e-07
8.48709e-07
5.70647e-07
8.5678e-07
5.70564e-07
8.6229e-07
5.81606e-07
8.8782e-07
5.91633e-07
9.00355e-07
6.1358e-07
8.82269e-07
6.20152e-07
8.33963e-07
6.06396e-07
7.45317e-07
5.05652e-07
5.7311e-07
2.99839e-23
1.41389e-23
1.14474e-17
2.63513e-18
6.58202e-19
1.04724e-18
9.52121e-19
1.42952e-24
1.65497e-18
8.63149e-07
5.81567e-07
4.44791e-18
1.30736e-14
2.51331e-18
3.52576e-24
1.60551e-07
2.35911e-07
5.18593e-08
7.55598e-08
1.63797e-08
2.39151e-08
5.03316e-09
7.40245e-09
1.49341e-09
2.19702e-09
4.40369e-10
6.54445e-10
1.22637e-10
1.82884e-10
3.24633e-11
4.84605e-11
9.22103e-12
1.37468e-11
2.54945e-12
3.80559e-12
7.09446e-13
1.04848e-12
1.87651e-13
2.81005e-13
4.73213e-14
7.09902e-14
1.19978e-14
1.79498e-14
3.01863e-15
4.53037e-15
7.7625e-16
1.15428e-15
2.10425e-16
3.14805e-16
6.43044e-17
9.80144e-17
4.95903e-14
6.60358e-14
7.2742e-15
1.01475e-17
8.28904e-12
2.45745e-12
2.33716e-21
5.60881e-22
8.70251e-07
5.76828e-07
1.07628e-17
3.18897e-21
1.54711e-21
3.63824e-19
1.85163e-19
2.59503e-20
3.10203e-08
1.32617e-09
5.88189e-23
5.84304e-07
5.1659e-11
8.42421e-07
5.67349e-07
5.02721e-07
7.55904e-07
1.60469e-17
6.81522e-24
1.16781e-23
1.7692e-23
3.93137e-21
1.84119e-08
6.09604e-09
4.10771e-13
1.47542e-12
2.36288e-13
8.88219e-21
1.7068e-17
7.00857e-07
9.52875e-18
1.44338e-21
3.00865e-22
1.05529e-22
2.40303e-19
7.28177e-19
5.3994e-21
2.29484e-20
1.09895e-20
1.42995e-15
7.82261e-16
1.05459e-17
1.63673e-17
1.25304e-21
4.06793e-22
2.03144e-18
2.28297e-17
3.64326e-14
9.62243e-15
4.61822e-23
1.91158e-18
3.21109e-18
3.62e-18
1.49197e-17
2.15526e-22
9.18886e-23
1.32347e-16
6.99347e-17
3.03954e-11
9.63653e-12
4.49474e-23
2.83522e-21
8.54503e-21
5.91955e-20
3.75856e-19
2.61469e-10
1.56784e-10
4.84998e-22
9.99898e-18
1.58439e-17
1.68082e-17
3.03276e-07
3.00514e-07
2.00268e-07
2.95408e-07
1.94042e-07
2.98577e-07
1.92968e-07
2.97065e-07
1.96809e-07
2.97889e-07
1.94868e-07
2.97431e-07
1.96165e-07
3.02234e-07
1.95451e-07
2.95644e-07
1.96166e-07
3.03417e-07
1.94986e-07
3.14348e-07
2.02238e-07
3.26895e-07
2.12902e-07
3.33328e-07
2.24197e-07
3.18204e-07
2.30256e-07
2.78034e-07
1.90375e-07
2.17853e-07
1.55675e-18
1.91626e-18
3.08441e-18
5.7321e-18
3.27219e-07
1.48246e-07
9.0326e-08
8.13079e-18
1.82628e-18
3.24557e-17
3.10814e-07
2.16302e-07
7.19857e-23
6.71008e-22
1.38375e-20
6.57865e-21
4.31931e-07
9.76239e-23
6.46107e-22
6.35623e-08
9.09009e-08
2.11695e-08
3.07128e-08
6.58049e-09
9.59976e-09
1.99064e-09
2.92019e-09
5.88487e-10
8.76919e-10
1.62784e-10
2.42978e-10
4.49757e-11
6.67108e-11
1.28118e-11
1.89642e-11
3.54864e-12
5.24437e-12
9.91515e-13
1.46425e-12
2.65133e-13
3.96971e-13
6.60511e-14
9.76821e-14
1.76148e-14
2.62652e-14
4.33328e-15
6.46531e-15
1.12399e-15
1.65515e-15
3.28449e-16
4.83544e-16
2.06334e-22
1.18499e-22
3.53069e-22
5.88389e-23
3.04665e-07
2.04467e-07
2.72756e-21
1.14938e-21
2.31361e-19
1.05293e-18
1.13325e-19
1.65064e-10
1.15793e-17
1.31963e-09
3.13076e-17
3.79249e-17
3.10357e-07
2.02274e-07
2.00958e-07
6.61635e-08
4.58926e-21
9.33997e-20
3.73953e-18
1.45056e-22
2.8809e-07
1.00362e-10
3.39494e-11
5.60209e-17
7.1499e-21
1.9381e-20
3.68121e-09
2.82201e-13
3.98787e-08
1.48628e-08
5.72613e-15
8.09266e-10
1.50893e-18
3.03631e-18
1.18428e-16
9.99861e-16
5.45455e-16
3.08696e-17
5.10797e-17
1.18895e-21
4.26002e-22
2.02182e-07
2.96808e-07
6.5815e-18
3.12681e-17
4.91127e-17
2.01614e-21
7.13753e-22
1.64293e-21
2.58914e-21
1.41182e-20
1.04338e-16
5.39977e-17
1.75146e-12
5.85242e-12
1.00433e-12
5.80015e-20
2.9322e-20
1.61067e-13
4.56328e-14
1.09367e-17
6.39942e-18
3.12893e-20
5.85698e-18
1.32018e-18
7.92707e-20
1.07459e-07
1.04291e-07
7.07278e-08
1.05555e-07
6.98258e-08
1.0734e-07
7.04558e-08
1.06615e-07
7.192e-08
1.0789e-07
7.12327e-08
1.06568e-07
7.15212e-08
1.04843e-07
7.05212e-08
1.06427e-07
7.01581e-08
1.08754e-07
7.15489e-08
1.16099e-07
7.30967e-08
1.22981e-07
7.94556e-08
1.28305e-07
8.87668e-08
1.06842e-07
7.44904e-08
8.99409e-08
1.31527e-17
2.05649e-17
4.87809e-17
1.06053e-20
1.7374e-20
3.07938e-20
2.13392e-19
3.24045e-17
5.07304e-17
4.84505e-17
5.85e-21
2.46883e-21
3.85912e-22
7.36168e-15
4.08682e-15
1.68057e-07
8.24063e-19
1.3182e-18
2.38614e-18
1.14989e-07
2.68249e-08
3.81341e-08
8.57784e-09
1.24411e-08
2.6601e-09
3.95123e-09
7.87102e-10
1.17044e-09
2.1819e-10
3.262e-10
5.96103e-11
9.01588e-11
1.64536e-11
2.45274e-11
4.81536e-12
7.15243e-12
1.33739e-12
2.00064e-12
3.64978e-13
5.41577e-13
9.30104e-14
1.4036e-13
2.33851e-14
3.48301e-14
6.14559e-15
9.12833e-15
1.59962e-15
2.38067e-15
1.13853e-07
7.67259e-10
4.68745e-10
1.10336e-07
7.60988e-08
1.11e-19
5.25535e-20
1.21412e-19
1.08126e-07
7.3561e-08
2.71483e-14
9.4314e-17
1.03459e-17
2.0664e-11
6.75367e-12
9.08861e-09
3.35001e-09
7.92225e-20
1.2807e-19
1.8901e-19
1.49322e-19
1.68975e-16
2.28487e-16
2.04852e-17
6.21658e-18
2.06264e-09
3.69752e-17
2.22764e-17
4.57988e-16
8.24331e-18
2.12796e-13
6.01154e-21
4.90641e-20
9.39225e-17
1.49583e-16
7.88699e-16
4.22153e-16
9.62732e-17
9.17385e-21
4.47835e-21
6.77437e-08
2.89154e-08
7.16687e-08
1.08335e-07
1.21521e-07
8.24571e-08
4.77609e-08
4.40754e-10
6.51001e-17
3.49723e-17
1.20792e-12
4.04576e-12
6.97407e-13
2.69981e-10
1.01556e-10
2.7737e-20
1.26382e-20
1.09206e-19
3.392e-19
1.23435e-19
5.91628e-20
5.47941e-15
3.02392e-15
3.82738e-08
3.76982e-08
2.51573e-08
3.87212e-08
2.51277e-08
3.85597e-08
2.55515e-08
3.85881e-08
2.55433e-08
3.86108e-08
2.55012e-08
3.84716e-08
2.57606e-08
3.86321e-08
2.55508e-08
3.9195e-08
2.55044e-08
4.33422e-08
2.62132e-08
5.25615e-08
2.90369e-08
8.82509e-17
1.41096e-16
1.55902e-16
1.21274e-13
3.41497e-14
4.2742e-18
3.22094e-17
9.56598e-21
1.84246e-09
1.13606e-09
1.10336e-08
3.89758e-09
5.77462e-09
1.11971e-09
1.7123e-09
2.95123e-10
4.52712e-10
8.24076e-11
1.25743e-10
2.33395e-11
3.52981e-11
6.7579e-12
1.01672e-11
1.88971e-12
2.86371e-12
4.99595e-13
7.5143e-13
1.32078e-13
1.99396e-13
3.35719e-14
5.10022e-14
8.8086e-15
1.33648e-14
2.42363e-15
3.6631e-15
3.97249e-20
2.03037e-20
4.01293e-08
7.6128e-19
9.40993e-19
7.51566e-09
7.11121e-08
2.5558e-08
3.8509e-08
6.49846e-16
9.74935e-18
1.93867e-17
2.65554e-16
6.25992e-17
2.01284e-14
7.55363e-17
4.47755e-17
5.22305e-19
1.79094e-08
6.30712e-11
2.21917e-11
2.19985e-20
3.55841e-20
1.73504e-19
5.17248e-18
2.77338e-10
1.10416e-09
6.83319e-10
2.94608e-16
4.15872e-16
1.58889e-08
4.77305e-16
2.59655e-16
5.93268e-18
4.67947e-09
3.30298e-08
9.8839e-17
1.58457e-16
1.51253e-16
4.57641e-17
2.29421e-17
3.93398e-08
2.6342e-08
2.68946e-08
4.05558e-08
2.61278e-19
7.77815e-13
2.99866e-18
8.15795e-18
5.6004e-19
1.82811e-19
8.87807e-20
7.98523e-19
4.69647e-18
7.24472e-16
2.86226e-16
1.20398e-15
2.58654e-08
3.9026e-08
1.25243e-16
7.74529e-17
4.54458e-13
1.37991e-13
3.50954e-15
1.94614e-15
3.82641e-08
2.58722e-08
4.34559e-16
9.77421e-17
1.33743e-08
1.33619e-08
8.73995e-09
1.32689e-08
8.69854e-09
1.34362e-08
8.67149e-09
1.3587e-08
8.83366e-09
1.33504e-08
8.85344e-09
1.31519e-08
8.71246e-09
1.35378e-08
8.46638e-09
1.54008e-08
1.10532e-08
9.04665e-09
4.81175e-08
2.31866e-14
8.11392e-14
1.30462e-14
7.6727e-19
3.87234e-19
7.46671e-19
3.18005e-18
4.00167e-19
1.73335e-10
6.53494e-11
3.88603e-09
2.42688e-09
6.61135e-09
1.33749e-08
3.05157e-18
1.84749e-09
4.53759e-10
7.26809e-10
1.2963e-10
2.01401e-10
3.6019e-11
5.56093e-11
1.02266e-11
1.56172e-11
2.80213e-12
4.30231e-12
7.22592e-13
1.1133e-12
1.98516e-13
3.03776e-13
5.20902e-14
8.04789e-14
1.42957e-14
2.19311e-14
3.69072e-15
5.42619e-15
4.30717e-12
2.53463e-12
1.65949e-17
3.04073e-17
1.30723e-08
8.65041e-09
8.58277e-09
2.56073e-16
1.60394e-16
7.74008e-19
1.93142e-16
2.51972e-08
3.74606e-17
1.41011e-08
1.75292e-10
1.35082e-11
3.00888e-09
3.98447e-19
1.24034e-18
3.45455e-16
1.89279e-16
7.53858e-16
1.57873e-18
8.79648e-09
1.35324e-08
9.21649e-09
5.40451e-13
3.11289e-16
4.66092e-16
5.51315e-18
1.64421e-15
1.30037e-08
2.75323e-12
1.61858e-12
8.13987e-10
5.13352e-10
6.0178e-17
7.76939e-16
1.21126e-15
1.25121e-08
7.97259e-09
6.07141e-09
1.00675e-17
2.61171e-17
4.24125e-16
2.62234e-16
2.08336e-17
1.34754e-08
8.41023e-09
5.94875e-19
9.13807e-18
1.34505e-08
8.71071e-09
8.78448e-09
4.6235e-09
4.75688e-09
4.75355e-09
3.15705e-09
4.78474e-09
3.16597e-09
4.80236e-09
3.19545e-09
4.70373e-09
3.20899e-09
4.33925e-09
3.0286e-09
8.22886e-10
3.01748e-16
8.04382e-20
9.42733e-17
1.89949e-16
1.40779e-11
4.01295e-11
8.33912e-12
4.48946e-17
3.01153e-09
2.85968e-18
3.34769e-16
5.11897e-16
4.8948e-16
1.35483e-16
2.15808e-16
8.80914e-17
3.0505e-13
9.06439e-14
1.2086e-17
2.44668e-17
6.0915e-18
2.06447e-15
5.61088e-15
2.83853e-08
2.25708e-10
3.46378e-10
5.90785e-11
9.18718e-11
1.60325e-11
2.48157e-11
4.11092e-12
6.39431e-12
1.09405e-12
1.70078e-12
2.93625e-13
4.50594e-13
8.56828e-14
1.30303e-13
2.65383e-14
9.72723e-15
4.24094e-14
6.31691e-19
2.42963e-15
1.34915e-15
1.27693e-19
1.07863e-10
3.70311e-11
1.15646e-15
9.3922e-16
2.40791e-15
4.68823e-09
3.06365e-09
1.86126e-18
2.83165e-19
1.88667e-09
3.1079e-09
1.25964e-09
4.47856e-09
8.22593e-11
5.45717e-17
9.04313e-16
1.52573e-14
5.3108e-14
8.56815e-15
1.71502e-12
2.82963e-18
1.56138e-17
1.00049e-12
3.17982e-13
3.56474e-09
1.32113e-18
3.03165e-09
4.59954e-09
2.30054e-09
3.41239e-10
1.3041e-09
1.9662e-10
1.39898e-18
2.26503e-18
4.57346e-18
6.01548e-16
1.38784e-15
4.51981e-09
8.46833e-16
5.36335e-16
2.69484e-09
3.01013e-09
4.57399e-09
1.00144e-17
1.70631e-09
1.68713e-09
1.1153e-09
1.70528e-09
1.13641e-09
1.54846e-09
1.00253e-09
1.12624e-09
5.16237e-11
3.01356e-16
3.12635e-10
4.7672e-10
8.63749e-17
1.83022e-16
2.89876e-15
1.83232e-15
7.89498e-12
2.24946e-11
4.74934e-12
1.67423e-09
2.98798e-09
9.47634e-11
1.47594e-10
2.58919e-11
4.10484e-11
6.62138e-12
1.04285e-11
1.77933e-12
2.81227e-12
4.64059e-13
7.26206e-13
1.21551e-13
1.80854e-13
1.43965e-15
1.68138e-09
1.09504e-09
1.5826e-09
3.95509e-11
4.36757e-16
9.52156e-15
5.31872e-15
1.06564e-12
4.79705e-09
1.1349e-14
3.05688e-09
4.66802e-09
3.4896e-17
6.03416e-16
9.34315e-16
1.11026e-09
6.08134e-15
5.81931e-14
1.47593e-15
4.70296e-12
2.84201e-12
6.08027e-14
1.89699e-13
3.41305e-14
1.71872e-09
8.74323e-10
9.24976e-16
2.85364e-16
1.37205e-10
5.18984e-10
8.40575e-11
3.7603e-15
5.23054e-18
1.04535e-15
1.64347e-15
1.44695e-15
1.66267e-09
4.15596e-17
8.0698e-16
1.08985e-09
1.04271e-09
1.00233e-09
1.54444e-09
1.43708e-16
1.96408e-11
2.23994e-17
2.91185e-15
9.17928e-15
7.77104e-16
6.28786e-13
2.11275e-13
3.11132e-09
1.95062e-14
5.87853e-10
8.64662e-17
6.22591e-10
3.90062e-10
6.27807e-10
4.2646e-10
4.38219e-10
1.56033e-14
3.22209e-15
2.88903e-16
5.01148e-15
9.89392e-15
3.21376e-15
1.19861e-11
1.10107e-17
5.66941e-17
4.29097e-11
1.08595e-11
1.74758e-11
2.88327e-12
4.61114e-12
7.45336e-13
1.20912e-12
1.73433e-13
2.98182e-13
5.72465e-10
1.29133e-15
2.49554e-11
1.15267e-11
3.25378e-15
5.97503e-10
3.78126e-10
1.53921e-10
6.73941e-11
2.34847e-10
1.75508e-17
3.19037e-14
7.87718e-17
3.54448e-16
1.82744e-16
5.06525e-15
2.8921e-15
1.02193e-14
3.87891e-10
6.02982e-10
1.89563e-15
4.43969e-15
4.10793e-17
6.09095e-16
9.48105e-16
7.31529e-16
5.67583e-11
1.26082e-16
3.95568e-10
5.33862e-10
3.11498e-14
6.87371e-13
5.73837e-15
1.67113e-09
1.11813e-09
2.41491e-15
2.9507e-11
5.61445e-10
6.04651e-14
1.95746e-14
4.76985e-14
3.5967e-10
3.46344e-10
1.2197e-13
3.47762e-14
1.01185e-14
2.04848e-10
7.30809e-12
3.05863e-12
1.93512e-10
1.56663e-09
2.70068e-10
4.07022e-13
1.3096e-13
2.02302e-16
2.69492e-15
3.94194e-14
3.58731e-10
1.95864e-10
1.90629e-12
1.95594e-14
5.30801e-12
1.39657e-12
2.2877e-12
3.36925e-13
5.63499e-13
1.80194e-10
1.08199e-09
1.86579e-11
4.60608e-16
7.43374e-16
9.62563e-16
1.01921e-09
7.74728e-14
2.04596e-12
2.13349e-10
1.36016e-10
8.41713e-12
5.78878e-15
5.29828e-12
1.24477e-10
2.03572e-10
9.548e-15
3.00841e-14
1.26148e-10
4.59041e-15
1.86565e-15
2.95002e-15
1.43547e-14
2.49903e-14
8.53687e-15
1.863e-14
3.63428e-15
1.92075e-15
7.72727e-14
6.14779e-10
3.43928e-10
1.89659e-10
5.28505e-10
8.48772e-12
1.9048e-11
1.74175e-10
8.6328e-11
7.48612e-11
1.15769e-10
1.15317e-10
1.79861e-10
4.91939e-10
1.32358e-13
1.27404e-12
4.5285e-13
1.0124e-13
1.13149e-13
1.38297e-10
1.22435e-10
3.12747e-10
3.12444e-11
6.49347e-11
1.66337e-14
2.96685e-14
7.15092e-14
4.34675e-14
1.53936e-10
9.80728e-11
5.56103e-11
6.93128e-14
3.94176e-10
1.06221e-11
2.07646e-15
3.3322e-15
2.90874e-15
5.50058e-12
2.76764e-12
4.43183e-12
3.89214e-11
1.69406e-11
6.20043e-11
1.53364e-13
6.46659e-13
2.51217e-13
1.0855e-12
2.9679e-14
7.4101e-11
4.19974e-11
8.93746e-14
2.76915e-13
5.52948e-14
6.84402e-14
1.51962e-13
5.99242e-15
1.49416e-14
3.20199e-11
6.14606e-11
3.00385e-12
2.27759e-13
7.89582e-11
5.30129e-11
1.16391e-12
2.29964e-14
1.35533e-14
6.2285e-11
5.1225e-11
3.94453e-11
4.00799e-11
3.0404e-12
2.11329e-11
5.62309e-11
1.3073e-11
3.5637e-13
5.04601e-12
7.1116e-13
2.85621e-13
1.31285e-12
6.79631e-13
2.38623e-12
2.33761e-11
1.782e-11
7.91871e-12
2.83084e-11
2.07957e-11
2.04265e-11
1.30399e-11
1.29445e-11
3.09971e-11
3.36224e-14
1.06696e-13
4.73337e-14
3.6514e-11
1.5201e-11
6.17257e-15
9.23568e-15
7.94848e-15
1.26516e-14
9.56276e-15
7.28046e-14
3.16424e-13
1.72958e-12
7.35751e-13
2.01219e-11
1.30392e-11
8.71799e-12
4.73295e-14
1.79816e-13
5.0628e-13
1.86439e-13
4.52511e-13
1.18946e-13
9.13773e-12
2.90292e-14
1.84786e-14
5.14965e-14
7.35789e-12
4.44102e-12
6.35746e-12
6.06292e-12
4.55621e-12
1.05123e-12
6.67495e-12
4.15235e-12
2.30492e-13
3.39327e-12
2.83988e-12
1.97278e-14
2.98807e-14
2.77219e-14
1.66385e-12
4.75435e-13
1.15535e-12
1.76725e-12
3.62268e-13
1.13841e-13
2.88476e-13
7.57109e-14
1.94005e-12
3.49308e-12
7.16923e-13
5.08642e-14
1.06267e-13
1.19582e-12
2.43942e-12
)
;

boundaryField
{
    frontAndBack
    {
        type            empty;
    }
    hot
    {
        type            fixedValue;
        value           uniform 1;
    }
    cold
    {
        type            fixedValue;
        value           uniform 0;
    }
    defaultFaces
    {
        type            zeroGradient;
    }
}


// ************************************************************************* //
