/*--------------------------------*- C++ -*----------------------------------*\
  =========                 |
  \\      /  F ield         | OpenFOAM: The Open Source CFD Toolbox
   \\    /   O peration     | Website:  https://openfoam.org
    \\  /    A nd           | Version:  7
     \\/     M anipulation  |
\*---------------------------------------------------------------------------*/
FoamFile
{
    version     2.0;
    format      ascii;
    class       volScalarField;
    location    "0.9";
    object      T;
}
// * * * * * * * * * * * * * * * * * * * * * * * * * * * * * * * * * * * * * //

dimensions      [0 0 0 1 0 0 0];

internalField   nonuniform List<scalar> 
5936
(
0.509388
0.913124
0.999003
0.982342
1.00586
1.01594
1.00206
1.00701
1.00021
1.00101
0.999887
0.999757
0.99995
0.999843
0.999998
0.999979
1
1
0.999999
0.999998
0.999999
0.999996
0.999999
0.999998
1
1
1
1
1
1
1
1
1
1
1
1
1
1
1
1
1
1
1
1
1
1
1
1
1
1
1
1
1
1
1
1
1
1
1
1
1
1
1
1
1
1
1
1
1
1
1
1
1
1
1
1
1
1
1
1
1
1
1
1
1
1
1
1
1
1
1
1
1
1
1
1
1
1
1
0.116255
-0.00308433
-0.000220626
4.08817e-05
-3.12618e-07
4.17018e-07
-4.23753e-09
-1.40026e-08
2.90362e-09
-1.0819e-11
-6.94725e-11
1.1319e-11
-5.72074e-13
-1.47745e-13
5.8153e-14
-8.72655e-15
-2.55597e-16
4.62503e-16
-5.57318e-17
-4.72404e-18
3.62595e-18
-1.14657e-19
-1.19429e-19
-4.86715e-21
-1.92828e-37
6.52532e-21
3.54014e-20
8.18628e-18
3.70309e-17
8.39069e-16
-1.69468e-14
-1.72767e-13
9.74717e-14
-5.56577e-12
-1.11879e-10
-5.82158e-10
4.88907e-09
2.06216e-08
2.97396e-08
-9.93684e-07
-4.03564e-06
2.35508e-05
-9.96465e-05
0.000237294
-0.000194375
0.00123097
-0.00515365
-0.00687317
0.0309099
0.10395
1
1
1
1
1
1
1
1
1
1
1
1
1
1
1
1
1
1
1
1
1
1
1
1
1
1
1
1
1
1
1
1
1
1
1
1
1
1
1
1
1
1
0.999996
0.999998
0.999991
0.999992
1.00001
1
1.00004
1.00003
1.00002
1.00003
0.999929
0.999965
0.999851
0.999885
0.999881
0.999871
1.00006
0.999977
1.00057
1.00037
1.00144
1.00114
1.00193
1.00179
1.0005
1.00105
0.994876
0.996791
0.982489
0.986561
0.960864
0.968074
0.927014
0.937908
0.880919
0.89561
0.82244
0.84168
0.753736
0.77607
0.679527
0.703133
0.595352
0.62112
0.509144
0.534845
0.415266
0.443344
0.333404
0.359169
0.25905
0.279896
0.175823
0.116153
0.191149
3.61164e-21
0.0651498
0.0134562
-0.00159039
6.86186e-05
7.16026e-06
1.01484e-07
1.83366e-07
-3.61297e-08
7.26638e-10
1.14103e-09
-1.85686e-10
2.08994e-12
3.62527e-12
-7.48415e-13
8.30237e-14
6.25654e-15
-4.69211e-15
8.61349e-16
5.77211e-17
-3.42116e-17
4.83231e-18
9.98118e-19
-2.34164e-19
-3.7759e-20
-0.000922382
5.16099e-21
0.0767228
-5.47563e-20
-6.28811e-19
-2.00698e-17
-3.68915e-16
3.23031e-15
4.93547e-14
3.67821e-13
-5.03012e-13
2.61916e-11
3.90913e-10
-5.28271e-10
-1.57202e-08
3.50704e-09
-4.40132e-08
3.41538e-06
-5.52629e-06
1.26293e-05
-4.61887e-05
0.000113498
2.85162e-05
-0.000536473
-0.00901485
0.0141422
0.000131136
0.0664675
1.98391e-06
0.457247
0.0001441
3.03963e-05
6.54724e-07
5.36432e-07
-9.96369e-08
6.91217e-10
3.44623e-09
-4.95718e-10
-5.17122e-12
1.10809e-11
-2.05243e-12
1.94955e-13
2.22287e-14
-1.31759e-14
2.24654e-15
2.00207e-16
-9.86513e-17
1.40169e-17
3.24989e-18
-7.5986e-19
-1.3176e-19
6.79787e-21
-1.81778e-19
-1.67294e-17
-2.56094e-16
1.59593e-15
1.3957e-14
1.41456e-13
-3.05006e-14
2.36247e-11
3.36361e-10
-1.01107e-10
-1.21964e-08
1.12504e-08
-6.77154e-08
2.3433e-06
-3.04465e-06
5.35585e-06
-3.37061e-05
0.000120198
0.000149253
-0.00109122
-0.00889123
0.0160112
-4.137e-20
1.14995e-06
4.36534e-09
-4.1844e-08
7.51539e-09
1.18577e-10
-2.1522e-10
2.843e-11
-1.00105e-12
-4.71825e-13
1.58236e-13
-2.25126e-14
-1.00146e-15
1.3986e-15
-1.45603e-16
-1.37779e-17
1.09345e-17
-2.82002e-19
-4.03248e-19
-1.97571e-20
6.11495e-18
1.60008e-17
7.91148e-16
-8.94061e-15
-5.91641e-14
1.698e-13
-6.52524e-12
-9.19303e-11
-5.72803e-10
3.2366e-09
1.70211e-08
1.66162e-09
-6.18206e-07
-3.02698e-06
1.93093e-05
-8.26803e-05
0.000195996
-0.000101901
0.000910846
-0.00568065
-0.00457174
0.036548
-0.0055644
-0.00532448
2.32044e-20
0.596807
-0.00118086
0.957427
1.0026
0.985737
1.00456
1.0082
1.00136
1.00401
0.999967
1.00053
0.999869
0.999794
0.999989
0.999958
1.00002
1.00005
1.00001
1.00003
1
1.00001
0.999998
0.999998
0.999999
0.999998
1
1
1
1
1
1
1
1
1
1
1
1
1
1
1
1
1
1
1
1
1
1
1
1
1
1
1
1
1
1
1
1
1
1
1
1
1
1
1
1
1
1
1
1
1
1
1
1
1
1
1
1
1
1
1
1
1
1
1
1
1
1
1
1
1
1
1
1
1
1
1
5.78912e-20
0.00151943
6.23973e-05
0.260823
-5.70122e-06
5.2064e-08
2.91934e-07
-5.98093e-08
1.7215e-09
1.47095e-09
-2.64927e-10
1.50075e-11
3.67994e-12
-1.23165e-12
1.8076e-13
3.4695e-15
-8.57661e-15
1.32891e-15
5.57828e-17
-6.23588e-17
8.78485e-18
2.47017e-18
-2.21548e-19
-8.0594e-20
6.40738e-18
-0.00316853
-0.00458952
-0.0032785
-1.89195e-21
0.110314
0.163983
-3.68932e-06
-8.98206e-06
-1.32075e-06
0.532986
2.37147e-18
1.35018e-15
-1.25837e-14
-8.51132e-14
9.1137e-14
-5.70184e-12
-9.80703e-11
-9.31834e-10
3.33908e-09
3.12924e-08
-1.0363e-08
-5.70932e-07
-5.86127e-06
2.92622e-05
-0.000122317
0.000302346
-0.000137229
0.00104536
-0.00915292
0.000846376
0.0513867
0.0977306
0.0517236
0.189634
0.0225263
-9.55505e-05
-0.000690296
4.39733e-05
1.58816e-05
-6.93586e-06
1
1
1
1
1
1
1
1
1
1
1
1
1
1
1
1
1
1
1
1
1
1
1
1
1
1
1
1
1
1
1
1
1
1
1
1
1
1
1
1
0.999996
0.999998
0.999992
0.999991
1.00001
0.999999
1.00004
1.00003
1.00001
1.00003
0.999933
0.999971
0.99988
0.999899
0.999909
0.999875
1.00005
0.999918
1.00054
1.00027
1.00141
1.00111
1.00183
1.00194
1.00035
1.00157
0.994617
0.997947
0.982247
0.988678
0.961078
0.971434
0.927627
0.943284
0.882054
0.902584
0.825809
0.850695
0.758895
0.788569
0.683002
0.71406
0.597711
0.630182
0.510408
0.542014
0.419164
0.450392
0.345089
0.376942
0.780431
-5.7643e-20
0.830481
9.5759e-21
1.10704e-13
2.8057e-13
4.15287e-05
4.6549e-19
-5.16616e-20
3.95894e-13
7.6824e-07
-1.96668e-08
-2.12186e-08
4.30592e-09
-1.12816e-10
-7.85149e-11
1.78154e-11
-1.73707e-12
-1.27892e-13
9.64507e-14
-1.67783e-14
-5.66926e-16
7.00718e-16
-1.04952e-16
-8.71231e-18
6.98262e-18
2.99022e-19
-1.73163e-19
7.2674e-18
9.86948e-15
1.98057e-14
-2.9098e-16
-2.51467e-16
-2.56394e-17
1.13137e-15
-2.27997e-17
7.4348e-16
-4.67845e-14
1.42716e-06
-7.56118e-13
2.40153e-11
4.27998e-10
4.41532e-10
-1.60344e-08
5.17048e-09
-1.66537e-07
3.32111e-06
1.83309e-07
-1.37751e-05
2.29677e-05
5.50083e-05
0.000413025
-0.00303181
-0.0104149
0.0351042
-1.15585e-07
2.92637e-13
-2.82023e-12
9.17948e-20
1.31409e-11
0.263332
-2.51166e-12
-0.000265645
-0.00879783
0.000992412
-8.00053e-05
0.000268809
-0.000112574
2.63922e-05
-4.50419e-06
-6.70337e-07
-1.46538e-08
2.70893e-08
3.51505e-09
-2.30277e-19
-3.56206e-19
7.3201e-18
1.30057e-17
-1.54227e-16
3.58933e-16
2.09256e-15
-2.20815e-14
3.95954e-14
0.0357504
-0.0111798
-0.0025345
0.000346229
0.000120766
-1.41655e-05
-3.03864e-06
-1.88159e-06
3.00913e-06
-1.09032e-07
1.23444e-08
-1.55096e-08
2.55051e-10
4.47281e-10
3.12476e-11
1.58638e-15
-4.36564e-19
1.46316e-18
1.68129e-17
-3.9672e-17
-1.77504e-16
1.73661e-15
-4.51934e-15
-3.06911e-14
2.40965e-13
-6.7051e-13
-1.93826e-12
3.71272e-11
-2.3677e-10
3.89295e-10
8.41331e-09
-6.17559e-08
7.19385e-08
-2.35962e-13
-4.99891e-10
4.34428e-09
-5.18542e-09
8.47417e-07
6.4292e-18
-8.74557e-10
-1.08291e-14
-1.15972e-10
-8.24473e-12
8.0514e-05
1.77752e-13
0.994132
1.00615
1.00363
1.00319
1.00652
1.00017
1.00137
0.999567
0.999319
0.99981
0.999466
0.999986
0.999885
1.00002
1.00003
1.00001
1.00003
1
1
0.999999
0.999998
0.999999
0.999998
1
1
1
1
1
1
1
1
1
1
1
1
1
1
1
1
1
1
1
1
1
1
1
1
1
1
1
1
1
1
1
1
1
1
1
1
1
1
1
1
1
1
1
1
1
1
1
1
1
1
1
1
1
1
1
1
1
1
1
1
1
1
1
1
1
1
1
6.36159e-15
3.09084e-11
-1.26375e-09
0.300157
-1.1381e-17
-1.10714e-12
-1.26157e-12
8.40353e-07
5.41114e-07
1.6514e-06
-5.1545e-08
-1.60371e-08
4.05657e-09
0.0107516
-3.57835e-10
0.206565
-4.12316e-11
3.72423e-11
8.47133e-19
1.16836e-12
-2.74784e-12
-4.20624e-12
-3.35137e-12
0.0659148
2.37256e-13
-8.19891e-16
-7.79344e-15
1.58781e-15
-1.74035e-17
-8.17785e-17
7.8177e-18
3.53056e-18
-3.64602e-06
-7.59847e-07
8.3179e-10
-2.14248e-10
-3.2773e-17
-9.927e-18
3.3365e-13
7.03392e-13
-6.74876e-13
1.65509e-15
-1.00665e-10
-2.81959e-14
-6.45715e-15
2.09091e-14
-1.8766e-16
1.41606e-15
0.000171361
0.000193265
3.16912e-11
-1.1792e-10
-1.21309e-14
-1.75588e-15
4.90322e-10
5.05967e-10
-1.15691e-09
2.19522e-09
4.44381e-08
-4.8282e-08
-3.39096e-07
-7.34673e-06
3.19144e-05
-0.000137784
0.000354769
-1.60719e-05
0.000466295
-0.0123424
-0.0105972
0.00527199
2.42673e-07
2.55146e-08
1
1
1
1
1
1
1
1
1
1
1
1
1
1
1
1
1
1
1
1
1
1
1
1
1
1
1
1
1
1
1
1
1
1
1
1
1
1
0.999997
0.999999
0.999992
0.999992
1.00001
0.999998
1.00003
1.00002
1.00001
1.00002
0.999953
0.999982
0.999913
0.999928
0.99991
0.999885
0.999967
0.999865
1.0004
1.00016
1.00128
1.00098
1.00184
1.00191
1.00075
1.00181
0.995739
0.998935
0.984718
0.990695
0.965254
0.974786
0.934113
0.949215
0.89174
0.911329
0.838506
0.863692
0.77395
0.803156
0.697679
0.729471
0.60723
0.640985
0.514967
0.543237
0.425147
0.453431
-2.702e-10
-5.99177e-10
-1.79509e-10
0.130992
0.195974
-2.50846e-16
1.00421e-19
4.36707e-11
1.77303e-11
-0.00209076
5.29142e-19
0.92558
7.76872e-07
0.299304
6.87735e-20
-5.08767e-13
6.77934e-15
0.0559217
3.10816e-09
-1.24357e-07
-6.16001e-08
-5.5453e-08
3.90174e-09
9.3149e-12
4.40891e-13
1.01436e-13
-1.92975e-14
2.9695e-16
6.52631e-16
-1.50572e-16
-1.45806e-17
7.70204e-18
5.00678e-18
0.00947254
0.12466
-1.09001e-05
-1.1325e-05
8.46636e-10
1.16161e-09
0.959572
-2.0968e-16
-7.20298e-12
8.40927e-09
-9.56571e-10
-1.70939e-08
-4.13449e-08
-1.71677e-08
-2.07531e-07
3.43281e-06
4.73922e-06
-3.63064e-05
8.16604e-05
2.37146e-05
0.000680618
-0.00572257
-0.011978
0.0767339
0.0425133
0.357791
7.41142e-18
8.82705e-07
2.95549e-05
-1.961e-05
-0.0120829
0.000624062
1.31338e-05
0.000329689
-0.000132789
3.01976e-05
-2.78914e-17
9.31919e-18
-0.00497342
0.000592861
0.000113376
-0.00337853
0.000562474
-0.00375685
2.81576e-05
0.684452
-2.0386e-05
1.60912e-06
3.32707e-06
1.72263e-17
-6.19964e-17
-2.56583e-16
1.76256e-15
-2.97106e-15
-3.25509e-14
-1.45601e-09
7.36738e-19
-0.000220651
-0.000990867
0.000205258
1.0405e-15
0.78693
5.55883e-19
2.7656e-13
-2.04484e-16
2.51438e-16
2.89871e-18
2.79178e-15
8.09416e-09
-2.17889e-14
4.56115e-14
6.1555e-18
2.52517e-09
-1.55893e-07
3.5256e-11
-1.06313e-14
-9.59005e-12
3.83247e-08
-5.86731e-06
-5.50729e-07
0.322933
-6.17066e-12
1.0091
1.00853
1.01706
1.00223
1.00742
0.999796
1.00081
0.999654
0.999394
0.999897
0.999686
1.00001
0.999964
1.00002
1.00003
1.00001
1.00002
0.999999
1
0.999999
0.999998
1
0.999999
1
1
1
1
1
1
1
1
1
1
1
1
1
1
1
1
1
1
1
1
1
1
1
1
1
1
1
1
1
1
1
1
1
1
1
1
1
1
1
1
1
1
1
1
1
1
1
1
1
1
1
1
1
1
1
1
1
1
1
1
1
1
1
-2.37685e-06
1.23906e-18
-2.1702e-07
-9.92214e-17
5.7268e-08
-1.04808e-15
-6.88541e-08
-1.11657e-14
0.256923
8.27438e-19
-2.31889e-10
-1.20116e-10
3.006e-10
-1.18671e-12
0.000155559
-5.4716e-17
0.0869812
2.49672e-18
2.38977e-13
8.14461e-14
2.25322e-14
-5.80202e-09
1.08174e-15
5.94037e-16
2.30107e-16
-1.73203e-16
-2.40101e-16
-0.00921204
1.89474e-09
5.89441e-10
3.34546e-09
0.167576
-1.93875e-17
-7.55404e-12
0.000166277
-9.95155e-11
-2.07653e-15
-3.14585e-12
-3.4494e-12
0.873027
-8.17752e-06
-8.77331e-08
-1.83079e-07
0.211792
-2.71331e-17
-1.23111e-17
3.45732e-06
-6.71373e-06
-4.03431e-17
-3.23541e-17
-3.14306e-17
3.08837e-05
-0.000142525
9.30829e-05
1.77253e-05
0.000788308
-0.000719016
-0.00832741
-0.00801405
7.49263e-07
1.85309e-15
4.77023e-16
1
1
1
1
1
1
1
1
1
1
1
1
1
1
1
1
1
1
1
1
1
1
1
1
1
1
1
1
1
1
1
1
1
1
1
1
0.999998
1
0.999992
0.999993
1
0.999996
1.00003
1.00002
1.00001
1.00002
0.999973
0.999994
0.999937
0.999955
0.999898
0.999895
0.999882
0.999812
1.0003
1.00006
1.00119
1.00085
1.00188
1.00183
1.00117
1.00205
0.997011
0.999775
0.987453
0.992882
0.969467
0.978922
0.941015
0.955184
0.902843
0.921924
0.853484
0.878352
0.790649
0.820277
0.712787
0.745792
0.617073
0.654275
0.514531
0.547237
0.413152
0.435518
-1.67578e-08
-1.65452e-08
5.00561e-08
0.023568
0.0189703
0.0744123
-6.33971e-05
-0.000143089
-1.06098e-05
-9.1272e-06
-6.00583e-15
-1.19763e-15
-0.0154363
-0.010116
-7.29214e-17
-1.55638e-16
1.63073e-15
6.18051e-09
6.51483e-09
7.98316e-09
1.39651e-07
6.02423e-07
-2.46419e-08
7.42883e-14
-4.78182e-13
4.02042e-13
6.08211e-18
-9.48692e-17
0.000386236
0.000200572
9.16649e-07
0.261185
3.17034e-15
1.66784e-15
0.377735
2.48033e-13
-4.58337e-05
3.86546e-11
0.141526
-2.87436e-16
5.75856e-11
6.54263e-18
-4.75352e-08
-0.0155239
-1.91496e-14
-1.04024e-07
1.76911e-15
1.57948e-06
4.35902e-11
1.51275e-11
-3.21662e-08
-1.90053e-14
0.361594
1.45869e-07
-3.57295e-14
2.03155e-09
2.65212e-10
-8.35045e-06
-1.99214e-05
-1.87982e-12
-9.20271e-12
0.97501
3.706e-11
0.658389
-1.08565e-10
-1.2766e-14
-1.1411e-14
-1.90602e-08
-1.56771e-09
1.48489e-09
-5.19136e-09
0.739487
-7.8783e-08
-0.000512981
1.00093
-1.31719e-07
1.0259e-05
0.0211096
0.00040115
0.000166012
-4.87188e-10
-6.21986e-10
-5.91332e-10
6.81344e-13
-1.63757e-12
3.37007e-06
1.00481e-17
6.51414e-14
1.04807e-12
6.62334e-06
-0.00115442
-0.000199005
-9.42072e-13
-5.34484e-12
-0.00506771
-0.00383963
5.48755e-10
5.19841e-10
-3.37848e-07
0.91765
3.80929e-11
-1.12343e-14
0.00072438
0.000123208
3.04218e-05
0.000386541
0.000185128
-8.17072e-15
-8.0903e-06
1.05932e-07
1.00927
1.00429
1.00996
1.0005
1.00288
0.999622
0.999815
0.999768
0.999512
0.999959
0.999821
1.00002
1
1.00001
1.00003
1
1.00001
0.999999
0.999999
0.999999
0.999998
1
0.999999
1
1
1
1
1
1
1
1
1
1
1
1
1
1
1
1
1
1
1
1
1
1
1
1
1
1
1
1
1
1
1
1
1
1
1
1
1
1
1
1
1
1
1
1
1
1
1
1
1
1
1
1
1
1
1
1
0.705216
0.308892
-3.58876e-15
-2.32169e-09
1.8522e-15
2.199e-13
-1.81421e-14
0.17859
0.267477
1.70502e-05
4.22346e-11
-8.64902e-08
-1.59792e-10
-1.56222e-16
-0.0179356
-9.78025e-05
6.13039e-09
-1.1517e-07
0.323259
-1.09147e-17
-2.16685e-16
-4.90322e-08
0.000404455
2.2966e-13
4.50246e-13
6.72567e-16
3.55488e-16
0.00045107
-5.19412e-10
-4.97606e-10
1.88813e-15
3.77188e-15
1.87015e-14
-1.46937e-14
-1.85333e-14
-0.00286578
-0.0092957
0.00117501
-4.31389e-17
-9.52057e-17
-2.18305e-16
-1.0336e-16
-8.63807e-06
1.21655e-05
0.000252145
0.000447944
0.0676589
3.43186e-06
-7.49464e-06
3.4893e-14
-0.00541554
0.000585025
-5.94867e-14
0.0712045
0.0315684
0.109768
4.29866e-05
0.000395563
0.882953
0.720368
-0.000135422
0.000171746
5.16386e-14
1.23511e-15
1
1
1
1
1
1
1
1
1
1
1
1
1
1
1
1
1
1
1
1
1
1
1
1
1
1
1
1
1
1
1
1
1
0.999999
1
0.999992
0.999993
1
0.999995
1.00002
1.00001
1.00001
1.00002
0.99999
1.00001
0.999959
0.99998
0.999894
0.99991
0.999823
0.999773
1.0002
0.999969
1.00106
1.0007
1.00184
1.00169
1.00152
1.00214
0.998269
1.00056
0.990202
0.995214
0.974191
0.983055
0.949119
0.962373
0.915497
0.933975
0.870156
0.894237
0.809832
0.840085
0.729857
0.766484
0.630111
0.671615
0.518633
0.562037
0.393066
5.27704e-05
0.000174644
1.24349e-05
-1.54547e-05
-1.96931e-05
-1.93657e-15
-1.34766e-14
-1.67609e-14
-1.40358e-14
-0.013784
-0.0185927
-2.10318e-07
-1.76536e-07
-2.33858e-12
-0.000149214
5.56919e-12
1.90533e-13
2.09144e-09
6.32764e-17
-0.0124984
0.0462264
1.94018e-15
-0.0110106
-0.00772794
2.08149e-14
0.438026
0.123463
0.280449
2.86927e-05
2.52335e-05
0.18927
9.40576e-16
-3.93878e-11
2.64702e-11
-7.58638e-05
4.95304e-07
2.64226e-07
2.60499e-09
-1.20311e-09
0.000667697
0.000647659
-1.15698e-07
-1.27708e-07
-3.5662e-12
1.66211e-05
-1.37105e-05
0.000161104
-6.61298e-12
-9.9088e-12
4.11893e-11
-5.9107e-07
-1.50003e-08
-1.41088e-08
-3.47093e-14
-9.23087e-11
-1.40599e-09
-2.50821e-10
-9.12867e-10
1.00726
0.992244
-4.45218e-17
6.01624e-14
3.38974e-06
-3.03044e-17
-5.11527e-17
-4.43821e-17
0.239597
-0.00226554
-5.03945e-06
6.57816e-14
-3.45438e-08
-9.43402e-08
-1.41789e-08
1
1
7.09539e-08
6.34321e-08
-2.55885e-08
-1.10093e-10
1.07567e-06
1.14924e-06
1.21499e-06
-0.000322716
1.10479e-12
1.5419e-12
-3.15899e-12
-6.985e-13
-2.28359e-14
-0.00165749
-0.00301171
-0.00762379
-0.00187655
1.0867e-11
2.24041e-12
-9.68445e-14
1.97229e-15
1.8372e-15
-4.71652e-17
1.06861e-08
6.70596e-09
-1.95641e-07
-0.00646268
5.62319e-10
5.53741e-10
0.926392
0.040489
1.09183e-14
0.000111002
1.00652
1.0016
1.0051
0.999788
1.00058
0.99964
0.999493
0.999871
0.999658
1
0.999934
1.00002
1.00003
1.00001
1.00002
1
1
0.999999
0.999998
0.999999
0.999998
1
1
1
1
1
1
1
1
1
1
1
1
1
1
1
1
1
1
1
1
1
1
1
1
1
1
1
1
1
1
1
1
1
1
1
1
1
1
1
1
1
1
1
1
1
1
1
1
1
1
1
1
1
1
1
0.461913
1
-6.69971e-06
1.29224e-05
-0.018533
0.123913
2.46977e-15
-1.59993e-05
1.74389e-14
-2.86127e-12
-1.04102e-14
2.26399e-05
1.70882e-05
0.441637
-1.46455e-14
9.93614e-14
9.49593e-14
-4.80888e-14
-5.15306e-10
-0.00599546
-0.0172993
-2.80021e-13
2.81751e-07
-9.36169e-11
0.00821312
3.80555e-11
6.9574e-11
3.58338e-11
8.37617e-16
0.000193266
0.000256987
0.480209
2.05396e-15
2.27304e-15
0.980044
-1.93154e-15
2.15935e-15
-1.71151e-07
0.145562
-1.76796e-09
-1.59776e-09
2.01716e-09
-5.45961e-12
-2.4998e-12
0.380168
0.183373
4.72723e-12
-1.5694e-07
-1.84661e-07
1
1.0092
1.01154
1.00152
3.09136e-06
-8.73911e-06
1.74594e-05
0.000490123
0.000237909
0.811422
0.898621
0.516607
0.00060652
4.30601e-05
2.31024e-09
6.74493e-09
7.87503e-10
0.000357997
0.000508885
1.70709e-13
1.1509e-13
1
1
1
1
1
1
1
1
1
1
1
1
1
1
1
1
1
1
1
1
1
1
1
1
1
1
1
1
1
1
1
0.999994
0.999995
0.999999
0.999994
1.00002
1.00001
1.00001
1.00002
1
1.00001
0.99998
1
0.999899
0.999928
0.999784
0.999758
1.00011
0.999912
1.00089
1.00054
1.00171
1.00147
1.00169
1.00203
0.999249
1.00105
0.992811
0.996954
0.979249
0.986805
0.957779
0.970135
0.929454
0.945846
0.888654
0.911388
0.8294
0.858996
0.751603
0.786782
0.652306
0.696173
0.536621
0.586738
0.311368
0.280312
0.405426
-1.7697e-14
-2.1443e-14
-2.37604e-14
-3.44935e-14
-0.0185289
0.00186223
2.99353e-07
3.03955e-06
-0.000110244
0.000274137
-1.68744e-08
4.2326e-15
-2.20234e-05
-1.43011e-05
-2.56225e-12
-3.38905e-12
-0.00520372
-0.000107701
-0.000129019
-8.73298e-10
-4.17658e-10
-0.0202232
3.02153e-11
2.29847e-11
-2.66739e-14
-2.23189e-12
-1.63483e-12
-1.10795e-14
0.227186
5.8758e-16
6.18195e-17
6.3589e-08
8.02064e-05
3.26367e-05
1.05772e-06
9.21169e-07
-4.62e-09
-0.00126084
0.0751877
4.25541e-11
-8.64199e-11
0.0617923
0.158225
2.8077e-13
-7.59844e-06
0.000601375
1.25229e-09
-7.74984e-11
1.98589e-15
2.11923e-16
1.88844e-15
-7.69645e-08
-6.5762e-08
1
-5.90727e-12
4.16376e-11
0.0898452
0.017623
-8.55204e-08
-1.47864e-07
0.456882
0.000143365
0.000315527
9.11758e-05
-5.50112e-12
-8.58087e-12
1.42786e-12
1.73832e-12
-4.96572e-12
-0.00493101
-0.00382035
5.09851e-10
4.8829e-10
3.66856e-08
-7.36867e-08
-2.9828e-15
-8.68261e-16
-1.67792e-14
-1.27377e-05
-4.04009e-06
-0.000131611
2.46302e-13
-9.45668e-09
-7.15874e-09
3.81151e-13
-2.36761e-15
-1.41051e-12
1.00315
1.00032
1.00206
0.999611
0.999788
0.999759
0.999524
0.999949
0.99981
1.00002
0.999991
1.00002
1.00003
1
1.00001
0.999999
1
0.999999
0.999998
1
0.999999
1
1
1
1
1
1
1
1
1
1
1
1
1
1
1
1
1
1
1
1
1
1
1
1
1
1
1
1
1
1
1
1
1
1
1
1
1
1
1
1
1
1
1
1
1
1
1
1
-7.41851e-15
0.000547927
-2.68302e-14
1.16164e-13
2.09627e-05
0.34208
-1.18842e-07
-0.0235884
-0.000166455
-0.000373861
0.000169748
0.108096
0.431731
0.222517
0.203245
0.319518
-1.44067e-14
-1.21579e-14
-0.00153217
-8.58864e-06
0.000709407
-0.00109348
0.000222266
0.000699959
-4.47032e-17
1
2.78842e-13
3.12035e-13
1
1
1
1
1
1
1
1
1
1
1
1
1
1
1
1
1
1
1
1
1
1
1
1
1
1
1
1
0.999995
0.999996
0.999998
0.999994
1.00001
1
1.00001
1.00001
1.00001
1.00002
0.999997
1.00002
0.999906
0.999945
0.999761
0.999761
1.00005
0.999872
1.00072
1.00041
1.00146
1.00117
1.00162
1.00173
0.999938
1.00114
0.995103
0.998424
0.983937
0.990633
0.967405
0.977982
0.943753
0.959009
0.90636
0.926816
0.849227
0.875601
0.769808
0.800797
0.677987
0.716584
0.568123
0.492987
0.621837
8.06279e-08
-5.38056e-08
8.58669e-07
-8.22709e-07
1.87897e-06
-2.35841e-15
-3.80018e-14
0.023203
0.0908187
2.73534e-06
-7.57642e-06
-0.00742323
-0.00937783
0.000492665
0.000592644
-0.0105148
-0.0224514
-3.46262e-10
6.30628e-09
-9.23656e-06
-0.000145102
-7.27985e-17
-1.31791e-17
9.13162e-17
0.800147
-5.02321e-12
1.00668
1.29396e-13
1.42076e-13
1
1.00742
1.0082
-3.29523e-10
-7.62875e-11
-0.00926869
7.32332e-08
1
4.40304e-11
-3.48964e-14
-5.66855e-08
-3.42323e-12
-3.85685e-12
0.000351897
1
1.01123
5.31805e-11
2.08065e-11
-0.00306925
1.91642e-09
-3.45963e-09
0.000170291
0.000111068
1.32779e-06
4.70896e-10
-2.94147e-12
2.22916e-05
2.75958e-05
1.92917e-15
-0.00162016
-6.0764e-11
5.04908e-10
2.74489e-07
5.45353e-07
4.00844e-14
6.94922e-16
3.51159e-16
-0.0168616
1.88582e-15
4.06437e-09
-1.52901e-07
0.967021
0.990011
0.880757
-8.80611e-08
-1.22201e-07
-7.13653e-13
0.406815
0.52581
0.186207
5.84241e-09
4.91979e-09
2.96081e-09
4.11744e-13
4.72746e-11
4.38274e-11
-5.79587e-11
-1.7562e-07
-1.62811e-07
6.27341e-14
-1.33108e-05
-1.8578e-05
1.50704e-12
0.000257582
0.000234589
2.96306e-06
4.26175e-11
6.53242e-11
-0.0198349
-1.73571e-09
-1.96155e-09
-0.00714446
-0.00703087
-5.53436e-05
-2.23349e-14
-2.12885e-14
2.68636e-09
3.37167e-10
-4.50435e-15
-1.87772e-15
-2.14538e-14
1.1489e-06
-6.61814e-09
-1.36168e-09
1.81112e-06
8.25551e-07
-9.74068e-05
3.789e-15
0.0131932
0.000395288
0.000342955
6.68957e-13
1.25236e-11
-4.35813e-12
1.00543
7.85847e-08
8.55746e-08
1.00132
1.00409
0.999727
1.00042
0.999636
0.999493
0.999871
0.999672
1
0.999931
1.00002
1.00002
1.00001
1.00002
1
1.00001
0.999999
0.999999
0.999999
0.999999
1
1
1
1
1
1
1
1
1
1
1
1
1
1
1
1
1
1
1
1
1
1
1
1
1
1
1
1
1
1
1
1
1
1
1
1
1
1
1
1
1
1
1
1
1
1
1
2.0803e-13
0.00064083
1.00185
-1.86783e-14
-0.00402543
0.000429476
1.791e-12
-1.75849e-09
-2.0949e-09
7.48966e-14
-5.53675e-15
-8.12143e-13
-1.64328e-13
-1.29554e-07
-1.71516e-07
7.99414e-07
2.30137e-15
2.97002e-05
3.28537e-05
0.000543794
0.044806
3.56813e-14
-1.67473e-14
-1.73093e-14
2.06037e-15
1.1572e-07
6.26658e-07
-5.34776e-08
7.40731e-14
1.83676e-14
2.25092e-09
0.000458677
-0.00330821
-0.0105565
0.0343755
1
1
-7.23664e-12
-8.05696e-12
1
1
1
1
1
1
1
1
1
1
1
1
1
1
1
1
1
1
1
1
1
1
1
1
1
1
0.999996
0.999998
0.999997
0.999995
1.00001
1
1.00001
1.00001
1.00002
1.00002
1.00001
1.00002
0.999919
0.999959
0.999766
0.999791
1.00002
0.999889
1.00056
1.00029
1.00115
1.00086
1.0013
1.00127
1.00014
1.00091
0.996807
0.999193
0.98849
0.993811
0.976613
0.985316
0.957499
0.970808
0.920638
0.939896
0.860573
0.885682
0.776378
0.803301
0.684265
0.703713
-2.96843e-12
-2.72338e-12
-7.40816e-06
2.47812e-05
-0.00509821
-0.00953309
0.000605691
0.000471814
-0.027731
-0.0148804
1.17354e-08
-0.00019393
-3.01163e-05
1.00993
1.0101
1.10567e-12
-8.76567e-08
8.31201e-08
-2.36927e-08
1.92575e-13
6.84814e-09
0.000670744
1.40308e-08
7.89236e-08
1.01004
0.614561
2.13295e-11
-2.54556e-12
-5.39472e-12
-0.00202113
3.10214e-09
2.41273e-09
-5.20486e-09
4.93453e-11
1.00785e-06
-4.15455e-08
-1.4798e-11
2.50824e-13
-0.000344297
-3.41098e-08
5.42694e-07
-2.0245e-09
-6.66238e-15
2.43857e-07
4.52637e-13
-2.97708e-14
0.97733
0.948336
-0.0159481
0.415644
0.39595
0.480878
-6.26643e-12
-2.29902e-05
-3.82531e-05
0.129564
0.14714
1.51717e-13
1.36017e-13
1.34725e-12
0.0315322
-0.0269465
-0.000173585
4.15483e-10
-1.81608e-09
5.01493e-11
2.57632e-06
-4.5167e-14
9.84393e-09
0.00943255
0.775529
0.856433
0.520652
2.3862e-13
0.120649
7.47863e-09
1.98221e-12
4.47445e-11
0.277245
0.261995
0.387357
0.000297382
0.000351134
-2.47024e-05
-1.10646e-05
-1.59206e-10
9.66933e-05
2.31978e-15
1.69472e-13
-1.4174e-06
-0.0052235
0.000472259
-0.00840622
-0.00933471
-1.21132e-07
-9.10218e-08
-0.0145412
-5.96116e-10
-5.71556e-10
0.000307756
0.000276426
-6.22515e-09
-6.8135e-06
-3.43632e-06
-3.67961e-14
-6.17361e-06
2.80335e-06
2.1461e-09
9.99416e-09
-5.73378e-11
2.43263e-11
-1.28601e-07
-1.80347e-07
1.00836
-7.69329e-06
0.000660996
1.00287
1.00695
1.00006
1.00149
0.999541
0.999561
0.999767
0.999516
0.999963
0.999843
1.00002
1
1.00002
1.00003
1
1.00001
0.999999
1
0.999999
0.999998
1
0.999999
1
1
1
1
1
1
1
1
1
1
1
1
1
1
1
1
1
1
1
1
1
1
1
1
1
1
1
1
1
1
1
1
1
1
1
1
1
1
1
1
1
1
1
6.3741e-09
-0.0220714
0.203942
0.00017319
2.43087e-09
3.349e-09
-2.66507e-14
-2.69463e-14
-2.12261e-12
1.73183e-06
1.27134e-06
2.64762e-06
2.13456e-13
-1.72188e-07
-9.42053e-08
-0.00020313
3.1941e-13
4.59689e-13
0.558999
-1.02973e-11
-9.29949e-12
-1.56332e-12
-3.91829e-11
-3.82066e-11
-2.98306e-14
-3.24884e-14
-4.81582e-10
6.96729e-09
2.4002e-09
-0.00767756
-0.0200048
0.0769351
4.1338e-05
-6.55776e-06
-7.42484e-05
-0.000191666
0.000801006
0.000754391
-1.81499e-14
-2.94729e-14
1
1
1
1
1
1
1
1
1
1
1
1
1
1
1
1
1
1
1
1
1
1
1
1
1
1
0.999997
0.999999
0.999997
0.999996
1
1
1
1
1.00002
1.00001
1.00001
1.00003
0.999935
0.999974
0.999792
0.999824
1.00004
0.999931
1.0004
1.00019
1.00079
1.00052
1.00086
1.00075
1.00013
1.00059
0.9982
0.999982
0.992838
0.997035
0.98596
0.992934
0.969907
0.981312
0.932462
0.949301
0.868297
0.893793
0.77216
0.805925
0.655887
0.683571
-3.46531e-12
-4.83874e-12
-2.8417e-10
-7.05827e-10
-1.80233e-10
-0.00384498
-0.00122037
-0.000321066
-0.00633878
2.97452e-05
-5.16449e-05
0.00343602
-0.00547394
0.000404822
-8.94138e-05
0.0022195
0.0623727
0.000156342
0.000698476
0.988895
-3.33706e-08
-9.40477e-08
-1.65412e-08
2.20291e-07
-1.86895e-05
-2.79407e-05
-1.88489e-05
0.000539363
-3.80144e-10
7.15666e-08
-1.33931e-05
-7.28072e-09
-5.94483e-09
9.04417e-09
3.75791e-12
-2.1709e-12
-5.05638e-10
-0.0296575
-0.0299655
1.82887e-07
0.141512
-0.00865425
1.09313e-06
2.83253e-06
1.01093
-1.21635e-14
0.5658
-1.52142e-12
-2.47614e-13
-4.5058e-06
-5.20472e-06
-1.80162e-07
6.10972e-05
0.0278305
4.69759e-07
2.60949e-13
-1.72684e-07
-2.3135e-07
3.05241e-09
3.88362e-10
0.000255706
-0.000274372
0.000526558
2.0252e-13
-2.2273e-09
2.14471e-09
-5.11211e-10
-7.68388e-10
6.57768e-09
-1.40588e-08
2.4734e-10
4.85942e-14
6.57968e-11
3.9051e-11
1.09284e-11
3.62724e-11
2.40294e-12
-0.00496963
0.0440114
0.398475
0.201112
0.177055
0.198746
1.01332
0.000210731
2.42555e-13
5.36853e-11
1.89169e-13
2.07316e-14
-0.0083109
-0.0137785
9.08011e-07
7.17814e-07
1.43171e-13
1.61682e-13
4.89529e-13
0.943215
0.905741
-1.08922e-11
-1.21465e-11
0.000357631
0.000429946
2.76674e-05
-1.07708e-05
-2.78001e-06
1.00546
-1.84814e-11
-3.30974e-11
0.320233
0.344389
2.66939e-05
-3.00362e-10
-6.50291e-11
1.00554
1.00098
1.00383
0.999559
1.00004
0.999625
0.999374
0.99989
0.999693
1.00001
0.999959
1.00002
1.00003
1.00001
1.00002
1
1
0.999998
0.999998
0.999999
0.999998
1
1
1
1
1
1
1
1
1
1
1
1
1
1
1
1
1
1
1
1
1
1
1
1
1
1
1
1
1
1
1
1
1
1
1
1
1
1
1
1
1
6.92713e-08
7.85561e-07
-0.00802306
-0.00320816
-1.5286e-09
-8.62819e-08
0.258681
0.000282985
1.29077e-06
2.45179e-14
1.0148e-14
2.14691e-13
0.960607
-3.39194e-12
-1.47462e-07
-1.75796e-07
-2.56026e-08
-3.20346e-06
2.4936e-05
1.28289e-13
0.108714
-6.35701e-09
-7.02818e-09
-1.23359e-12
-5.73447e-13
2.16765e-10
-1.98334e-09
9.65374e-12
4.95826e-11
9.65692e-10
-2.57575e-10
1.03646e-08
5.19626e-09
0.023844
-0.0273884
0.722887
0.786149
0.474099
0.000161444
3.70051e-05
0.478768
-0.000185759
-8.36405e-10
0.000686715
0.000442352
6.81578e-14
7.374e-14
1
1
1
1
1
1
1
1
1
1
1
1
1
1
1
1
1
1
1
1
1
1
1
1
0.999998
1
0.999998
0.999997
1
0.999999
1
0.999998
1.00002
1.00001
1.00002
1.00003
0.99995
0.999986
0.999832
0.999867
1.00008
0.999993
1.00024
1.00009
1.00039
1.00017
1.00033
1.00018
1.00006
1.00033
0.999681
1.00097
0.997284
1.00057
0.994495
1.00016
0.978675
0.988725
0.936039
0.95128
0.866596
0.885957
0.773752
0.805802
-7.97721e-13
-4.78249e-12
-0.0271409
-0.0285468
0.0152389
-0.0122652
-0.0253446
-0.000110048
-0.000191657
0.0222844
0.00242452
-0.00181553
-0.0105721
1.62476e-13
1.64481e-13
1.00759
0.987439
0.118609
0.239211
0.000936205
0.000809153
0.470973
1.14956e-06
-1.459e-07
1.74422e-06
-5.57821e-10
7.06652e-08
-1.78144e-05
3.40981e-07
-2.52875e-05
-0.00138056
-3.5053e-12
0.000315915
-2.30257e-11
0.384807
0.409066
2.66384e-08
4.58297e-08
-0.0097382
1.66052e-11
8.56571e-12
2.77267e-10
-1.99771e-05
0.138454
0.335944
0.0776274
-1.27536e-11
-4.39524e-08
5.5379e-11
-6.45781e-12
-0.000273617
0.000249317
2.83072e-09
3.66721e-12
2.30548e-14
1.01194
1.14108e-11
-6.70581e-10
0.872111
0.820733
0.104277
-8.33965e-05
2.79115e-11
2.0704e-11
1.01534
3.37475e-13
9.30536e-10
4.14685e-09
-1.15314e-10
0.00114671
-0.00828852
0.000307762
0.645401
-7.00479e-08
-1.29599e-07
-5.72469e-08
1.30089e-06
-1.0885e-12
-4.47662e-13
-1.11349e-11
-6.32713e-06
-2.59244e-05
0.000262823
0.000466895
0.00084836
2.61949e-06
-3.05842e-06
1.35314e-06
5.48227e-07
-2.18485e-07
-2.79724e-07
4.59444e-13
0.000195541
-2.62988e-08
-1.1826e-09
-5.17412e-09
-5.94851e-09
1.01175
3.62926e-13
4.2857e-11
6.12475e-11
5.32471e-08
1.99192e-11
3.55696e-13
0.000102348
4.55678e-05
1.00272
0.999805
1.00106
0.999435
0.99927
0.999748
0.99943
0.999976
0.999851
1.00003
1.00002
1.00002
1.00004
1
1.00001
0.999998
1
0.999999
0.999997
1
0.999999
1
1
1
1
1
1
1
1
1
1
1
1
1
1
1
1
1
1
1
1
1
1
1
1
1
1
1
1
1
1
1
1
1
1
1
1
1
1.43926e-10
7.23482e-11
-0.00202083
-0.00435592
0.000272812
-0.0100082
-0.00525976
2.88783e-13
-1.94694e-05
-7.59311e-06
0.00107443
-4.75495e-13
1.85855e-13
-0.0316322
0.000496723
0.00100237
1.92237e-08
2.66842e-13
1.61968e-05
-2.49031e-12
-2.07036e-12
-2.25167e-09
-1.9266e-09
2.06973e-09
1.88231e-11
1.13951e-11
5.10337e-11
0.179759
0.549656
-3.77689e-12
-5.41948e-12
0.703515
0.992798
3.63848e-08
-0.000208791
-0.00369808
1.37796e-06
2.91441e-06
1
1
1.01298
1.00739
1
1
1
1
1
1
1
1
1
1
1
1
1
1
1
1
1
1
1
1
0.999999
1
0.999998
0.999998
0.999999
0.999998
0.999997
0.999995
1.00001
1.00001
1.00002
1.00002
0.999968
1
0.999887
0.99992
1.00012
1.00005
1.00004
0.999951
0.999951
0.999786
0.99979
0.999633
1.0002
1.00028
1.00168
1.00245
1.00231
1.00475
1.00265
1.00716
0.983422
0.993221
0.929884
0.945733
0.846818
0.863752
5.91272e-12
-1.63151e-12
-0.000141212
0.000367369
0.0718793
0.0410178
-0.0179552
-0.02992
0.000641939
2.90742e-05
1.26371e-13
1.00914
1.01584
-6.09184e-10
-2.41385e-10
-5.85929e-14
8.34588e-09
3.42685e-13
1.33227e-07
-3.82777e-06
1.60544e-06
-0.0105195
1.00733
3.17518e-11
2.53815e-11
1.26666e-06
-1.09153e-10
-0.0158778
0.000415984
-1.57306e-07
-1.02673e-07
0.48877
8.50481e-09
7.36105e-09
0.708988
-2.16775e-05
0.000799647
-0.0213686
-0.0179822
2.75908e-08
-0.000119127
-0.000148571
-1.07158e-07
3.37088e-09
-0.00116949
-0.000344827
0.518778
3.0022e-05
-8.83873e-06
0.0105287
-0.0047783
-9.88462e-08
4.2279e-11
4.4505e-11
3.09807e-09
8.0167e-09
1.73579e-09
0.595367
0.642154
0.359034
1.35844e-09
-7.993e-08
0.602777
0.676931
-0.000161839
2.94286e-11
0.752607
6.4587e-10
-1.15555e-07
0.0589194
0.0472484
0.164668
-3.65042e-11
-2.65577e-11
-1.04698e-11
2.09832e-11
-1.88305e-12
-8.25108e-12
1.91218e-07
6.57806e-08
1.08297e-06
2.7362e-13
0.911601
0.341459
-2.59233e-07
-3.19492e-07
-3.29121e-05
0.000436691
-2.06509e-06
1.68168e-05
3.04955e-07
-1.02081e-12
0.766558
-2.72644e-06
-1.72839e-08
0.946465
-2.35264e-09
-2.84016e-09
-8.41517e-08
-1.39814e-07
2.05941e-10
-4.68259e-10
0.763412
0.47886
0.325617
-1.94702e-09
-2.10632e-09
1.01314
1.97925e-06
1.02642e-06
-0.0243813
1.00086
0.999447
0.999897
0.999557
0.99922
0.999874
0.999617
1.00001
0.999944
1.00003
1.00004
1.00001
1.00003
1
1.00001
0.999998
0.999998
0.999999
0.999998
1
0.999999
1
1
1
1
1
1
1
1
1
1
1
1
1
1
1
1
1
1
1
1
1
1
1
1
1
1
1
1
1
1
1
0.175405
1
-1.44812e-12
-0.00387183
0.593454
0.00118248
0.448532
0.206969
4.34773e-08
3.54431e-08
2.31429e-08
0.440169
0.181363
0.655316
-3.17399e-12
2.31127e-09
-5.59331e-05
0.691688
-2.87935e-05
-1.42316e-05
1.00585
1.00404
1.01324
-1.72103e-12
-4.73812e-12
0.000210062
0.000445645
0.000144303
-0.000181222
-9.64167e-05
-0.00805326
-0.0217387
-6.7879e-08
-1.96526e-08
5.97043e-12
5.9118e-11
0.603066
0.597706
0.703462
2.80303e-06
-1.80249e-06
5.33366e-11
-1.15005e-11
0.842991
0.699429
4.82463e-11
0.958931
0.877531
1
0.120832
1
1
1
1
1
1
1
1
1
1
1
1
1
1
1
1
1
1
0.999999
1
0.999999
0.999999
0.999998
0.999998
0.999994
0.999993
1.00001
1
1.00002
1.00002
0.999991
1.00002
0.999953
0.999979
1.00016
1.00011
0.999776
0.999762
0.999489
0.999369
0.999342
0.999157
1.00074
1.00058
1.00433
1.00454
1.0079
1.00953
1.00966
1.01348
0.984137
0.995552
0.917427
0.942019
0.810485
1.85862e-11
8.97557e-12
2.37924e-07
3.3866e-08
0.000711429
0.00113369
-0.00116477
-0.00674359
1.00822
1.01758
0.984551
-1.27319e-10
-3.68941e-12
0.323115
0.408394
0.115642
-8.57771e-06
4.32822e-11
4.98594e-11
-0.0322198
-0.0329918
0.0565513
-0.0125687
0.408364
-1.07954e-07
-2.9531e-08
-2.40241e-12
-3.94935e-12
4.13838e-11
-0.00860766
0.000452046
-3.67763e-08
-3.06852e-10
8.26954e-07
2.90993e-08
4.96179e-09
-5.02369e-06
-1.53622e-07
-0.00255742
-0.00130011
0.000393422
3.88769e-09
-8.17518e-10
-4.48299e-10
0.000549156
-1.06788e-05
0.00010515
0.0355906
0.00841865
3.51247e-11
5.90239e-11
5.82705e-09
-0.00783295
3.671e-09
-0.000744131
-1.99036e-09
-1.86405e-09
2.69709e-09
1.9071e-10
1.18031e-09
0.256236
0.413498
4.22686e-11
3.33228e-11
3.87442e-11
1.73882e-06
3.06245e-06
-0.000920105
-7.573e-05
4.13694e-07
-0.000151341
7.43461e-09
8.62574e-09
-0.00855667
-0.00130443
-2.93186e-07
-3.47319e-07
0.000672664
-1.00176e-07
-1.02915e-07
4.77359e-05
-8.75685e-06
-2.28309e-06
5.6689e-06
3.50305e-07
2.20814e-07
1.45747e-06
0.999869
0.999424
0.999339
0.999729
0.999414
0.999966
0.999817
1.00003
1.00002
1.00002
1.00004
1
1.00002
0.999998
1
0.999998
0.999997
1
0.999999
1
1
1
1
1
1
1
1
1
1
1
1
1
1
1
1
1
1
1
1
1
1
1
1
1
1
1
1
8.35426e-05
-0.0157691
5.99478e-09
1.0474e-08
-0.00640065
0.337296
0.513698
0.163072
0.000577085
0.000349585
4.7356e-08
4.03781e-08
-9.36517e-09
0.105131
0.0829369
0.232007
2.36362e-09
2.36463e-10
-0.0297868
-3.40337e-09
-9.715e-11
-3.77668e-10
-1.09085e-11
-0.00278852
0.696068
0.00029779
-7.23965e-11
-3.83837e-11
-1.97707e-10
0.700363
4.96628e-13
1
1
1
1
1
1
1
1
1
1
1
1
1
1
1
1
1
1
1
1
1
0.999997
0.999998
0.999992
0.999991
1.00001
1
1.00002
1.00002
1.00002
1.00004
1.00002
1.00004
1.00015
1.00013
0.99946
0.999532
0.999027
0.998945
0.999079
0.998799
1.00181
1.00129
1.00762
1.00724
1.01344
1.01425
1.01452
1.01751
0.980544
0.990443
3.50605e-11
6.47116e-07
3.95275e-07
0.00117111
-0.0126238
-0.0270001
7.91886e-06
0.000293319
-0.00216182
-2.16617e-05
-2.87975e-05
-2.14841e-05
0.000938128
0.000777315
0.0011658
0.504595
-2.43496e-08
8.40471e-08
-0.0113647
0.834657
0.0249381
-1.65542e-09
0.00405661
2.88768e-07
2.9119e-06
-1.80014e-06
0.793787
3.57582e-11
7.05683e-11
-1.18273e-07
-5.00018e-08
1.4424e-06
0.111869
-1.62838e-05
-0.00504313
-0.00354704
-8.60809e-08
4.524e-09
0.0844745
0.0494765
1.01342
-1.34541e-11
4.68848e-11
1.0014
1.00275
1.15821e-06
9.60163e-07
6.29013e-09
1.59285e-06
-0.0293867
0.000476091
-4.61743e-10
-1.52349e-09
4.9499e-09
3.59904e-09
-1.327e-10
-3.48141e-10
-0.0108659
2.29378e-11
1
1
0.913511
0.53237
0.657383
1.56311e-06
-2.43893e-05
-3.06097e-05
1.10858e-11
-9.63558e-11
-3.00549e-09
-3.18802e-08
6.80637e-09
1.00914
1.01603
0.851244
0.000112854
0.000550173
0.897912
0.742282
-0.00246464
-0.00113399
0.990407
1.00669
0.934043
-0.000196241
1.53399e-05
5.50166e-09
1.04445e-08
-0.0298599
0.00048033
0.000217726
-3.01399e-07
-3.41451e-07
1.00765
0.013945
0.939948
1.00522
-5.6477e-10
-5.50833e-10
-0.00833133
3.57682e-09
1.00076
1.00364
0.132274
0.157942
0.999434
0.999878
0.999554
0.99925
0.999873
0.999624
1.00002
0.999947
1.00003
1.00004
1.00001
1.00003
1
1.00001
0.999998
0.999998
0.999999
0.999998
1
0.999999
1
1
1
1
1
1
1
1
1
1
1
1
1
1
1
1
1
1
1
1
1
1
1
1
1
7.41609e-08
-7.51578e-08
1
0.824784
0.755099
0.894578
-0.0178716
1.00953
2.61164e-05
-1.29117e-05
0.290108
-1.24284e-05
-3.29659e-06
-0.0109345
-1.86914e-05
-0.000169626
-0.0333332
-0.0201648
4.35548e-08
3.89878e-08
-5.21621e-08
5.64069e-09
1.69358e-09
5.85671e-11
4.22882e-11
-2.00051e-13
1.33973e-06
2.03943e-06
-0.0177575
-0.0306352
1.01142
1.01082
1.01432
1
1
1
1
1
1
1
1
1
1
1
1
1
1
1
1
1
1
0.999997
0.999998
0.99999
0.999989
1
0.999997
1.00002
1.00002
1.00006
1.00007
1.00009
1.0001
1.00009
1.00011
0.999083
0.999236
0.998639
0.998574
0.999051
0.998658
1.00341
1.00249
1.01137
1.0105
1.01809
1.01847
1.0142
1.0168
0.965115
0.97495
-0.000643525
0.238523
-0.0121964
2.17701e-06
3.14759e-06
3.82115e-07
5.59317e-07
6.47085e-09
0.900786
0.990509
0.969979
1
0.0248765
-0.00825165
-0.00669612
-1.88116e-11
6.28535e-11
0.000139909
9.98939e-08
2.37893e-07
7.39359e-07
-2.39106e-07
0.00103541
-1.32426e-10
-2.12894e-11
0.000271229
3.41365e-08
7.4294e-09
1.55769e-06
1.68492e-06
-2.56484e-10
-6.25431e-10
-1.60584e-10
0.0635284
6.94225e-09
3.26341e-08
-5.55068e-10
-9.79885e-10
-1.03687e-09
4.87484e-09
-3.07015e-07
0.0491599
0.000169252
0.000485585
-1.35124e-05
-2.02725e-10
-4.31004e-10
-0.00510334
-0.0151984
-2.15754e-08
-5.45871e-09
0.00115177
0.000981835
0.00110686
-0.00482636
-0.0031479
0.131047
0.0890693
-3.96175e-09
6.00893e-09
0.332977
0.30455
0.500113
-5.24662e-06
-1.31432e-05
0.18958
0.219679
-3.24412e-05
-2.33194e-05
5.57973e-09
0.843214
1.00874
1.00243
1.00692
0.999701
1.00095
0.999386
0.999218
0.999724
0.999388
0.999969
0.999817
1.00003
1.00002
1.00002
1.00004
1
1.00002
0.999998
1
0.999998
0.999997
1
0.999999
1
1
1
1
1
1
1
1
1
1
1
1
1
1
1
1
1
1
1
1
9.53868e-05
3.80571e-05
0.00435719
5.06813e-07
-0.000289896
-0.000752308
-0.001943
-0.00408554
-0.000194137
0.000162447
-8.37146e-08
-7.07381e-08
-0.0139241
0.00593488
-1.38859e-07
-1.22016e-10
-0.0319932
0.0011717
8.86596e-09
2.69832e-07
4.44239e-07
0.741628
-1.47795e-07
1
1
1
1
1
1
1
1
1
1
1
1
1
1
1
0.999996
0.999997
0.999989
0.999989
1
0.999995
1.00003
1.00002
1.00009
1.00009
1.00013
1.00015
0.999991
1.00003
0.998706
0.998937
0.998389
0.998325
0.999288
0.998855
1.0054
1.00379
1.01524
1.01355
1.02133
1.02125
1.00773
1.01301
0.938359
0.954286
6.00438e-09
1.69879e-06
0.346474
0.622718
0.833725
0.88118
0.684939
4.4677e-10
3.92594e-09
-3.82447e-10
-2.90605e-07
-2.25384e-07
-9.8586e-08
0.267512
-1.86814e-07
-2.17915e-07
0.000350958
2.42408e-06
-3.81039e-06
1.84124e-06
0.856681
0.000287941
-4.23859e-05
-0.000176132
0.0002046
1
-0.0103095
-0.011471
-0.0106715
1.27316e-06
4.92733e-09
-1.70461e-10
-3.2127e-10
-2.1224e-10
6.05924e-07
7.8278e-07
0.47685
-8.63204e-06
-4.7813e-06
0.000500883
-0.00680646
-0.00808392
0.29726
-0.00767234
0.000621075
0.106215
0.121164
8.07432e-09
-4.66586e-10
-7.65976e-10
-4.21966e-10
0.0664724
-2.21304e-05
1.49002e-08
-1.46202e-07
1.44892e-06
2.12779e-06
6.72376e-08
1.00402
9.06847e-12
6.41496e-09
-4.78226e-10
-2.16236e-10
1
1.01541
1.01414
-0.0225482
-0.0199208
-0.0304201
-5.10934e-08
-3.37131e-08
0.000657266
-0.00141437
0.00128524
0.00114554
0.00081408
0.22091
0.174747
6.9513e-09
6.40609e-09
1.77129e-08
-2.19531e-08
-6.93234e-09
0.631863
5.07252e-07
6.90588e-07
1
-0.00592733
-0.00198228
0.000126831
1.78578e-05
0.272573
0.978469
0.951112
1.00491
0.0358867
1.00053
1.00326
0.999383
0.99972
0.999575
0.999247
0.999889
0.999657
1.00002
0.999961
1.00003
1.00004
1.00001
1.00003
1
1.00001
0.999998
0.999998
0.999999
0.999998
1
0.999999
1
1
1
1
1
1
1
1
1
1
1
1
1
1
1
1
1
9.74529e-09
1.06928e-06
0.601424
-5.47349e-10
-4.9267e-10
-3.47803e-10
0.437174
8.77422e-07
1.04589e-06
-1.64497e-05
0.445053
-1.02747e-07
-8.63225e-08
-1.19541e-07
0.412782
0.803209
0.877272
0.559652
0.0423079
-2.69325e-05
-1.94363e-05
-3.20087e-05
0.000479895
0.000458639
9.44327e-09
1
1
0.412246
1
1
1
1
1
1
1
1
1
1
1
1
0.999995
0.999997
0.999989
0.99999
1
0.999997
1.00004
1.00003
1.00013
1.00012
1.00013
1.00015
0.999792
0.999852
0.998335
0.998594
0.998409
0.998322
1.00012
0.999666
1.0078
1.00625
1.01789
1.01619
1.02083
1.02049
0.993932
1.00127
0.905042
0.91895
-3.16133e-06
-1.22505e-05
-1.53583e-07
-0.015964
2.51515e-06
2.20403e-06
2.74107e-06
0.368433
0.482572
-7.70008e-08
1.01371
7.74919e-07
1.00624e-06
-5.53056e-10
-7.07139e-10
0.000527746
-0.000156823
0.000377716
-0.000287044
0.128616
3.25298e-07
1.60521e-06
-0.013472
-0.0144674
-8.26924e-08
-7.13915e-08
0.172058
0.20032
0.341204
0.533558
0.289265
-0.0117571
0.000289449
-0.000741117
0.000640461
0.906247
-4.71349e-08
0.0013355
-1.09388e-05
-3.30096e-05
0.803556
-2.23825e-07
-1.1511e-07
2.80004e-07
1.81878e-06
4.49848e-09
3.99983e-09
1.01162
1.01238
0.694697
1.08119e-09
7.41053e-09
-0.010565
0.546771
0.563486
0.83992
-0.025908
0.0275915
0.000781286
0.00124812
0.981158
0.92895
-0.00365286
-0.00988939
2.60438e-09
6.0009e-09
3.24877e-10
1.11098e-06
1.29454e-06
0.635412
0.000620495
0.000338902
-0.0119362
-0.0160637
0.396364
-3.19628e-08
-3.33486e-09
0.0876916
8.0282e-08
-7.90105e-08
1.00173
0.999604
1.00064
0.999431
0.999252
0.999759
0.999442
0.999977
0.999838
1.00003
1.00002
1.00002
1.00004
1
1.00002
0.999998
1
0.999998
0.999997
0.999999
0.999998
1
1
1
1
1
1
1
1
1
1
1
1
1
1
1
1.65588e-06
6.78941e-07
-0.0124204
2.46135e-06
2.7402e-06
0.000354554
2.65957e-05
0.750234
1.01328
0.528596
-0.0239217
-0.0268457
1
1
1.01787
-0.00932724
-0.00389188
1.01195
1
1
1
1
1
1
1
1
1
1
0.999995
0.999996
0.999991
0.999992
1.00001
1
1.00005
1.00004
1.00015
1.00013
1.00008
1.00009
0.999483
0.999581
0.997989
0.998269
0.99884
0.998704
1.00172
1.00123
1.01119
1.0094
1.02013
1.01854
1.01554
1.01777
0.968693
0.974365
0.724652
0.277143
0.46897
-8.83779e-09
-1.57159e-09
-1.83693e-07
0.0202866
0.997624
-2.42177e-10
-7.85613e-10
-0.00652444
-0.000145662
-1.39175e-07
0.763882
-7.33965e-05
0.00060822
5.60169e-09
-6.75959e-08
1.00161
-0.0276161
1.00725
-9.91564e-08
-1.08021e-07
1.53631e-06
-0.00280239
3.48465e-10
0.732193
4.83662e-09
6.46447e-09
1.30995e-07
1.01144
-0.000264896
-0.00233333
0.000359954
-2.02936e-09
0.70465
0.460538
-0.0288682
-1.82176e-05
1.00559
0.000592156
-0.000904668
8.38204e-05
0.000270407
2.73799e-05
-2.35326e-06
2.86232e-07
2.4666e-06
2.67979e-06
8.79544e-09
-1.62757e-09
-8.89003e-08
-1.20141e-07
1.01362
0.0832173
0.233373
0.957663
0.92776
0.867771
-8.44175e-06
-4.39902e-06
0.00118964
-0.000456701
1.2097e-06
1.87378e-06
-8.26941e-06
-6.20499e-05
0.820437
-0.0154066
-0.026279
-4.49033e-10
1.27954e-06
1.44181e-06
0.000390992
-0.0147561
-0.0127698
1.05374e-06
1.28543e-06
-0.00132135
-0.000364341
0.387795
0.20309
0.827453
2.14799e-08
4.00303e-07
-9.3673e-08
0.728687
1.90484e-09
0.0492095
0.147492
0.0201104
1.0133
-0.00632605
-0.00459309
-0.0143662
-0.019224
0.0580543
1.00019
0.999395
0.999584
0.999612
0.999309
0.999903
0.999692
1.00002
0.999968
1.00003
1.00004
1.00001
1.00003
1
1.00001
0.999998
0.999998
0.999999
0.999998
1
0.999999
1
1
1
1
1
1
1
1
1
1
1
-1.84892e-08
-3.57912e-08
2.0257e-06
1.08691e-06
-0.0057298
-0.00459692
-0.0132281
9.31962e-10
0.803945
1.00967
1.015
0.886618
-2.36783e-05
0.725705
8.67167e-10
1
1
1
1
1
1
1
1
0.999999
1
0.999995
0.999996
0.999996
0.999996
1.00002
1.00001
1.00007
1.00006
1.00014
1.00012
0.999927
0.999942
0.999102
0.999258
0.997806
0.998111
0.999922
0.999657
1.00424
1.00357
1.01512
1.01316
1.02125
1.01979
1.00997
1.01557
-3.47162e-05
9.32717e-06
-2.19718e-05
0.602191
0.000661187
0.000473081
-5.5931e-08
-1.57142e-08
1.00356
1.0084
0.836303
1.25982e-06
1.33714e-06
2.06939e-07
2.27676e-08
-9.36862e-05
0.0875564
-0.0125938
-5.10165e-08
1.00221
-0.00288745
0.993516
1.00751
0.940191
0.878479
8.23814e-07
4.02975e-09
4.57565e-09
7.07795e-09
-5.08784e-05
0.0507072
0.00424132
0.000179595
0.000435476
0.000107344
-7.37595e-05
0.763608
0.599717
0.0052393
-7.80846e-08
-3.97277e-07
-1.30634e-06
0.00102308
0.00117644
1.50341e-06
-5.7014e-08
-1.13198e-07
-1.5202e-05
-1.08164e-05
0.346608
0.540234
4.74483e-08
-1.91261e-05
-0.00837782
0.940378
-2.21862e-05
-2.72826e-05
-2.38021e-07
-0.00235857
-0.00717887
-0.027629
-0.00176345
2.05638e-06
2.08599e-06
-6.41671e-06
-2.62428e-06
-0.00164963
-5.02389e-05
8.24214e-09
4.0198e-07
1.28621e-06
4.34546e-05
0.000824558
-0.00880192
-0.00728412
-1.7645e-07
0.130244
0.101303
0.296398
1.00112
0.999536
1.00028
0.999477
0.999282
0.999785
0.999501
0.999981
0.999854
1.00003
1.00002
1.00002
1.00004
1
1.00002
0.999998
1
0.999998
0.999997
0.999999
0.999998
1
1
1
1
1
1
1
1
1
8.14051e-07
-0.0189714
-0.0169274
-0.0264186
0.985419
0.288061
0.225981
2.07825e-06
1.4471e-06
0.868187
1.01144
0.99959
-2.0089e-07
-4.79446e-08
9.81802e-07
9.05396e-07
0.541504
-1.9804e-08
-1.51742e-05
1
1
1
1
1
1
0.999999
0.999999
0.999995
0.999997
1
1
1.00003
1.00002
1.00008
1.00006
1.00009
1.00007
0.999674
0.999725
0.998729
0.998921
0.998079
0.998395
1.00185
1.00136
1.00749
1.00659
1.01887
1.0166
1.01898
1.01859
-1.98646e-07
1.58048e-09
-1.01336e-08
6.01644e-09
1.01176
1.01455
-7.9495e-08
-7.43119e-08
4.70647e-07
1.29216e-06
1.84521e-07
-0.0112273
-1.19342e-06
-0.0132099
0.18801
0.973482
1.00569
1.00419
1.01099
0.338375
2.83831e-07
-9.51806e-07
0.771498
-2.49966e-08
0.665984
-0.0103635
-0.00503521
0.947249
-2.87633e-08
1.59971e-06
-0.00880671
0.000295705
0.264643
0.120573
-3.06383e-05
-0.0147845
0.000753353
-0.00180721
0.998829
-2.21419e-05
-1.87174e-05
0.665972
0.824522
1.01813e-06
7.49684e-07
0.927355
0.869073
-0.011529
0.0337268
0.149752
-3.31163e-06
-5.35012e-06
-2.93127e-05
-2.36354e-05
-6.29522e-05
-1.29654e-05
-8.40763e-06
0.000530669
0.000458164
0.000577216
3.65992e-07
1.01184e-07
0.000220619
6.17678e-05
-0.0198043
-0.0221354
-7.01099e-05
1.31152e-06
1.61238e-06
4.0937e-07
1.00271
0.999967
1.0015
0.999398
0.999474
0.999645
0.999357
0.999913
0.999725
1.00002
0.999973
1.00003
1.00004
1.00001
1.00003
1
1.00001
0.999998
0.999998
0.999999
0.999997
1
0.999999
1
1
1
1
1
-0.0231847
-0.023599
0.0195432
7.23642e-07
6.15399e-07
1.43563e-06
0.000203262
0.417395
0.360955
0.606504
-8.04441e-07
-1.50562e-06
-5.39324e-08
-2.25638e-05
-3.53347e-05
0.570564
0.00120721
0.00102484
0.000825145
0.967891
1
1
0.999999
0.999999
0.999998
0.999999
0.999998
0.999998
1.00001
1.00001
1.00004
1.00003
1.00007
1.00006
0.999978
0.999982
0.999351
0.999453
0.998496
0.998706
0.99904
0.999035
1.00479
1.00398
1.01085
1.00965
1.02071
1.01877
0.671142
-0.0111866
-0.0151103
1.0082
0.989854
1.17264e-06
1.16818e-06
-1.17075e-06
1.0144
1.01544
1.12884e-05
0.484827
-0.00995958
-0.0035829
-0.000900935
0.0776623
0.0181797
1.46494e-06
1.09456e-06
-9.00459e-07
8.42578e-07
0.998187
0.982872
-0.0144531
-0.00433383
0.00155393
-0.0210081
-0.0226602
1.01183
-5.00537e-06
0.000436379
-3.8277e-05
-6.26243e-05
0.251111
0.431475
-2.71999e-05
-2.86568e-05
0.915202
-7.80623e-06
-1.05078e-05
0.586383
0.370003
1.0069
1.00856
0.85759
0.910342
0.668479
-0.00598251
-2.04673e-05
-1.66992e-05
0.000457042
-9.26642e-05
0.000654995
-0.0137399
-0.0133782
-2.86877e-06
-4.47204e-06
-4.13891e-05
0.000151035
-5.29625e-06
-7.54635e-06
-1.41088e-06
-2.82041e-05
1.00069
0.999444
0.999918
0.999499
0.999258
0.999815
0.99955
0.999993
0.999891
1.00003
1.00003
1.00002
1.00004
1
1.00002
0.999998
1
0.999998
0.999997
0.999999
0.999998
0.72283
0.661826
0.866604
0.000386953
0.000149634
-1.3906e-06
-0.0127756
-3.15596e-05
0.0383787
0.0165615
0.999999
0.999998
0.999998
1
1
1.00002
1.00002
1.00004
1.00004
1.00003
1.00003
0.999809
0.999838
0.999046
0.999203
0.998558
0.998739
1.00054
1.00023
1.00802
1.00667
1.01415
1.01277
1.02126
1.0204
-1.3425e-05
-1.67938e-05
0.920023
1.8822e-06
1.06806e-06
0.156875
1.01464
1.00319
1.00474
1.00891
-0.00343736
-0.00653449
0.771832
-0.0167456
8.1631e-05
-0.0122437
-0.0111054
-4.59795e-06
0.30163
-0.0138667
-0.00796824
-4.37723e-05
-3.78015e-05
-4.22175e-05
-2.84297e-05
0.00943287
0.0806594
0.0546642
0.557982
0.715671
0.999999
-2.61679e-05
-3.60797e-05
-1.11647e-05
0.112263
1
0.0734841
0.0580138
0.214916
-2.56782e-05
-2.65312e-05
0.994354
0.949441
0.803964
0.772312
-9.96164e-06
0.000164068
0.00132751
0.000235188
2.22103e-06
-1.89706e-05
-2.33065e-05
0.000400984
0.00116976
0.994717
0.933966
1.00825
1.01006
1.01146
-0.0198191
-0.0205504
0.000610169
0.000553715
4.49375e-05
-4.79267e-06
1.01449
1.008
0.883248
-0.0150272
0.99975
0.999397
0.999363
0.999674
0.999372
0.99993
0.999746
1.00003
0.999982
1.00003
1.00004
1.00001
1.00003
1
1.00001
0.999998
0.999998
0.999998
1
0.000276569
0.000568062
0.000191485
-2.30982e-05
-2.74581e-05
-1.15869e-06
-8.53104e-06
1.85678e-07
-0.00499075
-0.0131116
0.199715
0.171017
0.999999
1.00749
-2.49251e-05
1.00001
1.00003
1.00003
1.00003
1.00003
0.999961
0.99997
0.999599
0.999654
0.998853
0.99901
0.99913
0.999253
1.0027
1.0022
1.01115
1.00953
1.01563
1.01446
1.01929
1.01504
-0.00230115
-0.00105842
-0.00116246
-0.00532802
1.00209
1.00593
1.001
0.00326878
0.0102936
-5.42278e-06
-0.0179352
1.01716
-2.45987e-05
0.435721
0.0372472
-0.00630529
1
1.06251e-05
0.000300505
-8.76177e-06
-3.24061e-05
0.808822
-2.89033e-05
1.01375
1.01394
0.384246
-0.000664317
0.332965
0.505398
-2.53948e-05
0.994327
0.85151
-0.00443295
-0.00310204
0.167539
0.129251
-0.00887057
0.945763
0.913048
0.647953
0.699436
0.435297
0.00123567
-0.000669987
-0.0143908
-0.0139439
-2.55966e-05
0.969707
0.893585
-3.08465e-05
-2.55941e-05
1.01035
1.01677
0.990659
1.00404
0.999397
0.999535
0.999277
0.999839
0.999602
0.999999
0.999908
1.00003
1.00003
1.00002
1.00004
1.00004
-0.0164476
-4.3165e-05
-0.00756773
-0.0113749
-0.0110763
-0.016562
-0.0100798
5.39712e-06
0.299933
-1.63188e-05
0.129583
0.103954
0.296668
-5.12298e-06
2.65724e-05
5.72981e-05
0.000109153
0.000529069
-2.74251e-06
4.75998e-05
2.48224e-05
0.956998
1.00718
0.622848
1.00001
1.00001
0.999864
0.999896
0.999389
0.99949
0.99883
0.99898
1.00035
1.00015
1.00578
1.00516
1.01388
1.01232
1.01514
1.0088
1.01467
-5.38349e-06
0.000125942
6.1108e-05
-3.89703e-05
0.0162214
-0.00751857
0.769565
0.645138
0.885481
1.00041
1.00257
-1.17685e-05
-3.08591e-05
0.300527
0.999739
1.00003
1.00001
0.0573537
-0.00278165
-0.000977063
0.000417611
0.000702905
0.000356013
-0.00735803
0.000576309
0.00110795
-0.00593377
-0.00211726
0.505847
-6.36047e-06
1.00913
1.01068
0.563285
0.220859
0.446843
0.151712
9.15564e-05
6.29168e-05
0.000466481
-0.0169287
-0.00384976
0.778864
0.026489
0.0398947
1.00002
1.01646
1.01497
0.000137859
0.999413
0.999717
0.999429
0.999943
0.999786
1.00002
1.00004
0.999982
0.032865
-0.0100052
0.999964
0.999963
-0.00211505
-0.0047938
0.0610916
0.0779095
-0.0129169
-0.0142713
-0.0130245
1.00144
0.831263
0.999747
0.999787
0.999255
0.999349
0.999217
0.999303
1.0022
1.00185
1.00931
1.00842
1.01719
1.01517
0.000233642
0.999562
1.00043
1.01368
0.0724523
0.000241629
0.000548849
0.000527109
-0.0106501
0.936641
0.986036
1.0115
1.00048
0.000856033
-0.0136232
-0.0160981
0.999267
0.127265
1.01225
0.615485
-0.013218
-0.0154108
0.000257566
-0.000934611
0.000671501
0.735529
0.535939
0.431109
0.000372141
0.222608
0.429868
0.164832
0.886066
0.00019363
0.197313
0.168833
0.395829
1.00647
0.000217093
0.000155403
1.00474
1.01277
1.01794
1.01322
0.000257246
2.49462e-05
0.000289386
0.0203318
0.108241
0.0003432
-0.00974888
-0.00445973
0.964253
0.989245
0.999346
0.000348298
0.99958
0.99929
0.999856
0.999867
0.999636
0.28399
0.777727
-0.00393766
0.227251
0.343353
0.273703
-0.00885649
0.000726609
0.000874007
0.9992
0.999966
0.999789
1.00468
1.00376
1.01294
1.01119
1.01708
1.01625
1.00947
0.000619054
0.0574164
0.0186383
0.000670851
1.00305
1.00777
0.99961
0.999286
0.999668
0.000609624
0.968893
0.000660462
0.000602228
0.000625585
0.754471
0.545555
0.866374
0.999484
1.00003
-0.0124517
0.0152239
0.000764293
-0.00727583
-0.0122758
0.000563373
0.21251
0.000174936
1.00173
1.0058
0.42415
-0.0133943
0.000600054
0.900799
0.786855
0.000507974
0.133343
1.01529
1.00012
0.200021
0.387206
1.01594
1.0152
-0.00284813
-0.000395437
-0.000363316
1.0119
0.00672605
-0.00912915
0.999396
0.982874
0.999517
-0.013797
-0.00752912
0.000308452
-0.000122228
0.587407
0.500177
0.366611
-0.0150032
0.000362933
1.00701
1.01468
1.01296
1.01265
1.01205
0.991967
0.930978
0.14708
-0.000966124
-0.000761695
-0.00617143
0.999863
0.966015
0.00397014
1.00504
1.01061
0.0693443
-0.00217607
0.0461866
1.00013
1.00093
0.0565385
0.180956
0.999329
0.490522
-0.0147185
-0.012259
0.544048
0.653538
0.62412
-0.00149843
-0.00357388
-0.00307769
0.736381
0.693075
0.974936
1.01435
0.947785
1.0057
1.00102
0.506513
0.370612
0.999317
1.00558
0.942342
0.908983
0.808675
0.98589
-0.00649613
-0.0131137
0.547436
0.724687
1.00368
1.01702
0.848821
1.0006
1.01098
0.797193
0.87511
-0.00561499
0.801191
0.702271
0.768157
0.44197
0.851817
0.689614
1.00924
-0.0103164
-0.00946557
-0.0136097
0.130384
1.01395
1.01367
1.00261
1.00807
1.00265
0.94179
0.998997
0.943982
0.999881
-0.00728728
1.0138
1.01612
-0.0103903
-0.015627
-0.010526
0.298613
0.513971
-0.00102918
0.0502832
0.330458
0.87335
0.0838871
0.868953
1.00698
1.0063
0.023932
-0.0106
-0.00977569
0.975077
1.01286
0.912687
0.993439
0.157411
0.427025
0.658064
0.342966
0.839995
1.01399
0.00904235
-0.00843597
0.985631
0.927783
1.00334
1.00528
1.01249
1.0143
1.01154
0.829817
0.950622
0.97537
0.870575
1.0151
0.111196
0.268626
-0.0149254
0.734471
1.01495
-0.0136758
-0.00109106
-0.0140687
-0.0131523
-0.0127098
-0.0138364
0.669563
0.138314
0.065416
0.621911
0.68385
0.422973
-0.0123905
-0.013692
0.608728
0.00585146
0.0437132
-0.00378892
1.00013
-0.0152746
0.0190468
0.0943856
0.570564
0.950122
1.01037
0.746829
0.596982
0.759271
0.929089
0.287159
0.399914
0.992321
0.341024
-0.00796485
-0.00612308
0.0128421
0.261794
0.125852
0.881218
0.689103
0.346811
0.0260379
0.0854954
0.0132036
0.42098
0.802213
0.463851
0.0370456
0.16549
0.365831
0.958149
)
;

boundaryField
{
    frontAndBack
    {
        type            empty;
    }
    hot
    {
        type            fixedValue;
        value           uniform 1;
    }
    cold
    {
        type            fixedValue;
        value           uniform 0;
    }
    defaultFaces
    {
        type            zeroGradient;
    }
}


// ************************************************************************* //
