/*--------------------------------*- C++ -*----------------------------------*\
  =========                 |
  \\      /  F ield         | OpenFOAM: The Open Source CFD Toolbox
   \\    /   O peration     | Website:  https://openfoam.org
    \\  /    A nd           | Version:  7
     \\/     M anipulation  |
\*---------------------------------------------------------------------------*/
FoamFile
{
    version     2.0;
    format      ascii;
    class       volScalarField;
    location    "0.2";
    object      T;
}
// * * * * * * * * * * * * * * * * * * * * * * * * * * * * * * * * * * * * * //

dimensions      [0 0 0 1 0 0 0];

internalField   nonuniform List<scalar> 
5936
(
0.50939
0.913127
0.999042
0.982364
1.00586
1.01592
1.00201
1.00688
1.00016
1.00087
0.999826
0.999599
0.999883
0.999688
0.999947
0.999864
0.999961
0.999924
0.999968
0.999934
0.999969
0.999928
0.999959
0.999916
0.999962
0.999911
0.999965
0.99991
0.999952
0.999903
0.999959
0.999906
0.99996
0.999908
0.999957
0.999911
0.999967
0.999914
0.999952
0.999905
0.999954
0.999899
0.999966
0.999912
0.999951
0.999902
0.999955
0.999898
0.999959
0.999913
0.999955
0.999917
0.999973
0.999928
0.999969
0.999922
0.999954
0.999903
0.999959
0.999902
0.999965
0.999907
0.999952
0.999902
0.999958
0.999905
0.99996
0.999907
0.999957
0.999911
0.999974
0.999919
0.99996
0.999909
0.999952
0.999892
0.999957
0.999895
0.999948
0.999897
0.999953
0.999903
0.999958
0.999911
0.999948
0.999912
0.999963
0.999919
0.999971
0.999921
0.999939
0.999897
0.999936
0.999894
0.999891
0.999882
0.999818
0.999842
0.999876
0.116259
-0.00310568
-0.000234556
4.74801e-05
2.64343e-06
-3.82826e-07
-3.57157e-08
2.05527e-10
1.31407e-10
5.0845e-12
-1.02189e-14
-6.91449e-15
-2.4443e-16
-2.66213e-18
7.91164e-20
4.63989e-21
1.00165e-22
5.82781e-25
-3.43256e-26
-1.11698e-27
-1.70846e-29
-2.15762e-32
5.03214e-33
1.3611e-34
-3.00561e-52
4.2864e-36
-1.6273e-34
-2.12779e-32
-2.80561e-31
2.47699e-30
-2.09047e-29
5.99448e-27
1.4636e-25
2.79817e-25
2.40909e-24
-1.38224e-22
-1.57179e-21
-7.79737e-21
-6.45135e-20
-7.1946e-20
-2.87665e-19
8.09988e-19
-1.31961e-18
6.04776e-18
3.3327e-17
2.11652e-17
1.17416e-16
1.9266e-16
1.45062e-16
1.38565e-16
1.00178
1.00124
0.994107
0.997663
0.997691
0.996205
1.01823
1.00905
1.02288
1.0215
0.972597
0.991106
0.863487
0.901104
0.705299
0.754836
0.518351
0.573593
0.353185
0.399949
0.227807
0.262355
0.139796
0.163689
0.0805833
0.0963018
0.0451934
0.054422
0.0242383
0.0295849
0.0123838
0.0153356
0.00619402
0.00772517
0.00293157
0.00372246
0.00136623
0.00173746
0.000645233
0.000816932
0.00028092
0.000362845
0.000121939
0.000157874
5.11943e-05
6.70586e-05
2.06275e-05
2.72295e-05
8.71017e-06
1.13982e-05
3.46675e-06
4.60686e-06
1.36162e-06
1.81738e-06
5.36602e-07
7.15475e-07
2.02737e-07
2.73251e-07
7.69827e-08
1.03858e-07
2.91976e-08
3.92851e-08
1.08538e-08
1.46792e-08
3.91949e-09
5.33844e-09
1.424e-09
1.94031e-09
4.91715e-10
6.74995e-10
1.75386e-10
2.39693e-10
6.13602e-11
8.43537e-11
2.04745e-11
2.83371e-11
7.06537e-12
9.73921e-12
2.32835e-12
3.24722e-12
7.54915e-13
1.05363e-12
2.56582e-13
3.56829e-13
8.30345e-14
1.1678e-13
2.78307e-14
3.91527e-14
8.94741e-15
1.29085e-14
3.05014e-15
4.48419e-15
1.20113e-15
1.80539e-15
4.3335e-16
2.04962e-16
6.58577e-16
6.66013e-36
1.63784e-16
0.0134483
-0.00159516
5.86205e-05
1.54984e-05
-2.81481e-07
-1.50853e-07
-4.7869e-09
3.52362e-10
3.13283e-11
5.07013e-13
-2.12394e-14
-1.50785e-15
-3.026e-17
1.90065e-20
2.30626e-20
7.55065e-22
1.05573e-23
-7.80044e-26
-7.10709e-27
-1.5064e-28
-1.36995e-30
1.89431e-32
8.859e-34
-0.000946693
2.05149e-35
2.47273e-16
3.39009e-35
2.73862e-34
9.47917e-32
2.22367e-30
-3.76705e-29
-3.15989e-28
-4.00491e-26
-2.01837e-25
-1.71341e-24
1.22606e-23
6.92719e-22
2.61177e-21
2.97343e-20
6.1027e-20
1.60679e-19
1.66391e-19
-3.2942e-19
1.60594e-19
2.98005e-17
1.41914e-17
3.98801e-17
1.72922e-16
1.9188e-16
0.000155339
0.0664531
1.02252e-05
0.457241
0.000137859
5.42616e-05
-6.12171e-07
-5.46144e-07
-2.20979e-08
1.14552e-09
1.25196e-10
2.72293e-12
-7.04324e-14
-6.35362e-15
-1.55081e-16
-5.33935e-19
9.30127e-20
3.50362e-21
5.60532e-23
-1.39644e-25
-3.22479e-26
-7.5029e-28
-8.43658e-30
6.23382e-32
4.18701e-33
9.15505e-35
-3.64244e-35
1.24317e-31
2.83847e-30
-5.51987e-29
-3.63719e-28
-4.97524e-26
-2.58861e-25
-2.42769e-24
1.35183e-23
8.86698e-22
3.26736e-21
3.90658e-20
8.15065e-20
2.11717e-19
2.54579e-19
-4.73415e-19
5.81342e-19
4.47115e-17
2.33051e-17
6.47514e-17
2.58697e-16
2.83799e-16
4.53827e-35
-1.22424e-06
-1.38251e-07
-2.85967e-10
4.52378e-10
2.29555e-11
7.34303e-14
-2.54761e-14
-1.14154e-15
-1.51645e-17
2.5657e-19
2.04135e-20
5.00847e-22
4.30606e-24
-1.31071e-25
-5.43942e-27
-9.08706e-29
-3.71282e-31
2.13659e-32
6.40951e-34
-2.71722e-32
-2.8325e-31
3.41615e-30
-2.49633e-29
7.46884e-27
1.88433e-25
3.39722e-25
3.86446e-24
-1.69856e-22
-2.03218e-21
-9.89259e-21
-8.82652e-20
-9.38382e-20
-3.90865e-19
1.14945e-18
-1.80582e-18
1.02868e-17
4.99447e-17
3.352e-17
1.78235e-16
2.8877e-16
2.25629e-16
-0.00560245
-0.0053558
-2.83225e-34
0.596811
-0.00110521
0.95726
1.00255
0.985812
1.00461
1.00853
1.00163
1.00463
1.00035
1.00141
1.0002
1.00067
1.00029
1.00071
1.00029
1.00079
1.00028
1.00076
1.0003
1.00076
1.00029
1.00081
1.00027
1.00078
1.00031
1.00077
1.0003
1.00081
1.00029
1.0008
1.00031
1.00079
1.00027
1.00081
1.00031
1.00078
1.00032
1.00083
1.00029
1.00085
1.00033
1.00079
1.00032
1.00085
1.00031
1.00079
1.00033
1.00079
1.00028
1.00082
1.00027
1.00076
1.00029
1.00077
1.00029
1.0008
1.00027
1.00078
1.0003
1.00077
1.0003
1.00081
1.00029
1.0008
1.0003
1.00079
1.00026
1.0008
1.00028
1.00075
1.00029
1.00081
1.00029
1.00078
1.00033
1.00078
1.00033
1.00085
1.00033
1.00083
1.00035
1.00079
1.00033
1.00085
1.00031
1.00078
1.00039
1.0008
1.00034
1.00082
1.00055
1.00081
1.00099
1.0012
1.00107
-7.17443e-34
0.00159085
5.78094e-05
0.260809
1.44775e-05
3.08243e-07
-8.89267e-08
-5.6265e-09
1.84537e-11
1.49643e-11
5.70442e-13
5.01067e-15
-4.35424e-16
-1.8005e-17
-3.29876e-19
8.42534e-22
2.53055e-22
7.30024e-24
9.18309e-26
-8.11406e-28
-5.84136e-29
-1.13066e-30
-9.18712e-33
1.08839e-34
-3.64817e-32
-0.00298469
-0.00433017
-0.00312669
1.20867e-35
4.6682e-16
8.12981e-16
3.36536e-06
1.12397e-05
1.91879e-06
0.533004
-2.03561e-31
1.35629e-30
-1.98102e-29
9.91551e-27
3.22413e-25
4.45314e-25
8.95338e-24
-2.34206e-22
-3.67159e-21
-1.50601e-20
-1.69918e-19
-1.79391e-19
-7.41006e-19
2.0513e-18
-2.96239e-18
2.58618e-17
8.64348e-17
7.00825e-17
3.67232e-16
5.34962e-16
3.65169e-16
7.09265e-16
0.0516411
0.189568
0.0226419
-0.000124789
-0.000717681
2.28851e-05
3.99363e-05
3.91465e-05
0.995901
0.997991
1.00009
0.996328
1.01481
1.00764
1.01748
1.02421
0.970378
1.00061
0.866713
0.92251
0.706157
0.774223
0.523936
0.594949
0.358599
0.417745
0.232856
0.276393
0.142655
0.171712
0.0841455
0.10305
0.047029
0.0584882
0.0250729
0.0315136
0.0131025
0.0166259
0.00647363
0.0082896
0.00313238
0.00404515
0.00147087
0.00192551
0.000662421
0.000869076
0.000295175
0.000392393
0.000128882
0.00017122
5.45166e-05
7.2907e-05
2.2304e-05
3.03057e-05
9.28311e-06
1.2465e-05
3.73574e-06
5.05969e-06
1.5158e-06
2.05911e-06
5.85129e-07
8.01314e-07
2.20005e-07
3.02115e-07
8.69171e-08
1.18673e-07
3.21012e-08
4.45005e-08
1.16978e-08
1.61984e-08
4.40691e-09
6.09698e-09
1.56953e-09
2.18161e-09
5.47033e-10
7.68422e-10
1.96547e-10
2.72861e-10
6.84441e-11
9.55099e-11
2.32547e-11
3.28786e-11
7.99097e-12
1.11987e-11
2.64725e-12
3.73141e-12
8.79469e-13
1.24873e-12
2.91328e-13
4.09754e-13
9.61406e-14
1.35966e-13
3.36359e-14
4.71327e-14
1.18124e-14
1.65646e-14
4.85653e-15
6.89771e-15
0.780414
7.36383e-35
0.830388
-1.02893e-33
-1.0527e-25
-6.97955e-26
8.25018e-05
-1.85784e-33
3.31216e-35
4.53867e-25
-1.59965e-07
-2.66108e-08
-7.31909e-10
4.47164e-11
3.25886e-12
7.65803e-14
-9.80759e-16
-9.77861e-17
-2.70267e-18
-2.59559e-20
9.22832e-22
4.5642e-23
9.74695e-25
3.73896e-27
-2.85287e-28
-8.89051e-30
-1.20788e-31
-1.3903e-34
-5.84473e-32
-5.10602e-28
-1.93332e-28
6.61807e-30
4.68438e-30
2.23764e-31
6.02873e-30
3.18882e-31
-1.04206e-28
1.57263e-26
-1.48073e-07
-5.03841e-25
-4.31258e-24
1.11565e-23
1.41397e-21
5.44676e-21
6.57555e-20
1.71151e-19
3.84201e-19
7.15798e-19
-1.33763e-18
3.50962e-18
8.9738e-17
3.75027e-17
1.43121e-16
4.84576e-16
5.15006e-16
-1.98216e-08
-1.56736e-18
-6.95185e-17
-1.99232e-33
-1.27026e-15
2.15021e-15
3.57385e-14
7.60772e-16
5.17664e-16
9.68174e-17
1.25205e-16
3.44005e-17
-4.41495e-18
2.97337e-18
-1.03103e-18
-2.52719e-19
-2.35441e-19
-2.20441e-20
-5.07371e-21
2.89681e-34
-5.66999e-32
-5.33654e-30
-2.2564e-28
-1.08738e-27
5.12844e-25
2.95742e-23
8.50649e-22
-5.25415e-21
7.17082e-16
6.93341e-16
1.98608e-16
5.5729e-17
1.2564e-16
4.03288e-18
-1.688e-18
9.15646e-19
5.44839e-19
2.38865e-19
9.68253e-20
7.35834e-21
2.04544e-21
1.95567e-23
-6.4987e-24
-1.52708e-28
-2.71407e-33
-6.05064e-31
-3.9365e-29
-9.62821e-28
3.45738e-26
4.40473e-24
1.88629e-22
2.40214e-21
-1.56402e-19
-1.16666e-17
-3.61046e-16
-5.33899e-16
3.42908e-13
1.1792e-11
9.24331e-11
-3.39105e-09
-8.154e-08
-6.49049e-25
2.20281e-12
4.4829e-11
-2.26172e-10
-2.23505e-07
-3.09466e-31
-3.60287e-22
-4.46839e-29
1.25574e-23
6.44218e-25
5.61504e-05
-1.40445e-25
0.994791
1.00651
1.00341
1.00333
1.00559
1.00028
1.00015
0.999473
0.997925
0.999671
0.997896
0.999918
0.998441
0.999991
0.998685
1.00006
0.998768
1.0001
0.998888
1.00006
0.998897
1.00014
0.998887
1.00009
0.998906
1.00006
0.998849
1.00013
0.99886
1.00006
0.998861
1.00005
0.998773
1.00007
0.998692
0.999974
0.998751
1.00001
0.998666
1.00005
0.998809
1.00003
0.998829
1.00011
0.998809
1.0001
0.998925
1.00006
0.998857
1.0001
0.998862
1.00012
0.998938
1.00007
0.998924
1.00015
0.998902
1.0001
0.998916
1.00006
0.998853
1.00014
0.998868
1.00008
0.998901
1.0001
0.998842
1.00013
0.998927
1.00008
0.998919
1.00009
0.998845
1.00009
0.998876
1.00001
0.998884
1.00007
0.998769
1.00005
0.998867
0.999909
0.99877
1.00015
0.998899
0.999897
0.999138
0.999067
0.99738
0.998177
6.54094e-29
4.30096e-15
-4.48894e-22
3.25589e-15
1.56199e-31
-1.18158e-24
-4.30292e-18
-3.84073e-08
2.42775e-07
3.22765e-08
-1.15131e-08
-5.12873e-10
2.6366e-12
1.33776e-15
9.05686e-13
1.37859e-15
3.47047e-14
2.09409e-14
-6.08795e-33
-3.88432e-17
-1.763e-17
-4.91292e-17
-1.47154e-17
1.27605e-15
-1.2112e-19
-1.67497e-21
2.4514e-23
1.76374e-24
3.5253e-26
2.41641e-28
-8.51227e-30
-2.81241e-31
2.01027e-06
1.14832e-06
2.97045e-12
2.73099e-12
5.8004e-31
1.72019e-31
7.11844e-25
9.89036e-25
-1.48721e-24
-2.78593e-30
2.53742e-23
1.93437e-26
3.05325e-26
-2.16789e-25
1.00888e-29
6.56916e-30
3.39948e-05
8.69885e-05
-1.10915e-23
3.5798e-23
1.49674e-30
-3.54544e-28
5.87931e-24
1.51041e-23
-6.91897e-22
-8.75859e-21
-3.22419e-20
-4.09683e-19
-4.65494e-19
-1.92298e-18
5.017e-18
-6.29849e-18
8.04961e-17
2.06056e-16
1.97507e-16
1.01434e-15
1.29379e-15
1.93742e-15
-3.36879e-08
-3.31354e-08
0.999331
0.996584
1.00893
1.00376
1.01774
1.02286
0.98253
1.0076
0.89548
0.945363
0.739989
0.809417
0.554743
0.62794
0.38723
0.448371
0.254374
0.299611
0.157404
0.189343
0.0932165
0.113649
0.0529178
0.0652033
0.028452
0.0356899
0.0146584
0.0185713
0.00732098
0.0093953
0.00355403
0.00460259
0.0016623
0.00216908
0.000761534
0.000997369
0.000342517
0.000453381
0.000146812
0.00019579
6.25004e-05
8.35991e-05
2.62555e-05
3.5487e-05
1.0768e-05
1.44993e-05
4.34789e-06
5.9342e-06
1.75209e-06
2.3846e-06
6.89601e-07
9.46798e-07
2.64456e-07
3.65349e-07
1.0088e-07
1.3798e-07
3.8024e-08
5.23868e-08
1.41017e-08
1.95698e-08
5.17902e-09
7.17989e-09
1.86479e-09
2.59526e-09
6.60481e-10
9.2837e-10
2.28728e-10
3.20282e-10
8.01918e-11
1.12304e-10
2.82084e-11
3.97576e-11
9.52486e-12
1.34566e-11
3.21131e-12
4.55286e-12
1.05604e-12
1.50431e-12
3.52832e-13
4.99392e-13
1.15619e-13
1.65137e-13
3.96489e-14
5.58432e-14
1.53069e-14
2.10008e-14
1.983e-13
6.98673e-13
1.35801e-13
1.20729e-15
1.96091e-15
1.42902e-29
-2.5086e-33
1.98211e-15
2.65789e-16
-0.00204306
-7.87665e-33
0.92609
-6.84769e-08
4.29075e-15
-4.25461e-33
-3.11546e-18
-8.03381e-19
1.9446e-15
6.35038e-12
-9.1217e-09
-2.83905e-09
-2.0005e-09
-5.42133e-11
1.69174e-17
-5.30218e-19
-1.63581e-20
-4.08833e-23
8.83956e-24
2.81633e-25
3.66026e-27
-1.39523e-29
-1.7678e-30
-6.05932e-32
0.00933838
1.87683e-15
8.51766e-06
6.32347e-06
4.65418e-21
3.16472e-21
0.959864
-2.84659e-28
6.83413e-25
2.2723e-19
1.57535e-19
1.22923e-20
-5.80189e-19
1.66804e-20
4.96026e-19
9.51699e-19
2.33399e-18
-4.19942e-18
1.48631e-17
2.38675e-16
8.79183e-17
4.22554e-16
1.85454e-15
0.0769197
0.0423207
7.30888e-15
-2.49253e-29
2.59765e-05
5.88209e-05
2.17837e-05
1.43265e-15
2.71085e-16
2.99295e-16
1.08224e-16
-9.47104e-18
7.28564e-18
8.25872e-31
-1.18466e-30
5.83508e-16
1.2958e-16
3.33699e-16
-0.00331121
0.000438849
-0.00373188
1.8106e-17
0.684679
-5.476e-18
3.03206e-18
1.34548e-18
-6.9731e-30
3.38499e-29
1.86438e-26
1.16552e-24
2.7489e-23
-6.26709e-22
-2.90827e-10
-3.73151e-32
-0.000388631
-0.00123333
-8.9871e-05
-4.20654e-28
0.787311
-2.22308e-32
-7.18371e-20
1.65381e-27
1.68989e-25
-1.72867e-31
6.73184e-24
-1.58971e-11
4.16819e-23
-8.99627e-21
-9.91145e-32
-1.19615e-20
6.76442e-19
-1.62105e-23
-5.62652e-29
9.76357e-25
-4.60298e-20
-2.69177e-18
-6.62494e-19
0.323231
9.52512e-15
1.00636
1.00553
1.01389
0.999725
1.00437
0.997134
0.99761
0.996582
0.995392
0.996656
0.995228
0.996647
0.995176
0.996628
0.995048
0.996713
0.995161
0.996593
0.995218
0.996637
0.995124
0.996568
0.995226
0.996631
0.99519
0.996684
0.995178
0.996599
0.995254
0.996466
0.995273
0.996748
0.995084
0.996651
0.99546
0.996619
0.995132
0.996775
0.995253
0.996575
0.995329
0.996613
0.994965
0.996697
0.99524
0.996678
0.995166
0.996705
0.995142
0.99675
0.995232
0.9966
0.995239
0.996636
0.995124
0.996569
0.995225
0.996639
0.995188
0.996715
0.995174
0.996756
0.995284
0.996676
0.995177
0.996688
0.995199
0.996637
0.995155
0.996578
0.995054
0.996616
0.99513
0.996314
0.995235
0.996363
0.994924
0.996605
0.995234
0.996474
0.99516
0.995897
0.995348
0.99608
0.997989
0.997305
1.18098e-06
-1.42485e-32
1.31075e-18
1.7336e-28
-6.42245e-20
-7.65288e-28
-2.91247e-09
-7.49683e-22
3.62515e-15
1.93133e-31
4.22863e-14
3.13786e-14
-2.00116e-20
-6.288e-19
5.57307e-17
1.03373e-26
3.24997e-15
-4.45493e-32
-3.44158e-20
-5.67125e-21
-3.40098e-21
-1.88485e-10
8.1757e-25
6.32097e-26
4.2743e-26
1.45604e-27
8.21209e-28
1.22909e-15
7.27986e-21
-2.68488e-20
-2.97803e-12
3.41005e-15
1.723e-30
2.94269e-25
-0.000206457
7.0359e-23
1.44918e-27
-6.29783e-19
-1.33193e-18
0.872107
-4.69168e-18
-1.06325e-18
1.80283e-18
0.212109
1.56698e-29
4.43412e-30
2.33933e-18
-6.58776e-18
1.61206e-30
2.28639e-30
2.90789e-30
1.18286e-17
-1.08749e-17
7.23102e-17
6.22445e-16
2.1409e-16
5.68137e-16
1.73418e-15
3.41091e-15
1.77797e-08
-2.80208e-29
-1.13171e-27
1.0048
1.00082
1.02117
1.02274
0.99506
1.0162
0.922939
0.96892
0.776712
0.845269
0.592804
0.67128
0.417354
0.484472
0.278158
0.328042
0.174432
0.210559
0.103536
0.126687
0.0591826
0.0732918
0.0317622
0.0401626
0.0164632
0.0209624
0.00843068
0.0108537
0.00407414
0.00533055
0.00191552
0.00251153
0.000884345
0.00116682
0.00039191
0.000523154
0.000170097
0.000228103
7.37022e-05
9.93014e-05
3.05828e-05
4.16621e-05
1.27373e-05
1.72461e-05
5.22053e-06
7.15066e-06
2.0869e-06
2.85126e-06
8.44654e-07
1.15621e-06
3.19768e-07
4.49138e-07
1.16521e-07
1.62583e-07
4.56696e-08
6.32495e-08
1.69041e-08
2.37171e-08
6.16675e-09
8.62199e-09
2.27249e-09
3.19514e-09
7.87077e-10
1.11949e-09
2.76216e-10
3.8954e-10
9.83689e-11
1.38609e-10
3.39969e-11
4.82569e-11
1.18412e-11
1.67611e-11
4.0307e-12
5.75511e-12
1.32313e-12
1.89894e-12
4.473e-13
6.3749e-13
1.4792e-13
2.12805e-13
4.93202e-14
7.01213e-14
1.78902e-14
2.47833e-14
2.84922e-20
3.81323e-20
-9.16219e-20
3.43162e-15
5.09672e-15
4.68761e-15
-1.25364e-17
-1.7191e-17
4.67844e-06
3.62042e-06
-3.31057e-24
8.06901e-25
2.80129e-15
4.98211e-15
1.90261e-29
2.8352e-29
-1.79384e-29
-2.94569e-11
-1.23066e-10
-1.63693e-11
-4.8227e-09
1.48368e-09
-6.0309e-09
-1.65268e-19
-5.40242e-19
-1.20188e-19
-1.33729e-31
9.26766e-29
-5.03285e-05
2.24204e-05
2.13447e-07
7.79298e-15
9.01476e-25
2.99617e-25
9.7288e-15
-2.29089e-20
-1.70113e-17
1.67273e-15
4.64364e-15
6.34138e-27
6.42007e-15
-2.08169e-31
-8.74268e-10
3.99327e-15
-7.88375e-23
-2.49656e-09
2.28011e-25
1.20109e-07
1.02312e-15
2.14196e-16
-6.45123e-10
-3.15455e-23
1.11654e-14
8.05457e-07
-4.06141e-22
-1.18385e-12
5.783e-14
1.3835e-05
1.17146e-05
-2.75828e-24
7.7201e-26
0.973182
-2.61025e-23
0.65815
9.87138e-23
1.44428e-28
7.83904e-30
3.59533e-19
-7.87403e-22
1.0479e-20
5.14403e-19
0.738721
-1.51699e-18
7.90473e-16
0.998779
-1.27293e-18
7.17244e-18
0.0202911
2.44298e-16
4.85846e-16
1.33127e-13
2.23097e-13
1.17696e-13
1.47682e-24
-3.49668e-24
3.31245e-18
-4.52041e-31
-2.81727e-25
2.05766e-24
9.57982e-18
-0.00143939
-0.000815744
1.77177e-17
4.88077e-18
-0.00492849
-0.00406532
-2.75253e-23
-2.79727e-23
-1.7907e-18
0.91629
-3.83685e-23
1.2121e-27
3.17545e-16
8.81915e-16
1.72656e-17
3.37937e-16
7.08968e-16
6.5937e-27
1.6665e-06
-3.62892e-18
1.00982
1.00572
1.01655
1.00192
1.01028
1.00042
1.00668
1.00029
1.00582
0.999922
1.00548
0.999612
1.00488
0.999999
1.00494
0.999739
1.00486
0.999721
1.00456
0.999759
1.00463
0.999768
1.00462
0.999717
1.00476
0.999996
1.00474
0.999745
1.00499
1.00002
1.00473
0.999711
1.00501
0.999597
1.00468
1.00019
1.00509
0.999833
1.00537
0.999758
1.00479
0.99984
1.00498
0.999532
1.00473
0.999517
1.00452
0.999965
1.00484
0.999717
1.00482
0.999712
1.00454
0.999759
1.00464
0.999775
1.00465
0.999682
1.00484
0.999725
1.00488
0.999686
1.00489
0.999937
1.00504
0.999736
1.00498
0.999534
1.0046
1.00033
1.00499
1.00019
1.00563
1.00012
1.0055
1.00056
1.00562
1.0004
1.0035
0.704515
1.31677e-14
-3.40182e-24
-4.45666e-20
1.1944e-26
-6.43704e-21
-2.30125e-22
7.50782e-15
1.65523e-14
2.18424e-17
-6.17007e-23
-6.20072e-10
7.34187e-15
3.66621e-28
7.83772e-15
-3.69652e-17
-1.88442e-10
-8.8268e-10
0.323051
1.98515e-27
1.38658e-27
8.19916e-19
1.13886e-15
-2.14944e-20
-2.00078e-20
8.48955e-27
7.02103e-27
7.44656e-16
1.046e-14
1.63323e-14
-2.35484e-25
-5.10622e-26
3.92746e-26
7.47641e-28
7.54864e-27
1.70146e-15
-0.00912854
0.000578453
8.23188e-30
5.53475e-29
2.40185e-28
3.12987e-29
-1.14865e-17
2.88584e-17
1.99807e-16
1.01232e-15
0.0668977
6.00572e-18
-1.62105e-17
6.08834e-26
-0.00560879
0.000858499
-4.04446e-25
0.0701239
0.0312193
0.109382
1.67041e-15
1.68014e-15
0.883794
0.722782
-1.09394e-17
2.58106e-16
-1.34125e-21
-8.93351e-22
1.02444
1.00597
1.02172
0.9526
0.99485
0.817646
0.891969
0.637161
0.718922
0.46039
0.533563
0.309285
0.365753
0.196424
0.236892
0.118412
0.144899
0.0673653
0.0839655
0.0365124
0.0463234
0.0192476
0.0245841
0.00992766
0.0127877
0.00489125
0.00641135
0.00228587
0.00303185
0.00104427
0.00139345
0.000472204
0.000631437
0.00020685
0.000279147
8.88002e-05
0.000120507
3.78187e-05
5.17106e-05
1.55717e-05
2.14059e-05
6.39425e-06
8.81635e-06
2.59033e-06
3.57485e-06
1.03819e-06
1.44222e-06
4.02043e-07
5.64539e-07
1.49376e-07
2.10503e-07
5.71916e-08
8.00443e-08
2.13504e-08
3.0047e-08
7.82084e-09
1.10127e-08
2.85671e-09
4.03576e-09
1.00876e-09
1.4417e-09
3.51917e-10
5.03955e-10
1.23252e-10
1.76084e-10
4.38019e-11
6.24102e-11
1.54331e-11
2.21264e-11
5.20254e-12
7.49799e-12
1.78727e-12
2.57792e-12
5.97427e-13
8.68375e-13
1.98185e-13
2.90711e-13
6.88945e-14
1.02463e-13
2.40312e-14
3.05488e-05
4.85893e-05
3.03316e-05
4.96768e-06
4.13551e-06
-2.10396e-27
4.35547e-28
-3.1216e-23
-1.71486e-23
3.66582e-15
1.09534e-14
3.54014e-18
-5.09549e-18
9.32694e-18
-2.30981e-17
1.11035e-16
-4.67399e-21
-5.06544e-11
3.42011e-29
5.03826e-15
9.20858e-15
2.05394e-26
-0.00970125
-0.00678542
-4.87197e-25
3.79921e-14
8.36276e-15
5.62983e-15
4.05288e-17
2.73988e-17
0.188877
-1.60493e-24
6.04094e-15
1.96053e-15
-4.96598e-17
1.06142e-08
4.28235e-09
1.62164e-20
-6.11039e-20
7.90582e-16
5.45728e-16
-3.91103e-18
-2.79774e-18
-6.72148e-24
9.44575e-06
9.80891e-06
2.36176e-15
-3.61232e-24
-5.35056e-24
-8.92604e-23
4.45594e-07
8.92406e-20
6.89855e-20
-1.39518e-22
1.91958e-22
-1.24558e-21
-1.05652e-13
-2.15907e-14
1.01244
0.992634
4.72311e-30
7.73597e-26
8.34132e-18
8.08178e-30
1.27828e-29
5.38373e-29
0.239363
2.31113e-15
1.22958e-06
1.19223e-25
-2.15092e-10
-5.6527e-10
-1.60711e-10
1.02189
1.00368
-1.24993e-19
-1.82175e-19
1.18991e-18
2.68637e-22
8.64942e-08
3.00841e-07
4.84838e-08
-0.000838823
3.14319e-24
4.44528e-24
-7.91797e-24
9.82979e-22
-4.28144e-20
9.07752e-15
-0.00298607
-0.0068426
-0.002351
7.10358e-17
4.24286e-17
-7.41441e-25
-1.43242e-28
-1.41032e-28
-3.12208e-27
-3.3911e-11
-9.46447e-12
4.83449e-18
1.30009e-14
-1.85547e-22
-1.48959e-22
0.931834
1.32691e-14
-7.97527e-25
4.32519e-15
1.02066
1.0185
1.0277
1.0173
1.02466
1.01679
1.02412
1.01653
1.02394
1.01592
1.02312
1.01609
1.02313
1.0159
1.02315
1.01555
1.02253
1.0155
1.02243
1.01597
1.02294
1.01548
1.02264
1.01589
1.02235
1.01593
1.02286
1.01587
1.02281
1.01592
1.02292
1.0159
1.02259
1.01639
1.02304
1.01598
1.02345
1.01607
1.02274
1.01601
1.02329
1.0162
1.02336
1.0159
1.02299
1.01609
1.02311
1.01588
1.02312
1.01557
1.0225
1.01558
1.02244
1.01623
1.02301
1.01577
1.02287
1.01597
1.02276
1.01609
1.02269
1.01615
1.02302
1.01633
1.02325
1.0162
1.02264
1.0171
1.02296
1.01749
1.02385
1.01609
1.02399
1.01426
1.023
1.02495
0.461743
1.00059
2.45547e-06
6.06297e-17
1.02901e-14
1.22108e-14
-1.20693e-25
1.46355e-15
-1.91747e-22
7.9023e-19
2.28376e-26
6.07587e-17
8.95805e-17
0.443172
-7.0184e-24
1.57257e-25
2.32292e-25
-1.14435e-24
-5.99401e-14
4.87841e-15
1.43421e-14
3.66013e-20
4.80081e-09
5.07164e-22
2.27307e-14
4.15317e-16
1.38647e-15
2.76799e-16
-7.44552e-29
-0.000553439
-0.000156851
0.479483
-1.07356e-26
-3.63355e-27
0.98821
-9.57706e-25
-5.31277e-25
9.19183e-18
0.144954
-1.15252e-21
-1.99959e-21
2.31274e-20
4.68527e-18
2.69435e-19
0.382569
2.18111e-14
1.75881e-17
-6.73735e-18
1.26649e-17
1.01436
1.0201
1.02953
1.01439
1.4442e-17
-2.75973e-17
8.2116e-17
2.13724e-15
6.12954e-15
0.818366
0.909556
0.519635
2.64911e-15
2.12957e-15
-1.31657e-12
-5.66441e-12
-6.50694e-13
6.58967e-16
3.00047e-15
-5.98937e-22
-5.68055e-22
0.984713
0.87112
0.944001
0.695543
0.778575
0.512843
0.589553
0.349218
0.410593
0.225185
0.271187
0.135559
0.166906
0.078401
0.0974627
0.0434998
0.0551118
0.0230606
0.0296183
0.011973
0.0154242
0.00602606
0.00790721
0.00281053
0.00373704
0.00130615
0.00173952
0.000594084
0.000799608
0.000256355
0.000348047
0.000112696
0.000153044
4.86251e-05
6.66637e-05
2.00329e-05
2.75913e-05
8.42974e-06
1.16478e-05
3.37257e-06
4.70322e-06
1.34883e-06
1.86703e-06
5.40329e-07
7.58514e-07
1.98969e-07
2.84185e-07
7.51195e-08
1.05415e-07
2.84235e-08
4.04302e-08
1.02087e-08
1.46106e-08
3.72043e-09
5.30109e-09
1.35638e-09
1.95179e-09
4.70738e-10
6.78085e-10
1.68934e-10
2.42629e-10
6.04002e-11
8.67344e-11
2.08815e-11
2.99419e-11
7.31204e-12
1.06858e-11
2.4745e-12
3.61017e-12
8.68633e-13
1.26068e-12
3.08723e-13
4.55411e-13
1.14302e-13
1.71784e-13
2.71639e-14
3.69557e-14
4.53583e-14
3.07029e-27
3.07725e-26
-4.07407e-23
-2.74818e-23
2.06243e-14
3.27085e-14
-9.88379e-18
1.987e-17
2.80834e-17
8.95653e-16
-4.53959e-11
-6.30984e-26
3.02266e-06
1.61814e-06
1.13415e-17
2.70642e-18
6.79393e-15
-1.30282e-16
-9.35065e-17
-2.84349e-14
-3.8233e-15
2.93553e-14
8.85365e-17
6.44256e-17
-1.45873e-22
3.64065e-19
2.02951e-19
-4.35776e-24
0.226859
3.71998e-28
2.00562e-28
-1.36867e-17
-5.2237e-06
1.00164e-06
3.09901e-08
1.89191e-08
-1.01189e-19
-0.00139632
2.27917e-14
-1.20033e-22
6.93918e-22
3.3208e-14
3.29019e-14
1.1021e-21
-3.93264e-17
3.93823e-15
-4.80201e-13
-2.78198e-13
-5.47592e-28
4.07684e-29
-6.72048e-28
-9.57708e-11
-1.09721e-10
1.02231
-1.77935e-23
-1.79389e-22
0.0918601
0.0197758
1.70171e-18
-9.35622e-18
7.00598e-14
-4.9351e-06
-7.05571e-05
8.74549e-06
-1.39207e-23
-2.80259e-23
6.34484e-24
8.79473e-24
-1.65714e-23
-0.00356346
-0.00309278
-6.16615e-22
-4.4571e-22
2.36113e-09
3.23502e-10
-5.4348e-27
-8.11237e-27
2.80824e-27
1.41895e-06
5.70652e-07
2.13946e-17
1.46969e-20
1.90577e-19
1.47546e-19
-6.66195e-22
-2.56569e-25
9.39441e-20
1.02406
1.02363
1.02149
1.02386
1.02201
1.02348
1.02204
1.0229
1.02129
1.02369
1.02209
1.0237
1.02233
1.02306
1.02168
1.02317
1.02175
1.02362
1.02203
1.02276
1.02203
1.02363
1.02176
1.02327
1.02162
1.02312
1.02207
1.02276
1.02139
1.02291
1.02074
1.02358
1.02186
1.02297
1.02245
1.02283
1.0212
1.02284
1.02167
1.02322
1.02119
1.02307
1.02135
1.02378
1.02227
1.02369
1.02235
1.02305
1.02163
1.02318
1.02164
1.02364
1.02183
1.02252
1.02153
1.02274
1.02117
1.02343
1.02115
1.02394
1.02225
1.02413
1.02235
1.02388
1.0209
1.02437
1.02004
1.02367
1.01875
8.05799e-26
6.37444e-15
-5.65918e-24
6.87723e-23
-4.44641e-06
6.1616e-14
2.46217e-17
2.96011e-14
-2.5252e-16
-0.00104701
-0.000379157
5.76127e-14
9.20745e-14
5.69043e-14
8.26422e-14
8.90448e-14
-1.30729e-24
-8.84518e-25
4.24298e-15
-6.96344e-17
6.08461e-15
5.94889e-15
1.14515e-14
9.00139e-15
3.03446e-29
0.925439
1.38394e-21
5.91081e-22
0.755478
0.833387
0.567908
0.644976
0.393514
0.462501
0.256479
0.307234
0.159249
0.194488
0.0925451
0.115344
0.052137
0.0657284
0.0282837
0.0362759
0.0146183
0.0189059
0.00751761
0.00974489
0.00352299
0.00471237
0.00162079
0.00216832
0.000750939
0.00100713
0.000327572
0.00044893
0.00014469
0.000196024
6.40313e-05
8.69328e-05
2.63856e-05
3.67013e-05
1.10176e-05
1.51681e-05
4.5534e-06
6.35698e-06
1.76254e-06
2.47275e-06
7.20053e-07
9.97847e-07
2.72859e-07
3.90409e-07
9.92672e-08
1.41462e-07
3.8037e-08
5.35856e-08
1.41065e-08
2.02386e-08
5.03687e-09
7.19246e-09
1.89993e-09
2.69411e-09
6.60671e-10
9.62468e-10
2.33098e-10
3.35117e-10
8.39755e-11
1.21103e-10
2.84486e-11
4.12704e-11
1.01875e-11
1.45044e-11
3.57161e-12
5.1649e-12
1.26698e-12
1.82177e-12
5.01897e-13
7.17229e-13
2.13729e-13
1.45348e-13
3.28978e-13
-2.28014e-19
2.47061e-18
1.48613e-07
4.29205e-07
1.01439e-07
-1.39199e-23
-1.48445e-23
5.76848e-14
8.2862e-14
3.63056e-17
-9.81011e-17
-0.00429768
-0.00604967
2.16824e-15
8.70658e-15
1.46986e-14
4.09395e-14
-3.70888e-11
-1.35052e-11
1.29938e-16
-3.55909e-16
4.75509e-29
1.55073e-28
7.37383e-29
0.806252
1.62599e-18
1.01586
5.50832e-25
3.57469e-25
1.01638
1.02214
1.02341
-2.29858e-16
6.71689e-16
2.00147e-14
-3.24508e-19
0.97918
1.19838e-17
-4.29059e-24
1.00426e-11
5.93698e-19
3.83377e-19
1.60569e-14
1.01599
1.01812
2.10295e-17
1.08595e-17
-0.00172173
3.35486e-19
-1.36999e-19
-3.37097e-05
-2.00738e-05
4.40043e-08
-1.22959e-21
-6.94033e-23
2.31397e-16
1.72212e-16
-4.0609e-26
0.00279637
1.23816e-21
-1.75444e-21
-3.65708e-17
-2.69564e-17
1.30261e-20
-1.58762e-25
-2.59112e-29
5.50533e-14
-2.01953e-27
-6.90525e-13
-3.43116e-11
0.972935
0.990108
0.880984
2.36469e-10
1.08736e-10
5.61871e-20
0.408846
0.520662
0.184665
-2.87543e-12
-1.85311e-12
3.407e-20
7.3792e-21
-2.23222e-22
-3.40026e-22
1.67275e-21
-1.63703e-17
3.32787e-17
-1.5002e-24
-1.91411e-06
1.84959e-07
1.26293e-23
-6.92349e-05
-3.4337e-05
5.01035e-17
3.36037e-16
2.72886e-16
7.66642e-14
-2.29657e-21
-1.18368e-21
-0.00287991
-0.00300668
2.54777e-16
1.21833e-26
1.08748e-25
-4.69816e-13
-1.34867e-13
-1.44494e-26
-2.19632e-26
1.33048e-26
1.94725e-16
-2.30729e-19
4.21502e-19
3.09976e-08
1.02399e-08
2.88972e-16
-2.21865e-26
8.24867e-14
2.85386e-15
2.7977e-14
3.04118e-18
9.00194e-18
2.15818e-18
0.987808
-5.3278e-19
-3.96353e-19
0.987384
0.967792
0.988063
0.968306
0.987464
0.968492
0.988179
0.968671
0.989179
0.969224
0.988302
0.970323
0.986992
0.968094
0.988139
0.967373
0.989248
0.970107
0.988777
0.970559
0.988459
0.969502
0.988176
0.969328
0.988245
0.969656
0.987029
0.968648
0.987443
0.968413
0.98981
0.969717
0.990108
0.971341
0.98868
0.96967
0.988139
0.969307
0.987682
0.96842
0.988615
0.969021
0.989332
0.969592
0.988305
0.970439
0.986855
0.968071
0.987619
0.967198
0.989342
0.969885
0.988314
0.969424
0.989035
0.969015
0.990441
0.970633
0.991281
0.970405
0.99006
0.970191
0.986981
0.966077
0.984173
0.947455
0.959548
3.37055e-21
6.67718e-15
0.971094
2.31315e-24
1.25402e-14
-0.000239439
1.72508e-23
3.51972e-22
9.28062e-22
-1.10099e-24
-6.00382e-26
2.04154e-20
1.363e-20
3.2892e-18
-2.30812e-17
-6.71369e-17
-4.77416e-27
4.64557e-16
1.20324e-15
9.14022e-15
1.42056e-13
-1.55798e-24
-2.11518e-25
-1.60005e-25
-2.68441e-27
1.85515e-09
6.72167e-09
1.09824e-09
4.49592e-23
1.94868e-23
4.86653e-20
1.34176e-14
1.76999e-14
1.39897e-13
2.04292e-13
0.7989
0.869446
-3.90518e-23
-3.30786e-23
0.6165
0.691318
0.439446
0.508175
0.294845
0.348795
0.184977
0.222931
0.110401
0.135529
0.0630821
0.0788002
0.0346425
0.0437034
0.0183728
0.0235148
0.00918945
0.0118545
0.00440711
0.00579111
0.00207873
0.00275498
0.000953583
0.00126627
0.000432205
0.000581698
0.000190094
0.000257964
8.24416e-05
0.000111788
3.52199e-05
4.82715e-05
1.48766e-05
2.04139e-05
6.11547e-06
8.41183e-06
2.4233e-06
3.38981e-06
9.57879e-07
1.33129e-06
3.6806e-07
5.16046e-07
1.40513e-07
1.99157e-07
5.16143e-08
7.32197e-08
1.93234e-08
2.72035e-08
7.13875e-09
1.02128e-08
2.56799e-09
3.64719e-09
9.30057e-10
1.32792e-09
3.36695e-10
4.84183e-10
1.18216e-10
1.68873e-10
4.1266e-11
5.97816e-11
1.43546e-11
2.08098e-11
5.03479e-12
7.23457e-12
1.84053e-12
2.61758e-12
7.39847e-13
1.00052e-12
1.01861e-19
7.10475e-20
-1.61407e-16
6.28669e-16
0.00078172
-0.00208203
1.74932e-14
4.01359e-14
8.21466e-14
1.98304e-13
-9.83213e-12
-6.10609e-16
1.5209e-15
0.985647
0.95884
2.13288e-23
4.81357e-18
-6.32048e-19
5.21408e-10
9.22814e-25
-4.13447e-13
2.45464e-14
7.28549e-19
-7.82053e-19
0.967322
4.3213e-13
8.2393e-16
3.89234e-19
3.14174e-19
-0.00146636
6.94724e-20
1.02239e-19
-3.09363e-19
-8.11623e-17
1.18572e-07
-3.80258e-12
-2.27462e-16
4.41539e-22
-0.000616808
6.12906e-17
-9.1969e-17
1.24665e-20
-3.78834e-26
4.06188e-08
1.97273e-21
-4.42702e-25
0.924093
0.921803
4.26218e-14
0.407106
1.50923e-13
2.09844e-13
-1.06819e-22
4.03174e-16
2.57051e-16
2.07684e-13
1.41136e-13
-8.85302e-25
-1.2587e-24
2.84128e-23
0.0356244
1.16286e-13
-8.53884e-16
-2.82527e-21
1.42739e-20
-3.19179e-22
9.12567e-17
4.08328e-26
-2.17596e-12
0.0169156
0.759967
0.817086
0.491896
2.36716e-22
0.123282
-2.77897e-12
-2.24276e-22
-4.81541e-22
1.41606e-13
2.06778e-13
2.20121e-13
-0.000162582
-0.000109678
4.92077e-07
3.72666e-07
-7.91591e-16
-1.26203e-05
2.6557e-25
1.34005e-24
1.53939e-07
-0.00120104
2.00951e-14
5.95173e-05
-0.000973637
3.21821e-10
8.7492e-11
5.96941e-14
-8.64445e-14
-2.1682e-14
-5.96993e-05
-3.89714e-05
-6.08739e-12
8.34903e-08
8.48066e-08
-4.86348e-25
-2.2466e-16
1.25198e-16
-4.9932e-14
-6.14208e-13
-4.65018e-16
-1.04291e-16
8.58908e-18
5.93543e-18
0.900644
3.37852e-07
4.96528e-14
0.900319
0.863365
0.901728
0.86404
0.902477
0.866468
0.902525
0.866788
0.902716
0.866047
0.902591
0.867666
0.90193
0.866878
0.903721
0.86625
0.903725
0.867111
0.90349
0.867444
0.902848
0.866253
0.903402
0.867454
0.903268
0.86725
0.903849
0.867994
0.903921
0.868025
0.905042
0.868538
0.901943
0.86781
0.902627
0.866467
0.903099
0.867122
0.903021
0.867259
0.903159
0.867491
0.903108
0.866769
0.902761
0.868022
0.902094
0.867122
0.903385
0.866368
0.903291
0.867828
0.90385
0.868406
0.904566
0.868879
0.906324
0.870629
0.906977
0.871289
0.902014
0.86639
0.891348
0.832893
0.852581
-6.33093e-12
1.28352e-13
0.195926
-0.000458545
2.22145e-19
1.52659e-19
6.9887e-26
4.79724e-26
1.1423e-20
3.25332e-08
1.20302e-08
2.48037e-16
1.01078e-22
-3.91356e-17
8.43654e-17
-1.29026e-15
6.41284e-22
4.07488e-22
3.57702e-13
-7.86639e-23
-9.06557e-23
-3.48375e-22
3.96875e-21
2.90611e-21
4.15897e-25
2.29499e-25
-3.0394e-15
-3.55171e-13
-1.3477e-13
3.87632e-14
1.74035e-13
3.58908e-13
-7.47555e-06
-1.93667e-06
4.94353e-16
-1.85622e-15
2.07582e-14
6.80613e-14
2.4425e-24
1.49501e-24
0.658161
0.729663
0.481192
0.550817
0.329609
0.386007
0.209839
0.251614
0.126575
0.154788
0.0736446
0.0910589
0.0413039
0.0519523
0.0215317
0.0275374
0.0108282
0.0139287
0.00527289
0.00690514
0.00250479
0.00329417
0.00116926
0.00155017
0.000534464
0.000715036
0.000238014
0.000320116
0.000104745
0.000141007
4.55197e-05
6.18829e-05
1.89021e-05
2.57399e-05
7.76712e-06
1.06506e-05
3.08603e-06
4.28472e-06
1.22405e-06
1.68668e-06
4.78664e-07
6.68748e-07
1.82158e-07
2.54701e-07
6.81751e-08
9.58871e-08
2.54351e-08
3.58408e-08
9.33915e-09
1.32016e-08
3.39403e-09
4.79139e-09
1.25593e-09
1.77978e-09
4.49262e-10
6.36633e-10
1.5733e-10
2.24204e-10
5.49868e-11
7.88004e-11
1.9323e-11
2.74657e-11
7.10317e-12
1.01745e-11
2.57103e-12
3.72269e-12
9.64639e-13
1.39355e-12
1.54344e-20
2.34317e-20
-2.73359e-15
-1.26284e-14
-1.43967e-15
-0.00116302
-0.000640157
3.00555e-14
5.2437e-14
1.29253e-15
7.88016e-16
0.0115971
0.00613879
7.22558e-14
4.47063e-14
3.71289e-13
5.11873e-13
4.82843e-15
2.7719e-14
0.872378
9.91054e-12
4.99933e-11
4.19384e-12
1.75176e-09
-5.4414e-08
-8.45355e-07
7.96135e-08
1.02163e-13
-1.20382e-15
-1.07325e-18
-9.75824e-08
-5.03433e-19
-6.83075e-19
9.01718e-19
-2.82102e-19
-7.9807e-20
-4.97707e-15
3.509e-13
2.38296e-13
6.81368e-10
0.139025
-4.7462e-05
-1.87146e-16
3.33819e-16
0.896505
3.70497e-25
5.12759e-13
9.89945e-21
3.2414e-21
-4.75468e-16
-3.50079e-16
-5.41953e-17
6.02401e-15
0.034456
2.71326e-09
2.25562e-21
1.07858e-17
8.5218e-18
3.03666e-19
-3.85572e-21
-0.000226933
-0.000516892
-0.000166049
2.82303e-23
4.98549e-20
4.41445e-19
-5.46561e-15
-3.88211e-15
2.79596e-13
3.67234e-12
1.84163e-12
1.58707e-23
-5.28425e-17
-7.96835e-18
5.65928e-19
-2.01198e-18
8.76514e-19
5.22994e-13
0.0484382
0.367349
0.179572
5.18701e-13
3.6067e-13
0.86222
-2.24243e-05
2.37584e-24
-1.40682e-22
6.20478e-23
9.56558e-24
0.00464443
0.00211609
2.53932e-09
1.89011e-09
-1.40798e-25
-3.94049e-25
3.70114e-23
0.797441
0.809558
-2.21637e-22
-1.8924e-22
-7.94844e-05
-5.89681e-05
1.76328e-15
-3.71489e-08
6.61987e-09
0.847493
9.55328e-21
7.29141e-21
5.17639e-13
3.58071e-13
3.46766e-15
-7.77907e-16
-2.08293e-16
0.772737
0.774058
0.723241
0.772748
0.722774
0.773174
0.720632
0.773739
0.721055
0.773932
0.722473
0.772977
0.721613
0.771987
0.721052
0.772967
0.721286
0.773186
0.721341
0.772263
0.72027
0.773761
0.720762
0.774242
0.72122
0.773308
0.721627
0.772942
0.719696
0.772785
0.719831
0.773837
0.722171
0.774365
0.722585
0.77338
0.721762
0.77287
0.721792
0.77393
0.721129
0.774384
0.721932
0.774466
0.723206
0.773403
0.722394
0.774592
0.722326
0.776402
0.723819
0.776703
0.725171
0.780014
0.727855
0.782169
0.73126
0.77896
0.732563
0.759865
0.693191
0.719725
1.63473e-16
-2.60941e-16
-0.00047015
-0.000448954
4.66416e-10
1.41107e-10
8.89507e-13
1.74425e-13
8.48081e-09
8.713e-25
1.24759e-24
3.40271e-24
0.730448
-6.91577e-21
-8.94476e-17
-1.24051e-16
2.19634e-16
-7.00653e-16
4.66227e-15
3.79679e-22
0.101814
-1.50148e-18
-1.13135e-18
8.5604e-22
9.17667e-22
-3.70805e-21
6.2346e-20
-6.72895e-22
-4.60231e-22
-9.72014e-14
-2.85794e-14
5.68033e-14
-3.65107e-14
9.60968e-13
3.57034e-13
0.661293
0.67881
0.40716
-1.55579e-05
-4.96857e-06
3.91912e-13
-2.08563e-15
-1.86193e-14
1.301e-13
2.45195e-13
4.93325e-24
3.24054e-24
0.518812
0.5885
0.364374
0.422221
0.234958
0.279559
0.144085
0.174213
0.0855577
0.104786
0.0482928
0.0600124
0.0254038
0.0321815
0.0127219
0.0163025
0.0062128
0.0080656
0.00302598
0.00392849
0.00144681
0.00189813
0.000659344
0.000875033
0.000299094
0.000396784
0.000132856
0.000177472
5.6652e-05
7.63649e-05
2.34876e-05
3.18022e-05
9.78422e-06
1.32868e-05
3.90738e-06
5.35875e-06
1.55332e-06
2.12831e-06
6.08338e-07
8.41999e-07
2.3344e-07
3.22733e-07
8.94675e-08
1.24468e-07
3.29562e-08
4.62236e-08
1.21294e-08
1.6905e-08
4.51828e-09
6.3301e-09
1.62825e-09
2.29086e-09
5.83571e-10
8.18777e-10
2.07819e-10
2.94148e-10
7.2413e-11
1.0278e-10
2.56897e-11
3.61842e-11
9.81897e-12
1.37744e-11
3.91079e-12
5.49998e-12
-1.03092e-19
-5.03776e-20
6.66894e-13
9.17387e-13
1.34223e-12
1.16015e-13
4.91302e-13
8.85963e-16
-3.28956e-15
0.0267415
0.0162431
6.52652e-14
1.58787e-13
1.92027e-23
1.24885e-23
0.762001
0.695026
8.78997e-13
1.27147e-12
5.8824e-14
1.7788e-13
5.642e-13
7.13573e-09
1.12744e-08
6.06772e-09
-9.41848e-16
-1.04346e-18
-8.63679e-07
-3.1072e-06
-4.97385e-07
9.74902e-14
-8.29748e-22
-2.35975e-05
1.63248e-20
1.27223e-12
8.76345e-13
1.56003e-18
-1.42071e-18
0.00203041
-9.2917e-19
-5.04199e-19
-5.47725e-21
-2.93253e-07
0.115504
0.276804
0.0703949
-4.73725e-22
6.70325e-12
9.88654e-22
2.08803e-20
-0.000230036
-0.000185672
5.38783e-19
-1.01908e-21
-1.24937e-24
0.768165
-2.46214e-15
-2.29521e-15
0.621377
0.637137
1.25513e-12
1.48741e-15
-3.73915e-18
-1.83545e-18
0.71581
8.83942e-23
-2.00225e-14
-4.25308e-14
-1.55064e-14
0.0112902
0.007364
1.65611e-14
1.59074e-12
2.58812e-11
8.74405e-11
1.57206e-11
1.25116e-09
4.1046e-24
1.17429e-23
-5.6266e-22
-1.54657e-06
-9.94474e-07
-6.54425e-05
-5.38989e-05
7.91575e-14
6.13681e-16
-9.96481e-16
1.18775e-09
5.6998e-10
1.25425e-17
3.61466e-18
2.78407e-22
2.12664e-14
4.0671e-12
1.04319e-12
-3.34616e-18
-2.50275e-18
0.721206
6.04618e-23
-3.11872e-17
-1.80179e-17
-7.36363e-19
-1.26266e-16
3.56307e-23
-6.53995e-06
-4.47461e-06
0.618274
0.617242
0.566852
0.615703
0.565021
0.617927
0.565632
0.619397
0.568564
0.616831
0.56706
0.617296
0.56552
0.617393
0.566119
0.61559
0.565177
0.615237
0.563747
0.616178
0.564065
0.616064
0.565299
0.614465
0.564913
0.615993
0.563582
0.618062
0.5652
0.616052
0.56506
0.616366
0.563419
0.617031
0.565525
0.617393
0.566092
0.616591
0.565597
0.618874
0.566714
0.62041
0.569591
0.618894
0.568727
0.619358
0.567422
0.621397
0.568863
0.624792
0.57067
0.628913
0.576196
0.631448
0.578248
0.627167
0.55832
0.585069
-1.1755e-22
3.4198e-22
-0.000433243
1.43217e-13
-1.72878e-05
0.00117092
0.000135833
5.94695e-24
-1.66911e-07
-3.82689e-08
1.67217e-13
3.35822e-23
7.69738e-23
1.0265e-12
5.38761e-14
2.28871e-13
1.87848e-18
8.6154e-24
8.98278e-15
-1.59866e-21
-5.17322e-22
1.56041e-19
2.09675e-19
8.34687e-19
-1.80318e-21
-2.74479e-21
8.70865e-22
2.16306e-12
9.4341e-13
-2.21697e-20
-1.04785e-20
2.46122e-12
0.605525
3.01615e-18
4.12717e-13
2.16144e-13
-4.90607e-16
8.2563e-16
0.398716
0.463708
0.614613
0.557401
0.256801
0.30444
0.161231
0.193598
0.0969676
0.118473
0.0549888
0.0683076
0.028975
0.0367573
0.0144102
0.0185647
0.00721736
0.00930417
0.00358865
0.004648
0.0017201
0.00225487
0.000791195
0.00104359
0.000363143
0.000478522
0.000158519
0.0002124
6.72512e-05
9.04758e-05
2.83813e-05
3.84457e-05
1.17734e-05
1.59989e-05
4.76153e-06
6.52815e-06
1.88086e-06
2.57993e-06
7.51511e-07
1.0316e-06
2.91002e-07
4.02623e-07
1.10035e-07
1.52709e-07
4.12052e-08
5.73205e-08
1.51485e-08
2.12181e-08
5.53972e-09
7.74313e-09
2.01508e-09
2.81791e-09
7.27239e-10
1.02243e-09
2.57553e-10
3.63406e-10
9.26111e-11
1.29967e-10
3.30265e-11
4.65735e-11
1.26122e-11
1.74078e-11
-1.80353e-19
-1.03677e-19
-1.66962e-15
7.15778e-14
0.0503424
0.0344839
3.58592e-13
1.43049e-12
3.35962e-13
5.89389e-13
-6.83009e-25
0.618867
0.565095
-6.83864e-16
-2.27802e-16
-9.22034e-24
-2.21037e-18
1.72428e-23
-1.14586e-09
-1.62455e-08
1.0291e-09
0.00326177
0.567154
-1.26396e-18
-7.60008e-19
-1.11226e-09
3.29507e-20
4.89988e-13
-1.56948e-05
-2.82471e-16
-1.97939e-16
2.22975e-12
5.69116e-13
1.15003e-13
0.45947
-4.41278e-07
4.69673e-13
2.45519e-12
1.75612e-12
3.63065e-18
2.65066e-15
1.47681e-15
2.25336e-11
1.04111e-18
-0.000105903
-0.000110288
1.31984e-12
-1.80821e-06
-1.25347e-06
0.0132692
0.00843406
3.49709e-11
-6.49386e-18
-3.81044e-18
3.464e-15
4.81281e-14
-2.13314e-15
0.479544
0.471528
0.267984
2.85499e-15
8.02293e-12
2.20851e-12
3.0408e-12
-3.48352e-15
-4.69497e-21
5.01068e-12
1.53672e-10
1.05148e-10
2.39615e-12
3.3821e-12
3.09183e-12
3.78418e-20
4.57796e-20
-1.17065e-21
-7.21829e-21
-1.11634e-22
-1.45091e-21
4.0054e-16
5.35942e-16
-6.56322e-16
2.13456e-23
0.569803
2.23092e-12
-1.61375e-17
-1.40911e-17
-1.91259e-05
-2.21649e-05
-1.26989e-15
1.22209e-14
4.30165e-10
-1.18013e-22
0.446826
-1.21534e-08
-6.30696e-09
0.533722
-7.10926e-18
-5.43252e-18
3.37363e-11
2.39043e-11
8.79624e-16
-1.27985e-16
6.73898e-12
3.16464e-12
3.17246e-12
6.18615e-19
4.59267e-19
0.464972
-2.72424e-10
1.43859e-10
1.11279e-12
0.46559
0.46623
0.414444
0.467109
0.414291
0.465969
0.41498
0.465085
0.413649
0.465254
0.413824
0.465317
0.414167
0.465184
0.415409
0.46502
0.414648
0.466173
0.414675
0.465209
0.415108
0.464859
0.414106
0.465596
0.41487
0.46564
0.416215
0.464851
0.415243
0.46618
0.414682
0.466045
0.415433
0.466317
0.414952
0.467163
0.415245
0.468601
0.415582
0.467445
0.415737
0.465395
0.413655
0.465601
0.411992
0.468365
0.414621
0.475913
0.421158
0.487112
0.434987
0.467808
1.77805e-06
0.42713
-2.47262e-22
-2.12623e-05
3.14255e-12
4.81809e-13
0.271198
0.151158
6.00855e-18
7.09287e-18
2.37494e-19
5.56919e-12
0.120264
0.349682
-3.14678e-21
1.61351e-18
7.47924e-15
5.54605e-12
-2.86129e-07
-8.16628e-08
0.465496
0.414236
0.413108
-2.94273e-20
-1.64102e-20
-6.18672e-06
-1.29671e-05
-4.59104e-06
2.57619e-15
7.11183e-15
3.36678e-13
1.49956e-12
5.31756e-12
1.58329e-12
-4.10555e-17
-2.55379e-17
5.812e-12
8.2433e-12
7.79326e-12
1.59942e-15
-1.80073e-15
6.2917e-21
4.9264e-20
0.414192
0.327059
8.41584e-21
0.442845
0.372957
0.273378
1.06977e-06
0.177938
0.209538
0.110515
0.134423
0.0631022
0.0787113
0.0326854
0.0417215
0.0166896
0.0215286
0.00846373
0.010924
0.00424128
0.00548705
0.00206495
0.00268833
0.000951204
0.00126363
0.00042367
0.000565596
0.000187634
0.000250949
8.0454e-05
0.000109075
3.38979e-05
4.60365e-05
1.43491e-05
1.94308e-05
5.79054e-06
7.98142e-06
2.28709e-06
3.15886e-06
9.21465e-07
1.26151e-06
3.56951e-07
4.96365e-07
1.33103e-07
1.86088e-07
5.09743e-08
7.11049e-08
1.86588e-08
2.6311e-08
6.82114e-09
9.56985e-09
2.4889e-09
3.50057e-09
8.90366e-10
1.25564e-09
3.23604e-10
4.55503e-10
1.17992e-10
1.67084e-10
4.29587e-11
6.13102e-11
1.581e-11
-2.05359e-19
-1.2734e-19
1.08842e-10
8.94245e-11
1.71465e-13
6.47906e-13
9.96032e-13
5.02821e-13
0.459466
0.410313
0.397152
-1.53065e-16
-1.44845e-21
0.185412
0.203251
0.0611749
-2.48913e-08
-1.18197e-18
-7.76064e-19
4.00782e-12
2.93009e-12
0.0320922
0.00217687
0.279461
-5.97812e-16
-4.21365e-16
-4.77291e-21
-3.04506e-21
2.84095e-20
0.00437704
8.89358e-13
-6.08981e-18
1.82006e-19
1.9316e-10
1.35226e-11
1.71792e-14
-1.56932e-08
-4.30365e-09
7.91566e-05
3.00924e-05
-3.76381e-06
1.75167e-18
-2.18597e-16
-1.21542e-16
2.21518e-13
-4.70385e-08
-1.53753e-06
0.0180115
0.0109684
-7.08561e-18
-4.60654e-18
3.31819e-14
0.000689217
9.32814e-15
1.40684e-12
1.24245e-18
1.70132e-18
2.83392e-18
-1.489e-17
-1.12867e-17
5.35228e-12
7.71972e-12
-1.25963e-20
-1.83369e-20
3.89772e-20
-1.19173e-15
2.15622e-15
2.72359e-05
1.05474e-05
2.33134e-14
4.74668e-15
6.17075e-14
3.76311e-14
6.58091e-12
4.74036e-12
-1.34773e-16
-1.06718e-16
1.22079e-12
1.29336e-11
6.10665e-12
-1.14381e-06
-4.62607e-07
-1.8559e-15
3.15884e-14
9.20682e-16
1.22547e-15
-1.61968e-15
0.328934
0.329565
0.289275
0.33016
0.290848
0.329736
0.290824
0.330375
0.290542
0.332547
0.291805
0.331328
0.293145
0.331982
0.292361
0.331463
0.292839
0.33097
0.292154
0.332435
0.292553
0.333813
0.293702
0.332225
0.294118
0.332256
0.29318
0.331952
0.293165
0.331581
0.292723
0.332131
0.293071
0.331416
0.292907
0.330583
0.291897
0.328542
0.290374
0.326111
0.288099
0.328741
0.286817
0.336072
0.29189
0.347614
0.303855
5.90819e-14
0.00269605
2.51731e-13
1.42556e-13
0.000434047
0.150693
0.218356
0.0665778
-4.8306e-06
-3.68882e-06
1.16631e-17
1.33887e-17
1.54791e-18
6.14874e-12
8.63269e-12
7.52196e-12
5.0886e-15
1.08583e-15
3.32433e-12
9.76105e-13
-3.37857e-17
-9.68691e-17
-2.38335e-17
2.30152e-12
1.40248e-11
-3.04531e-06
1.00816e-19
1.29101e-19
2.55184e-19
0.257708
-1.31492e-20
0.188416
0.128429
0.156435
0.0734124
0.0933588
0.0378008
0.049051
0.0198053
0.0257528
0.0101274
0.013204
0.00513013
0.0066791
0.00245566
0.00323162
0.00114332
0.00151955
0.000518934
0.000693783
0.000227826
0.000307098
9.94649e-05
0.000134517
4.23225e-05
5.78382e-05
1.74867e-05
2.4022e-05
7.23013e-06
9.93742e-06
2.93049e-06
4.06133e-06
1.13246e-06
1.57656e-06
4.46978e-07
6.21769e-07
1.70263e-07
2.38854e-07
6.44242e-08
9.04327e-08
2.40335e-08
3.4115e-08
8.59649e-09
1.22387e-08
3.1386e-09
4.45589e-09
1.1401e-09
1.62242e-09
4.09583e-10
5.8326e-10
1.55137e-10
2.18495e-10
-1.25935e-19
-2.55716e-11
4.75917e-12
1.29428e-12
8.447e-13
4.50756e-12
2.22206e-12
3.09971e-12
3.2809e-12
-1.15829e-07
-3.21253e-07
-7.75857e-08
5.18382e-13
6.95853e-13
1.7873e-12
0.184346
-1.25698e-15
-8.89149e-16
0.00105429
2.26405e-11
1.22275e-11
3.19909e-18
0.00665217
-1.49483e-11
4.4021e-15
-2.71186e-15
2.44531e-11
-4.21709e-19
-4.04765e-19
4.5329e-12
1.58622e-12
-5.5071e-10
0.0434602
-2.82205e-08
0.000214294
0.000125459
-2.48439e-17
-2.43252e-17
0.0262613
0.0176496
0.326803
-4.71553e-18
-3.60731e-18
0.290518
0.330731
-1.62613e-10
-8.47243e-11
1.26913e-14
-2.43987e-09
8.03882e-12
-8.32178e-08
7.19392e-19
4.39998e-18
2.48035e-18
-3.18975e-17
2.80613e-19
1.02267e-18
1.26259e-12
-8.24328e-20
0.303096
0.225646
6.18924e-11
1.32118e-11
1.92313e-11
-2.76533e-10
-1.08586e-07
-7.6382e-08
1.21264e-19
3.69524e-19
3.30264e-13
1.06536e-12
2.10297e-13
0.330209
0.288622
3.79407e-11
1.09758e-05
5.03592e-06
0.300655
0.229415
8.03335e-05
4.63557e-05
0.318686
0.281979
0.266324
6.79031e-15
7.23304e-14
6.46014e-14
4.21585e-14
1.09653e-11
-6.88208e-07
-7.50957e-07
-5.19073e-16
-3.93306e-16
0.291337
1.69595e-11
8.65978e-11
0.223468
5.24208e-16
6.67527e-17
0.00436936
4.28454e-18
0.223494
0.191411
2.10505e-11
1.50186e-11
0.224685
0.191392
0.224429
0.192579
0.224643
0.19223
0.225649
0.192766
0.226313
0.193627
0.227267
0.194648
0.226496
0.194798
0.226454
0.194144
0.227008
0.194404
0.226792
0.194463
0.226942
0.194104
0.227995
0.195168
0.22702
0.195563
0.226975
0.194667
0.227318
0.194991
0.227175
0.195802
0.226496
0.195031
0.224807
0.194088
0.222059
0.192092
0.220473
0.18921
0.223549
0.187995
0.235955
0.207393
0.193457
-4.65873e-12
1.08349e-12
0.350515
4.69499e-11
3.32773e-11
7.96383e-11
2.17472e-11
0.224508
-3.35904e-07
-2.53686e-07
0.0930622
-1.85851e-08
-5.83794e-09
0.000652926
5.95074e-14
1.21771e-14
1.00576e-11
3.00347e-11
1.87615e-17
2.10808e-17
-1.03855e-17
7.89479e-15
2.0286e-15
-3.78175e-20
-2.18858e-20
2.12757e-19
-1.07191e-09
-6.4542e-10
2.31582e-12
1.35615e-11
0.225473
0.192792
0.193502
0.160638
0.0929045
0.0464647
0.0618392
0.0247646
0.0319266
0.0128296
0.0166427
0.00638998
0.00833358
0.00300567
0.00398225
0.00141098
0.00188455
0.000639986
0.000860421
0.00028606
0.000386692
0.000125992
0.000171361
5.38673e-05
7.37553e-05
2.28107e-05
3.12833e-05
9.40481e-06
1.3038e-05
3.71762e-06
5.18545e-06
1.47917e-06
2.0647e-06
5.86448e-07
8.20118e-07
2.20564e-07
3.13057e-07
8.47394e-08
1.19463e-07
3.24824e-08
4.60985e-08
1.15034e-08
1.65676e-08
4.17329e-09
5.95617e-09
1.54254e-09
2.21947e-09
5.49863e-10
7.92332e-10
2.1021e-10
2.96577e-10
2.38797e-05
0.0709486
0.00166848
-3.04581e-15
5.74659e-15
2.89394e-15
2.1203e-15
1.84437e-18
1.08029e-10
0.189726
0.217167
0.1231
0.00767341
0.000399099
0.000254464
5.26702e-19
9.60642e-20
-6.52053e-07
-2.46339e-15
-1.72005e-15
-4.80776e-11
-3.5649e-09
3.58451e-12
1.36602e-18
-3.24109e-19
2.66169e-13
2.49347e-17
1.10064e-14
-2.76528e-10
-1.70964e-10
-1.03021e-17
7.389e-18
-1.05569e-17
3.1129e-11
-5.51539e-17
2.55977e-17
2.57438e-18
7.81506e-18
1.08348e-17
5.51986e-18
-1.2312e-15
4.31723e-11
1.39817e-05
3.48698e-06
-7.04192e-08
8.17217e-19
3.576e-18
5.42691e-12
3.30118e-12
2.7926e-13
2.00073e-13
1.55978e-12
2.04639e-12
4.7911e-12
0.00011916
7.40852e-05
0.0258558
0.0174229
3.96124e-14
2.94033e-14
1.25588e-11
1.79828e-11
1.86603e-11
-1.13031e-15
8.03123e-14
5.07227e-11
3.64051e-11
-5.25318e-08
-2.29075e-08
-7.13287e-17
9.36624e-11
0.144588
0.143621
0.122708
0.145278
0.122348
0.145783
0.124412
0.145642
0.124312
0.146324
0.124165
0.147382
0.124919
0.146611
0.125305
0.14681
0.124606
0.147066
0.125379
0.146879
0.125332
0.146858
0.125277
0.147776
0.125335
0.147212
0.125679
0.147562
0.12541
0.147521
0.125954
0.148387
0.125873
0.147247
0.126166
0.145935
0.12476
0.144688
0.123944
0.141969
0.122526
0.139409
0.119146
-1.35068e-07
-1.19547e-07
0.00506981
-2.85141e-11
7.87564e-12
5.73351e-12
1.39001e-11
7.67712e-12
2.45827e-14
3.29046e-13
8.9611e-13
7.36442e-13
0.00108054
5.88454e-11
-1.01744e-16
9.98531e-19
2.89986e-11
8.14787e-11
7.44767e-15
-4.66662e-15
-3.21273e-15
4.74865e-11
1.74482e-12
0.061482
0.0311889
0.0400375
0.0158946
0.0205518
0.00777741
0.010179
0.00371128
0.00492777
0.00176963
0.00234178
0.000822606
0.0011041
0.000365831
0.000497011
0.000161023
0.000218558
7.13455e-05
9.76904e-05
2.96212e-05
4.08401e-05
1.22076e-05
1.68384e-05
4.93205e-06
6.88175e-06
1.95465e-06
2.73918e-06
7.73153e-07
1.08586e-06
2.9941e-07
4.24359e-07
1.15674e-07
1.62986e-07
4.41699e-08
6.24457e-08
1.60871e-08
2.32088e-08
5.66317e-09
8.16403e-09
2.15989e-09
3.09085e-09
7.82226e-10
1.14186e-09
2.84093e-10
4.10496e-10
-1.36899e-09
-8.85826e-10
0.0801628
0.168487
0.194087
0.170938
0.151179
1.16082e-15
2.26838e-15
2.58396e-16
-1.62785e-15
-3.4024e-15
-7.77998e-17
0.0527348
-3.92378e-16
-4.74506e-15
1.51721e-07
1.12635e-14
-2.16286e-15
-4.11816e-15
1.37938e-10
-3.10875e-08
1.49802e-13
3.80255e-14
7.14878e-08
0.139187
0.00206731
0.000518655
0.000329503
-6.13498e-11
6.10262e-15
1.59004e-18
8.15819e-18
3.96878e-18
6.7429e-15
5.007e-15
0.0886787
-5.92441e-09
-3.90626e-09
1.00698e-12
1.8024e-11
1.22857e-11
8.84988e-11
0.000147342
1.71895e-06
1.13943e-10
8.07322e-11
-4.00754e-18
2.74056e-17
1.34078e-16
1.32685e-17
0.00960971
-1.58656e-08
-3.40404e-18
-4.29041e-16
-2.9502e-10
-1.87939e-10
-6.28598e-12
0.146652
1.70953e-17
-6.12835e-19
7.86143e-18
2.40874e-17
0.0788676
0.123005
0.14459
6.62144e-12
9.55078e-12
3.9594e-11
7.10126e-14
7.82916e-14
9.26838e-12
1.93908e-11
4.47654e-12
6.1346e-12
1.28757e-11
0.0313006
0.0224608
-1.23082e-16
-1.59035e-16
-1.47685e-17
5.69623e-15
1.02502e-14
3.33587e-11
-7.42533e-15
-5.22342e-15
0.114026
9.11581e-05
3.27386e-05
7.84855e-09
-2.40129e-08
1.24708e-10
0.124478
0.143853
0.0911125
0.00648644
0.0927087
0.0769091
0.0929188
0.0782299
0.0929356
0.0783246
0.0931813
0.0782042
0.0931641
0.0783582
0.0932972
0.0785041
0.0934975
0.0785018
0.0932674
0.0785707
0.093815
0.078567
0.0936682
0.0790751
0.0934332
0.0787039
0.0938843
0.0787634
0.0938549
0.0790986
0.0941221
0.079338
0.0942721
0.0796263
0.0934491
0.079769
0.0926522
0.0788698
0.0906507
0.0774671
0.0861332
0.0690586
0.0743554
4.9246e-15
-3.75444e-11
4.72416e-11
6.85363e-18
1.25332e-17
1.33044e-17
0.0701108
1.44855e-14
1.11648e-14
-4.66821e-09
9.51449e-11
-3.8184e-13
-3.06532e-12
-9.86265e-14
2.98647e-11
0.130809
0.118144
0.0753298
1.58351e-10
-1.41038e-08
-2.42151e-08
-1.07801e-08
9.30941e-07
4.67991e-07
-3.47875e-17
0.0365155
0.0468036
2.26622e-10
0.0187647
0.024184
0.00945346
0.0122307
0.00466389
0.00613277
0.00222138
0.00293261
0.00105293
0.00139519
0.000478437
0.000644613
0.000213086
0.000288438
9.39568e-05
0.0001266
3.95311e-05
5.43682e-05
1.59052e-05
2.20137e-05
6.50865e-06
8.97603e-06
2.66107e-06
3.69827e-06
1.05628e-06
1.46579e-06
4.19472e-07
5.89749e-07
1.59192e-07
2.24593e-07
6.06152e-08
8.52082e-08
2.27029e-08
3.23222e-08
8.27785e-09
1.19292e-08
3.13636e-09
4.47203e-09
1.18121e-09
1.7464e-09
4.0174e-10
5.96204e-10
-1.27597e-09
-3.28786e-09
-8.49815e-10
0.00132818
-7.1996e-15
-9.59236e-15
1.4964e-14
4.19433e-11
6.7338e-11
-9.4806e-15
0.124403
-1.29862e-14
-7.59753e-15
5.90736e-17
3.4617e-17
1.68946e-06
1.09167e-13
1.33741e-12
0.00261972
0.0102501
-1.00772e-11
-5.98506e-11
0.000645221
0.000402214
-1.1238e-13
-3.75792e-14
2.93359e-10
2.11808e-10
0.0313055
0.0556382
0.022735
2.97572e-11
6.15385e-06
1.97667e-05
3.4929e-06
0.0934213
-3.59455e-14
1.32675e-11
4.39265e-15
2.01516e-13
1.37751e-10
-1.44709e-15
-1.28988e-14
-2.52537e-10
-1.68941e-10
-3.84187e-16
-3.00962e-16
0.0756257
0.0900097
7.74518e-11
3.76833e-17
-2.95973e-17
0.000174848
2.16271e-10
1.53358e-10
2.06469e-10
8.41985e-11
2.14457e-10
3.60821e-12
1.75122e-11
0.0908399
0.0784857
3.48743e-11
4.18931e-11
1.42466e-15
1.84301e-15
3.72657e-16
2.98982e-14
2.26937e-14
9.89256e-11
1.01756e-06
2.84014e-07
0.000742725
0.000473815
3.16309e-10
-1.79371e-14
-1.62171e-15
0.00714605
-5.46091e-12
-1.26421e-12
0.0571514
0.0569858
0.0471696
0.0563682
0.0466695
0.0565619
0.0462023
0.0566985
0.0464139
0.0564334
0.0464553
0.0565397
0.0462619
0.056759
0.0463876
0.056823
0.0465441
0.0568233
0.0466423
0.0568287
0.0465827
0.0569316
0.0466739
0.0574213
0.0469137
0.0576211
0.0474586
0.0581456
0.0477602
0.0571145
0.0479358
0.055051
0.046588
0.0515987
0.0408594
0.0444264
-3.77927e-11
-1.12351e-11
0.00169356
-2.21338e-14
-1.60935e-14
3.44017e-11
2.53856e-11
1.6426e-10
0.0553104
5.4076e-10
3.11588e-11
2.03816e-11
0.0217362
0.0276176
0.0746646
0.000110711
4.00536e-05
0.0894605
0.0112101
0.0143539
0.00567252
0.00732567
0.00274315
0.00359436
0.00130723
0.00171727
0.000611274
0.000812158
0.000272204
0.000365381
0.000118971
0.00016005
4.95913e-05
6.74984e-05
2.02718e-05
2.78072e-05
8.43431e-06
1.15712e-05
3.46848e-06
4.77269e-06
1.38988e-06
1.92763e-06
5.5847e-07
7.73195e-07
2.11099e-07
2.96461e-07
8.07499e-08
1.1298e-07
3.09398e-08
4.35768e-08
1.16585e-08
1.65627e-08
4.52211e-09
6.44175e-09
1.76192e-09
2.55154e-09
2.19151e-10
5.14563e-10
7.56167e-10
-1.60125e-16
-2.19429e-16
-1.66033e-15
0.00293772
0.0745028
8.19027e-17
5.06018e-17
0.000735003
1.65364e-13
-6.42898e-13
0.0700109
4.87431e-13
4.62245e-12
1.25852e-15
-5.11421e-14
0.0537183
1.11832e-10
0.0564613
-2.96431e-13
-1.68806e-13
-4.36827e-11
4.79228e-11
5.80382e-17
7.6372e-10
6.9612e-17
6.20244e-16
-2.3769e-14
0.0448469
8.47799e-06
2.4637e-05
5.22805e-06
-7.17121e-16
0.051761
0.0272901
6.47828e-11
-2.32799e-09
0.0468733
0.0019416
6.36444e-11
2.97132e-08
1.54657e-07
1.14131e-08
-1.6015e-10
-1.12353e-10
-5.02767e-14
-3.79018e-14
-1.49026e-16
-9.21285e-16
-3.34121e-13
-1.97593e-13
0.0461587
3.92258e-10
7.09112e-10
0.041928
0.0511696
6.17685e-10
-9.17896e-10
-6.4879e-10
3.58635e-11
8.60416e-11
3.21382e-14
4.22445e-14
5.51312e-15
3.79443e-13
0.0566509
6.79298e-11
8.80942e-11
2.19737e-16
6.19366e-14
4.95445e-14
2.22907e-06
0.000476608
0.000182944
-1.74104e-14
-9.64317e-15
9.87102e-06
6.20655e-06
0.0185132
0.00927002
0.0442072
-1.90134e-12
-6.62565e-12
-1.13645e-12
0.0797481
4.11758e-16
0.00273396
0.00633577
0.0018077
0.033651
4.3425e-05
2.68657e-05
2.2507e-10
3.00465e-10
5.32805e-10
0.0333912
0.0331741
0.0274499
0.0331758
0.0273271
0.0331996
0.0272481
0.0330019
0.0272557
0.0329641
0.0270618
0.0332502
0.0271448
0.0333446
0.0273774
0.0332248
0.0274239
0.0333631
0.0272937
0.0334755
0.0275081
0.0339991
0.0277633
0.0344255
0.0283047
0.0339943
0.0284625
0.0328963
0.027877
0.0308509
0.0246589
0.0266827
-9.03157e-16
-7.89819e-16
-2.83834e-11
-9.46007e-12
8.1873e-11
1.13809e-10
9.60829e-11
8.61404e-17
3.40207e-10
0.0335569
0.0276497
9.0586e-10
-2.45619e-09
3.9813e-10
2.66255e-16
0.0128166
0.016331
0.00657505
0.00839781
0.00330793
0.00427483
0.00159202
0.00208036
0.000741319
0.000977014
0.000336769
0.000449409
0.000144742
0.000194971
5.95051e-05
8.09281e-05
2.53975e-05
3.44497e-05
1.06773e-05
1.45073e-05
4.43311e-06
6.01575e-06
1.81141e-06
2.48495e-06
7.08392e-07
9.75951e-07
2.719e-07
3.77852e-07
1.05274e-07
1.46051e-07
4.05506e-08
5.62014e-08
1.60925e-08
2.24082e-08
6.81292e-09
9.58175e-09
-3.26633e-09
8.50982e-09
-1.95412e-09
1.26426e-09
1.38e-06
4.46135e-07
-3.09695e-14
-7.82715e-15
0.0335973
0.0274512
1.30392e-09
1.16309e-13
9.19949e-14
-1.8666e-12
-1.13894e-12
6.5372e-13
0.00246179
0.00011678
-2.47839e-15
0.0276244
1.0552e-05
0.03266
0.0271595
0.0250749
0.029416
-2.77583e-11
2.28233e-16
3.07077e-16
-2.19887e-16
5.15652e-13
0.00163245
0.000653989
7.16041e-08
2.58031e-07
3.85533e-08
9.80322e-13
1.70214e-09
0.0248173
6.0973e-10
-3.12168e-14
1.1672e-13
8.5468e-14
1.13668e-11
4.75913e-11
-1.5554e-15
-2.70965e-13
-1.51902e-13
-3.83585e-10
-3.17101e-10
1.21781e-09
1.78105e-09
-3.25719e-14
3.38786e-14
1.95261e-10
2.78587e-09
3.957e-09
9.19856e-11
-4.68498e-15
1.58843e-10
2.72488e-10
1.91467e-10
8.27509e-10
-9.32286e-14
-7.5423e-14
-6.85546e-11
-5.97719e-11
6.74307e-06
2.53172e-06
5.74763e-16
-5.68538e-14
-1.32234e-14
1.87774e-12
1.46331e-11
4.32554e-05
2.73522e-05
-1.6709e-14
9.6826e-10
1.32825e-09
1.68961e-09
0.0191712
0.0190278
0.0153308
0.018785
0.0150971
0.0188148
0.0149321
0.0187939
0.0150615
0.018851
0.015025
0.0189108
0.015075
0.0190613
0.0151359
0.0188212
0.015145
0.0189668
0.0150088
0.0193265
0.0152637
0.0197564
0.0156983
0.0199868
0.0161699
0.0194956
0.0162758
0.0180567
0.0142698
0.0155783
-5.82882e-12
1.6231e-10
2.32927e-10
2.64197e-10
0.0196679
0.00832012
0.00578601
-1.95626e-11
-6.95835e-12
2.94673e-09
0.0193647
0.0159056
-5.5835e-15
-1.32898e-14
2.28703e-13
1.85396e-13
0.0182488
-2.16728e-15
4.50004e-14
0.00746217
0.00941418
0.00389604
0.00498115
0.00187829
0.0024466
0.000887899
0.00116918
0.000404702
0.000540188
0.000171698
0.000232102
7.19619e-05
9.76978e-05
3.07191e-05
4.14355e-05
1.30032e-05
1.76126e-05
5.40895e-06
7.35309e-06
2.20616e-06
3.02809e-06
8.55072e-07
1.17422e-06
3.40244e-07
4.68041e-07
1.30898e-07
1.8128e-07
5.08661e-08
7.00616e-08
2.12681e-08
2.90182e-08
-1.37874e-14
-1.41862e-15
-4.87363e-15
-9.52593e-16
0.0190717
0.015488
-5.55308e-14
-3.76069e-14
-1.49518e-12
-4.44941e-12
-9.08939e-13
4.20295e-05
-5.81708e-12
0.000174232
2.42629e-09
4.28594e-09
0.019219
0.0153806
0.0152776
0.00577963
-7.97339e-14
2.50367e-12
5.70888e-10
-3.00293e-15
0.0166573
2.75531e-05
1.09682e-05
5.34879e-09
-1.358e-13
3.86336e-14
0.000421439
1.00158e-07
0.003934
0.001825
-3.00608e-10
0.00011372
9.58716e-11
2.19203e-10
9.73689e-09
6.96544e-11
-5.23191e-11
2.94909e-09
4.0895e-09
-1.65282e-13
-1.16215e-13
0.0152146
0.0178488
4.80247e-10
1.65323e-09
3.28169e-09
3.23398e-13
2.40521e-13
1.36953e-13
1.80082e-13
1.31678e-12
4.62473e-11
1.47801e-11
5.45526e-07
1.58991e-06
3.2425e-07
4.59108e-13
3.83237e-13
5.68502e-08
1.65831e-08
5.62913e-10
4.03244e-10
2.48716e-12
-6.51821e-12
-3.56009e-12
-5.87742e-13
0.0105112
0.0103191
0.00838553
0.0103025
0.00828855
0.0103964
0.00829869
0.0103746
0.00838576
0.0104322
0.00836078
0.0104355
0.00837783
0.0103236
0.00834381
0.0103517
0.00829089
0.0104525
0.00833757
0.0108363
0.00844634
0.0112375
0.00883638
0.0115273
0.00940659
0.0104109
0.00825796
0.00924185
5.81384e-10
7.80344e-10
2.20644e-09
-1.32986e-13
-1.90021e-13
2.40686e-14
7.02548e-12
2.89502e-09
3.94533e-09
4.06204e-09
-1.77121e-13
-1.32468e-13
-9.4848e-15
2.09361e-09
9.2212e-10
0.0113378
3.49964e-11
4.7023e-11
1.30572e-10
0.0110104
0.00450847
0.00567999
0.00220484
0.00286289
0.00107214
0.0014179
0.000488717
0.000654074
0.000207061
0.000281517
8.64967e-05
0.000119115
3.64014e-05
4.96491e-05
1.59706e-05
2.16933e-05
6.58987e-06
9.05505e-06
2.67861e-06
3.66484e-06
1.05088e-06
1.46402e-06
3.98873e-07
5.53703e-07
1.63592e-07
2.25406e-07
6.37733e-08
8.87493e-08
0.0101379
0.000155002
0.00010253
0.0107248
0.00883006
-5.13239e-13
-3.69202e-13
8.03052e-13
0.0105157
0.00858471
8.9449e-09
6.55509e-09
6.63667e-10
7.13239e-06
2.74315e-06
0.00121915
0.000536111
2.11634e-13
3.14526e-13
9.49767e-13
-9.64534e-13
1.30399e-08
1.47419e-08
1.13423e-09
4.06875e-10
0.000358172
1.35324e-09
9.70964e-10
2.58079e-08
8.14719e-12
1.32401e-07
4.66736e-13
3.30486e-12
5.81868e-09
9.10236e-09
5.86957e-10
3.05614e-10
7.13636e-09
9.17172e-13
6.55406e-13
0.00696027
0.00377687
0.00840059
0.0105139
0.0110221
0.00921177
0.0062896
0.000133574
1.03284e-10
4.91323e-11
6.19545e-07
1.74653e-06
3.83893e-07
8.89227e-05
3.89607e-05
3.29297e-14
1.0763e-13
6.45846e-12
9.75389e-12
1.0882e-12
1.13772e-12
4.23635e-09
2.4003e-09
0.00572625
0.00565436
0.00452686
0.00572513
0.0044916
0.00573041
0.00454958
0.00571891
0.00454836
0.00573554
0.00454908
0.00571972
0.00457992
0.00570464
0.00455188
0.00573133
0.00451683
0.00603206
0.00459302
0.00664985
0.00495639
6.58213e-09
9.13195e-09
9.84829e-09
8.19543e-08
2.53178e-08
2.4138e-12
1.56499e-09
6.18437e-13
0.000433574
0.000293305
0.00256691
0.00135696
0.00179211
0.00061434
0.00083803
0.000253615
0.000353264
0.000108932
0.000150719
4.6887e-05
6.44925e-05
2.03361e-05
2.78519e-05
8.35815e-06
1.16167e-05
3.28414e-06
4.56576e-06
1.31299e-06
1.83419e-06
5.04114e-07
7.09905e-07
2.09527e-07
2.92109e-07
8.44097e-08
1.18744e-07
2.32039e-12
1.80422e-12
0.00595092
-2.59809e-12
-6.91398e-13
0.00134298
0.00838375
0.00457864
0.00575102
3.4579e-08
5.53193e-10
9.94817e-10
1.49116e-08
2.62024e-09
1.48966e-08
2.13005e-09
1.66677e-09
2.07771e-12
0.00262497
2.57589e-05
1.0644e-05
1.49161e-12
2.04191e-12
8.66826e-12
2.65378e-10
0.000122507
0.000373826
0.000259824
1.5521e-08
2.03809e-08
0.00331822
8.1287e-10
4.16638e-10
1.99967e-11
0.00092613
0.00514391
4.31926e-09
5.95754e-09
8.15066e-09
1.57445e-10
8.18694e-11
0.00587538
0.00473553
0.00461025
0.00578443
4.0371e-12
6.16906e-07
1.08691e-10
3.56349e-10
-9.87481e-13
5.95127e-12
4.62344e-12
2.53471e-11
1.40972e-10
3.43567e-08
1.64515e-08
5.23935e-08
0.00458104
0.00575502
3.35459e-09
2.43177e-09
3.81311e-07
1.38606e-07
5.13373e-09
2.90509e-09
0.00572266
0.00464533
2.04441e-08
3.59449e-09
0.0030093
0.0030169
0.0023478
0.00300924
0.0023436
0.00303117
0.00234603
0.00306097
0.00237152
0.00302842
0.00238411
0.00297946
0.00235052
0.00301443
0.00229397
0.00329475
0.00269415
0.00238235
0.00653658
2.79974e-08
8.40416e-08
1.6471e-08
1.48571e-11
1.15531e-11
2.3414e-12
1.14151e-11
1.24671e-12
8.42667e-05
3.67638e-05
0.00099064
0.00070272
0.00187492
0.00305009
3.50326e-11
0.000838825
0.00033928
0.000485377
0.000148316
0.000206827
6.34956e-05
8.83019e-05
2.70329e-05
3.73833e-05
1.09387e-05
1.53004e-05
4.23696e-06
5.97853e-06
1.72893e-06
2.42102e-06
6.79292e-07
9.65795e-07
2.93414e-07
4.11142e-07
1.11868e-07
1.53793e-07
2.64187e-06
1.65619e-06
6.81406e-10
1.3477e-09
0.00299781
0.00236592
0.0023421
6.17993e-09
4.5496e-09
3.03129e-12
6.09865e-09
0.00454051
2.25973e-10
0.00260913
0.000106298
6.88641e-06
0.00121554
1.76149e-11
3.29573e-11
1.04263e-09
5.87208e-10
3.21471e-08
2.83368e-11
0.00237844
0.00305939
0.00191388
6.44739e-07
1.50304e-08
2.14286e-08
6.19686e-11
6.2321e-08
0.0030114
2.54144e-06
1.64355e-06
0.000349321
0.000246496
2.38231e-09
3.38639e-08
4.53894e-08
0.00277259
0.00216129
0.00155239
3.05031e-10
9.12207e-10
8.63745e-09
6.22456e-09
1.60286e-10
0.00307998
0.002344
2.01193e-11
7.62586e-11
0.00305541
0.00237931
0.00240764
0.00156172
0.00156718
0.00157337
0.00123378
0.00158143
0.00123971
0.00159055
0.00124756
0.00156892
0.00125243
0.00148689
0.00120501
0.000497415
8.3888e-09
4.63217e-12
3.24421e-09
5.78705e-09
1.00428e-05
2.45456e-05
6.52685e-06
3.79562e-10
0.000917282
5.84447e-11
1.16642e-08
1.53883e-08
2.05082e-08
6.74137e-10
1.06927e-09
7.37878e-10
4.04281e-07
1.42159e-07
1.59721e-10
3.39493e-10
1.2885e-10
7.04432e-08
1.44587e-07
0.00428907
0.000212418
0.00029079
8.86545e-05
0.000123775
3.66584e-05
5.13691e-05
1.42658e-05
2.02493e-05
5.67029e-06
8.06978e-06
2.28073e-06
3.20004e-06
9.60404e-07
1.33772e-06
4.47454e-07
2.27636e-07
6.42842e-07
2.32333e-11
5.78969e-09
3.47123e-09
6.12687e-12
7.25665e-05
3.05261e-05
4.36051e-08
3.6719e-08
7.47309e-08
0.00155811
0.00122552
1.08817e-11
1.41148e-11
0.000673704
0.00122489
0.000674989
0.00149055
7.08487e-05
1.76486e-09
1.65278e-08
2.89202e-08
8.53938e-08
1.74129e-08
2.32823e-06
8.19694e-11
4.03064e-10
1.51559e-06
5.87718e-07
0.00119212
4.49822e-11
0.00122186
0.00156252
0.000941049
0.000231114
0.00060527
0.000139255
4.80529e-11
6.48433e-11
1.11085e-10
1.43133e-08
2.23184e-08
0.00151648
1.68594e-08
1.27723e-08
0.00110377
0.0012207
0.00156491
1.8889e-10
0.000822497
0.000819477
0.000634884
0.000826497
0.000641618
0.000779182
0.000582205
0.000638107
4.88346e-05
7.94191e-09
0.000267367
0.000362602
2.40227e-09
4.59751e-09
4.66856e-08
3.49715e-08
8.37612e-06
1.99099e-05
5.45866e-06
0.000814783
0.00120828
0.000122298
0.000169021
5.10158e-05
7.2025e-05
1.97761e-05
2.83053e-05
8.00979e-06
1.14188e-05
3.16946e-06
4.50681e-06
1.24282e-06
1.7074e-06
5.55576e-09
0.000814623
0.000630339
0.000801643
4.61931e-05
2.58428e-09
2.80176e-08
1.68226e-08
2.08584e-06
0.001613
2.33812e-07
0.00122753
0.00158156
8.7941e-10
1.39647e-08
1.95499e-08
0.000632801
9.29257e-08
7.68167e-07
5.11928e-08
7.0132e-06
4.68086e-06
1.37453e-07
3.65728e-07
8.38841e-08
0.000815545
0.00050519
3.54176e-08
2.67098e-09
0.000127533
0.000334831
8.09345e-05
1.09136e-07
1.39938e-10
2.93436e-08
3.96472e-08
4.88816e-08
0.00081666
5.40095e-10
3.30829e-09
0.000634728
0.00062313
0.000615116
0.000796492
1.38706e-09
2.25635e-05
4.06197e-10
4.30815e-08
1.21994e-07
4.53532e-09
1.36967e-06
5.46304e-07
0.00125576
3.7918e-07
0.000411185
1.13471e-09
0.000424814
0.00031834
0.000429731
0.000330231
0.000342179
2.23472e-07
9.40846e-08
6.25136e-09
9.53283e-08
1.70866e-07
7.18821e-08
1.50743e-05
2.7214e-10
1.1849e-09
7.16716e-05
2.78578e-05
4.04652e-05
1.13307e-05
1.63587e-05
4.49049e-06
6.58017e-06
1.62187e-06
2.50049e-06
0.000411979
9.13298e-09
3.28639e-05
1.80361e-05
1.48305e-08
0.00041688
0.000319792
0.000168337
0.000100905
0.000227961
3.69752e-10
5.02664e-07
1.19176e-09
3.93496e-09
2.8034e-09
1.3295e-07
8.71559e-08
2.36579e-07
0.000319418
0.000418096
3.38841e-08
5.80223e-08
8.73275e-10
1.1784e-08
1.90431e-08
7.49978e-09
6.81609e-05
2.51052e-09
0.000324034
0.000394267
4.0159e-07
1.90728e-06
2.45994e-08
0.000831991
0.000642589
1.63105e-08
3.98188e-05
0.000408311
8.41472e-07
2.44362e-07
5.36272e-07
0.000314425
0.000302953
3.36868e-07
1.18059e-07
5.1326e-08
0.000209818
1.27418e-05
6.31967e-06
0.000196964
0.000793988
0.000239661
1.25299e-06
4.86725e-07
3.4006e-09
1.91911e-08
5.40711e-07
0.000280614
0.000171179
4.3706e-06
6.94199e-08
1.74784e-05
7.04061e-06
1.03068e-05
2.65658e-06
3.97002e-06
0.000192995
0.000634076
2.94889e-05
7.11388e-09
9.98252e-09
1.60044e-08
0.000608936
9.51148e-07
4.91517e-06
0.000212615
0.000162956
1.47428e-05
4.593e-08
9.8498e-06
0.000149776
0.000205595
1.16986e-07
3.3069e-07
0.000155558
1.19413e-07
3.26474e-08
4.62738e-08
2.66386e-07
4.14091e-07
1.99637e-07
9.01923e-08
3.79351e-08
2.29215e-08
9.01108e-07
0.000421971
0.000298769
0.000201366
0.000387775
2.51418e-05
4.10014e-05
0.000177473
0.000102801
0.000104132
0.000146579
0.000144977
0.000191023
0.000376802
1.4603e-06
3.41027e-06
1.57558e-06
9.84717e-07
1.19857e-06
0.000161859
0.00015517
0.000283408
6.0677e-05
9.91239e-05
3.16954e-07
5.06788e-07
2.82279e-07
6.17019e-07
0.000167665
0.000128745
8.23426e-05
8.91882e-07
0.000311868
2.81711e-05
3.04723e-08
4.32531e-08
4.47832e-08
1.33813e-05
1.11984e-05
1.61533e-05
6.69363e-05
3.99618e-05
9.31917e-05
1.53813e-06
4.25833e-06
2.2588e-06
6.33997e-06
1.7379e-07
0.000106384
7.62782e-05
4.3487e-07
1.06656e-06
2.94708e-07
6.74893e-07
1.30954e-06
8.21555e-08
1.61912e-07
5.07413e-05
9.372e-05
7.23447e-06
2.0319e-06
0.000109095
8.32887e-05
3.55908e-06
1.69975e-07
1.14998e-07
9.44404e-05
8.46616e-05
7.14577e-05
7.17606e-05
9.0672e-06
4.26493e-05
8.34792e-05
2.8334e-05
2.83389e-06
1.67759e-05
2.38777e-06
1.21997e-06
7.07065e-06
4.63194e-06
1.10899e-05
4.95379e-05
4.04793e-05
2.37153e-05
5.61961e-05
4.52191e-05
4.44506e-05
3.37367e-05
3.33689e-05
5.81627e-05
3.34405e-07
9.09393e-07
2.9683e-07
6.56589e-05
3.90877e-05
8.02594e-08
1.12268e-07
8.67956e-08
1.23963e-07
1.10191e-07
4.21638e-07
2.3298e-06
5.48264e-06
2.71135e-06
4.16651e-05
3.2185e-05
2.33757e-05
3.33538e-07
8.46322e-07
3.18197e-06
9.22116e-07
1.77159e-06
6.49497e-07
2.65041e-05
2.30096e-07
1.99064e-07
4.43016e-07
2.05109e-05
1.61406e-05
2.09483e-05
1.92896e-05
1.49782e-05
5.61049e-06
2.06207e-05
1.26302e-05
1.75528e-06
1.36361e-05
1.02916e-05
1.88331e-07
2.59441e-07
2.59009e-07
6.46277e-06
2.36219e-06
6.59115e-06
7.92059e-06
2.33088e-06
7.07218e-07
1.44939e-06
5.07743e-07
7.89862e-06
1.35734e-05
4.16362e-06
4.31921e-07
8.57086e-07
5.43039e-06
1.12128e-05
)
;

boundaryField
{
    frontAndBack
    {
        type            empty;
    }
    hot
    {
        type            fixedValue;
        value           uniform 1;
    }
    cold
    {
        type            fixedValue;
        value           uniform 0;
    }
    defaultFaces
    {
        type            zeroGradient;
    }
}


// ************************************************************************* //
