/*--------------------------------*- C++ -*----------------------------------*\
  =========                 |
  \\      /  F ield         | OpenFOAM: The Open Source CFD Toolbox
   \\    /   O peration     | Website:  https://openfoam.org
    \\  /    A nd           | Version:  7
     \\/     M anipulation  |
\*---------------------------------------------------------------------------*/
FoamFile
{
    version     2.0;
    format      ascii;
    class       volScalarField;
    location    "0.35";
    object      T;
}
// * * * * * * * * * * * * * * * * * * * * * * * * * * * * * * * * * * * * * //

dimensions      [0 0 0 1 0 0 0];

internalField   nonuniform List<scalar> 
5936
(
0.509388
0.913124
0.999003
0.982342
1.00586
1.01594
1.00206
1.00701
1.00021
1.00101
0.999888
0.999759
0.999951
0.999845
0.999998
0.99998
1
1
0.999999
0.999997
0.999999
0.999995
0.999999
0.999998
1
1
1
1
1
1
1
1
1
1
1
1
1
1
1
1
1
1
1
1
1
1
1
1
1
1
1
1
1
1
1
1
1
1
1
1
1
1
1
1
1
1
1
1
1
1
1
1
1
1
1
1
1
1
1
1
1
1
1
1
1
1
1
1
1
1
1
1
1
1
1
1
1
0.999996
0.999999
0.116255
-0.00308448
-0.00022038
4.07941e-05
-3.2338e-07
3.68041e-07
1.50355e-09
-1.42247e-08
-7.58383e-10
1.18143e-10
2.62303e-11
1.18622e-12
-6.93864e-14
-1.13995e-14
-3.98193e-16
9.99734e-18
1.21474e-18
4.51456e-20
-6.46274e-23
-7.14514e-23
-3.46172e-24
-4.93884e-26
1.82646e-27
1.17133e-28
-7.7081e-46
7.3673e-30
-9.02254e-29
-1.4382e-26
-2.78596e-25
-5.34199e-24
-7.20825e-23
-2.29411e-21
-3.69388e-21
-1.7039e-19
1.64417e-19
5.02269e-17
1.20674e-16
-3.66456e-15
-1.49013e-14
-3.90701e-14
3.44809e-14
9.13641e-14
3.5109e-14
-4.16688e-12
1.07722e-11
4.56047e-12
1.51516e-11
6.73539e-11
6.83336e-11
9.15126e-11
1.00001
0.999996
1.00002
1.00002
0.999909
0.999981
1.00005
0.999924
1.00025
1.00019
1.00007
1.00011
0.999233
0.999639
0.997733
0.998113
1.00175
1.00003
1.01175
1.00836
1.01272
1.01265
0.989197
0.997899
0.93053
0.950716
0.836742
0.866612
0.714874
0.752527
0.578383
0.619248
0.447931
0.486748
0.329878
0.364949
0.233346
0.260672
0.160796
0.180802
0.104075
0.119264
0.065432
0.0756417
0.0395587
0.0463694
0.0229847
0.0272482
0.0134678
0.0159517
0.00751197
0.00903821
0.00409757
0.00496813
0.00220737
0.0026837
0.00114506
0.00140877
0.000587941
0.000726849
0.000298283
0.000368934
0.000147687
0.000183985
7.10813e-05
8.93463e-05
3.4086e-05
4.29319e-05
1.56248e-05
1.98827e-05
7.27345e-06
9.23374e-06
3.31629e-06
4.23969e-06
1.45111e-06
1.87275e-06
6.48098e-07
8.33959e-07
2.78302e-07
3.62454e-07
1.17149e-07
1.53191e-07
5.09281e-08
6.63158e-08
2.11953e-08
2.79598e-08
9.01288e-09
1.19198e-08
3.66914e-09
4.98029e-09
1.5595e-09
2.15582e-09
7.01417e-10
9.85787e-10
2.59439e-10
1.29466e-10
3.74514e-10
9.42644e-30
8.04289e-11
0.0134561
-0.00159023
6.88061e-05
7.01137e-06
9.88566e-08
1.56521e-07
-2.68115e-08
-4.32508e-09
3.61974e-11
7.09638e-11
6.78172e-12
4.4171e-14
-3.56259e-14
-2.58604e-15
-2.27097e-17
4.54955e-18
2.65537e-19
5.05065e-21
-2.14726e-22
-1.75599e-23
-5.13582e-25
8.33092e-28
5.38685e-28
-0.000921879
2.30962e-29
1.17495e-10
3.37531e-29
-5.88245e-28
7.64944e-26
2.23802e-24
-8.35026e-25
6.28185e-22
5.542e-21
1.18001e-20
4.30822e-19
-8.17047e-18
-1.49425e-16
7.78983e-16
8.25718e-15
2.56356e-14
4.19238e-14
-2.18802e-13
3.30919e-13
-2.70792e-14
1.04239e-12
8.93004e-12
-4.84404e-12
4.6769e-11
8.02907e-11
0.000130904
0.0664674
1.85251e-06
0.457247
0.000144324
3.00525e-05
5.76957e-07
4.78153e-07
-8.4882e-08
-1.59824e-08
5.12884e-11
2.4215e-10
2.61116e-11
3.54941e-13
-1.28935e-13
-1.03784e-14
-1.59785e-16
1.64742e-17
1.06549e-18
2.56616e-20
-7.27858e-22
-7.0396e-23
-2.3982e-24
-8.34085e-27
2.15037e-27
9.11985e-29
-8.02004e-28
9.43258e-26
2.38203e-24
-5.49578e-24
6.09037e-22
4.67884e-21
3.82583e-21
4.73513e-19
-9.29373e-18
-1.79391e-16
7.15796e-16
8.78908e-15
2.88346e-14
5.05576e-14
-2.69663e-13
4.29156e-13
-3.07456e-13
1.88785e-12
1.26156e-11
-4.26265e-12
6.67571e-11
1.12114e-10
4.28183e-29
1.03802e-06
1.48431e-08
-4.97491e-08
-3.05568e-09
4.0485e-10
9.64833e-11
4.91281e-12
-2.18657e-13
-4.2021e-14
-1.79302e-15
2.62051e-17
4.88055e-18
2.05187e-19
8.94521e-22
-2.8048e-22
-1.47278e-23
-2.73395e-25
5.91262e-27
4.79947e-28
-1.70622e-26
-2.60817e-25
-6.01602e-24
-5.84866e-23
-2.10909e-21
-3.18114e-23
-1.89134e-19
2.80658e-19
5.79225e-17
1.93656e-16
-3.86884e-15
-1.64142e-14
-4.45092e-14
3.64489e-14
1.22387e-13
4.57559e-14
-5.20218e-12
1.46891e-11
6.29112e-12
2.3361e-11
9.63835e-11
1.0039e-10
-0.00556457
-0.00532412
-2.36864e-28
0.596807
-0.00118199
0.957427
1.0026
0.985738
1.00456
1.0082
1.00136
1.00401
0.999965
1.00053
0.999866
0.999788
0.999986
0.999954
1.00002
1.00005
1.00001
1.00003
1
1
0.999997
0.999996
0.999998
0.999996
0.999999
0.999997
0.999998
0.999997
0.999999
0.999997
0.999998
0.999998
0.999998
0.999997
0.999998
0.999997
0.999998
0.999997
0.999998
0.999997
0.999998
0.999997
0.999998
0.999998
0.999999
0.999998
0.999999
0.999998
0.999999
0.999998
0.999999
0.999997
0.999999
0.999998
0.999999
0.999998
0.999999
0.999998
0.999999
0.999998
0.999998
0.999997
0.999998
0.999997
0.999998
0.999997
0.999998
0.999997
0.999998
0.999997
0.999999
0.999998
0.999999
0.999998
0.999998
0.999997
0.999998
0.999997
0.999998
0.999997
0.999998
0.999997
0.999998
0.999997
0.999998
0.999997
0.999998
0.999997
0.999998
0.999997
0.999995
0.999996
0.999996
1
0.999997
-6.76921e-28
0.00151991
6.21904e-05
0.260823
-5.48936e-06
6.38194e-08
3.10356e-07
-2.09055e-08
-7.39978e-09
-5.6181e-10
3.01511e-11
7.19355e-12
4.01913e-13
-6.63454e-15
-1.86312e-15
-6.87043e-17
6.95008e-19
1.61344e-19
7.03974e-21
8.20218e-23
-6.64736e-24
-3.71263e-25
-7.39885e-27
7.1508e-29
-1.8381e-26
-0.00316912
-0.00459026
-0.00328004
1.42281e-29
2.08689e-10
3.76013e-10
-3.38884e-06
-8.45087e-06
-1.14646e-06
0.532986
-2.23732e-25
-1.08766e-23
-2.96739e-23
-2.63801e-21
1.5437e-21
-2.41354e-19
-1.50919e-19
8.15112e-17
4.65285e-16
-5.26795e-15
-2.69892e-14
-7.78387e-14
9.77546e-15
3.57328e-13
-1.57696e-13
-8.40054e-12
2.67854e-11
7.14264e-12
5.57183e-11
1.7283e-10
1.5379e-10
2.78055e-10
0.0517242
0.189635
0.0225267
-9.5941e-05
-0.000691142
4.38727e-05
1.5642e-05
-6.62002e-06
1.00001
1.00002
0.99995
0.999978
1
0.999905
1.00017
1.00018
0.999976
1.00014
0.999316
0.999782
0.997936
0.997843
1.00202
0.999378
1.01115
1.00819
1.0109
1.01443
0.987894
1.00258
0.931305
0.96098
0.837642
0.880726
0.715897
0.766266
0.582926
0.63645
0.452445
0.501456
0.33707
0.37927
0.238773
0.274116
0.161651
0.187307
0.105813
0.124657
0.06657
0.0791618
0.0405361
0.0487307
0.0237994
0.0290751
0.0138206
0.0168481
0.00778289
0.00958958
0.00432347
0.00536993
0.00230268
0.00289104
0.00119408
0.00150589
0.000626271
0.000790005
0.000311794
0.000399197
0.000152643
0.000195948
7.55007e-05
9.71939e-05
3.57143e-05
4.62499e-05
1.65119e-05
2.16176e-05
7.69387e-06
1.00076e-05
3.50216e-06
4.58409e-06
1.55783e-06
2.06591e-06
6.92963e-07
9.14446e-07
2.99402e-07
3.97721e-07
1.28387e-07
1.7189e-07
5.4648e-08
7.27068e-08
2.31137e-08
3.09208e-08
1.01728e-08
1.34978e-08
4.44248e-09
5.91854e-09
2.19673e-09
2.95358e-09
0.780431
5.40475e-29
0.830481
-8.71397e-28
6.02513e-21
6.41876e-21
4.1458e-05
-2.37262e-27
1.32506e-29
1.02005e-20
6.95444e-07
4.49928e-08
-1.80965e-08
-2.34553e-09
-5.24787e-11
2.01584e-11
1.94203e-12
4.58462e-14
-5.67107e-15
-4.29535e-16
-6.28792e-18
4.84482e-19
3.91122e-20
9.69924e-22
-9.54215e-24
-1.83009e-24
-6.1166e-26
-4.20899e-28
-3.04056e-26
9.57933e-22
7.15693e-22
4.12966e-24
3.01367e-24
1.55242e-25
-1.23708e-23
2.12331e-25
-1.25133e-23
-3.1038e-21
1.36491e-06
-1.6637e-20
7.9774e-19
-1.0552e-17
-2.86613e-16
5.76195e-16
1.36199e-14
4.9271e-14
1.03383e-13
-4.44206e-13
6.74148e-13
-1.29698e-12
7.33233e-12
1.85937e-11
-4.29896e-12
1.26528e-10
1.9182e-10
-2.05362e-08
-5.73501e-15
3.66472e-15
-2.61558e-27
1.4714e-12
1.04859e-09
2.14392e-11
2.2738e-10
6.97073e-11
1.05401e-11
3.42406e-11
-1.112e-11
-1.01335e-13
4.01788e-13
3.45342e-14
-9.58142e-14
-3.24379e-14
-6.65866e-15
5.61426e-16
5.37079e-29
-3.56978e-26
-1.38573e-24
-1.71588e-23
4.72262e-22
2.80735e-20
4.77129e-19
-4.88167e-19
-2.90065e-16
2.50826e-10
1.63489e-10
-6.26283e-12
2.58056e-11
8.00442e-12
-1.50316e-12
8.90318e-13
-5.84685e-13
1.23991e-13
6.25025e-14
1.69827e-14
8.21159e-16
-3.74012e-16
-1.67178e-17
9.97297e-19
-2.03392e-23
-3.16157e-27
-2.45488e-25
-6.17906e-24
4.14832e-24
4.25151e-21
1.32604e-19
1.32225e-18
-3.46708e-17
-1.49076e-15
-1.38561e-14
2.33251e-13
6.24102e-12
4.8273e-11
-3.10589e-10
-7.02663e-09
-4.20995e-08
2.08637e-07
-2.60691e-20
3.44438e-11
-1.91086e-09
-2.11854e-08
8.92669e-07
-3.37254e-25
1.1405e-16
-5.74121e-23
3.78689e-19
-3.29295e-19
8.05037e-05
7.44784e-21
0.994129
1.00614
1.00363
1.00319
1.00653
1.00017
1.00138
0.999571
0.999329
0.999815
0.999478
0.99999
0.999896
1.00002
1.00004
1.00001
1.00004
1
1.00002
1
1.00001
1
1.00001
1
1.00001
1
1.00001
1
1.00001
1
1.00001
1
1.00001
1.00001
1.00001
1.00001
1.00001
1.00001
1.00001
1
1.00001
1
1.00001
1
1.00001
1
1.00001
1
1.00001
1
1.00001
1
1.00001
1
1.00001
1
1.00001
1
1.00001
1
1.00001
1
1.00001
1
1.00001
1
1.00001
1
1.00001
1
1.00001
1
1.00001
1
1.00001
1
1.00001
1.00001
1.00001
1.00001
1.00001
1.00001
1.00002
1.00001
1.00001
1.00001
1.00002
1.00002
1.00001
1.00002
1.07123e-21
2.58282e-12
1.47583e-16
1.50856e-09
-2.10024e-25
-9.22537e-20
5.36002e-15
7.55486e-07
3.32088e-07
1.4299e-06
8.99372e-08
-6.83982e-09
-1.88489e-09
3.82694e-10
-1.15036e-10
6.14963e-10
4.15217e-12
6.1054e-12
-4.9186e-27
2.52679e-13
5.1408e-14
1.9214e-13
2.95303e-14
4.23346e-10
-5.30006e-16
-4.07825e-17
-8.08178e-19
3.32476e-20
2.74424e-21
8.78645e-23
-2.23893e-25
-1.04486e-25
-3.4045e-06
-1.00128e-06
-5.5545e-10
-4.20454e-10
3.45798e-25
-3.4903e-25
1.80436e-20
3.94491e-20
-1.26495e-19
-2.2132e-23
-4.51272e-19
-3.36663e-21
-3.8508e-21
5.42801e-21
4.49233e-24
-2.49841e-23
0.000172695
0.000194016
1.61533e-18
3.51576e-19
2.407e-23
1.42347e-21
-1.67598e-17
-2.68353e-17
2.05125e-16
1.11958e-15
-8.28289e-15
-4.63529e-14
-1.5508e-13
-6.24369e-14
9.69269e-13
-8.05597e-13
-1.64096e-11
5.86147e-11
1.15922e-11
1.51856e-10
3.04861e-10
5.04636e-10
3.59301e-07
3.16165e-07
0.999974
0.999985
0.999944
0.999903
1.00015
1.00015
1.00006
1.00017
0.999648
1.00002
0.997964
0.997991
1.00113
0.998759
1.00939
1.00662
1.01098
1.01365
0.99291
1.00622
0.94281
0.97014
0.856489
0.896509
0.738291
0.788678
0.605891
0.658693
0.476165
0.526589
0.356808
0.401788
0.254447
0.290462
0.174062
0.200946
0.114499
0.134485
0.0719682
0.0855227
0.0442376
0.0530052
0.0263861
0.032081
0.0152692
0.0186025
0.00863005
0.0106703
0.00479182
0.00593938
0.00259315
0.00324472
0.00135281
0.00171382
0.000694849
0.000875656
0.000352327
0.000448146
0.000174673
0.000224035
8.51085e-05
0.000109364
4.0612e-05
5.25271e-05
1.89581e-05
2.47979e-05
8.63082e-06
1.1282e-05
3.96014e-06
5.18249e-06
1.80648e-06
2.38394e-06
7.96175e-07
1.05417e-06
3.47712e-07
4.63856e-07
1.48211e-07
1.98678e-07
6.35188e-08
8.48658e-08
2.66709e-08
3.59314e-08
1.15635e-08
1.53281e-08
5.37287e-09
7.00914e-09
-9.39315e-12
-6.47153e-11
2.7686e-12
4.53887e-10
7.61255e-10
6.29295e-24
-2.09799e-27
2.54412e-12
8.993e-13
-0.00209039
-6.25213e-27
0.925579
9.26922e-07
1.81643e-09
-3.37846e-27
8.37573e-16
-6.60753e-16
5.80986e-10
-1.6886e-09
4.75505e-08
4.72545e-09
-9.50636e-09
-4.57295e-09
7.52754e-13
-1.26156e-15
-1.77038e-16
-6.86524e-18
1.4639e-21
1.18007e-20
5.46799e-22
8.7742e-24
-3.43899e-25
-1.94577e-26
0.00947136
6.34604e-10
-9.97212e-06
-1.06714e-05
-7.4447e-16
-5.61438e-16
0.95957
-3.32005e-23
-3.77135e-19
2.98641e-14
2.47961e-14
1.86806e-16
-5.78968e-14
4.86786e-16
1.03837e-13
2.33151e-13
-9.10003e-13
1.27167e-12
-4.11728e-12
2.24057e-11
3.50564e-11
1.6982e-12
3.95483e-10
0.0767326
0.0425122
2.96769e-09
2.44194e-24
1.41887e-06
3.01393e-05
-1.83463e-05
1.88503e-10
1.73748e-11
7.53712e-11
-2.19822e-11
-7.91569e-13
1.12164e-12
4.67004e-25
-3.22695e-25
6.95504e-13
4.88796e-11
2.55459e-11
-0.00337911
0.000562471
-0.00375595
-4.95413e-12
0.684452
1.72859e-12
-1.19795e-12
2.81225e-13
-8.06435e-25
4.86132e-23
1.97628e-21
3.43804e-20
-2.76858e-19
-2.77868e-17
-1.02143e-08
-2.16706e-26
-0.000218709
-0.000988588
0.000207712
-5.51214e-23
0.786929
-1.47332e-26
-5.10784e-16
3.61018e-22
9.62045e-21
-7.92751e-26
6.53722e-20
-4.91737e-09
-4.01507e-18
-1.43781e-16
-3.5446e-26
1.3547e-15
1.2771e-13
1.96566e-18
7.11442e-24
-5.2505e-19
-1.02795e-14
-2.7117e-14
-1.93913e-13
0.322933
-1.01071e-12
1.00911
1.00855
1.01707
1.00224
1.00744
0.999808
1.00082
0.999665
0.9994
0.999905
0.999689
1.00002
0.999962
1.00003
1.00003
1.00001
1.00002
1.00001
1
1.00001
0.999996
1.00001
0.999997
1.00001
0.999997
1.00001
0.999998
1.00001
0.999999
1.00001
0.999998
1.00001
0.999998
1.00001
0.999999
1.00001
0.999999
1.00001
1
1.00001
0.999999
1.00001
0.999998
1.00001
0.999999
1.00001
0.999999
1.00001
1
1.00001
1
1.00001
0.999999
1.00001
0.999999
1.00001
1
1.00001
0.999999
1.00001
0.999999
1.00001
1
1.00001
1
1.00001
1
1.00001
0.999999
1.00001
1
1.00001
1
1.00001
0.999998
1.00001
0.999997
1.00001
0.999995
1.00001
0.999994
1
0.999993
0.999992
0.999975
0.999982
-3.25276e-06
-8.01359e-27
1.97354e-13
3.54813e-23
-1.16245e-14
-7.64014e-23
9.09856e-08
-1.24122e-17
1.33747e-09
5.94476e-25
-1.45148e-11
-7.81104e-12
2.38197e-15
4.72566e-15
-1.1084e-11
6.49724e-22
9.10923e-10
1.88347e-26
-4.68616e-17
-3.95994e-17
-3.66514e-17
7.20922e-10
-6.33926e-20
1.66249e-21
1.71908e-21
1.7181e-22
1.2385e-22
3.9925e-11
-1.10556e-15
2.86374e-15
-8.65953e-10
1.08305e-09
-2.10742e-25
-4.64069e-19
0.000166985
-1.32689e-18
1.6921e-21
2.4476e-14
1.75649e-14
0.873027
-2.96105e-13
-8.6704e-14
2.42247e-13
0.21179
5.52929e-24
2.98875e-24
4.99133e-13
-2.78869e-13
7.88585e-25
1.04981e-24
-1.38054e-25
2.46942e-12
-2.88143e-12
-1.3977e-11
6.16256e-11
6.30488e-11
2.08664e-11
4.60409e-11
7.17408e-10
5.32873e-07
-4.42556e-23
-1.28449e-22
0.999923
0.999923
1.00018
1.00012
1.00014
1.0002
0.999896
1.00022
0.997961
0.998288
1.00013
0.997951
1.00776
1.00468
1.01148
1.0128
0.998919
1.01038
0.95559
0.98049
0.874739
0.91411
0.76042
0.811902
0.63177
0.685352
0.503152
0.556443
0.379385
0.42769
0.272036
0.311042
0.187087
0.217216
0.123298
0.145264
0.078512
0.0934452
0.0487379
0.0587021
0.0290504
0.0354391
0.0170011
0.0207817
0.00969924
0.0120207
0.00538201
0.00668377
0.00295735
0.00370169
0.00153497
0.0019669
0.000770493
0.000985516
0.000400446
0.000511504
0.000198325
0.000256645
9.64506e-05
0.000124792
4.66793e-05
6.09186e-05
2.15191e-05
2.84155e-05
9.91523e-06
1.3039e-05
4.59488e-06
6.05217e-06
2.07939e-06
2.75876e-06
9.3801e-07
1.24574e-06
4.12659e-07
5.53451e-07
1.75973e-07
2.37616e-07
7.604e-08
1.02201e-07
3.20609e-08
4.35522e-08
1.35318e-08
1.82048e-08
5.83922e-09
7.67726e-09
-1.12048e-15
-1.12349e-15
-1.44529e-14
8.50933e-10
1.15568e-09
1.19582e-09
2.2296e-12
-3.28989e-12
-1.04083e-05
-1.04072e-05
-5.15474e-19
-3.11842e-19
4.00094e-10
9.49013e-10
5.19814e-24
7.92011e-24
-5.1326e-23
-1.52275e-09
-1.68337e-09
-1.81525e-09
2.82196e-07
6.5951e-07
2.64365e-07
5.18325e-16
2.8031e-15
1.50578e-16
-1.53117e-26
2.35001e-23
0.000383373
0.000198228
8.7977e-08
2.34758e-09
-2.74794e-20
-2.09782e-21
3.74948e-09
-8.26395e-17
3.12334e-12
5.15936e-13
1.28633e-09
5.27603e-22
2.69824e-13
-7.32047e-27
1.8937e-08
5.07107e-10
-2.87126e-18
6.99144e-08
1.9649e-21
7.57594e-07
6.554e-13
3.01525e-13
1.01542e-08
-1.99835e-18
3.97614e-09
-1.58012e-06
-9.69843e-18
-8.02993e-10
-3.03709e-10
-7.64408e-06
-1.95755e-05
-2.92124e-19
-6.26215e-19
0.975014
3.09213e-18
0.658389
-3.3608e-19
2.06781e-22
2.22146e-22
4.24315e-14
2.57384e-16
-1.43038e-15
5.02658e-14
0.739488
-1.06331e-13
3.05943e-11
1.00093
-3.18277e-13
-1.77557e-12
0.0211122
-2.98728e-11
1.25901e-10
-7.93242e-11
-2.45687e-10
-5.59161e-11
5.66716e-20
-4.14894e-19
6.10888e-13
2.02684e-25
6.09518e-21
1.03269e-19
-2.35759e-12
-0.0011518
-0.000198107
9.61123e-14
7.48894e-14
-0.00506619
-0.0038383
-4.13648e-17
-2.43734e-17
-3.94e-13
0.917653
3.78404e-18
2.25333e-21
8.94498e-11
7.31034e-11
2.94153e-12
-4.05692e-11
1.6303e-10
2.88648e-21
-9.44571e-06
-6.6294e-13
1.00925
1.00426
1.00992
1.00047
1.00283
0.999588
0.999762
0.999726
0.999452
0.999914
0.999754
0.999973
0.999931
0.99997
0.999958
0.999957
0.999939
0.999952
0.999924
0.99995
0.999919
0.999949
0.999916
0.999949
0.999917
0.999948
0.999916
0.999949
0.999915
0.999948
0.999915
0.999951
0.999918
0.999947
0.999916
0.999947
0.999915
0.999949
0.999918
0.999949
0.999916
0.999949
0.999917
0.999949
0.999914
0.999948
0.999915
0.99995
0.999916
0.99995
0.999917
0.99995
0.999917
0.999949
0.999917
0.999949
0.999915
0.999949
0.999917
0.999949
0.999915
0.999946
0.999914
0.999948
0.999914
0.999949
0.999916
0.999947
0.999915
0.999944
0.999914
0.999943
0.999911
0.999941
0.999909
0.999951
0.999905
0.999957
0.999907
0.705217
3.73103e-09
-1.85427e-19
4.72443e-15
-3.89866e-21
2.67031e-17
-2.88111e-18
1.97071e-09
3.95426e-09
-3.36761e-12
6.04702e-18
6.01289e-08
-8.68772e-12
4.29333e-23
1.03255e-09
3.38046e-12
1.58944e-07
1.49584e-07
0.323259
9.94686e-23
1.09285e-22
7.05155e-14
2.64213e-10
3.27483e-16
1.70892e-16
-1.6541e-22
1.15375e-22
-4.96245e-11
-3.98426e-11
-2.90477e-11
-3.18632e-20
-1.85652e-20
-4.21415e-21
7.01488e-22
3.87293e-21
4.46893e-11
-0.00929397
0.00117868
2.66301e-24
1.08657e-23
3.55086e-23
7.88129e-24
-9.63682e-13
-4.50108e-12
-2.79873e-11
-6.7849e-11
0.0676609
1.08434e-12
-9.79845e-13
-4.30985e-21
-0.00541225
0.000582979
1.54455e-22
0.0712059
0.0315661
0.109768
1.64794e-10
3.46432e-10
0.882954
0.720366
-9.16257e-12
-3.54051e-11
-4.47067e-18
-6.19117e-18
1.00017
1.00016
1.00019
1.00003
1.00035
0.998094
0.998687
0.99905
0.997448
1.00559
1.00238
1.01133
1.0112
1.00435
1.01311
0.968277
0.991108
0.894644
0.933242
0.788022
0.839185
0.663664
0.718549
0.53493
0.589689
0.408979
0.460522
0.294576
0.338223
0.203486
0.237163
0.136192
0.160317
0.0874806
0.10446
0.0544472
0.0657506
0.033035
0.0403737
0.0192871
0.0238005
0.0110557
0.013765
0.00619561
0.00774586
0.00339046
0.00428243
0.00179424
0.00229891
0.000914035
0.00117746
0.000468121
0.000601717
0.000233642
0.000303249
0.000114151
0.000148428
5.50269e-05
7.2014e-05
2.57913e-05
3.41627e-05
1.18538e-05
1.57745e-05
5.44716e-06
7.2546e-06
2.51815e-06
3.35e-06
1.14525e-06
1.53426e-06
5.01283e-07
6.77528e-07
2.21049e-07
2.99473e-07
9.47929e-08
1.29677e-07
4.01228e-08
5.54999e-08
1.73464e-08
2.42839e-08
6.87658e-09
5.14948e-05
0.000171227
1.2124e-05
-1.41756e-05
-2.05548e-05
-1.68495e-22
7.97852e-22
-8.46959e-19
-6.32765e-19
1.75193e-10
1.27925e-09
3.72727e-13
-8.24744e-13
3.14188e-14
-1.06102e-11
2.72934e-13
3.96396e-18
2.17809e-09
3.65225e-24
1.98133e-10
1.9562e-09
-1.71367e-21
-0.0110184
-0.00773455
2.01677e-23
1.02156e-08
1.97242e-09
1.99684e-09
7.25293e-12
6.0665e-12
0.18927
-1.24172e-19
-5.43821e-12
-1.25882e-12
4.95863e-12
2.55252e-07
3.16801e-07
-2.06643e-15
5.78688e-15
1.56044e-10
1.07572e-10
-1.88562e-13
-1.58874e-13
-8.56749e-19
1.75968e-05
-1.14699e-05
1.98457e-10
-2.61037e-19
-6.01572e-19
7.21052e-18
-2.80181e-06
-5.36254e-15
-5.0056e-15
-2.51517e-18
-3.49826e-18
3.59194e-16
-1.31464e-10
-1.14904e-10
1.00724
0.99224
1.76775e-24
-4.5672e-21
1.30617e-12
-1.33147e-26
4.37389e-25
7.55393e-24
0.2396
6.09146e-11
-8.35571e-06
-4.12386e-21
1.54027e-08
4.84649e-08
9.79597e-09
1.00006
0.999958
-1.46613e-14
-1.96628e-14
8.37571e-14
-1.68862e-18
-1.96041e-07
-1.67004e-06
2.23485e-07
-0.000325282
1.39623e-19
2.46328e-19
-1.13728e-18
2.03319e-15
1.3271e-15
1.67855e-09
-0.00301419
-0.00763133
-0.00187964
7.07106e-14
7.51982e-14
-1.23536e-20
-9.18462e-23
-1.09111e-22
-2.86795e-22
7.30736e-10
-1.81161e-10
4.6015e-13
2.16933e-09
-6.0068e-17
-3.55279e-17
0.926381
2.59562e-09
-1.44592e-20
4.15001e-10
1.00648
1.00157
1.00509
0.999771
1.00061
0.999623
0.999532
0.99985
0.999697
0.999981
0.999981
1.00001
1.00008
0.999995
1.00008
0.999985
1.00006
0.999975
1.00005
0.999975
1.00004
0.999975
1.00004
0.999974
1.00004
0.999973
1.00004
0.999975
1.00004
0.99998
1.00005
0.999977
1.00005
0.999979
1.00005
0.999978
1.00005
0.999982
1.00005
0.999981
1.00006
0.999982
1.00005
0.999978
1.00005
0.999978
1.00005
0.999977
1.00005
0.999976
1.00004
0.999971
1.00004
0.999974
1.00004
0.999979
1.00005
0.999983
1.00005
0.999977
1.00005
0.999979
1.00005
0.999979
1.00005
0.999976
1.00005
0.999977
1.00005
0.999983
1.00006
0.999981
1.00008
0.999965
1.00005
1.00007
0.461914
0.99996
1.217e-06
1.39355e-11
5.80875e-10
2.68214e-09
-1.23364e-20
1.76221e-10
1.53952e-18
9.22388e-15
5.24528e-21
-5.69533e-12
1.70658e-11
0.441635
-1.89164e-19
-4.65776e-21
-2.85768e-21
-3.47289e-20
-4.37153e-11
1.25824e-10
6.95749e-10
6.83849e-16
1.00464e-07
-6.14733e-18
3.67451e-09
-5.29953e-15
-5.33636e-13
9.8151e-14
-3.00276e-22
0.000185891
0.000249385
0.480211
-2.2686e-21
-1.34932e-21
0.980014
-5.19764e-20
-3.86805e-20
6.79859e-13
0.145555
4.2267e-16
6.06686e-16
-2.6389e-15
2.67554e-14
6.84694e-15
0.380163
4.45453e-09
3.60436e-15
-2.54449e-13
8.39527e-13
1.00014
1.00917
1.01152
1.0015
2.1188e-12
-2.58736e-12
-7.70067e-12
-5.97857e-11
5.10984e-10
0.811406
0.898605
0.516601
5.44787e-10
2.64732e-10
-2.81127e-10
-4.56214e-10
-2.94557e-10
-6.24418e-11
-8.69386e-11
2.05726e-17
1.08556e-17
1.00021
0.998678
0.999476
0.99841
0.997455
1.00329
1.00037
1.01031
1.00886
1.00858
1.01461
0.980289
1.00051
0.917111
0.951534
0.819948
0.868254
0.6989
0.755658
0.571285
0.626775
0.443398
0.497745
0.322487
0.36926
0.226358
0.262162
0.152727
0.180194
0.0984161
0.117659
0.0624057
0.0751428
0.0382769
0.0467534
0.0224912
0.0277147
0.0131116
0.0162853
0.00730984
0.00920167
0.0040176
0.00504989
0.0021838
0.00278247
0.00110716
0.00143882
0.000563354
0.000724449
0.000284728
0.00037114
0.000137508
0.000181097
6.64898e-05
8.73925e-05
3.19228e-05
4.24364e-05
1.46761e-05
1.95912e-05
6.88116e-06
9.15592e-06
3.18691e-06
4.26025e-06
1.43337e-06
1.91611e-06
6.47261e-07
8.78863e-07
2.82594e-07
3.8575e-07
1.26286e-07
1.71876e-07
5.63862e-08
7.80994e-08
2.54207e-08
3.59538e-08
6.15894e-09
7.23374e-09
1.08233e-08
1.94166e-21
6.9859e-21
-3.1926e-19
-4.42421e-19
2.46895e-09
4.78985e-09
-1.31548e-12
2.54687e-12
-2.56855e-11
-8.17419e-11
8.13145e-09
-8.67094e-21
-1.51839e-05
-1.24978e-05
1.14965e-14
6.7805e-15
1.63435e-10
5.87963e-12
3.13527e-12
-4.03688e-11
-1.5354e-11
3.12103e-09
-9.3453e-14
-3.50813e-14
6.33126e-20
2.6672e-15
2.14744e-15
-1.64301e-19
0.227187
-1.47935e-22
-1.68919e-23
-1.59717e-12
8.61064e-05
4.65155e-05
-2.18477e-07
3.64984e-08
9.05658e-15
-0.00125572
4.18555e-09
1.02041e-17
-3.4002e-18
5.55259e-09
5.98757e-09
1.35547e-16
-2.92889e-12
7.23459e-10
-6.24463e-11
-8.80663e-11
-1.88241e-22
-6.06369e-24
-2.29612e-22
2.99352e-08
2.4477e-08
1.00049
5.96559e-19
1.23335e-17
0.0898362
0.0176124
1.05143e-13
-2.93253e-13
1.58563e-08
0.000138604
0.000307374
9.01236e-05
-1.8988e-18
4.25114e-19
3.0088e-19
4.85978e-19
-2.54153e-18
-0.00492923
-0.00381121
-6.73414e-17
-3.62139e-17
1.4871e-07
7.65864e-08
-3.06967e-22
-5.34543e-22
2.3776e-21
-1.48564e-05
-6.71172e-06
-3.10126e-11
4.86728e-16
-1.45084e-14
-1.28151e-14
8.53403e-17
-1.07212e-20
5.04639e-16
1.00329
1.00051
1.00229
0.999824
1.00007
0.99997
0.999817
1.00017
1.00011
1.00026
1.00034
1.00027
1.0004
1.00028
1.00041
1.00027
1.00043
1.00027
1.00041
1.00026
1.0004
1.00027
1.00041
1.00026
1.0004
1.00027
1.0004
1.00027
1.00041
1.00026
1.0004
1.00027
1.0004
1.00026
1.00041
1.00026
1.00038
1.00025
1.0004
1.00027
1.00039
1.00026
1.0004
1.00027
1.00041
1.00026
1.0004
1.00027
1.0004
1.00027
1.00042
1.00027
1.00041
1.00026
1.0004
1.00027
1.00041
1.00026
1.00039
1.00026
1.0004
1.00028
1.00041
1.00029
1.00041
1.00032
1.00042
1.00033
1.00046
1.00379e-20
-2.6383e-11
1.21034e-19
8.61785e-18
4.42867e-05
1.14439e-08
1.25512e-12
1.74599e-09
-2.48548e-12
-0.00037428
0.000161841
8.98291e-09
1.83904e-08
9.62483e-09
1.26992e-08
1.46042e-08
-1.18555e-20
-1.88506e-20
2.89481e-10
-6.83026e-12
1.10785e-09
4.47382e-10
1.03512e-09
1.46524e-09
1.8019e-25
0.999485
4.25859e-17
2.97239e-17
0.998186
0.997868
1.00124
0.998918
1.00892
1.00634
1.01197
1.01476
0.992185
1.00731
0.938686
0.969868
0.851737
0.896683
0.739803
0.794836
0.610706
0.668016
0.481711
0.535756
0.355131
0.405887
0.250484
0.290458
0.172408
0.202025
0.112549
0.134698
0.0717162
0.0861497
0.0448223
0.0542594
0.0264911
0.0327903
0.015443
0.0191331
0.008822
0.0110809
0.00477487
0.00605407
0.00263321
0.00332298
0.00136638
0.00177368
0.000681553
0.000887055
0.000348187
0.000450215
0.000172506
0.000226761
8.24341e-05
0.000108584
4.05781e-05
5.31969e-05
1.87608e-05
2.51914e-05
8.68191e-06
1.16022e-05
4.05423e-06
5.42995e-06
1.80006e-06
2.43439e-06
8.26452e-07
1.1032e-06
3.72856e-07
5.02942e-07
1.68111e-07
2.26365e-07
8.16421e-08
1.09482e-07
4.10658e-08
2.75416e-08
5.87775e-08
-1.53184e-14
1.21588e-13
-1.90714e-06
-5.63751e-06
-1.14588e-06
1.37175e-18
7.58249e-19
8.0639e-09
1.17854e-08
4.16333e-12
-7.77704e-12
-0.00743482
-0.00938135
-1.33203e-10
-7.7794e-11
3.8795e-10
2.06812e-09
5.75492e-09
1.70175e-09
3.19748e-11
1.48026e-12
9.48856e-25
-5.40649e-24
-2.13175e-24
0.800158
6.71181e-15
1.00675
-5.11026e-22
-4.83602e-21
1.00033
1.00759
1.00829
-1.22176e-11
-3.95874e-12
4.79951e-10
-2.1416e-14
1.00005
-3.39917e-13
3.34963e-20
1.36854e-08
4.88762e-16
9.03255e-16
1.25902e-09
1.00053
1.01137
-2.30261e-13
-6.03903e-14
-0.00302953
-2.97899e-14
1.09723e-14
0.00018187
0.000146562
-1.33481e-06
-2.73721e-17
3.67065e-18
-1.30348e-11
-8.95308e-12
-3.51365e-21
-0.00163156
-7.88198e-18
-7.21874e-17
-3.02719e-12
-2.54057e-12
1.76318e-16
-9.33096e-21
-3.49942e-23
5.87288e-09
-3.76979e-22
1.86301e-10
7.52742e-08
0.96705
0.990105
0.880807
2.71167e-08
2.87281e-08
4.5396e-16
0.406816
0.525834
0.186205
1.76046e-10
2.00138e-12
-3.58903e-15
1.36711e-16
1.75965e-17
2.10295e-17
-1.62222e-18
-3.77541e-13
1.53572e-12
5.6482e-18
1.80957e-05
-4.30077e-06
5.69098e-19
0.000251649
0.0002402
5.0872e-12
-7.5165e-13
-4.49904e-13
7.29611e-09
9.66946e-16
6.82473e-16
-0.00711542
-0.00697928
-6.60291e-11
5.24682e-21
1.36901e-20
9.42962e-11
7.17866e-12
-4.60508e-22
-9.07345e-22
6.51698e-21
3.8863e-11
1.66618e-14
-3.38726e-14
-9.35533e-07
-2.37741e-07
-7.95447e-11
-2.60983e-21
1.04168e-08
-1.74266e-10
2.31302e-09
-6.62298e-15
-3.52725e-14
-2.34868e-15
1.00556
-1.50613e-14
-8.88967e-15
1.00147
1.00407
0.999884
1.00039
0.999736
0.999388
0.999959
0.999496
1.00013
0.999778
1.00017
0.999917
1.00018
0.999937
1.0002
0.999967
1.00021
1
1.0002
1
1.00022
1.00001
1.0002
1.00001
1.00021
1
1.00019
0.999999
1.00019
0.999995
1.00022
1.00001
1.00021
1.00002
1.00022
0.99999
1.00019
1
1.00019
0.999978
1.0002
0.999986
1.00021
0.999995
1.0002
0.999996
1.00019
0.999964
1.0002
0.999971
1.00021
0.999999
1.0002
0.999985
1.00022
1
1.00021
1.00001
1.00022
0.999993
1.00021
1
1.0002
0.999968
1.00019
0.999781
0.999918
3.44418e-17
-2.50401e-10
1.00198
4.86531e-19
4.70449e-10
0.000422556
8.97433e-19
1.45486e-15
1.06478e-15
-3.81853e-20
-2.89054e-22
6.20103e-17
7.37368e-17
1.4077e-13
-4.46489e-13
-4.468e-12
-8.19161e-22
-1.22112e-11
-1.54552e-10
-3.33747e-10
1.71395e-08
-6.80365e-20
9.65777e-21
4.24939e-21
-5.12101e-22
1.24217e-08
-1.0387e-07
3.85594e-08
2.56812e-18
1.74763e-18
-4.55196e-15
2.12731e-09
7.41874e-10
1.32554e-08
2.24037e-08
0.998188
0.99847
-5.85318e-18
-4.34543e-18
0.999828
0.998241
1.00701
1.00426
1.01234
1.01304
0.999282
1.01002
0.957331
0.982132
0.881241
0.920747
0.777932
0.826583
0.652451
0.70791
0.517036
0.571144
0.389189
0.439159
0.280095
0.321203
0.193876
0.224888
0.129566
0.15295
0.0828977
0.0992184
0.0516687
0.0622982
0.031323
0.0382805
0.0184567
0.0226739
0.0105602
0.0130872
0.00582662
0.00734087
0.00315942
0.00398264
0.00166472
0.00212364
0.00085969
0.00110744
0.000427545
0.000554279
0.000213903
0.000276743
0.000104923
0.000137628
5.00849e-05
6.5639e-05
2.39315e-05
3.15767e-05
1.1312e-05
1.50043e-05
5.1891e-06
6.8773e-06
2.36196e-06
3.17047e-06
1.06368e-06
1.43102e-06
4.79542e-07
6.44217e-07
2.20901e-07
2.93794e-07
1.07851e-07
1.37428e-07
-2.52158e-16
-3.45907e-17
-1.58166e-11
-1.84232e-11
-0.00509698
-0.00950913
1.70306e-10
2.89854e-09
4.80368e-09
1.68582e-08
1.00526e-09
-2.75397e-11
-1.93456e-10
1.01005
1.01014
8.11758e-19
1.61609e-13
1.5381e-14
-1.62576e-08
-4.29101e-21
4.80689e-10
1.67505e-10
-6.10725e-14
9.8193e-15
1.01004
7.06879e-08
-2.77626e-12
-3.28135e-15
-1.73524e-15
-0.0019994
-6.02079e-15
-7.88355e-15
1.9974e-14
-1.063e-12
-3.81939e-06
1.21073e-08
-1.42512e-12
1.09318e-17
-0.000343646
2.13789e-12
-5.33694e-12
1.24223e-15
-2.26519e-22
-2.58177e-06
2.97844e-17
8.17027e-20
0.977393
0.948444
1.24689e-09
0.415682
2.34237e-08
3.52639e-08
3.82402e-18
8.12189e-11
6.49573e-11
2.48908e-08
1.87332e-08
-7.03333e-20
-1.04377e-19
1.2417e-18
0.0315311
6.04844e-09
-2.76862e-11
-1.06456e-17
1.93184e-15
2.90648e-17
7.81525e-12
3.08556e-19
7.46657e-10
0.0094397
0.775599
0.856497
0.520696
8.24859e-18
0.120656
1.06781e-09
1.15844e-17
3.46802e-17
2.03091e-08
2.7095e-08
3.10488e-08
0.000286419
0.000358348
-1.34953e-05
-9.07358e-06
-1.19105e-12
0.000131657
2.01677e-20
5.75949e-21
-4.4515e-06
-0.00514415
2.84678e-09
-0.0083721
-0.00925527
-2.4777e-10
7.07973e-09
1.57887e-09
-9.07794e-12
-9.60332e-12
0.000300269
0.00030773
4.27706e-09
-5.09567e-06
-5.5673e-06
4.77768e-20
-1.85157e-11
9.57503e-12
1.68909e-09
1.34343e-09
-1.10534e-12
-4.46438e-13
1.92114e-13
1.76311e-13
1.00788
-9.9104e-06
9.41103e-10
1.00235
1.00614
0.999469
1.00058
0.998786
0.998446
0.998898
0.998139
0.999072
0.998383
0.999121
0.99853
0.999179
0.998578
0.999226
0.998643
0.999222
0.99867
0.999189
0.99861
0.999239
0.998654
0.999221
0.998664
0.999233
0.998669
0.999233
0.998692
0.999259
0.99869
0.999255
0.998699
0.999187
0.998678
0.999221
0.998636
0.99922
0.99869
0.999228
0.998681
0.999216
0.99866
0.999222
0.998674
0.999192
0.998672
0.999207
0.998649
0.999231
0.998667
0.999207
0.998687
0.999204
0.998639
0.999257
0.998715
0.999216
0.998733
0.999187
0.998708
0.999051
0.998698
0.998834
0.99838
0.998529
3.22235e-09
3.9639e-09
0.203968
0.000159988
-1.3991e-14
-1.09942e-14
1.77241e-20
1.35399e-20
-1.88523e-16
-2.27761e-06
-8.22356e-07
1.50919e-11
2.09157e-18
-5.05798e-13
2.56399e-12
-1.11209e-10
4.57704e-18
4.6278e-18
5.63032e-08
-9.10962e-18
-1.21202e-17
1.31037e-17
1.52184e-17
-2.51809e-19
5.37468e-20
3.89527e-20
-1.99306e-12
3.48302e-10
1.02869e-10
7.85066e-10
4.68848e-09
3.71103e-08
0.000102105
2.9256e-05
1.32512e-10
-1.18774e-10
-4.20057e-10
1.00357e-09
1.86229e-19
1.36444e-19
0.998947
0.997927
1.00547
1.00251
1.01213
1.01106
1.0041
1.01152
0.97163
0.992375
0.906402
0.940389
0.811018
0.85777
0.685821
0.740685
0.550621
0.604412
0.419555
0.471366
0.305681
0.348616
0.21482
0.248339
0.14463
0.170004
0.0937866
0.111464
0.0592249
0.0708725
0.0362315
0.0440036
0.0212403
0.0260019
0.0122477
0.0151354
0.00680299
0.00852428
0.00371087
0.00464657
0.00197828
0.00251432
0.00102058
0.00130484
0.000516255
0.000665046
0.00025787
0.000333713
0.000126215
0.000164435
6.10438e-05
7.95756e-05
2.95549e-05
3.87433e-05
1.38423e-05
1.82117e-05
6.36188e-06
8.42867e-06
2.90206e-06
3.86946e-06
1.32092e-06
1.75312e-06
6.17324e-07
8.2624e-07
2.79533e-07
3.79158e-07
1.25581e-07
1.69994e-07
-1.38166e-15
-8.73374e-16
-4.66239e-12
-1.01694e-11
-3.87556e-12
-0.00380767
-0.00121653
4.00611e-09
1.2227e-09
-1.21363e-11
1.64648e-10
0.00343464
-0.00546665
5.37777e-09
5.3993e-09
3.09196e-08
4.81318e-08
-3.6139e-10
-5.91054e-10
0.988711
4.63484e-09
8.89149e-09
4.13543e-09
-9.84693e-08
-2.64215e-06
1.15322e-05
-7.39167e-06
6.64701e-09
6.18452e-13
7.72454e-14
6.34874e-07
2.79895e-14
3.36675e-14
-6.96036e-14
-6.99582e-15
-4.74955e-15
-9.55766e-13
1.68616e-08
1.33387e-08
-9.23248e-08
0.141545
-0.00858094
-8.53254e-12
1.8076e-11
1.01057
2.78333e-20
7.4116e-08
-9.39085e-17
-1.00815e-17
-4.07049e-11
-3.52726e-11
-5.18242e-13
-4.51439e-10
0.0278386
-1.75752e-07
1.04436e-18
2.11293e-13
1.90404e-13
-1.80813e-14
-3.8447e-17
0.000209088
-0.000336776
0.000479879
6.34795e-19
1.56703e-15
-2.27904e-14
7.32662e-12
4.17575e-12
5.7301e-10
1.27312e-09
1.23802e-09
6.6019e-19
-3.479e-13
-1.14316e-13
-2.25258e-14
-7.9853e-14
-1.38243e-14
3.90793e-08
0.0440373
0.398504
0.201137
5.21095e-08
3.99035e-08
1.01266
0.000211499
-2.20516e-21
5.07577e-17
1.70567e-18
5.01533e-19
-0.00837989
-0.0137861
-3.60862e-07
-2.76196e-07
-1.51216e-19
-1.99695e-19
1.03106e-18
0.942928
0.905649
-2.34444e-17
-1.78735e-17
0.000253974
0.000349102
-2.43918e-11
-1.49463e-06
-1.9644e-06
1.005
8.67017e-17
4.10518e-17
5.63356e-08
4.34545e-08
-2.46836e-12
9.36336e-14
-1.58664e-13
1.00463
0.999956
1.00318
0.998193
0.999053
0.997983
0.997896
0.99808
0.997904
0.998067
0.997927
0.998147
0.997967
0.99824
0.998062
0.998195
0.998103
0.998153
0.998041
0.998223
0.998092
0.998179
0.998055
0.998192
0.998061
0.99817
0.998047
0.998202
0.998029
0.99821
0.998118
0.998178
0.998055
0.998217
0.998041
0.998209
0.9981
0.998187
0.998042
0.998197
0.998045
0.998213
0.998087
0.998145
0.998041
0.998196
0.998036
0.998241
0.998082
0.998165
0.998125
0.998163
0.998004
0.998279
0.99806
0.998127
0.998105
0.998036
0.998057
0.997989
0.998511
0.998339
3.591e-12
-1.04364e-11
-0.00801501
-0.00323771
-6.04137e-08
-1.3754e-08
8.25814e-08
1.14656e-08
-6.00206e-07
4.1659e-20
5.9038e-20
2.10849e-20
0.960086
-3.97082e-16
-4.10264e-13
-3.61071e-13
4.30687e-12
-7.40897e-11
-1.87929e-11
-6.99962e-18
0.108713
5.6782e-14
4.65339e-14
-6.56647e-17
-3.69444e-17
8.38461e-17
2.61545e-15
3.09834e-17
6.27906e-17
6.27045e-11
1.277e-11
4.76726e-10
1.79255e-10
6.98054e-08
1.11267e-08
0.722875
0.786008
0.474061
0.000206264
8.4202e-05
5.16342e-08
-3.26543e-10
3.88468e-12
3.01903e-09
1.41651e-08
1.3875e-19
9.85711e-20
1.00399
1.00114
1.01045
1.00869
1.00619
1.01149
0.982918
0.999375
0.926468
0.956735
0.83897
0.88088
0.718351
0.7704
0.581424
0.6361
0.448321
0.5001
0.332702
0.375756
0.236964
0.271977
0.160404
0.187071
0.105526
0.124111
0.0671074
0.0798881
0.0409094
0.04935
0.0242033
0.0294572
0.0141337
0.0173149
0.00789489
0.00980044
0.00431907
0.00538199
0.00230879
0.00291266
0.00120246
0.00152197
0.00061825
0.000788932
0.000307171
0.000395566
0.000151301
0.000194674
7.44098e-05
9.6235e-05
3.53628e-05
4.60888e-05
1.66624e-05
2.17264e-05
7.76744e-06
1.02138e-05
3.54239e-06
4.68243e-06
1.6252e-06
2.13772e-06
7.79096e-07
1.01891e-06
3.77141e-07
4.97797e-07
-1.90993e-15
-1.32748e-15
3.37869e-08
4.14059e-08
8.79681e-08
1.74833e-09
1.33115e-08
2.37349e-10
-3.62896e-10
0.0222082
0.00226249
7.08408e-09
2.61129e-09
2.80139e-19
2.15653e-19
1.00679
0.986944
7.77449e-08
1.08442e-07
-5.34753e-10
3.40102e-09
6.80692e-08
-1.06137e-06
-2.18118e-06
-9.17116e-07
3.00579e-12
7.27359e-14
1.95846e-05
6.64959e-05
1.17937e-05
9.65575e-09
-2.568e-16
0.000187985
1.74129e-16
1.16107e-07
8.87926e-08
-1.16017e-13
1.9936e-13
-0.00961017
-7.14244e-15
-5.53981e-15
5.56634e-17
1.06917e-05
0.138436
0.335848
0.0775499
-3.34102e-17
-6.89047e-10
9.48223e-17
2.81479e-16
-0.000424906
2.12331e-05
-2.78179e-14
3.38605e-17
-4.75915e-19
1.01098
1.46391e-11
1.00825e-11
0.871809
0.820401
1.01386e-07
3.01698e-10
-3.0095e-14
-2.19495e-14
1.01467
6.75067e-20
4.1549e-11
1.31725e-10
2.77437e-11
0.000952238
-0.00826138
-7.6612e-10
1.76424e-07
6.55957e-10
-5.42841e-09
1.8166e-09
-4.18214e-07
-1.4637e-18
-1.3536e-18
-4.32482e-17
4.40664e-05
3.34988e-05
-5.3791e-05
0.000136904
-8.64577e-10
2.4423e-11
-8.7463e-11
-3.71237e-07
-1.58724e-07
1.77263e-13
1.99022e-13
-3.05723e-18
-9.61613e-10
-1.34334e-11
2.59195e-10
9.02477e-14
7.70179e-14
1.01107
2.57666e-19
-1.01522e-13
-8.42154e-14
1.88491e-13
-1.9984e-13
-6.67198e-19
0.000116826
0.00010235
1.00395
1.00076
1.00391
1.00009
1.00166
0.999965
1.00127
0.99983
1.0011
0.999955
1.00114
1.00004
1.00124
0.999932
1.00126
0.999971
1.00121
1.00005
1.00134
1
1.00134
1.00002
1.00128
1.00002
1.00128
1.00006
1.00132
0.999929
1.00134
0.999936
1.00125
1.00007
1.00136
1.00004
1.00137
0.999952
1.00125
1.00001
1.00124
0.999977
1.00122
0.999847
1.00109
0.99994
1.00112
1.00001
1.00119
0.999816
1.00118
0.999698
1.00103
0.999965
1.00099
0.999592
1.00107
0.999599
1.00229
1.00062
1.66086e-16
1.48009e-16
-0.00221432
1.20384e-08
0.000207889
-0.00986595
-0.00525481
-2.63632e-21
6.17641e-06
7.79943e-07
-2.48065e-10
-1.38378e-17
-7.30932e-18
3.11313e-08
-1.46276e-09
-6.18609e-10
-1.29943e-13
5.21933e-20
3.72748e-11
-8.78601e-17
-5.59467e-17
1.27104e-15
2.16181e-15
-3.68629e-14
7.30616e-17
8.18515e-17
1.20697e-16
1.63743e-07
1.06499e-07
-4.18975e-16
-3.07117e-16
2.55313e-07
0.99286
-1.90446e-13
2.37271e-08
1.67065e-08
-1.55594e-11
3.01202e-11
1.00846
1.0064
1.01317
1.00847
1.00771
1.01128
0.992542
1.00603
0.942971
0.969698
0.861998
0.90168
0.745781
0.797984
0.609287
0.665264
0.476721
0.528885
0.358287
0.40322
0.256598
0.293872
0.175418
0.203581
0.116466
0.136345
0.0739223
0.0879925
0.0453304
0.054552
0.0272378
0.0330799
0.0158955
0.0194613
0.00895107
0.0111109
0.00488681
0.00609135
0.00264671
0.00331671
0.00138781
0.00175701
0.0007097
0.000904013
0.000358004
0.000458542
0.000176628
0.000228
8.5726e-05
0.000110913
4.11093e-05
5.33488e-05
1.95125e-05
2.54625e-05
9.07468e-06
1.19164e-05
4.23478e-06
5.55554e-06
1.94045e-06
2.55465e-06
9.15099e-07
1.18401e-06
-1.37448e-15
-1.15669e-15
-8.50042e-10
-1.88589e-09
0.071698
0.0407841
5.13533e-09
3.86756e-08
8.38309e-09
2.98313e-08
-5.53284e-19
1.00998
1.01769
1.85086e-12
4.28969e-13
-1.27945e-18
3.9643e-13
9.92114e-21
-6.85588e-07
-4.01675e-07
-7.85746e-07
-0.0100619
1.0101
-1.85024e-15
-2.7899e-15
-1.92655e-07
-5.00303e-18
6.9802e-09
5.98527e-05
4.66229e-13
2.17507e-13
1.88163e-07
3.19225e-10
1.64395e-10
0.709101
2.2424e-05
9.89092e-09
1.0263e-07
8.17134e-08
-2.16171e-13
5.16625e-10
4.02949e-10
-4.41768e-09
-4.95774e-14
-0.00146629
-0.000839138
1.3195e-07
6.16736e-05
5.35458e-05
0.0103001
-0.00441797
-8.09807e-09
-1.72868e-14
-1.69233e-14
5.57798e-11
1.42604e-10
4.19005e-11
0.595141
0.641979
0.358935
1.62048e-11
-3.88117e-09
2.06478e-07
2.86517e-07
-9.88991e-10
1.72475e-16
4.37412e-07
-4.26281e-08
-2.90895e-08
1.52098e-07
1.94485e-07
2.14378e-07
4.88099e-16
5.15925e-17
-5.2805e-17
2.00849e-16
-6.8223e-18
-6.33284e-17
5.39188e-12
6.46561e-12
-1.81099e-11
-3.14629e-20
0.911703
1.74944e-07
2.03597e-13
2.16934e-13
-0.000578392
-0.00024105
-1.46998e-10
1.70451e-11
-1.2522e-07
-8.18798e-18
0.767033
5.56022e-07
7.78116e-08
0.947167
1.26237e-13
1.1385e-13
-1.78371e-08
-1.26639e-08
1.27485e-11
4.74757e-12
5.52235e-07
2.46693e-07
2.29987e-07
-1.81727e-16
-1.66314e-15
1.01799
-2.60522e-07
-1.46506e-07
1.60797e-08
1.00789
1.00625
1.01029
1.00573
1.00915
1.00566
1.00877
1.00577
1.00885
1.00579
1.00885
1.00562
1.00875
1.00564
1.00847
1.00571
1.00862
1.0056
1.00861
1.00567
1.00864
1.0057
1.00872
1.00574
1.00865
1.00562
1.00856
1.00563
1.00846
1.00571
1.00861
1.00571
1.00876
1.00567
1.0087
1.0056
1.00862
1.00552
1.00862
1.00555
1.00858
1.00579
1.00882
1.00582
1.00902
1.00551
1.00887
1.00488
1.0084
1.00549
1.00795
1.0059
0.00278855
1.00904
-1.31239e-17
-0.0041334
2.67434e-07
1.72601e-09
0.448769
0.206882
-3.12361e-13
-3.48683e-13
3.72389e-13
3.69579e-07
0.181322
0.6564
-5.61632e-17
-6.36282e-14
-2.0842e-09
4.35505e-07
1.7009e-05
5.19816e-06
1.01237
1.01423
1.02183
-1.63046e-16
-1.45994e-16
0.000114753
0.000134489
0.000117263
6.23571e-10
-2.42117e-09
2.01599e-08
2.0605e-08
-2.38089e-09
-5.3635e-10
5.31128e-15
-2.27587e-14
4.16822e-07
5.48881e-07
5.75406e-07
3.96813e-11
-1.74499e-10
2.05738e-16
7.54647e-16
0.844817
0.701074
2.83212e-16
0.961226
0.87992
1.00924
0.00182944
1.00152
1.01134
0.957014
0.981374
0.884332
0.923039
0.773312
0.824936
0.640581
0.698329
0.506196
0.560802
0.383837
0.430797
0.278181
0.317142
0.191439
0.222862
0.126395
0.148899
0.0814055
0.0968303
0.0505749
0.0609717
0.030432
0.0370177
0.0179777
0.021983
0.0101497
0.0126264
0.00553988
0.00694508
0.00301489
0.0037755
0.00158917
0.00201985
0.000810982
0.00103813
0.000415857
0.000533681
0.000204871
0.000265882
9.94388e-05
0.000129062
4.78128e-05
6.2364e-05
2.2632e-05
2.96146e-05
1.07358e-05
1.4081e-05
5.05884e-06
6.68684e-06
2.32561e-06
3.11637e-06
1.04099e-06
3.77691e-16
-2.23119e-17
-6.09953e-08
-5.00396e-08
-2.58326e-09
1.20076e-09
4.8807e-08
2.86936e-08
1.01113
1.02306
0.987847
1.907e-13
-3.8001e-17
0.323125
0.409151
0.115409
2.65809e-06
7.85181e-15
3.97329e-15
1.02663e-07
8.47957e-08
0.0563023
-0.0117701
0.408243
2.89362e-12
1.95704e-12
-3.98822e-17
-4.35866e-17
5.32586e-16
-0.00728035
2.1952e-08
7.29944e-13
-1.15106e-15
-1.32948e-07
-1.97439e-08
3.84966e-11
1.83036e-06
4.4347e-07
-0.00283197
-0.00195433
-0.000268943
-8.34844e-14
3.43465e-12
1.06303e-12
-3.46407e-09
3.10547e-06
5.31845e-05
0.0354675
0.00947649
1.63381e-14
4.28127e-15
4.06849e-11
-0.00746536
5.59175e-12
6.08749e-08
-9.00626e-15
-8.16432e-15
-1.06692e-13
1.68678e-13
1.4921e-13
3.4399e-07
4.73341e-07
4.41129e-16
5.72059e-16
7.56873e-16
-2.61502e-11
4.8981e-11
-0.00152529
-0.00104228
1.47737e-10
8.37019e-10
-2.19912e-11
-4.16848e-12
2.454e-07
1.98681e-07
5.92373e-13
5.55188e-13
2.56419e-08
-1.62523e-08
-6.43722e-09
5.2146e-05
2.78679e-05
-2.833e-10
1.2088e-10
6.71295e-12
7.73113e-12
-3.04317e-11
1.01317
1.01223
1.01477
1.01204
1.01384
1.01214
1.01401
1.01205
1.01408
1.01167
1.01381
1.01176
1.0135
1.01178
1.01369
1.01171
1.01352
1.01178
1.0136
1.01181
1.01369
1.01177
1.01368
1.01161
1.01358
1.01165
1.0134
1.01184
1.01349
1.01186
1.01374
1.01189
1.01371
1.01179
1.01361
1.01187
1.01361
1.01198
1.0134
1.01232
1.01382
1.01207
1.01417
1.01151
1.01404
1.00997
1.0135
-4.54714e-09
-0.0134639
1.89672e-11
5.96504e-11
-0.00631399
0.33785
0.515274
0.162942
-0.000125082
2.85402e-05
-4.87672e-13
-5.37551e-13
6.30416e-13
3.35902e-07
4.23812e-07
4.4338e-07
6.84907e-12
3.79778e-12
5.07532e-08
-2.10042e-10
1.69109e-13
6.74718e-13
9.4569e-14
9.51378e-08
8.63516e-07
5.7087e-05
1.26731e-15
1.8839e-15
-1.08612e-15
0.702867
-9.70892e-18
1.01072
0.9704
0.99354
0.909147
0.94788
0.805279
0.858735
0.676116
0.73632
0.539625
0.598438
0.413008
0.464296
0.300332
0.343172
0.20943
0.243387
0.140695
0.165507
0.0909207
0.108356
0.0571875
0.0688712
0.0347442
0.042417
0.0203632
0.0250905
0.011661
0.0144731
0.00645876
0.00811935
0.00344985
0.00436826
0.00185114
0.00235097
0.000960902
0.00123302
0.000490586
0.000631943
0.000244816
0.000319524
0.00011732
0.000153957
5.65799e-05
7.42772e-05
2.71244e-05
3.57698e-05
1.28068e-05
1.69179e-05
6.17671e-06
8.10986e-06
1.65014e-15
-4.07184e-08
-3.97539e-08
8.62068e-09
3.38228e-08
6.26155e-08
5.19903e-08
6.28882e-08
1.20087e-07
1.00098e-05
2.35871e-05
7.74961e-06
-3.86399e-09
-5.39278e-09
9.26542e-09
0.505746
8.63757e-12
6.33522e-12
-0.00989759
1.39718e-06
4.5314e-07
-2.76242e-14
0.00665576
-1.00606e-08
6.34598e-11
-3.35968e-10
1.40215e-06
1.36661e-14
7.83516e-15
-4.75223e-09
-1.50638e-09
-6.60553e-09
0.111706
4.05114e-06
-0.00477893
-0.00383144
1.23057e-12
1.96362e-13
0.0842032
0.051212
1.02016
5.58485e-14
3.47245e-14
1.01649
1.01539
1.39419e-08
-2.9461e-09
-1.22398e-11
2.1793e-07
2.16364e-07
-0.000119512
-5.57149e-15
-3.08459e-14
-1.44099e-13
2.02358e-13
2.68967e-15
-5.92723e-15
4.92606e-08
6.1498e-16
1.01204
1.01748
3.01832e-06
7.4462e-07
1.06503e-06
-3.93948e-08
1.12037e-05
9.30583e-06
1.53989e-15
3.85327e-15
-2.56262e-10
-9.86162e-10
-1.44538e-10
1.01959
1.02507
2.03412e-06
-0.000697768
-0.000454146
0.90067
0.743576
-0.00252529
-0.00184735
0.993669
1.01039
0.935309
7.97215e-10
-5.44505e-09
-9.20185e-11
-5.49696e-11
2.63234e-07
-5.26959e-05
1.28129e-05
2.4185e-12
1.9917e-12
1.0207
5.62612e-07
3.97785e-06
1.01386
3.22332e-12
1.17528e-12
-0.00356341
-1.82712e-13
1.0118
1.01074
8.8785e-07
7.01455e-07
1.01045
1.00885
1.01048
1.0079
1.01064
1.00815
1.01053
1.0083
1.01012
1.00815
1.01036
1.00786
1.01028
1.00814
1.01014
1.00784
1.01035
1.00781
1.01057
1.00815
1.01041
1.00836
1.0102
1.00809
1.0102
1.00789
1.01038
1.00783
1.01039
1.00799
1.01058
1.00824
1.01031
1.00808
1.01007
1.0075
1.01004
1.0067
1.01029
1.00666
1.00993
1.00729
1.0115
1.01088
1.00878
-1.1014e-08
-5.95206e-09
1.01112
2.30988e-06
1.69487e-06
3.57131e-06
5.36433e-07
1.00861
2.14111e-05
2.04364e-05
0.289706
3.04184e-06
1.0585e-06
-0.00957708
3.82892e-10
1.06754e-09
1.52987e-07
6.62172e-07
-6.63458e-13
-7.28761e-13
9.97947e-13
-5.70442e-12
1.17643e-13
1.52867e-15
2.49313e-15
2.46303e-15
1.96854e-07
1.13352e-07
6.00049e-08
1.86506e-07
1.01577
1.01312
1.01008
0.985467
0.941288
0.843527
0.898807
0.718037
0.775943
0.58162
0.640127
0.447961
0.502307
0.328121
0.374622
0.231803
0.269261
0.157234
0.184887
0.102998
0.122533
0.0653709
0.078844
0.0400917
0.0488836
0.0238631
0.029288
0.0136352
0.0170205
0.00750327
0.00945357
0.00411015
0.00519631
0.002219
0.0028254
0.00115011
0.00148517
0.000593729
0.000766002
0.00030165
0.000393048
0.000144073
0.000190487
6.94452e-05
9.13528e-05
3.38462e-05
4.48589e-05
1.5875e-05
2.11469e-05
7.61978e-06
1.00056e-05
-0.00118362
0.237922
-0.00859683
-4.49716e-11
7.583e-11
7.12206e-12
5.54618e-12
-2.59343e-13
4.54172e-06
0.98056
0.965377
0.979397
0.0277774
-0.00627862
-0.00539661
1.45602e-14
9.72409e-15
2.41755e-05
2.00964e-11
1.52054e-11
1.17424e-08
6.94413e-07
2.95818e-08
7.5378e-14
5.08771e-14
-9.86502e-09
-8.51467e-13
-3.0563e-11
8.85113e-08
5.67018e-08
2.79469e-13
8.40789e-13
1.90098e-13
1.014e-06
2.4761e-13
-9.26603e-13
-1.92991e-14
-7.54356e-14
-8.48182e-14
-3.37289e-13
6.54661e-12
1.26638e-06
-0.000838339
-0.000298856
7.92741e-06
4.75028e-15
-2.08507e-14
1.86213e-07
8.70788e-08
-4.68258e-10
-3.19762e-10
-4.0658e-09
-6.90938e-09
3.14601e-08
-0.00341072
-0.00270783
0.128537
0.0885175
-1.35292e-10
-9.49337e-11
6.86795e-07
8.98708e-07
9.63894e-07
-5.20401e-10
3.65513e-10
1.81959e-06
1.44426e-06
7.30169e-06
4.00308e-06
2.29077e-13
3.83943e-06
0.991692
0.990126
0.981593
0.988909
0.979807
0.989571
0.979352
0.989735
0.979899
0.989943
0.980289
0.989803
0.980039
0.989845
0.980131
0.989763
0.980035
0.989537
0.980046
0.989609
0.980028
0.990198
0.980188
0.990354
0.980521
0.989767
0.980596
0.990012
0.980143
0.989981
0.980187
0.990511
0.9804
0.990856
0.980772
0.989833
0.980055
0.988811
0.97866
0.987771
0.976554
0.987466
0.974278
4.67359e-06
8.12942e-06
0.010952
5.64029e-09
1.44623e-07
1.22148e-07
2.62829e-07
2.33521e-07
5.45795e-10
-1.18431e-08
-1.86934e-09
-1.36812e-09
-0.00977425
1.31467e-06
2.09386e-12
8.43428e-15
4.37446e-07
1.63753e-06
-2.00116e-11
4.02269e-11
3.12404e-11
2.21266e-06
-5.04368e-09
0.88536
0.758149
0.814067
0.620703
0.680057
0.484238
0.540137
0.360106
0.410385
0.2586
0.297617
0.178422
0.208941
0.117248
0.139906
0.0751908
0.0901944
0.047108
0.0572608
0.0277575
0.0342592
0.0159751
0.0198196
0.0089704
0.0112727
0.0049271
0.00625084
0.00267967
0.00341056
0.00141705
0.00182738
0.000733045
0.000945454
0.000372692
0.000483416
0.000182079
0.000241213
8.6546e-05
0.000114779
4.32165e-05
5.69914e-05
2.0377e-05
2.74787e-05
9.28718e-06
1.24813e-05
4.00144e-07
2.84561e-07
0.34441
0.623313
0.830267
0.871172
0.679761
9.69112e-13
-5.04906e-12
6.93887e-13
7.93528e-12
1.81772e-11
1.54348e-12
0.262676
3.94372e-12
2.39383e-11
-4.65981e-05
7.78277e-11
-6.3303e-10
-5.21223e-11
5.25437e-06
-2.17606e-05
8.31812e-10
9.44152e-10
-1.98029e-05
0.983074
-0.0038975
-0.00667231
-0.00638824
3.28093e-08
-3.71722e-11
1.13008e-14
6.35289e-14
4.9637e-14
-1.2652e-12
-1.40462e-12
0.468625
1.40428e-06
1.05023e-06
-1.92526e-08
4.36974e-07
3.42619e-07
2.96343e-06
-0.00370686
-0.000187029
2.91353e-06
2.28931e-06
-4.88011e-13
2.86588e-13
6.37566e-13
2.19805e-13
0.0665187
3.23233e-06
-7.86407e-13
3.14527e-12
1.39493e-07
9.72693e-08
-1.00993e-09
0.976881
-1.7878e-13
-6.25622e-13
-5.88543e-14
-2.10923e-13
0.930635
0.981186
0.989674
1.20117e-07
1.73124e-07
5.37062e-07
-4.8764e-10
-3.69364e-10
8.24955e-08
3.20758e-07
2.23363e-09
-6.82943e-10
9.55834e-08
0.211553
0.166896
2.79324e-13
1.62905e-13
-9.20507e-13
-1.20542e-10
-9.48624e-11
1.57238e-06
6.92633e-11
5.37343e-11
0.971464
-0.00320658
-0.001582
-8.76006e-06
1.26828e-06
3.79616e-06
0.936838
0.925006
0.944159
0.0416456
0.944317
0.925822
0.944955
0.926041
0.945751
0.926892
0.945512
0.927106
0.944822
0.926987
0.945658
0.926489
0.945553
0.926808
0.945278
0.927215
0.945881
0.927031
0.946363
0.927821
0.94572
0.927813
0.946079
0.927231
0.945882
0.927534
0.946264
0.928073
0.946484
0.928365
0.946189
0.927882
0.945486
0.92695
0.943137
0.923281
0.93748
0.904626
0.915615
-2.71985e-11
2.08871e-08
2.04626e-06
1.85852e-14
4.06056e-15
-1.00825e-13
0.423865
-2.98517e-11
-2.58482e-11
1.32815e-06
3.36062e-06
-1.33069e-09
-1.83466e-09
-1.13727e-09
1.3787e-06
0.785725
0.84383
0.540309
3.13617e-06
2.66235e-06
2.87355e-06
2.46654e-06
-0.000118883
-7.40913e-05
-9.37547e-13
0.790184
0.841782
6.35034e-06
0.655859
0.713318
0.521882
0.576816
0.395708
0.446629
0.286687
0.328319
0.201004
0.233238
0.134759
0.159031
0.0872564
0.104204
0.0547974
0.0658408
0.0327503
0.0401292
0.0187055
0.0232083
0.0106711
0.0132788
0.00601797
0.00755002
0.00329111
0.0041458
0.0017699
0.00225973
0.000905561
0.0011667
0.000461731
0.000595244
0.000231708
0.000302407
0.000113159
0.000149364
5.62648e-05
7.38316e-05
2.7135e-05
3.6783e-05
1.16461e-05
1.59492e-05
4.84772e-07
1.07354e-06
3.62235e-07
-0.0078836
-7.32701e-11
-8.13018e-11
9.02095e-11
1.75944e-06
2.6086e-06
4.98817e-11
0.972318
1.24361e-10
8.85871e-11
1.22656e-13
1.2963e-13
-0.000197416
-8.94616e-10
-2.34362e-08
0.00834341
0.1174
4.94322e-09
4.43244e-08
-0.00471633
-0.00582214
-2.82866e-10
-2.60941e-10
6.40087e-06
5.14335e-06
0.312278
0.497994
0.25959
6.44653e-07
-0.000487265
-0.00119961
-0.000334525
0.848924
-4.42929e-11
3.00052e-08
-9.95868e-10
8.15165e-10
4.91364e-06
8.79296e-12
6.25968e-11
1.51296e-07
1.12755e-07
-7.73159e-14
2.74033e-13
0.924106
0.942009
3.06464e-06
-4.1879e-13
-1.22815e-12
-0.00292901
6.43175e-06
4.94761e-06
6.88614e-06
1.18556e-06
3.7744e-06
-3.55038e-08
2.46205e-08
0.907038
0.843678
5.70023e-07
8.14982e-07
-2.60663e-12
-8.9571e-12
-3.3452e-13
-9.80463e-11
-8.77383e-11
3.55638e-06
-0.000139447
-4.96817e-05
0.000537922
-0.00233522
8.11485e-06
-4.64575e-11
-2.64941e-11
0.0850294
2.14187e-09
-3.12827e-11
0.87407
0.874539
0.844954
0.873988
0.845053
0.874098
0.84434
0.873745
0.844116
0.873466
0.843696
0.87335
0.843479
0.874314
0.843885
0.87441
0.844622
0.875261
0.845323
0.874619
0.845155
0.874656
0.844977
0.875835
0.845242
0.876692
0.847552
0.878281
0.848666
0.876507
0.847075
0.871184
0.842401
0.859994
0.81454
0.832691
3.07525e-08
9.64846e-09
-0.000166401
-1.27348e-10
-1.11739e-10
2.46158e-07
2.18756e-07
5.42937e-06
0.866055
1.27811e-05
3.71511e-07
2.73269e-07
0.689203
0.741601
0.917321
-0.00290327
-0.00167919
0.932701
0.556357
0.609135
0.427895
0.477975
0.315635
0.358384
0.223159
0.256609
0.152224
0.177871
0.0992996
0.117757
0.0623915
0.0747026
0.0373268
0.0454311
0.0217267
0.0267306
0.0125745
0.0155491
0.00714263
0.00888827
0.00393724
0.00494919
0.00212758
0.00268927
0.00109185
0.00139907
0.000561141
0.000719605
0.000287039
0.000371044
0.000143731
0.000188147
7.26755e-05
9.54749e-05
3.53099e-05
4.70842e-05
6.7382e-06
1.06083e-05
1.60655e-05
-2.86412e-13
-5.25432e-13
7.45566e-12
0.0278094
0.892872
-2.19352e-13
-8.69661e-14
0.0076093
-7.47893e-10
-3.19836e-10
0.70455
-5.63734e-09
-4.36761e-08
-5.8987e-12
3.9086e-11
0.844994
1.37723e-06
0.872858
1.05906e-10
1.54065e-11
4.2076e-08
6.82883e-07
-4.74915e-13
1.7363e-05
-2.17227e-11
-9.29015e-12
1.16823e-10
0.82605
-0.000637221
-0.00136509
-0.000478361
-1.59418e-14
0.623093
0.394234
6.74451e-07
-4.0695e-08
0.8457
0.0147799
5.08408e-07
-8.56116e-06
-3.2008e-05
-4.47027e-06
1.17878e-07
9.37143e-08
-2.02519e-10
-1.8528e-10
-1.77849e-12
-7.3505e-13
4.23361e-10
2.4438e-10
0.841696
6.75483e-06
1.30779e-05
0.775006
0.785176
1.53785e-05
4.13603e-07
3.33813e-07
1.09895e-07
5.84087e-07
7.69392e-11
9.25263e-11
-1.19277e-09
1.56482e-09
0.723536
1.16312e-06
8.81927e-07
-2.285e-15
-2.43275e-10
-2.29109e-10
-0.000254523
0.00275594
-0.00110095
1.82484e-10
1.31404e-10
-0.000683005
-0.000540723
0.3169
0.165967
0.691844
1.47943e-09
5.87843e-09
8.38853e-10
0.685129
-1.68857e-12
0.0482869
0.122195
0.0299089
0.773411
-0.00139248
-0.00124636
2.86018e-06
3.3405e-06
8.08102e-06
0.776482
0.776828
0.742839
0.776437
0.743602
0.77557
0.742177
0.775087
0.740901
0.774604
0.740839
0.775921
0.740998
0.777144
0.742652
0.777167
0.743675
0.777164
0.742971
0.777298
0.743094
0.780193
0.744966
0.783793
0.74835
0.781231
0.749301
0.775534
0.743466
0.763167
0.715467
0.732489
3.90911e-13
1.70799e-12
3.01889e-08
1.11993e-08
1.13849e-06
1.37833e-06
1.48105e-06
-6.84067e-13
9.60613e-06
0.777987
0.741397
2.09141e-05
7.53592e-07
1.03053e-05
-1.01369e-12
0.582479
0.635117
0.454015
0.502586
0.342524
0.38547
0.244072
0.279449
0.167608
0.194572
0.111212
0.131156
0.0696565
0.0833878
0.0417316
0.0505671
0.0249255
0.0303825
0.0145644
0.0178572
0.00834987
0.0102753
0.00465224
0.00580244
0.00248
0.00311638
0.00128999
0.00164036
0.000671776
0.000854619
0.000346529
0.000442104
0.000180525
0.000231922
9.67017e-05
0.000125786
5.6096e-07
-3.23245e-06
7.11855e-07
2.46001e-05
-0.000187451
-7.66809e-05
1.75146e-11
-4.89824e-12
0.776733
0.743296
2.67632e-05
-4.98855e-10
-4.69202e-10
2.43492e-09
1.55324e-09
-5.70412e-09
0.0695594
-0.00173754
5.49276e-12
0.742889
-0.000582234
0.749332
0.726387
0.673353
0.662838
3.11281e-08
-2.12258e-12
-2.90514e-12
-2.43228e-12
1.5776e-09
0.0477163
0.0158064
-1.81363e-05
-5.17732e-05
-1.14144e-05
2.57779e-09
3.14207e-05
0.475232
6.86237e-06
5.18542e-11
-6.98393e-11
-2.51331e-11
-5.52665e-08
1.0913e-07
1.37559e-10
5.39557e-10
3.1245e-10
1.97729e-07
1.94574e-07
2.10456e-05
3.11053e-05
1.46115e-10
-1.75877e-09
2.27815e-06
4.7683e-05
-1.76751e-06
-1.67808e-07
2.14924e-11
1.16319e-06
2.78867e-06
1.79189e-06
8.23928e-06
-3.27523e-10
-2.97824e-10
5.38805e-08
5.46468e-08
-0.000501901
-0.000268374
-6.95604e-12
2.50576e-10
2.1592e-10
-1.64742e-08
-7.18115e-08
-0.000692406
-0.000807284
4.99539e-11
1.42345e-05
1.72716e-05
2.60428e-05
0.667213
0.667138
0.625496
0.665148
0.625034
0.663501
0.622571
0.663726
0.622253
0.664514
0.622719
0.664806
0.623097
0.666973
0.624107
0.665783
0.62464
0.665563
0.623637
0.668712
0.625252
0.672658
0.630432
0.676085
0.635864
0.671684
0.635053
0.656114
0.604951
0.623732
7.3783e-09
2.15965e-06
2.77465e-06
2.26605e-06
0.648629
0.211545
0.164193
2.46154e-08
1.01729e-08
4.91681e-05
0.661944
0.615075
1.9679e-11
1.62354e-11
-1.00225e-09
-9.51788e-10
0.409846
-8.42245e-13
-2.15541e-09
0.477492
0.524629
0.367401
0.410137
0.263093
0.300403
0.183616
0.212688
0.12305
0.144773
0.0771147
0.0922358
0.0466789
0.0565557
0.0280027
0.0339836
0.0165231
0.0202117
0.00949336
0.0116953
0.00528066
0.00658569
0.00280857
0.00352179
0.0014971
0.00188709
0.000781913
0.000993127
0.000406654
0.000516141
0.000219625
0.000277366
5.24997e-11
-5.05829e-12
-4.4497e-12
-3.86938e-12
0.665025
0.622163
1.62368e-10
1.28176e-10
2.64215e-09
7.12838e-09
1.73139e-09
0.000343419
8.56552e-09
0.00168247
3.00059e-05
6.77204e-05
0.666065
0.625736
0.624604
0.21473
3.18508e-10
-1.81391e-08
1.40809e-05
-3.46736e-13
0.4679
-4.7301e-05
-0.000317897
7.68918e-05
3.79791e-10
4.27605e-11
0.00893503
-2.59974e-05
0.163543
0.0785711
7.29212e-08
0.000251799
3.30929e-07
1.38503e-06
0.000122948
-8.52938e-08
1.16462e-08
4.69377e-05
6.19404e-05
-5.42437e-10
-5.2779e-10
0.575988
0.575149
4.60324e-06
1.60931e-05
3.58871e-05
-5.25957e-10
-4.2796e-10
-3.30079e-09
-4.01541e-09
2.54261e-09
-4.26042e-08
-1.46777e-08
-9.31189e-05
-0.000208588
-6.64733e-05
-1.91083e-09
-1.85296e-09
-1.75469e-05
-6.34195e-06
5.09978e-06
4.09016e-06
3.29385e-09
1.03308e-08
6.40363e-09
1.4421e-09
0.545757
0.544077
0.506635
0.544026
0.50587
0.544351
0.506567
0.544215
0.506949
0.54499
0.506935
0.545477
0.507019
0.543577
0.50636
0.545062
0.50528
0.545709
0.507034
0.551753
0.50886
0.558286
0.516458
0.56631
0.527779
0.544566
0.496843
0.518952
4.65733e-06
5.6454e-06
1.88364e-05
5.05808e-10
6.5611e-10
1.63239e-10
-3.87082e-08
4.13435e-05
5.03806e-05
5.82894e-05
-1.12209e-09
-1.03191e-09
1.49893e-11
-1.17618e-06
-6.37618e-07
0.375617
-6.87529e-08
-9.50621e-08
3.66988e-07
0.531767
0.389977
0.432054
0.283026
0.322372
0.202004
0.233835
0.136611
0.160714
0.0859439
0.103186
0.0521511
0.0637251
0.031271
0.038169
0.0188589
0.0231055
0.010771
0.0133659
0.00598379
0.00744967
0.00321492
0.00407697
0.0016743
0.0021251
0.000917435
0.00116117
0.000477177
0.00061113
0.408584
0.00472643
0.00265198
0.541994
0.498702
1.45022e-09
1.12839e-09
-3.42311e-09
0.544983
0.504895
-4.04186e-06
7.759e-05
5.586e-06
-0.000322878
-0.000223831
0.0554891
0.0223822
-4.28744e-10
-6.45185e-10
-3.63316e-09
2.18308e-09
0.0001534
0.000161739
8.84407e-06
2.64723e-06
0.0147925
9.70787e-06
7.67855e-06
0.000251017
-1.20341e-08
-3.19978e-05
-5.80896e-09
2.89756e-09
6.03661e-05
9.63279e-05
-4.23203e-07
-2.48532e-07
9.65245e-05
-1.87371e-09
-1.47239e-09
0.328888
0.199174
0.50629
0.545562
0.491473
0.479934
0.350499
0.00798586
-1.137e-07
-6.27908e-08
-9.37721e-05
-0.000184048
-7.06567e-05
0.00514164
0.00162252
-2.47153e-09
-2.3782e-09
1.85473e-09
-4.56116e-08
-5.53429e-09
-5.4867e-09
-2.19195e-06
-1.43153e-06
0.43545
0.4344
0.398897
0.435031
0.398313
0.435642
0.399509
0.434695
0.399603
0.434957
0.399403
0.434784
0.399894
0.435246
0.399235
0.435174
0.398712
0.441559
0.401282
0.453788
0.414048
8.61955e-05
0.000107023
0.000119324
-2.31155e-05
-9.11381e-06
-3.87693e-09
1.07201e-05
-7.20817e-09
0.0283077
0.0198996
0.304637
0.226464
0.262007
0.154467
0.18311
0.0967065
0.117675
0.0598355
0.073199
0.0364349
0.0446821
0.0219212
0.0269576
0.0124913
0.0156378
0.00684426
0.0086154
0.00374412
0.0047551
0.00197435
0.00252939
0.00109661
0.00139582
0.000581208
0.000752561
-4.96777e-09
-4.15235e-09
0.411547
5.17974e-09
1.57882e-09
0.083308
0.506245
0.399235
0.434502
0.000311583
3.08832e-06
5.58145e-06
0.000157412
1.64798e-05
-6.19681e-06
1.43238e-05
1.18821e-05
-7.61607e-09
0.155219
0.00083191
6.29324e-05
-1.08336e-08
-1.34638e-08
1.39953e-10
9.19866e-07
0.0127241
0.0372572
0.0283896
0.000149283
0.000193577
0.346165
-6.36867e-07
-3.79765e-07
-3.26796e-08
0.0618736
0.411264
3.6138e-05
4.39822e-05
7.4929e-05
-1.77485e-07
-1.09476e-07
0.428889
0.383354
0.344146
0.367154
-1.14732e-08
-7.73771e-05
-4.1456e-08
1.00877e-06
2.43185e-09
-1.21817e-08
-1.02179e-08
-8.11188e-08
-9.1594e-08
0.000300478
0.000177679
0.000417434
0.398684
0.434159
1.91721e-05
1.53638e-05
-6.26145e-05
-3.1732e-05
-2.79721e-06
-1.83263e-06
0.432449
0.395303
0.000200519
1.99263e-05
0.333297
0.333324
0.300624
0.33299
0.299806
0.333869
0.30036
0.334874
0.30139
0.33371
0.301776
0.331999
0.29986
0.332922
0.297238
0.346509
0.319242
0.302619
0.455418
-1.02168e-05
-2.35437e-05
-7.10955e-06
-2.71265e-08
-2.31165e-08
-4.97979e-09
-2.19432e-08
-2.94372e-09
0.00901864
0.00335935
0.0861037
0.0690843
0.264076
0.333491
-5.44986e-08
0.180815
0.113448
0.139504
0.0710279
0.0870813
0.0434364
0.053482
0.0260322
0.0321375
0.0147845
0.0185467
0.00810816
0.0102704
0.00450909
0.00572011
0.00242353
0.00312261
0.0013802
0.00175985
0.000708299
0.000893161
-0.000128242
-0.000125553
2.22823e-06
6.47849e-06
0.332053
0.300068
0.299658
3.52959e-05
2.96639e-05
-9.27578e-09
3.09767e-05
0.397721
-2.37842e-07
0.192709
0.0168168
-7.52661e-05
0.221369
-5.65575e-09
-9.59646e-08
-8.1498e-07
-5.34305e-07
0.000275373
-4.84133e-08
0.300338
0.333613
0.159517
-4.13971e-05
0.00012769
0.000184331
-8.7931e-08
0.000457823
0.298842
2.3647e-05
-1.73531e-05
0.0501261
0.0388139
1.129e-05
0.000299006
0.000361024
0.248061
0.231295
0.155322
1.47472e-07
2.45519e-06
4.03306e-05
3.22611e-05
-1.84805e-07
0.323839
0.275323
-5.07291e-08
-1.00591e-07
0.331885
0.300207
0.294998
0.245822
0.246201
0.246984
0.221192
0.247529
0.222095
0.247885
0.222631
0.246521
0.222462
0.241516
0.218352
0.137875
3.75705e-05
-2.05383e-08
1.32625e-05
2.28676e-05
0.00061007
0.00215136
0.000322802
-3.55453e-07
0.102987
-9.81833e-08
8.23941e-05
9.63219e-05
0.000155545
-5.80021e-07
-8.06013e-07
-5.54334e-07
-3.94192e-05
-2.4569e-05
-1.89268e-07
-2.82754e-07
-1.47402e-07
0.000504699
0.0008375
0.28781
0.0860076
0.103873
0.052562
0.0646609
0.0312983
0.0389256
0.0175687
0.0221895
0.00983033
0.0125233
0.00545325
0.00689893
0.00307242
0.00389523
0.00182088
0.00117395
0.00236574
-9.92872e-09
-3.05482e-06
-2.15559e-06
-2.55398e-08
0.0122319
0.00487452
0.000337951
0.000285441
0.000508703
0.246097
0.220681
-2.33944e-08
-3.98168e-08
0.0891184
0.221183
0.16383
0.239357
0.0160818
5.22922e-06
7.09209e-05
-9.52729e-06
-1.94721e-05
-7.02136e-06
0.000221029
-1.3361e-07
1.13199e-07
0.000123593
1.67636e-05
0.150894
-7.85578e-08
0.219541
0.244996
0.142709
0.0476086
0.10374
0.0318029
-2.66085e-08
-4.01124e-08
-1.70887e-07
5.85555e-05
8.60758e-05
0.210227
8.24162e-05
7.06905e-05
0.20962
0.21923
0.245119
-1.06451e-07
0.179887
0.179682
0.158796
0.180193
0.159621
0.175445
0.150153
0.158491
0.0118275
2.70588e-05
0.0980278
0.117184
5.97137e-06
1.18478e-05
0.000190177
0.000161811
0.00115768
0.00322675
0.000724501
0.179413
0.195727
0.0631844
0.0769262
0.0382297
0.0474791
0.0215318
0.0272825
0.0122769
0.0155889
0.0067544
0.00860823
0.00367629
0.00456798
-2.58516e-06
0.179005
0.158781
0.176263
0.0141923
-1.20115e-06
-6.85519e-06
-5.31629e-06
0.000451433
0.23757
0.00117028
0.218915
0.24454
8.56011e-07
4.55488e-05
7.06424e-05
0.158503
0.000354762
0.00260226
0.00035955
0.00168417
0.00116627
-1.14411e-05
-1.31847e-06
-1.11056e-05
0.152419
0.103515
0.000251335
-6.37472e-07
0.0357252
0.0762801
0.0251078
0.000677686
-7.38962e-08
0.000174556
0.000208902
0.000311219
0.178677
-2.29685e-07
-1.88155e-06
0.158683
0.156626
0.154956
0.175279
-5.16063e-07
0.00539466
-1.50025e-07
0.000155462
0.000414399
-1.6236e-06
0.000284449
8.5303e-05
0.21479
0.00167229
0.125378
-2.47107e-07
0.127233
0.110105
0.128402
0.110438
0.114267
0.000785803
0.000586386
1.36273e-05
0.000415015
0.00068831
0.000356518
0.00385396
-1.79712e-07
8.15229e-07
0.04692
0.0266724
0.0340401
0.0153767
0.0196615
0.00846885
0.0110298
0.00437408
0.00593876
0.125335
-3.73908e-08
0.0111935
0.00631417
-2.76345e-06
0.126597
0.110534
0.0756113
0.0580287
0.0907321
-2.34884e-07
0.00195467
-1.25831e-07
4.51907e-07
8.44927e-07
0.000749464
0.000507959
0.00116402
0.110499
0.126586
0.000112631
0.00018811
-1.88867e-08
2.60087e-05
5.38901e-05
9.76154e-07
0.0251618
2.79911e-06
0.111545
0.122039
0.00130006
0.000749818
-3.14182e-06
0.170264
0.140204
7.13949e-07
0.0161053
0.124448
0.00285862
0.000770631
0.00154756
0.109203
0.107483
4.17588e-05
4.69196e-06
9.5043e-06
0.0867617
0.00491543
0.00241687
0.0835808
0.173297
0.091844
0.000511472
0.000178659
2.96736e-06
4.04334e-06
0.00179051
0.0745644
0.0502025
0.00180771
-8.02179e-07
0.0201285
0.0112432
0.0145628
0.0060634
0.00799374
0.0825556
0.15023
0.0140323
7.89649e-06
9.24911e-06
2.99416e-05
0.15311
0.00299644
0.00269851
0.0878585
0.0761141
0.00750971
2.44472e-05
0.00541735
0.0725463
0.0862882
0.00035623
0.000928036
0.074744
0.000616623
8.81706e-05
0.000136218
0.00109457
0.00155019
0.000938637
2.14205e-05
3.63363e-05
2.4035e-05
0.00267879
0.107041
0.104033
0.0845708
0.117487
0.0256061
0.0337402
0.0590708
0.0389257
0.0584891
0.071728
0.068742
0.078774
0.10828
0.00410155
0.0020227
0.000939235
0.00255198
0.00325279
0.0759923
0.0738572
0.0950524
0.0435484
0.0564957
0.00136963
0.00194917
9.53435e-05
0.00212917
0.0659969
0.0592683
0.0371495
0.00280152
0.0902512
0.0267739
5.72806e-05
7.0994e-05
0.000105913
0.00874295
0.0149108
0.0191191
0.0449523
0.033566
0.0551553
0.00410095
0.00820065
0.00538055
0.0107025
0.000114927
0.0589046
0.0491647
0.000281363
0.000694216
0.000208926
0.00170549
0.00305312
0.000226209
0.000440225
0.0251494
0.0517971
0.00529993
0.00487684
0.0602265
0.0512581
0.00269903
0.000161009
0.000116906
0.0546875
0.0522325
0.0451512
0.0472957
0.00743639
0.0252855
0.0434698
0.0183415
0.00606923
0.0191667
0.00197319
0.00104542
0.0113023
0.00861352
0.0153123
0.0373665
0.0332506
0.0242286
0.0407607
0.0333021
0.0347931
0.0300732
0.0282313
0.0409011
0.000834429
0.00202486
0.000314926
0.0396663
0.033198
0.000179714
0.000275869
0.000137841
0.000176311
0.000218765
0.000416732
0.00481058
0.00519148
0.00278523
0.0285795
0.0254378
0.0177296
0.000437992
0.000798244
0.00575177
0.00107089
0.00196935
0.000811767
0.0258347
0.000331064
0.000458194
0.000975911
0.0181754
0.0191087
0.0225028
0.0192552
0.0151835
0.00887103
0.0217126
0.0107721
0.00349541
0.0171088
0.0101247
0.000356854
0.000443299
0.000525637
0.00691479
0.00303596
0.0105747
0.0107847
0.0040323
0.00104708
0.00200547
0.000802286
0.00915751
0.0159706
0.00640665
0.000817673
0.00172474
0.00695769
0.0152077
)
;

boundaryField
{
    frontAndBack
    {
        type            empty;
    }
    hot
    {
        type            fixedValue;
        value           uniform 1;
    }
    cold
    {
        type            fixedValue;
        value           uniform 0;
    }
    defaultFaces
    {
        type            zeroGradient;
    }
}


// ************************************************************************* //
