/*--------------------------------*- C++ -*----------------------------------*\
  =========                 |
  \\      /  F ield         | OpenFOAM: The Open Source CFD Toolbox
   \\    /   O peration     | Website:  https://openfoam.org
    \\  /    A nd           | Version:  7
     \\/     M anipulation  |
\*---------------------------------------------------------------------------*/
FoamFile
{
    version     2.0;
    format      ascii;
    class       volScalarField;
    location    "0.5";
    object      T;
}
// * * * * * * * * * * * * * * * * * * * * * * * * * * * * * * * * * * * * * //

dimensions      [0 0 0 1 0 0 0];

internalField   nonuniform List<scalar> 
10000
(
0.5
0.0669146
-0.0353169
-0.0277115
-0.00789976
0.00112931
0.00220711
0.000963794
3.88563e-05
-0.000206219
-0.000130475
-2.60559e-05
1.76156e-05
1.74837e-05
6.08561e-06
-9.06072e-07
-2.20759e-06
-1.13469e-06
-1.06162e-07
2.47862e-07
1.87027e-07
4.93971e-08
-2.13865e-08
-2.77787e-08
-1.17285e-08
4.52592e-10
3.70965e-09
2.29065e-09
4.0292e-10
-4.38543e-10
-4.56078e-10
-2.27117e-10
-6.22471e-11
-6.54849e-13
1.45825e-11
2.45412e-11
3.53936e-11
3.9372e-11
3.27316e-11
1.92399e-11
5.49741e-12
-3.84747e-12
-7.66682e-12
-7.35221e-12
-5.07969e-12
-2.58604e-12
-7.57869e-13
2.24704e-13
5.5609e-13
5.24278e-13
3.59717e-13
1.94023e-13
7.75955e-14
1.38695e-14
-1.21532e-14
-1.73554e-14
-1.39562e-14
-8.72563e-15
-4.47109e-15
-1.80869e-15
-4.48808e-16
9.80286e-17
2.32116e-16
2.01852e-16
1.32207e-16
7.22641e-17
3.33805e-17
1.23535e-17
2.77231e-18
-6.95838e-19
-1.42156e-18
-1.17969e-18
-7.52645e-19
-4.08407e-19
-1.92617e-19
-7.7312e-20
-2.38404e-20
-2.87255e-21
3.29274e-21
3.80076e-21
2.73613e-21
1.61608e-21
8.34892e-22
3.82773e-22
1.53266e-22
4.99947e-23
9.65694e-24
-2.9158e-24
-4.93317e-24
-3.8309e-24
-2.35293e-24
-1.26043e-24
-6.06696e-25
-2.63253e-25
-1.009e-25
-3.18563e-26
-6.11505e-27
1.60206e-27
2.76531e-27
2.28603e-27
0.933085
0.5
0.14482
-0.0139075
-0.0411718
-0.0230289
-0.00507433
0.00215701
0.00250723
0.00101071
-9.38753e-08
-0.000255324
-0.000158213
-3.18213e-05
2.20241e-05
2.24005e-05
8.17947e-06
-9.48175e-07
-2.86443e-06
-1.56602e-06
-2.00123e-07
3.13501e-07
2.58845e-07
7.76717e-08
-2.4022e-08
-3.79958e-08
-1.77095e-08
-3.68494e-10
5.12489e-09
3.68385e-09
1.0921e-09
-2.80018e-10
-5.32379e-10
-3.84893e-10
-2.55358e-10
-2.03768e-10
-1.62788e-10
-9.4492e-11
-1.41384e-11
4.67252e-11
7.16478e-11
6.515e-11
4.2651e-11
1.88714e-11
2.01439e-12
-6.25002e-12
-8.03578e-12
-6.44113e-12
-3.91155e-12
-1.77175e-12
-4.34709e-13
1.90375e-13
3.61272e-13
3.15512e-13
2.06628e-13
1.08641e-13
4.38932e-14
9.74729e-15
-4.08821e-15
-7.22268e-15
-6.03212e-15
-3.85985e-15
-2.04686e-15
-8.93152e-16
-2.8639e-16
-2.48026e-17
5.71434e-17
6.27682e-17
4.51671e-17
2.65104e-17
1.33095e-17
5.6682e-18
1.88775e-18
3.08365e-19
-1.99391e-19
-2.68854e-19
-2.03051e-19
-1.23041e-19
-6.44426e-20
-2.96199e-20
-1.16902e-20
-3.60137e-21
-4.90103e-22
4.19641e-22
5.0627e-22
3.66684e-22
2.17149e-22
1.12792e-22
5.23696e-23
2.15608e-23
7.52242e-24
1.87585e-24
-2.10107e-26
-4.47063e-25
-3.99957e-25
-2.6047e-25
-1.45093e-25
-7.24164e-26
-3.29249e-26
-1.12686e-26
1.03532
0.85518
0.5
0.182448
0.00830364
-0.0419281
-0.032441
-0.0120093
3.84408e-05
0.00307766
0.00201936
0.000522644
-0.000189734
-0.000261936
-0.000118925
-6.07707e-06
2.86043e-05
2.02421e-05
5.19524e-06
-2.29059e-06
-2.95627e-06
-1.27809e-06
8.4605e-09
3.71754e-07
2.40776e-07
5.00485e-08
-3.74313e-08
-3.95531e-08
-1.52939e-08
1.59385e-09
5.9244e-09
4.02689e-09
1.53124e-09
3.02679e-10
-1.26629e-11
-1.02698e-10
-2.41453e-10
-3.7596e-10
-4.03758e-10
-3.11417e-10
-1.61086e-10
-2.53376e-11
5.6001e-11
8.10079e-11
6.92439e-11
4.34668e-11
1.93195e-11
3.3877e-12
-4.14438e-12
-5.92093e-12
-4.86666e-12
-3.03952e-12
-1.47597e-12
-4.82323e-13
6.99418e-15
1.72051e-13
1.76228e-13
1.25177e-13
7.13987e-14
3.30239e-14
1.11739e-14
1.11726e-15
-2.25696e-15
-2.58047e-15
-1.89483e-15
-1.12155e-15
-5.59407e-16
-2.30098e-16
-6.78563e-17
-2.288e-18
1.63191e-17
1.6327e-17
1.12956e-17
6.47291e-18
3.20335e-18
1.3594e-18
4.61604e-19
8.84488e-20
-3.36799e-20
-5.38193e-20
-4.19614e-20
-2.58434e-20
-1.37499e-20
-6.46487e-21
-2.65841e-21
-9.01601e-22
-1.96053e-22
3.36619e-23
7.7113e-23
6.27059e-23
3.93193e-23
2.13215e-23
1.03429e-23
4.50802e-24
1.7293e-24
5.42701e-25
1.00143e-25
-3.15354e-26
-5.02037e-26
-4.05886e-26
1.02771
1.01391
0.817552
0.5
0.206389
0.0268058
-0.0388677
-0.0384381
-0.0184166
-0.00302402
0.00284105
0.00282245
0.00118552
4.2633e-05
-0.000296282
-0.000211922
-6.02235e-05
1.88442e-05
2.95095e-05
1.43557e-05
1.17965e-06
-3.31272e-06
-2.54102e-06
-7.34654e-07
2.46969e-07
3.77632e-07
1.78877e-07
7.79526e-09
-4.85286e-08
-3.607e-08
-1.0976e-08
2.69085e-09
5.16988e-09
3.43924e-09
1.8824e-09
1.31398e-09
1.08127e-09
6.80766e-10
1.26377e-10
-3.38681e-10
-5.49674e-10
-5.12831e-10
-3.39532e-10
-1.48713e-10
-1.11424e-11
5.62994e-11
6.97795e-11
5.49857e-11
3.26503e-11
1.4071e-11
2.69234e-12
-2.40851e-12
-3.57838e-12
-2.94145e-12
-1.84649e-12
-9.21959e-13
-3.36251e-13
-4.24409e-14
6.5603e-14
8.04454e-14
6.09867e-14
3.66559e-14
1.82194e-14
7.19568e-15
1.76138e-15
-3.57014e-16
-8.58122e-16
-7.39077e-16
-4.79913e-16
-2.6104e-16
-1.20842e-16
-4.55902e-17
-1.1303e-17
1.31738e-18
4.23765e-18
3.68602e-18
2.3973e-18
1.3197e-18
6.33461e-19
2.62077e-19
8.69219e-20
1.60937e-20
-6.44202e-21
-9.93015e-21
-7.64213e-21
-4.6715e-21
-2.47805e-21
-1.16835e-21
-4.86494e-22
-1.70971e-22
-4.25727e-23
9.05718e-25
1.06714e-23
9.49432e-24
6.17459e-24
3.43226e-24
1.70529e-24
7.65832e-25
3.09604e-25
7.96022e-26
1.0079
1.04117
0.991696
0.793611
0.5
0.223365
0.042154
-0.0343031
-0.0421139
-0.0239644
-0.00647534
0.00197761
0.00332499
0.00186777
0.000400612
-0.000245072
-0.000285991
-0.000129611
-8.12735e-06
3.15023e-05
2.3923e-05
7.2559e-06
-1.97866e-06
-3.44897e-06
-1.76093e-06
-1.83067e-07
3.93913e-07
3.21492e-07
1.01749e-07
-2.69684e-08
-5.05566e-08
-2.93882e-08
-8.15918e-09
7.71928e-10
1.91533e-09
1.42802e-09
1.68359e-09
2.29198e-09
2.39476e-09
1.78337e-09
8.24225e-10
-1.58505e-11
-4.85203e-10
-5.86391e-10
-4.61206e-10
-2.64716e-10
-9.74012e-11
4.03787e-12
4.52852e-11
4.85946e-11
3.55311e-11
2.00398e-11
8.3513e-12
1.63807e-12
-1.22715e-12
-1.8564e-12
-1.51799e-12
-9.52926e-13
-4.83661e-13
-1.88219e-13
-3.84722e-14
1.963e-14
3.15015e-14
2.55741e-14
1.60753e-14
8.41487e-15
3.63946e-15
1.16531e-15
1.10474e-16
-2.17955e-16
-2.4184e-16
-1.74046e-16
-1.02108e-16
-5.13305e-17
-2.19888e-17
-7.46517e-18
-1.36556e-18
6.3344e-19
9.4733e-19
7.30923e-19
4.47568e-19
2.36368e-19
1.09708e-19
4.39858e-20
1.40477e-20
2.34218e-21
-1.221e-21
-1.68691e-21
-1.26168e-21
-7.59494e-22
-3.99277e-22
-1.8758e-22
-7.83878e-23
-2.80443e-23
-7.47709e-24
-3.73526e-25
1.36151e-24
1.31531e-24
8.78037e-25
4.79954e-25
0.998871
1.02303
1.04193
0.973194
0.776635
0.5
0.236308
0.0551561
-0.0291433
-0.0442026
-0.0286476
-0.0100134
0.000663016
0.00351519
0.00249279
0.000838179
-0.000110139
-0.000325109
-0.00020245
-4.98924e-05
2.37009e-05
3.12709e-05
1.49637e-05
1.25973e-06
-3.52267e-06
-2.80775e-06
-8.95693e-07
2.17665e-07
4.20549e-07
2.29951e-07
3.71715e-08
-4.14301e-08
-4.14722e-08
-2.08824e-08
-7.85416e-09
-4.3013e-09
-3.76145e-09
-2.20136e-09
4.24959e-10
2.60277e-09
3.36235e-09
2.80468e-09
1.62486e-09
5.00576e-10
-2.15891e-10
-4.93175e-10
-4.72335e-10
-3.22554e-10
-1.63466e-10
-4.9991e-11
9.77635e-12
2.98906e-11
2.8574e-11
1.96199e-11
1.05979e-11
4.29587e-12
8.60567e-13
-5.48694e-13
-8.48956e-13
-6.92105e-13
-4.34744e-13
-2.23614e-13
-9.12462e-14
-2.35346e-14
3.84684e-15
1.07656e-14
9.51259e-15
6.25696e-15
3.42292e-15
1.5802e-15
5.84066e-16
1.30936e-16
-3.26076e-17
-6.65919e-17
-5.50775e-17
-3.49816e-17
-1.88673e-17
-8.8204e-18
-3.4881e-18
-1.03898e-18
-9.42642e-20
1.72474e-19
1.84787e-19
1.29705e-19
7.53024e-20
3.82609e-20
1.71874e-20
6.67089e-21
2.03931e-21
2.90537e-22
-2.14942e-22
-2.65027e-22
-1.92031e-22
-1.13632e-22
-5.9114e-23
-2.76211e-23
-1.15488e-23
-4.1774e-24
-1.1827e-24
7.46907e-26
0.997793
1.00507
1.03244
1.03887
0.957846
0.763692
0.5
0.246668
0.0663827
-0.0238073
-0.0451887
-0.0325522
-0.0134733
-0.000959178
0.00341734
0.00301639
0.00131432
9.73301e-05
-0.000320961
-0.000268331
-0.000102053
5.4007e-06
3.42596e-05
2.29969e-05
6.21639e-06
-2.43857e-06
-3.57993e-06
-1.795e-06
-1.89387e-07
4.10102e-07
3.54169e-07
1.38019e-07
2.69693e-09
-3.1767e-08
-2.19023e-08
-1.05291e-08
-8.64611e-09
-1.07209e-08
-1.05469e-08
-6.89241e-09
-1.93014e-09
1.89859e-09
3.55047e-09
3.35294e-09
2.22992e-09
1.01302e-09
1.47418e-10
-2.79667e-10
-3.7833e-10
-3.06421e-10
-1.86653e-10
-8.47493e-11
-2.10833e-11
8.64175e-12
1.67761e-11
1.46524e-11
9.55854e-12
4.98736e-12
1.98203e-12
4.10102e-13
-2.16226e-13
-3.48656e-13
-2.84851e-13
-1.79485e-13
-9.35229e-14
-3.96672e-14
-1.18392e-14
-1.81515e-16
3.20863e-15
3.18738e-15
2.20611e-15
1.25827e-15
6.12252e-16
2.48738e-16
7.44869e-17
5.16257e-18
-1.46845e-17
-1.53027e-17
-1.07017e-17
-6.18552e-18
-3.10462e-18
-1.35543e-18
-4.9232e-19
-1.23086e-19
6.78624e-21
3.64782e-20
3.21848e-20
2.09635e-20
1.16234e-20
5.70329e-21
2.48486e-21
9.34241e-22
2.72574e-22
3.12046e-23
-3.47427e-23
-3.88103e-23
-2.72812e-23
-1.58783e-23
-8.19041e-24
-3.37453e-24
0.999036
0.997843
1.01201
1.03844
1.0343
0.944844
0.753332
0.5
0.255249
0.0762288
-0.0184971
-0.0453946
-0.0357829
-0.0167686
-0.00277966
0.00306919
0.00341666
0.00179625
0.000362307
-0.000271063
-0.000319197
-0.000159504
-2.26996e-05
3.14497e-05
3.00083e-05
1.24173e-05
-5.52884e-08
-3.80043e-06
-2.72936e-06
-8.2143e-07
2.28775e-07
4.13218e-07
2.39781e-07
6.92735e-08
1.28327e-09
-2.24965e-09
5.30598e-09
2.14433e-09
-8.13147e-09
-1.58401e-08
-1.64339e-08
-1.14397e-08
-4.80911e-09
3.44613e-10
2.89543e-09
3.25693e-09
2.43934e-09
1.34034e-09
4.66235e-10
-3.62838e-11
-2.27918e-10
-2.35128e-10
-1.67998e-10
-9.31472e-11
-3.83117e-11
-7.46591e-12
5.47019e-12
8.24407e-12
6.71022e-12
4.20114e-12
2.13402e-12
8.38095e-13
1.81495e-13
-7.51567e-14
-1.30306e-13
-1.074e-13
-6.80975e-14
-3.59678e-14
-1.57752e-14
-5.22089e-15
-6.57215e-16
8.13518e-16
9.68688e-16
7.13096e-16
4.24425e-16
2.16253e-16
9.42421e-17
3.30173e-17
6.83863e-18
-2.04084e-18
-3.67561e-18
-2.94202e-18
-1.83636e-18
-9.84115e-19
-4.63464e-19
-1.89317e-19
-6.25469e-20
-1.1981e-20
4.01884e-21
6.58345e-21
5.10458e-21
3.13064e-21
1.66829e-21
7.93432e-22
3.36085e-22
1.22563e-22
3.40733e-23
2.84042e-24
-5.09212e-24
-5.90816e-24
0.999961
0.997493
0.999962
1.01842
1.04211
1.02914
0.933617
0.744751
0.5
0.262537
0.0849758
-0.0133115
-0.0450396
-0.0384394
-0.0198576
-0.00471768
0.00251112
0.00368607
0.00225945
0.000669095
-0.000176904
-0.000349474
-0.000217242
-5.8963e-05
2.21181e-05
3.47986e-05
1.92232e-05
3.604e-06
-3.23202e-06
-3.496e-06
-1.60555e-06
-1.46829e-07
3.48016e-07
2.85228e-07
1.15061e-07
2.91468e-08
2.3094e-08
3.69973e-08
3.51774e-08
1.66022e-08
-4.72997e-09
-1.76488e-08
-1.97048e-08
-1.45698e-08
-7.33792e-09
-1.51069e-09
1.68843e-09
2.61874e-09
2.23462e-09
1.40445e-09
6.48074e-10
1.56697e-10
-7.85335e-11
-1.43211e-10
-1.24268e-10
-8.05406e-11
-4.12735e-11
-1.55141e-11
-2.22119e-12
2.83373e-12
3.62738e-12
2.79391e-12
1.69317e-12
8.43068e-13
3.29547e-13
7.54649e-14
-2.28368e-14
-4.474e-14
-3.74925e-14
-2.40044e-14
-1.2865e-14
-5.81482e-15
-2.08151e-15
-4.19489e-16
1.60488e-16
2.66873e-16
2.12773e-16
1.32656e-16
7.05702e-17
3.2546e-17
1.26359e-17
3.61541e-18
2.02129e-19
-7.18729e-19
-7.22986e-19
-4.96879e-19
-2.84876e-19
-1.43265e-19
-6.36486e-20
-2.43136e-20
-7.18264e-21
-8.22658e-22
9.44567e-22
1.05964e-21
7.4852e-22
4.36933e-22
2.24973e-22
1.04045e-22
4.32135e-23
1.15795e-23
1.00021
0.998989
0.996922
1.00302
1.02396
1.0442
1.02381
0.923771
0.737463
0.5
0.268847
0.0928295
-0.00829713
-0.0442768
-0.0406094
-0.0227243
-0.00671456
0.00178129
0.00382595
0.00268654
0.001003
-4.24422e-05
-0.000355815
-0.000270834
-0.000101232
6.15489e-06
3.64001e-05
2.59134e-05
8.36621e-06
-1.70144e-06
-3.85393e-06
-2.38132e-06
-6.55809e-07
1.54782e-07
2.397e-07
9.2978e-08
1.99841e-09
9.50817e-09
5.21624e-08
7.39476e-08
6.16711e-08
3.08066e-08
1.36191e-09
-1.56903e-08
-1.96907e-08
-1.55465e-08
-8.80376e-09
-3.06233e-09
3.72575e-10
1.71115e-09
1.74675e-09
1.23967e-09
6.74391e-10
2.60679e-10
3.08964e-11
-6.09827e-11
-7.52117e-11
-5.77353e-11
-3.4611e-11
-1.65928e-11
-5.74499e-12
-5.37835e-13
1.27136e-12
1.45355e-12
1.07223e-12
6.33508e-13
3.11031e-13
1.21742e-13
2.96554e-14
-5.87658e-15
-1.42032e-14
-1.22141e-14
-7.92577e-15
-4.31547e-15
-2.00536e-15
-7.64117e-16
-1.96246e-16
1.50359e-17
6.59496e-17
5.87773e-17
3.86627e-17
2.14688e-17
1.03976e-17
4.35253e-18
1.47446e-18
2.95645e-19
-8.86319e-20
-1.55088e-19
-1.22405e-19
-7.58301e-20
-4.06273e-20
-1.9329e-20
-8.12744e-21
-2.89439e-21
-7.42145e-22
-2.14206e-24
1.70651e-22
1.56074e-22
1.02562e-22
5.47128e-23
1.00013
1
0.997981
0.997159
1.00648
1.02865
1.04519
1.0185
0.915024
0.731153
0.5
0.274394
0.0999444
-0.00347339
-0.0432147
-0.0423674
-0.025367
-0.00872811
0.000913719
0.00384278
0.00306586
0.0013511
0.000127012
-0.000336695
-0.000316622
-0.00014715
-1.60874e-05
3.40793e-05
3.17118e-05
1.38826e-05
8.31581e-07
-3.5915e-06
-2.93249e-06
-1.14063e-06
-6.9741e-08
1.51155e-07
1.04611e-08
-1.05859e-07
-8.99587e-08
-1.83253e-09
7.41685e-08
9.90184e-08
7.96276e-08
4.2012e-08
8.4864e-09
-1.09973e-08
-1.68906e-08
-1.44139e-08
-8.94945e-09
-3.92792e-09
-6.80903e-10
8.21806e-10
1.16197e-09
9.45306e-10
5.83953e-10
2.79455e-10
8.83738e-11
-4.33635e-12
-3.46641e-11
-3.44922e-11
-2.41458e-11
-1.35831e-11
-6.15367e-12
-1.9781e-12
-9.29713e-14
5.09799e-13
5.37477e-13
3.83378e-13
2.22172e-13
1.08092e-13
4.25724e-14
1.10521e-14
-1.15228e-15
-4.1845e-15
-3.73518e-15
-2.46658e-15
-1.36635e-15
-6.51698e-16
-2.61451e-16
-7.82322e-17
-6.33717e-18
1.41757e-17
1.50143e-17
1.05466e-17
6.12641e-18
3.10328e-18
1.37926e-18
5.20654e-19
1.46375e-19
9.08779e-21
-2.70075e-20
-2.71498e-20
-1.85848e-20
-1.06531e-20
-5.39364e-21
-2.4411e-21
-9.72942e-22
-3.20891e-22
-6.93351e-23
2.81982e-23
1.00003
1.00026
0.999477
0.997178
0.998022
1.01001
1.03255
1.04539
1.01331
0.90717
0.725606
0.5
0.279329
0.106439
0.00115474
-0.041932
-0.0437761
-0.0277924
-0.0107283
-6.22638e-05
0.00374581
0.00339019
0.00170247
0.000325572
-0.000291976
-0.000351752
-0.000194354
-4.39039e-05
2.73367e-05
3.58063e-05
1.95914e-05
4.16885e-06
-2.66289e-06
-3.10906e-06
-1.42549e-06
-1.54675e-07
1.68365e-07
-2.34282e-08
-2.37731e-07
-2.70416e-07
-1.57625e-07
-1.3415e-08
8.15217e-08
1.07868e-07
8.64859e-08
4.80854e-08
1.45923e-08
-5.32502e-09
-1.25281e-08
-1.18236e-08
-7.97796e-09
-4.04188e-09
-1.29346e-09
1.41768e-10
6.3515e-10
6.2651e-10
4.37395e-10
2.413e-10
1.02265e-10
2.49767e-11
-8.06542e-12
-1.6426e-11
-1.42017e-11
-9.25148e-12
-4.93898e-12
-2.13312e-12
-6.4217e-13
-3.12857e-15
1.86412e-13
1.85291e-13
1.28807e-13
7.35889e-14
3.56268e-14
1.4172e-14
3.91651e-15
-8.71637e-17
-1.14492e-15
-1.07685e-15
-7.27047e-16
-4.10411e-16
-2.00698e-16
-8.41212e-17
-2.80099e-17
-4.9706e-18
2.41733e-18
3.52153e-18
2.69609e-18
1.64663e-18
8.71211e-19
4.07461e-19
1.66321e-19
5.55543e-20
1.13831e-20
-2.77085e-21
-5.25361e-21
-4.17152e-21
-2.59055e-21
-1.39596e-21
-6.75496e-22
-2.47426e-22
0.999982
1.00016
1.00019
0.998814
0.996675
0.999337
1.01347
1.03578
1.04504
1.0083
0.900056
0.720671
0.5
0.283765
0.112406
0.00559006
-0.0404869
-0.0448875
-0.0300111
-0.0126941
-0.0011218
0.00354554
0.00365561
0.00204818
0.000547297
-0.000222491
-0.00037406
-0.000240511
-7.62325e-05
1.60047e-05
3.74718e-05
2.47771e-05
7.83164e-06
-1.31666e-06
-2.99872e-06
-1.48444e-06
1.37905e-08
4.63018e-07
1.77774e-07
-2.3657e-07
-4.32581e-07
-3.78457e-07
-2.00117e-07
-2.74791e-08
7.41642e-08
1.01642e-07
8.2807e-08
4.83956e-08
1.82375e-08
-2.81293e-10
-7.92432e-09
-8.6487e-09
-6.35408e-09
-3.58099e-09
-1.47605e-09
-2.6523e-10
2.48657e-10
3.55952e-10
2.87439e-10
1.78862e-10
8.95075e-11
3.35752e-11
5.52053e-12
-5.04371e-12
-6.8451e-12
-5.35198e-12
-3.29175e-12
-1.68296e-12
-6.98466e-13
-1.98898e-13
6.09532e-15
6.30278e-14
6.00453e-14
4.09465e-14
2.31622e-14
1.11971e-14
4.5109e-15
1.32291e-15
6.35919e-17
-2.89974e-16
-2.9352e-16
-2.0374e-16
-1.17427e-16
-5.8839e-17
-2.56224e-17
-9.24185e-18
-2.24477e-18
2.01942e-19
7.44848e-19
6.44855e-19
4.17809e-19
2.31148e-19
1.132e-19
4.91383e-20
1.83065e-20
5.19003e-21
4.47789e-22
-8.08271e-22
-8.39172e-22
-5.8751e-22
0.999983
1.00003
1.00026
0.999957
0.998132
0.996485
1.00096
1.01677
1.03844
1.04428
1.00347
0.893561
0.716235
0.5
0.287787
0.11792
0.00983943
-0.0389223
-0.0457452
-0.0320359
-0.0146108
-0.00224408
0.00325283
0.00386063
0.0023811
0.000786484
-0.000129739
-0.000381961
-0.000283295
-0.000111564
4.64618e-07
3.63604e-05
2.88357e-05
1.12222e-05
-6.52927e-08
-3.01081e-06
-1.59828e-06
3.11021e-07
1.06578e-06
7.58688e-07
9.02492e-08
-3.98587e-07
-5.40029e-07
-4.24832e-07
-2.18083e-07
-4.16476e-08
5.70822e-08
8.51357e-08
7.15052e-08
4.3853e-08
1.90222e-08
3.19766e-09
-4.03615e-09
-5.63503e-09
-4.56731e-09
-2.81966e-09
-1.35275e-09
-4.32337e-10
1.57612e-11
1.64121e-10
1.6526e-10
1.16594e-10
6.61417e-11
3.03209e-11
9.9926e-12
6.91363e-13
-2.36716e-12
-2.58339e-12
-1.87241e-12
-1.09927e-12
-5.42354e-13
-2.17889e-13
-5.93633e-14
3.39755e-15
1.99049e-14
1.84119e-14
1.23852e-14
6.96242e-15
3.37039e-15
1.37773e-15
4.26988e-16
4.60273e-17
-6.73115e-17
-7.57505e-17
-5.44347e-17
-3.211e-17
-1.64832e-17
-7.42733e-18
-2.8529e-18
-8.28818e-19
-7.15941e-20
1.35829e-19
1.4347e-19
1.00124e-19
5.81379e-20
2.97514e-20
1.36019e-20
5.47881e-21
1.85545e-21
1.73779e-22
0.999994
0.999978
1.00012
1.0003
0.999599
0.997507
0.996583
1.00278
1.01986
1.04061
1.04321
0.998845
0.887594
0.712213
0.5
0.291459
0.123039
0.0139117
-0.0372711
-0.0463857
-0.0338802
-0.0164686
-0.0034118
0.00287827
0.00400546
0.00269556
0.0010377
-1.58167e-05
-0.000374499
-0.000320507
-0.000147965
-1.818e-05
3.28516e-05
3.17078e-05
1.40308e-05
6.13489e-07
-3.72358e-06
-2.34337e-06
2.78021e-07
1.71254e-06
1.65935e-06
8.35658e-07
-1.3612e-09
-4.72721e-07
-5.59484e-07
-4.17523e-07
-2.1431e-07
-5.22333e-08
3.67536e-08
6.42348e-08
5.64196e-08
3.62974e-08
1.7441e-08
4.92027e-09
-1.29702e-09
-3.22471e-09
-2.9737e-09
-2.00609e-09
-1.07509e-09
-4.37567e-10
-9.29081e-11
4.90609e-11
8.09337e-11
6.71833e-11
4.28593e-11
2.24958e-11
9.50589e-12
2.7109e-12
-1.43578e-13
-9.48442e-13
-8.9977e-13
-6.14762e-13
-3.47485e-13
-1.66524e-13
-6.52066e-14
-1.72117e-14
1.25487e-15
5.916e-15
5.37085e-15
3.58108e-15
2.00698e-15
9.75145e-16
4.04961e-16
1.32025e-16
2.09043e-17
-1.39858e-17
-1.85057e-17
-1.3894e-17
-8.41342e-18
-4.42604e-18
-2.05776e-18
-8.32151e-19
-2.72158e-19
-5.08561e-20
1.85001e-20
2.9294e-20
2.26184e-20
1.38841e-20
7.44503e-21
3.15562e-21
1
0.999978
1.00001
1.00021
1.00025
0.999162
0.996984
0.996931
1.00472
1.02272
1.04237
1.04193
0.99441
0.88208
0.708541
0.5
0.294834
0.127814
0.0178165
-0.035558
-0.0468396
-0.0355575
-0.0182612
-0.00461065
0.0024319
0.00409143
0.00298702
0.00129561
0.00011639
-0.000351718
-0.000350545
-0.000183476
-3.82794e-05
2.8161e-05
3.42258e-05
1.67163e-05
7.72969e-07
-5.47018e-06
-4.318e-06
-7.59251e-07
1.83287e-06
2.51849e-06
1.86171e-06
7.90981e-07
-5.48445e-08
-4.63874e-07
-5.11634e-07
-3.72152e-07
-1.9387e-07
-5.68102e-08
1.84098e-08
4.38634e-08
4.09991e-08
2.77129e-08
1.44372e-08
5.21248e-09
2.9865e-10
-1.55296e-09
-1.74777e-09
-1.30043e-09
-7.65198e-10
-3.60617e-10
-1.21051e-10
-7.65322e-12
3.08111e-11
3.37783e-11
2.46634e-11
1.45291e-11
7.12981e-12
2.78777e-12
6.7051e-13
-1.48976e-13
-3.40888e-13
-2.9304e-13
-1.91045e-13
-1.04692e-13
-4.90096e-14
-1.88249e-14
-4.87768e-15
3.73499e-16
1.66417e-15
1.49695e-15
9.93609e-16
5.56702e-16
2.72009e-16
1.14842e-16
3.92051e-17
7.8855e-18
-2.44648e-18
-4.2691e-18
-3.39181e-18
-2.11666e-18
-1.14209e-18
-5.46786e-19
-2.30969e-19
-8.22906e-20
-2.0768e-20
4.45411e-22
5.2602e-21
5.09096e-21
1
0.999992
0.999971
1.00006
1.00029
1.00011
0.998686
0.996583
0.997489
1.00671
1.02537
1.04378
1.04049
0.990161
0.876961
0.705166
0.5
0.297951
0.132284
0.0215636
-0.0338023
-0.0471326
-0.0370806
-0.0199849
-0.00582879
0.00192316
0.00412074
0.00325191
0.00155492
0.00026298
-0.000315181
-0.000373203
-0.000217
-5.83843e-05
2.38865e-05
3.80108e-05
2.07136e-05
1.41245e-06
-7.84221e-06
-7.68008e-06
-3.34105e-06
7.52715e-07
2.74009e-06
2.76745e-06
1.79094e-06
6.91767e-07
-6.61391e-08
-3.98915e-07
-4.25061e-07
-3.06366e-07
-1.63244e-07
-5.51224e-08
4.86317e-09
2.70165e-08
2.75585e-08
1.96506e-08
1.09638e-08
4.60884e-09
1.00492e-09
-5.43903e-10
-9.13809e-10
-7.69671e-10
-4.95533e-10
-2.60202e-10
-1.0785e-10
-2.77325e-11
5.50579e-12
1.41216e-11
1.25492e-11
8.34061e-12
4.60192e-12
2.12788e-12
7.71593e-13
1.50058e-13
-7.19313e-14
-1.12787e-13
-9.01192e-14
-5.65785e-14
-3.02335e-14
-1.38942e-14
-5.26608e-15
-1.35676e-15
9.2769e-17
4.44932e-16
4.00076e-16
2.65399e-16
1.49022e-16
7.33388e-17
3.14907e-17
1.12083e-17
2.6621e-18
-2.86745e-19
-9.24457e-19
-7.9206e-19
-5.12045e-19
-2.83785e-19
-1.39748e-19
-6.13073e-20
-2.35392e-20
-4.58123e-21
1
1
0.99998
0.999981
1.00013
1.00033
0.999903
0.998204
0.996314
0.998219
1.00873
1.02779
1.04489
1.03892
0.986088
0.872186
0.702049
0.5
0.300845
0.136483
0.0251626
-0.0320188
-0.0472866
-0.0384619
-0.0216377
-0.0070562
0.00136122
0.00409671
0.00348796
0.00181078
0.000419274
-0.000268173
-0.000390361
-0.000249357
-7.84333e-05
2.09413e-05
4.47056e-05
2.8051e-05
4.46275e-06
-9.42748e-06
-1.17367e-05
-7.44153e-06
-1.94538e-06
1.73411e-06
3.00657e-06
2.61235e-06
1.56367e-06
5.7601e-07
-4.9794e-08
-3.08976e-07
-3.2604e-07
-2.35504e-07
-1.28871e-07
-4.86453e-08
-3.33546e-09
1.47735e-08
1.71535e-08
1.3e-08
7.71899e-09
3.61384e-09
1.14458e-09
-2.59933e-11
-4.08238e-10
-4.13854e-10
-2.94084e-10
-1.69378e-10
-8.02476e-11
-2.8896e-11
-4.61504e-12
4.10091e-12
5.48915e-12
4.26552e-12
2.63528e-12
1.3759e-12
6.03174e-13
2.03091e-13
2.97043e-14
-2.74535e-14
-3.49026e-14
-2.63678e-14
-1.60571e-14
-8.40757e-15
-3.8097e-15
-1.43241e-15
-3.71295e-16
1.84582e-17
1.13394e-16
1.02825e-16
6.84272e-17
3.85915e-17
1.91545e-17
8.36562e-18
3.09213e-18
8.30565e-19
1.78106e-20
-1.85592e-19
-1.76742e-19
-1.19218e-19
-6.81401e-20
-3.10841e-20
1
1
0.999995
0.99997
1.00001
1.0002
1.00032
0.999638
0.997741
0.996174
0.999086
1.01073
1.03001
1.04575
1.03727
0.982184
0.867717
0.699155
0.5
0.303543
0.14044
0.0286226
-0.030219
-0.0473205
-0.0397129
-0.0232189
-0.00828413
0.000755473
0.00402447
0.00369526
0.00206004
0.000581
-0.000214946
-0.000405888
-0.000283851
-0.000100817
1.82529e-05
5.47143e-05
4.03461e-05
1.2158e-05
-8.04867e-06
-1.4866e-05
-1.21946e-05
-6.07765e-06
-7.66689e-07
2.12089e-06
2.80605e-06
2.22808e-06
1.27182e-06
4.62279e-07
-2.33681e-08
-2.18667e-07
-2.33216e-07
-1.70277e-07
-9.58973e-08
-3.95921e-08
-7.07494e-09
6.86122e-09
9.85892e-09
8.04441e-09
5.07391e-09
2.58409e-09
9.96013e-10
1.81015e-10
-1.36985e-10
-1.98828e-10
-1.60043e-10
-1.00883e-10
-5.29295e-11
-2.27053e-11
-6.89516e-12
-1.48441e-13
1.8804e-12
1.91111e-12
1.34982e-12
7.86216e-13
3.91515e-13
1.63566e-13
5.11801e-14
4.88198e-15
-9.1972e-15
-1.02119e-14
-7.38391e-15
-4.38697e-15
-2.26013e-15
-1.01365e-15
-3.7988e-16
-1.0006e-16
2.29019e-18
2.75967e-17
2.54727e-17
1.70676e-17
9.68826e-18
4.85534e-18
2.15678e-18
8.24972e-19
2.43684e-19
2.68612e-20
-3.3008e-20
-4.11568e-20
1
1
1
0.999986
0.999968
1.00005
1.00027
1.00027
0.999331
0.997313
0.996157
1.00006
1.01269
1.03204
1.04639
1.03556
0.978436
0.863517
0.696457
0.5
0.306067
0.14418
0.0319525
-0.0284122
-0.0472504
-0.0408447
-0.024729
-0.009505
0.000115774
0.00391155
0.00387749
0.00230317
0.000746444
-0.000158727
-0.000424212
-0.000325633
-0.000130552
1.1945e-05
6.60091e-05
5.75363e-05
2.59408e-05
-1.53214e-06
-1.49182e-05
-1.59769e-05
-1.0727e-05
-4.47302e-06
-1.69316e-08
2.05516e-06
2.34959e-06
1.76024e-06
9.77247e-07
3.58896e-07
6.26777e-10
-1.42389e-07
-1.56571e-07
-1.16404e-07
-6.7558e-08
-3.00292e-08
-7.79892e-09
2.33327e-09
5.18474e-09
4.65791e-09
3.12829e-09
1.71122e-09
7.49463e-10
2.20669e-10
-1.2083e-11
-8.16628e-11
-7.93034e-11
-5.52837e-11
-3.17363e-11
-1.53254e-11
-5.93659e-12
-1.4282e-12
3.02358e-13
7.08767e-13
6.12763e-13
4.02543e-13
2.23322e-13
1.06746e-13
4.26949e-14
1.24261e-14
5.1943e-16
-2.81823e-15
-2.84717e-15
-1.98859e-15
-1.15822e-15
-5.89208e-16
-2.62429e-16
-9.84288e-17
-2.65508e-17
-2.50052e-19
6.41667e-18
6.09307e-18
4.12602e-18
2.36201e-18
1.19646e-18
5.40362e-19
2.15088e-19
4.69478e-20
1
1
1
0.999999
0.999976
0.999976
1.0001
1.00032
1.00018
0.998997
0.996934
0.996254
1.00112
1.01461
1.03388
1.04684
1.0338
0.974838
0.85956
0.693933
0.5
0.308437
0.147724
0.0351608
-0.0266054
-0.047091
-0.0418688
-0.0261706
-0.0107133
-0.000548371
0.0037676
0.00404251
0.00254576
0.000918872
-9.89112e-05
-0.000447647
-0.000379611
-0.000174038
-4.32485e-06
7.37069e-05
7.69612e-05
4.53539e-05
1.12601e-05
-9.99956e-06
-1.68805e-05
-1.44303e-05
-8.52085e-06
-3.07294e-06
3.38191e-07
1.73449e-06
1.81229e-06
1.30674e-06
7.15296e-07
2.69504e-07
1.64819e-08
-8.54028e-08
-9.90599e-08
-7.55219e-08
-4.52194e-08
-2.13947e-08
-6.88405e-09
1.01182e-10
2.44127e-09
2.51737e-09
1.81364e-09
1.05924e-09
5.09915e-10
1.87856e-10
3.25508e-11
-2.48421e-11
-3.50498e-11
-2.78345e-11
-1.74959e-11
-9.29048e-12
-4.15219e-12
-1.4392e-12
-2.36582e-13
1.74213e-13
2.37436e-13
1.84016e-13
1.1416e-13
6.0796e-14
2.80435e-14
1.07847e-14
2.92415e-15
-4.08844e-17
-8.06851e-16
-7.60972e-16
-5.17082e-16
-2.96429e-16
-1.49362e-16
-6.6256e-17
-2.49563e-17
-6.93249e-18
-3.09471e-19
1.42396e-18
1.40904e-18
9.68225e-19
5.61253e-19
2.58914e-19
1
1
1
1
0.999993
0.999969
0.999995
1.00016
1.00035
1.00004
0.998649
0.99661
0.996454
1.00224
1.01647
1.03556
1.04713
1.03202
0.971378
0.85582
0.691562
0.499999
0.31067
0.151092
0.0382558
-0.0248045
-0.0468562
-0.0427984
-0.0275502
-0.0119078
-0.00123028
0.00360219
0.00420107
0.00279864
0.00110793
-2.85853e-05
-0.000473345
-0.000447403
-0.000236516
-3.76426e-05
7.08729e-05
9.33544e-05
6.74676e-05
2.95848e-05
6.68161e-07
-1.34108e-05
-1.56402e-05
-1.17013e-05
-6.30531e-06
-2.01865e-06
4.2604e-07
1.32638e-06
1.30767e-06
9.19973e-07
5.01369e-07
1.95507e-07
2.36595e-08
-4.69091e-08
-5.91886e-08
-4.66298e-08
-2.88434e-08
-1.44077e-08
-5.34618e-09
-7.63764e-10
9.74146e-10
1.26096e-09
9.89121e-10
6.16349e-10
3.20499e-10
1.35555e-10
3.93678e-11
-1.2758e-12
-1.30817e-11
-1.27434e-11
-8.89659e-12
-5.15711e-12
-2.55821e-12
-1.06049e-12
-3.23154e-13
-2.087e-14
6.91144e-14
7.31725e-14
5.23525e-14
3.10039e-14
1.59487e-14
7.13258e-15
2.64858e-15
6.70909e-16
-4.74169e-17
-2.18604e-16
-1.95884e-16
-1.30242e-16
-7.37413e-17
-3.68998e-17
-1.6343e-17
-6.19932e-18
-1.77967e-18
-1.42975e-19
2.95951e-19
3.39967e-19
1
1
1
1
1
0.999985
0.999966
1.00002
1.00022
1.00036
0.999873
0.998297
0.996344
0.996747
1.00341
1.01826
1.03708
1.04729
1.03022
0.968049
0.852277
0.689328
0.499998
0.31278
0.154301
0.0412464
-0.0230138
-0.0465599
-0.0436494
-0.0288802
-0.0130948
-0.00193005
0.00342065
0.00436314
0.00307532
0.00132871
6.61947e-05
-0.000491242
-0.000524488
-0.000319031
-9.31584e-05
5.04814e-05
9.99512e-05
8.72043e-05
5.05689e-05
1.61869e-05
-5.12669e-06
-1.32803e-05
-1.28545e-05
-8.7872e-06
-4.42647e-06
-1.29194e-06
3.74656e-07
9.3843e-07
8.91493e-07
6.18105e-07
3.37735e-07
1.36873e-07
2.42828e-08
-2.31893e-08
-3.34058e-08
-2.74493e-08
-1.7575e-08
-9.21595e-09
-3.79328e-09
-9.23856e-10
2.7186e-10
5.76307e-10
5.06322e-10
3.38138e-10
1.88304e-10
8.79375e-11
3.20775e-11
6.05628e-12
-3.39526e-12
-5.1609e-12
-4.15463e-12
-2.64215e-12
-1.43246e-12
-6.68117e-13
-2.56758e-13
-6.66892e-14
5.28449e-15
2.32674e-14
2.11453e-14
1.42276e-14
8.10857e-15
4.04978e-15
1.76335e-15
6.3497e-16
1.50975e-16
-1.90328e-17
-5.65265e-17
-4.8744e-17
-3.18641e-17
-1.78706e-17
-8.90127e-18
-3.94347e-18
-1.52448e-18
-2.90537e-19
1
1
1
1
1
0.999999
0.999977
0.999969
1.00006
1.00027
1.00034
0.999674
0.997952
0.996139
0.997122
1.00461
1.01998
1.03846
1.04732
1.02841
0.964842
0.84891
0.687216
0.499995
0.314781
0.157368
0.0441431
-0.0212351
-0.046215
-0.0444407
-0.0301801
-0.0142908
-0.00265879
0.0032187
0.00453224
0.00338693
0.00159802
0.000204385
-0.000484259
-0.000598878
-0.000416114
-0.000171397
7.92039e-06
9.04262e-05
9.85499e-05
6.97309e-05
3.39786e-05
7.0461e-06
-7.17345e-06
-1.12716e-05
-9.70977e-06
-6.22061e-06
-2.98291e-06
-8.17191e-07
2.7514e-07
6.22011e-07
5.78176e-07
3.98126e-07
2.19219e-07
9.2441e-08
2.11259e-08
-9.86326e-09
-1.7771e-08
-1.54198e-08
-1.02492e-08
-5.62114e-09
-2.5074e-09
-7.87757e-10
-1.51977e-11
2.31827e-10
2.41745e-10
1.75007e-10
1.04115e-10
5.26341e-11
2.20371e-11
6.61752e-12
1.95415e-13
-1.7129e-12
-1.75452e-12
-1.2495e-12
-7.3893e-13
-3.78261e-13
-1.66595e-13
-5.91707e-14
-1.23923e-14
3.89997e-15
7.08284e-15
5.79993e-15
3.71688e-15
2.05147e-15
9.9914e-16
4.25194e-16
1.4913e-16
3.35182e-17
-5.9322e-18
-1.40335e-17
-1.17612e-17
-7.58928e-18
-4.23993e-18
-1.86126e-18
1
1
1
1
1
1
0.999994
0.99997
0.999978
1.0001
1.00032
1.00029
0.999453
0.997619
0.995995
0.997569
1.00583
1.02164
1.03971
1.04725
1.02661
0.961751
0.845703
0.685211
0.499989
0.316683
0.160312
0.0469609
-0.0194645
-0.0458303
-0.0451917
-0.0314753
-0.0155227
-0.00344126
0.00297785
0.00469943
0.00373571
0.00192831
0.00040521
-0.000431265
-0.000652206
-0.000515254
-0.000266625
-5.68694e-05
6.10052e-05
9.62663e-05
8.21253e-05
5.03687e-05
2.09578e-05
1.82595e-06
-6.94919e-06
-8.64723e-06
-6.8738e-06
-4.19852e-06
-1.94486e-06
-5.15651e-07
1.77831e-07
3.89328e-07
3.58466e-07
2.46674e-07
1.37386e-07
6.02437e-08
1.65014e-08
-3.11955e-09
-8.85991e-09
-8.26514e-09
-5.72803e-09
-3.27918e-09
-1.56213e-09
-5.73635e-10
-1.00782e-10
7.41152e-11
1.06197e-10
8.5264e-11
5.43583e-11
2.94604e-11
1.36072e-11
5.04456e-12
1.11086e-12
-3.34266e-13
-6.43786e-13
-5.40793e-13
-3.52599e-13
-1.96498e-13
-9.56188e-14
-3.9877e-14
-1.30163e-14
-1.96527e-15
1.54839e-15
2.00697e-15
1.52278e-15
9.38053e-16
5.03969e-16
2.40261e-16
1.00289e-16
3.44166e-17
7.38339e-18
-1.62454e-18
-3.33495e-18
-2.82895e-18
1
1
1
1
1
1
1
0.999988
0.999965
0.999994
1.00015
1.00035
1.00022
0.999213
0.997304
0.995909
0.998078
1.00706
1.02322
1.04084
1.04709
1.02481
0.958768
0.842638
0.683296
0.499976
0.318501
0.163157
0.0497233
-0.0176876
-0.0454057
-0.0459166
-0.0327922
-0.0168254
-0.00431496
0.00266372
0.00483926
0.00410916
0.0023211
0.000681843
-0.000312265
-0.000663247
-0.000598622
-0.000367002
-0.000138431
1.20005e-05
7.75175e-05
8.37226e-05
6.15566e-05
3.37816e-05
1.20356e-05
-6.10641e-07
-5.6893e-06
-6.15599e-06
-4.6168e-06
-2.72266e-06
-1.23339e-06
-3.2581e-07
1.02876e-07
2.31305e-07
2.13223e-07
1.474e-07
8.32697e-08
3.79119e-08
1.18967e-08
-1.52409e-10
-4.09009e-09
-4.2209e-09
-3.06992e-09
-1.83383e-09
-9.2423e-10
-3.78295e-10
-1.02492e-10
1.06845e-11
4.16456e-11
3.88625e-11
2.68161e-11
1.55333e-11
7.76039e-12
3.27417e-12
1.04473e-12
1.11561e-13
-1.81515e-13
-2.09172e-13
-1.55038e-13
-9.44331e-14
-5.00518e-14
-2.32695e-14
-9.20484e-15
-2.73755e-15
-2.20328e-16
5.02001e-16
5.38033e-16
3.85083e-16
2.29622e-16
1.20591e-16
5.64636e-17
2.31867e-17
7.92404e-18
6.26506e-19
1
1
1
1
1
1
1
1
0.999981
0.999964
1.00002
1.00019
1.00037
1.00013
0.998962
0.997012
0.99588
0.998641
1.00829
1.02472
1.04186
1.04686
1.02303
0.955885
0.839696
0.681453
0.499951
0.32025
0.165933
0.0524667
-0.0158737
-0.0449243
-0.0466165
-0.03415
-0.0182331
-0.00532446
0.00222895
0.00490957
0.00447718
0.00276203
0.00103543
-0.000114362
-0.000612986
-0.000646699
-0.000456608
-0.000226398
-5.17668e-05
4.28597e-05
7.25587e-05
6.46401e-05
4.27669e-05
2.14006e-05
6.4998e-06
-1.4057e-06
-4.19041e-06
-4.12985e-06
-2.96657e-06
-1.70569e-06
-7.63445e-07
-2.0588e-07
5.30647e-08
1.30843e-07
1.21995e-07
8.51177e-08
4.88791e-08
2.30624e-08
8.04386e-09
8.65076e-10
-1.70369e-09
-2.04658e-09
-1.57766e-09
-9.84693e-10
-5.2198e-10
-2.31948e-10
-7.79985e-11
-9.5719e-12
1.34624e-11
1.635e-11
1.24699e-11
7.74204e-12
4.14447e-12
1.91968e-12
7.34953e-13
1.90111e-13
-1.60921e-14
-6.78337e-14
-6.18855e-14
-4.19787e-14
-2.42024e-14
-1.22833e-14
-5.47726e-15
-2.0571e-15
-5.50622e-16
4.3361e-18
1.45684e-16
1.37876e-16
9.42409e-17
5.469e-17
2.83097e-17
1.11045e-17
1
1
1
1
1
1
1
1
0.999996
0.999974
0.999966
1.00004
1.00024
1.00038
1.00002
0.998702
0.996747
0.995906
0.99925
1.00951
1.02616
1.04278
1.04656
1.02127
0.953093
0.836854
0.67966
0.499908
0.321945
0.16868
0.0552445
-0.0139702
-0.0443455
-0.0472703
-0.0355504
-0.0197698
-0.00651167
0.00162085
0.0048563
0.00479354
0.00321941
0.00145137
0.000163304
-0.000489764
-0.000642784
-0.000518793
-0.000307519
-0.000121795
-3.70475e-06
4.93016e-05
5.83663e-05
4.59462e-05
2.80351e-05
1.29626e-05
3.32893e-06
-1.39894e-06
-2.85822e-06
-2.63718e-06
-1.83453e-06
-1.03644e-06
-4.62212e-07
-1.29536e-07
2.3657e-08
7.05664e-08
6.72607e-08
4.75739e-08
2.78212e-08
1.35772e-08
5.15357e-09
1.00167e-09
-6.00311e-10
-9.35765e-10
-7.76546e-10
-5.08147e-10
-2.82419e-10
-1.34117e-10
-5.16356e-11
-1.25025e-11
2.53466e-12
6.16507e-12
5.42949e-12
3.6491e-12
2.08761e-12
1.04297e-12
4.48547e-13
1.53544e-13
2.7853e-14
-1.44412e-14
-2.15727e-14
-1.71014e-14
-1.08454e-14
-5.97338e-15
-2.9182e-15
-1.25204e-15
-4.46634e-16
-1.05775e-16
1.30399e-17
3.92744e-17
3.3962e-17
2.16703e-17
1
1
1
1
1
1
1
1
1
0.999992
0.999968
0.999972
1.00008
1.00028
1.00038
0.999881
0.998441
0.996513
0.995985
0.999895
1.01071
1.02752
1.04362
1.04623
1.01955
0.950379
0.834079
0.677882
0.499832
0.323608
0.17145
0.0581276
-0.0119001
-0.0436003
-0.0478272
-0.0369672
-0.0214368
-0.00790364
0.000792682
0.00462258
0.00500207
0.00364712
0.00189926
0.00050718
-0.000292994
-0.00057709
-0.000539879
-0.000368489
-0.000187703
-5.5586e-05
1.70983e-05
4.34043e-05
4.25864e-05
3.06785e-05
1.75478e-05
7.5788e-06
1.63159e-06
-1.09771e-06
-1.83498e-06
-1.61415e-06
-1.09664e-06
-6.12615e-07
-2.74042e-07
-8.07059e-08
8.18153e-09
3.62691e-08
3.57747e-08
2.57667e-08
1.53707e-08
7.74504e-09
3.15116e-09
8.18523e-10
-1.40625e-10
-3.98229e-10
-3.65131e-10
-2.52046e-10
-1.46739e-10
-7.376e-11
-3.12583e-11
-9.92744e-12
-9.15626e-13
1.92978e-12
2.18163e-12
1.62167e-12
9.94897e-13
5.3182e-13
2.49362e-13
9.93467e-14
2.95758e-14
2.11652e-15
-5.83953e-15
-6.22324e-15
-4.48026e-15
-2.69337e-15
-1.42685e-15
-6.73812e-16
-2.78912e-16
-9.44561e-17
-1.98864e-17
1.0101e-17
1
1
1
1
1
1
1
1
1
1
0.999986
0.999963
0.999984
1.00011
1.00032
1.00035
0.99973
0.998184
0.996314
0.996111
1.00056
1.01188
1.02881
1.0444
1.04589
1.01786
0.947719
0.831325
0.676072
0.499701
0.325253
0.174299
0.0612016
-0.00956453
-0.0425915
-0.0482039
-0.0383404
-0.0232035
-0.00950114
-0.000284148
0.00416023
0.0050462
0.00399138
0.0023366
0.000890215
-3.44084e-05
-0.000449303
-0.000512189
-0.00039878
-0.000239452
-0.000105075
-1.91925e-05
2.21113e-05
3.32851e-05
2.89438e-05
1.94902e-05
1.05781e-05
4.31047e-06
7.74509e-07
-7.57486e-07
-1.12021e-06
-9.5182e-07
-6.35812e-07
-3.53004e-07
-1.59213e-07
-4.954e-08
1.08182e-09
1.77171e-08
1.83643e-08
1.35347e-08
8.25008e-09
4.2861e-09
1.84855e-09
5.7452e-10
2.12697e-11
-1.53527e-10
-1.63187e-10
-1.20063e-10
-7.33222e-11
-3.87936e-11
-1.77057e-11
-6.56953e-12
-1.50468e-12
3.6309e-13
7.83428e-13
6.74165e-13
4.48492e-13
2.56145e-13
1.29054e-13
5.6946e-14
2.08861e-14
5.12988e-15
-5.55457e-16
-1.88722e-15
-1.67629e-15
-1.1237e-15
-6.46556e-16
-3.31132e-16
-1.52775e-16
-4.81177e-17
1
1
1
1
1
1
1
1
1
1
0.999999
0.999979
0.999962
1
1.00015
1.00035
1.00031
0.999569
0.997943
0.996153
0.99627
1.00122
1.01301
1.03006
1.04516
1.04557
1.01622
0.94507
0.828518
0.674158
0.499473
0.326888
0.17728
0.0645575
-0.00685094
-0.0411998
-0.0482877
-0.0395758
-0.0250033
-0.0112709
-0.00160994
0.00344097
0.00487973
0.0041999
0.00271547
0.00127585
0.00026344
-0.000269002
-0.000435651
-0.000392729
-0.000269376
-0.000144977
-5.4114e-05
-2.08847e-06
1.9731e-05
2.33203e-05
1.86125e-05
1.18865e-05
6.18135e-06
2.40039e-06
3.62381e-07
-4.78886e-07
-6.54795e-07
-5.4279e-07
-3.58457e-07
-1.98623e-07
-9.06683e-08
-2.98439e-08
-1.53745e-09
8.1754e-09
9.09522e-09
6.89845e-09
4.305e-09
2.30357e-09
1.04452e-09
3.67557e-10
5.92363e-11
-5.01568e-11
-6.86879e-11
-5.48077e-11
-3.52511e-11
-1.95799e-11
-9.50198e-12
-3.91603e-12
-1.21507e-12
-1.08433e-13
2.30785e-13
2.57777e-13
1.9047e-13
1.16799e-13
6.28562e-14
3.00157e-14
1.24704e-14
4.16323e-15
7.52855e-16
-3.60289e-16
-5.42503e-16
-4.28459e-16
-2.72302e-16
-1.37508e-16
1
1
1
1
1
1
1
0.999999
1
1
1
0.999995
0.999974
0.999965
1.00002
1.00019
1.00037
1.00025
0.99941
0.997725
0.996019
0.996435
1.00186
1.01411
1.0313
1.04595
1.04531
1.0146
0.942355
0.825549
0.672034
0.499081
0.328499
0.180435
0.0682784
-0.0036472
-0.0392972
-0.0479475
-0.0405514
-0.0267358
-0.0131435
-0.00315109
0.00246455
0.00447627
0.00423118
0.00299061
0.00162404
0.000570952
-5.39576e-05
-0.000317702
-0.000350448
-0.000273531
-0.000169984
-8.27435e-05
-2.54959e-05
4.24054e-06
1.49697e-05
1.52887e-05
1.14414e-05
7.00436e-06
3.51923e-06
1.31577e-06
1.71292e-07
-2.82948e-07
-3.68271e-07
-3.00224e-07
-1.9691e-07
-1.09265e-07
-5.06183e-08
-1.75989e-08
-2.05568e-09
3.52003e-09
4.34043e-09
3.412e-09
2.18506e-09
1.20354e-09
5.70262e-10
2.20069e-10
5.36721e-11
-1.0795e-11
-2.67516e-11
-2.38758e-11
-1.62976e-11
-9.50321e-12
-4.86724e-12
-2.17015e-12
-7.93849e-13
-1.8356e-13
3.75724e-14
8.72397e-14
7.54605e-14
5.03575e-14
2.89588e-14
1.48027e-14
6.72329e-15
2.62603e-15
7.83178e-16
7.36148e-17
-1.28944e-16
-1.54273e-16
1
1
1
1
1
1
1
1
1
1
1
1
0.99999
0.999971
0.999972
1.00005
1.00021
1.00037
1.00019
0.999267
0.997526
0.995885
0.996572
1.00247
1.01521
1.03261
1.04686
1.04513
1.01294
0.939444
0.822254
0.669552
0.498422
0.330042
0.183775
0.072423
0.000140682
-0.0367646
-0.0470491
-0.0411307
-0.0282759
-0.0150186
-0.0048406
0.00126213
0.00383528
0.00406195
0.00312695
0.00189788
0.000856519
0.000173119
-0.000171667
-0.000277461
-0.000252138
-0.000177492
-0.000101571
-4.48832e-05
-1.07764e-05
5.40111e-06
1.02883e-05
9.51277e-06
6.77215e-06
4.00777e-06
1.95979e-06
7.12883e-07
8.4192e-08
-1.57958e-07
-1.99994e-07
-1.61428e-07
-1.05564e-07
-5.88244e-08
-2.77059e-08
-1.0144e-08
-1.76267e-09
1.3784e-09
1.99062e-09
1.63708e-09
1.07908e-09
6.11775e-10
3.01549e-10
1.25085e-10
3.79523e-11
1.75304e-12
-9.27772e-12
-9.85038e-12
-7.23221e-12
-4.43935e-12
-2.3905e-12
-1.13602e-12
-4.63005e-13
-1.44822e-13
-1.61632e-14
2.34187e-14
2.73029e-14
2.04119e-14
1.26339e-14
6.88894e-15
3.36331e-15
1.45534e-15
5.38938e-16
7.55058e-17
1
1
1
1
1
1
1
1
1
1
1
1
0.999999
0.999987
0.999972
0.999981
1.00006
1.00023
1.00037
1.00015
0.999144
0.997324
0.99571
0.996652
1.00307
1.0164
1.03409
1.04794
1.045
1.01111
0.936137
0.818411
0.666513
0.497349
0.331432
0.187272
0.0770088
0.00456997
-0.0335107
-0.0454746
-0.0411798
-0.0294887
-0.0167754
-0.00658445
-0.000105926
0.00298348
0.00369122
0.00310504
0.00206932
0.00109162
0.000388521
-1.41523e-05
-0.000183325
-0.000209144
-0.000167766
-0.000108963
-5.80269e-05
-2.32844e-05
-3.87212e-06
4.56059e-06
6.59259e-06
5.67001e-06
3.88037e-06
2.23518e-06
1.07074e-06
3.82891e-07
4.40099e-08
-8.38287e-08
-1.05139e-07
-8.45273e-08
-5.52999e-08
-3.10167e-08
-1.48695e-08
-5.71157e-09
-1.27345e-09
4.61058e-10
8.73225e-10
7.61246e-10
5.18515e-10
3.02737e-10
1.5474e-10
6.80827e-11
2.37435e-11
4.23159e-12
-2.57462e-12
-3.79445e-12
-3.06878e-12
-1.99536e-12
-1.12869e-12
-5.66818e-13
-2.50196e-13
-9.19733e-14
-2.2612e-14
2.58876e-15
8.57808e-15
7.67819e-15
5.20467e-15
3.03542e-15
1.59002e-15
6.29415e-16
1
1
1
1
1
1
1
1
1
1
1
1
1
0.999998
0.999988
0.999975
0.999984
1.00007
1.00025
1.00039
1.00014
0.999025
0.997073
0.995446
0.996676
1.00372
1.01779
1.03584
1.04922
1.04482
1.00891
0.932152
0.81373
0.662662
0.495669
0.332534
0.190843
0.0819987
0.00964531
-0.0294902
-0.0431411
-0.0405868
-0.0302465
-0.0182874
-0.0082728
-0.00155723
0.0019717
0.00314042
0.0029236
0.00212298
0.00125497
0.000571273
0.000137864
-7.96714e-05
-0.000151135
-0.000143527
-0.000105179
-6.39498e-05
-3.19302e-05
-1.16124e-05
-9.75741e-07
3.25897e-06
4.00236e-06
3.2587e-06
2.16121e-06
1.21869e-06
5.75274e-07
2.04226e-07
2.45569e-08
-4.24177e-08
-5.36019e-08
-4.31602e-08
-2.83356e-08
-1.60275e-08
-7.82592e-09
-3.14128e-09
-8.33411e-10
1.04891e-10
3.63338e-10
3.42464e-10
2.42353e-10
1.45902e-10
7.71715e-11
3.56888e-11
1.37354e-11
3.5892e-12
-3.09692e-13
-1.32546e-12
-1.23644e-12
-8.61434e-13
-5.12929e-13
-2.71004e-13
-1.27537e-13
-5.20996e-14
-1.68178e-14
-2.53692e-15
1.98835e-15
2.60526e-15
2.00907e-15
1.19582e-15
1
1
1
1
1
1
1
1
1
1
1
1
1
1
1
0.999991
0.999974
0.999976
1.00007
1.00028
1.00045
1.00014
0.998866
0.996714
0.995072
0.996699
1.00457
1.01954
1.03796
1.05064
1.04439
1.00601
0.927119
0.807853
0.657696
0.49314
0.333165
0.194349
0.0872939
0.0153085
-0.0247165
-0.0400157
-0.0392774
-0.0304458
-0.0194381
-0.00979358
-0.00299776
0.000867884
0.00244982
0.00259877
0.00205744
0.00133497
0.000705958
0.000269634
2.18452e-05
-8.59432e-05
-0.000109153
-9.20358e-05
-6.28794e-05
-3.61573e-05
-1.70264e-05
-5.59341e-06
5.20168e-08
2.11065e-06
2.32539e-06
1.81462e-06
1.17376e-06
6.51115e-07
3.04442e-07
1.08248e-07
1.43874e-08
-2.04712e-08
-2.65315e-08
-2.15117e-08
-1.42129e-08
-8.12065e-09
-4.03995e-09
-1.68811e-09
-5.0949e-10
-1.23229e-11
1.41189e-10
1.48613e-10
1.10102e-10
6.84931e-11
3.74468e-11
1.80886e-11
7.5027e-12
2.39481e-12
2.81166e-13
-3.90301e-13
-4.66948e-13
-3.55884e-13
-2.24309e-13
-1.24536e-13
-6.1935e-14
-2.73474e-14
-1.02453e-14
-2.74921e-15
-1.87025e-18
8.98298e-16
1
1
1
1
1
1
1
1
1
1
1
1
0.999999
0.999999
1
1
0.999992
0.99996
0.999957
1.00008
1.00035
1.00055
1.00013
0.9986
0.996199
0.994615
0.996845
1.00578
1.02178
1.04044
1.05203
1.04337
1.00197
0.920587
0.800372
0.651273
0.489485
0.333096
0.197598
0.0927339
0.0214361
-0.0192675
-0.0361248
-0.0372272
-0.0300208
-0.0201357
-0.011046
-0.00433362
-0.000251934
0.00167243
0.00216082
0.00188428
0.0013303
0.000784238
0.000370471
0.00011127
-2.12672e-05
-6.97308e-05
-7.23485e-05
-5.5992e-05
-3.61477e-05
-1.98128e-05
-8.84399e-06
-2.61439e-06
3.03069e-07
1.2764e-06
1.30187e-06
9.82668e-07
6.23177e-07
3.41505e-07
1.58886e-07
5.70075e-08
8.63099e-09
-9.39857e-09
-1.27567e-08
-1.04732e-08
-6.98285e-09
-4.03606e-09
-2.04604e-09
-8.86889e-10
-2.95696e-10
-3.76442e-11
4.96163e-11
6.19041e-11
4.8553e-11
3.13151e-11
1.76937e-11
8.88943e-12
3.91493e-12
1.41916e-12
3.22978e-13
-7.24068e-14
-1.61043e-13
-1.39724e-13
-9.4229e-14
-5.50769e-14
-2.88177e-14
-1.35421e-14
-5.65535e-15
-1.33062e-15
1
1
1
1
1
1
1
1
1
1
1
1
0.999999
0.999998
1
1.00001
1.00001
0.999981
0.999932
0.999941
1.00013
1.00048
1.00066
1.00004
0.998163
0.99553
0.994182
0.997304
1.00754
1.02458
1.04317
1.05305
1.04128
0.996265
0.912042
0.790845
0.643032
0.484404
0.332068
0.200356
0.0981057
0.0278456
-0.0132826
-0.0315547
-0.0344669
-0.0289518
-0.0203229
-0.0119519
-0.00548194
-0.00131316
0.000866621
0.0016491
0.0016252
0.00124892
0.000805035
0.000434643
0.000181491
3.64228e-05
-3.01699e-05
-4.93135e-05
-4.50435e-05
-3.26425e-05
-2.01077e-05
-1.05726e-05
-4.49545e-06
-1.19198e-06
2.8264e-07
7.32393e-07
7.05782e-07
5.18983e-07
3.24091e-07
1.76088e-07
8.18371e-08
2.98072e-08
5.18636e-09
-4.07758e-09
-5.95758e-09
-4.98277e-09
-3.36184e-09
-1.9684e-09
-1.01685e-09
-4.55814e-10
-1.64521e-10
-3.32763e-11
1.45135e-11
2.45467e-11
2.07367e-11
1.39361e-11
8.14449e-12
4.24431e-12
1.96546e-12
7.79741e-13
2.3221e-13
1.60384e-14
-4.76448e-14
-5.14653e-14
-3.78773e-14
-2.34329e-14
-1.29513e-14
-5.53754e-15
1
1
1
1
1
1
1
1
1
1
1
1
1
0.999998
0.999998
1.00001
1.00002
1.00001
0.999956
0.999899
0.999951
1.00023
1.00064
1.00072
0.999793
0.997527
0.994781
0.993955
0.998292
1.00999
1.02787
1.04582
1.05321
1.0375
0.988272
0.900941
0.778827
0.632615
0.4776
0.329809
0.202362
0.10316
0.034309
-0.00695288
-0.026446
-0.03108
-0.0272674
-0.0199829
-0.0124633
-0.00637934
-0.00225093
8.88096e-05
0.00110632
0.0013081
0.00110571
0.00077358
0.00046133
0.000228727
8.25694e-05
5.46911e-06
-2.5961e-05
-3.19823e-05
-2.67059e-05
-1.83657e-05
-1.08758e-05
-5.51628e-06
-2.24538e-06
-5.33477e-07
1.98441e-07
4.02648e-07
3.71874e-07
2.67924e-07
1.65365e-07
8.93576e-08
4.16204e-08
1.54569e-08
3.07678e-09
-1.64846e-09
-2.70017e-09
-2.31691e-09
-1.58649e-09
-9.42278e-10
-4.96045e-10
-2.29325e-10
-8.83185e-11
-2.28846e-11
2.45248e-12
9.12756e-12
8.5468e-12
6.03034e-12
3.65248e-12
1.97154e-12
9.53812e-13
4.05389e-13
1.40825e-13
2.88906e-14
-9.66151e-15
-1.73327e-14
-1.44657e-14
-9.11353e-15
1
1
1
1
1
1
1
1
1
1
1
1
1
0.999998
0.999997
1
1.00001
1.00002
0.99999
0.999921
0.99988
1.00001
1.00038
1.00079
1.00067
0.99934
0.996736
0.994116
0.994165
0.999992
1.01313
1.03142
1.04791
1.05183
1.03134
0.97734
0.886749
0.763906
0.619701
0.4688
0.326062
0.203354
0.107632
0.0405719
-0.000504437
-0.0209807
-0.0271946
-0.0250402
-0.0191386
-0.0125653
-0.00698706
-0.0030162
-0.00061255
0.000573289
0.000962943
0.000919692
0.000699732
0.00045387
0.000252401
0.000114771
3.43657e-05
-4.75772e-06
-1.86225e-05
-1.94927e-05
-1.52153e-05
-1.00254e-05
-5.74196e-06
-2.82349e-06
-1.10615e-06
-2.36227e-07
1.21789e-07
2.13461e-07
1.90968e-07
1.35448e-07
8.28892e-08
4.46655e-08
2.09058e-08
7.9403e-09
1.78794e-09
-6.02435e-10
-1.18555e-09
-1.0527e-09
-7.33955e-10
-4.42831e-10
-2.37581e-10
-1.13019e-10
-4.595e-11
-1.39566e-11
-9.06914e-13
3.08733e-12
3.37957e-12
2.53255e-12
1.59532e-12
8.91761e-13
4.48834e-13
2.0169e-13
7.76571e-14
2.21363e-14
1.10415e-15
-6.22901e-15
1
1
1
1
1
1
1
1
1
1
1
1
1
0.999999
0.999998
0.999998
1.00001
1.00002
1.00001
0.999963
0.99989
0.999895
1.00011
1.00055
1.00087
1.00044
0.998696
0.995922
0.99376
0.995031
1.00248
1.01677
1.03473
1.04874
1.04813
1.02201
0.962834
0.868988
0.745741
0.604037
0.457784
0.320604
0.203092
0.111266
0.0463764
0.00582149
-0.0153657
-0.0229707
-0.0223782
-0.0178486
-0.0122749
-0.00729242
-0.00357899
-0.00120111
8.4692e-05
0.000618052
0.000711064
0.00059596
0.000418561
0.000254579
0.000132648
5.505e-05
1.26068e-05
-6.41803e-06
-1.20587e-05
-1.1323e-05
-8.38359e-06
-5.33148e-06
-2.96848e-06
-1.42175e-06
-5.39223e-07
-1.04496e-07
6.86359e-08
1.09612e-07
9.5789e-08
6.71534e-08
4.08587e-08
2.20057e-08
1.03724e-08
4.03632e-09
1.01418e-09
-1.83925e-10
-5.02655e-10
-4.67098e-10
-3.3285e-10
-2.04334e-10
-1.11745e-10
-5.45966e-11
-2.32463e-11
-7.89837e-12
-1.35161e-12
8.80135e-13
1.26932e-12
1.02922e-12
6.78054e-13
3.92921e-13
2.05238e-13
9.66493e-14
4.055e-14
9.55448e-15
1
1
1
1
1
1
1
1
1
1
1
1
1
1
0.999999
0.999998
1
1.00001
1.00002
0.999997
0.999936
0.99988
0.99995
1.00025
1.00068
1.00081
1.00001
0.99796
0.99529
0.993946
0.996678
1.00563
1.0205
1.03712
1.04745
1.04122
1.00879
0.944191
0.847281
0.724094
0.58546
0.444408
0.313273
0.201382
0.113836
0.0514827
0.0117892
-0.00981418
-0.0185848
-0.0194131
-0.0161984
-0.0116362
-0.00730695
-0.00392886
-0.00165462
-0.000333626
0.000297277
0.00049874
0.000475404
0.000363312
0.000239161
0.000137449
6.72872e-05
2.52634e-05
3.64981e-06
-5.23659e-06
-7.28699e-06
-6.32558e-06
-4.4887e-06
-2.7712e-06
-1.50662e-06
-7.05954e-07
-2.60842e-07
-4.66835e-08
3.63164e-08
5.46924e-08
4.70113e-08
3.26899e-08
1.98228e-08
1.06914e-08
5.08343e-09
2.02844e-09
5.61e-10
-3.34591e-11
-2.04688e-10
-2.02188e-10
-1.47934e-10
-9.25743e-11
-5.16242e-11
-2.58666e-11
-1.14641e-11
-4.23711e-12
-1.03132e-12
1.54706e-13
4.44545e-13
4.02827e-13
2.80001e-13
1.68592e-13
9.18349e-14
3.84426e-14
1
1
1
1
1
1
1
1
1
1
1
1
1
1
1
0.999999
0.999998
1
1.00001
1.00001
0.999981
0.99992
0.999898
1.00003
1.00037
1.00072
1.0006
0.999477
0.997308
0.995067
0.994833
0.999056
1.0091
1.02363
1.03768
1.04308
1.03026
0.990991
0.920978
0.821393
0.69886
0.563921
0.428622
0.303983
0.19809
0.115169
0.0556884
0.0171873
-0.00452789
-0.0142137
-0.0162865
-0.0142901
-0.0107132
-0.00706217
-0.00407306
-0.00196486
-0.000665775
1.83123e-05
0.000298536
0.00035026
0.000296387
0.00021101
0.00013152
7.18136e-05
3.30753e-05
1.10838e-05
4.19743e-07
-3.57197e-06
-4.1822e-06
-3.41998e-06
-2.34394e-06
-1.41158e-06
-7.52309e-07
-3.46317e-07
-1.25493e-07
-2.12867e-08
1.82491e-08
2.65779e-08
2.2605e-08
1.56395e-08
9.47183e-09
5.12442e-09
2.46089e-09
1.00703e-09
3.02711e-10
1.09655e-11
-7.93095e-11
-8.52308e-11
-6.44042e-11
-4.11762e-11
-2.34281e-11
-1.20252e-11
-5.52183e-12
-2.18027e-12
-6.455e-13
-3.968e-14
1.39583e-13
1.50653e-13
1.12254e-13
6.56695e-14
1
1
1
1
1
1
1
1
1
1
1
1
1
1
1
1
0.999998
0.999997
1
1.00001
1.00001
0.999972
0.999919
0.99993
1.0001
1.00043
1.00064
1.00028
0.998968
0.996948
0.995427
0.996423
1.00187
1.01225
1.02527
1.03541
1.03466
1.01445
0.968109
0.892932
0.791258
0.670083
0.539499
0.410482
0.292739
0.193159
0.115154
0.0588437
0.0218441
0.000317554
-0.010021
-0.0131379
-0.0122322
-0.00958177
-0.0066038
-0.00403301
-0.00213601
-0.000905565
-0.000207917
0.000122136
0.000230658
0.000225396
0.000175165
0.000117765
7.00061e-05
3.64688e-05
1.58088e-05
4.63471e-06
-4.8185e-07
-2.20609e-06
-2.304e-06
-1.79774e-06
-1.1972e-06
-7.06149e-07
-3.70226e-07
-1.68106e-07
-6.01475e-08
-9.98308e-09
8.76155e-09
1.25994e-08
1.06604e-08
7.35913e-09
4.45989e-09
2.42376e-09
1.17672e-09
4.93619e-10
1.59485e-10
1.79463e-11
-2.87383e-11
-3.48939e-11
-2.74429e-11
-1.79763e-11
-1.04449e-11
-5.48792e-12
-2.60162e-12
-1.08398e-12
-3.64678e-13
-6.51524e-14
3.44324e-14
5.78534e-14
1
1
1
1
1
1
1
1
1
1
1
1
0.999999
1
1
1
1
0.999995
0.999994
1
1.00002
1.00001
0.999969
0.99992
0.999952
1.00014
1.00042
1.00049
0.999971
0.998668
0.997049
0.996402
0.998482
1.00456
1.01422
1.02437
1.02923
1.02129
0.993191
0.939828
0.860002
0.756995
0.637964
0.512397
0.390149
0.279634
0.186614
0.113751
0.0608592
0.0256373
0.00458375
-0.00614554
-0.0100937
-0.0101297
-0.00832113
-0.00598552
-0.00383998
-0.00218201
-0.0010552
-0.000376941
-2.32121e-05
0.000124056
0.000156623
0.000136232
9.91704e-05
6.35536e-05
3.62325e-05
1.80675e-05
7.36975e-06
1.83516e-06
-5.59781e-07
-1.27493e-06
-1.227e-06
-9.22004e-07
-5.99504e-07
-3.47539e-07
-1.79818e-07
-8.08375e-08
-2.87483e-08
-4.82713e-09
4.02933e-09
5.83288e-09
4.93467e-09
3.4079e-09
2.07025e-09
1.13155e-09
5.5576e-10
2.38809e-10
8.21386e-11
1.42915e-11
-9.39135e-12
-1.38155e-11
-1.14308e-11
-7.69958e-12
-4.57435e-12
-2.45938e-12
-1.20047e-12
-5.23002e-13
-1.95321e-13
-2.59255e-14
1
1
1
1
1
1
1
1
1
1
1
1
0.999999
0.999999
1
1
1
0.999996
0.99999
0.999995
1.00001
1.00003
1.00002
0.999957
0.999902
0.999941
1.00013
1.00037
1.00037
0.999832
0.99873
0.997654
0.997802
1.0005
1.0063
1.01394
1.01981
1.01817
1.00227
0.966081
0.906073
0.822352
0.718909
0.602852
0.482942
0.367882
0.264848
0.178556
0.110991
0.0617091
0.0284988
0.00817561
-0.00269419
-0.00725936
-0.00807647
-0.00700728
-0.00526308
-0.00353047
-0.00212334
-0.00112332
-0.000489775
-0.000134412
3.51011e-05
9.46767e-05
9.79896e-05
7.84454e-05
5.41785e-05
3.33251e-05
1.83021e-05
8.76093e-06
3.36071e-06
6.7936e-07
-4.17511e-07
-7.0134e-07
-6.34817e-07
-4.62625e-07
-2.94882e-07
-1.68523e-07
-8.62956e-08
-3.85424e-08
-1.37084e-08
-2.39837e-09
1.77448e-09
2.63871e-09
2.24337e-09
1.55384e-09
9.47716e-10
5.21527e-10
2.59254e-10
1.14006e-10
4.14045e-11
9.28002e-12
-2.51042e-12
-5.25357e-12
-4.64561e-12
-3.23335e-12
-1.96763e-12
-1.0822e-12
-5.46933e-13
-2.02479e-13
1
1
1
1
1
1
1
1
1
1
1
1
0.999999
0.999999
1
1
1
0.999997
0.999989
0.999988
1.00001
1.00004
1.00005
1.00001
0.999915
0.999847
0.999901
1.00012
1.00038
1.00041
0.999992
0.999193
0.9986
0.999171
1.00171
1.00604
1.01027
1.01052
1.00138
0.977087
0.933002
0.867026
0.780365
0.677476
0.565229
0.451559
0.344027
0.248637
0.169154
0.10697
0.0614274
0.0304134
0.011043
0.000261594
-0.00471465
-0.00614981
-0.00570737
-0.00448936
-0.00314217
-0.0019839
-0.00112287
-0.000551584
-0.000211842
-3.41467e-05
4.24413e-05
6.32034e-05
5.77998e-05
4.34327e-05
2.87159e-05
1.70445e-05
9.05136e-06
4.1701e-06
1.50345e-06
2.29022e-07
-2.63917e-07
-3.71011e-07
-3.20259e-07
-2.27596e-07
-1.42696e-07
-8.06079e-08
-4.0957e-08
-1.82312e-08
-6.5209e-09
-1.21523e-09
7.45748e-10
1.16665e-09
1.00198e-09
6.97799e-10
4.27958e-10
2.37334e-10
1.19451e-10
5.37005e-11
2.04521e-11
5.43098e-12
-3.32952e-13
-1.89623e-12
-1.83707e-12
-1.32971e-12
-8.34544e-13
-4.19172e-13
1
1
1
1
1
1
1
1
1
1
1
1
0.999999
0.999999
1
1
1
0.999999
0.99999
0.999985
0.999998
1.00003
1.00006
1.00004
0.999955
0.999829
0.999767
0.999881
1.00019
1.00056
1.00072
1.00047
0.999904
0.999468
0.999783
1.0011
1.00264
1.00209
0.995582
0.978299
0.945566
0.894116
0.823115
0.734619
0.633317
0.525677
0.418752
0.31899
0.231312
0.158635
0.101839
0.0601003
0.0314147
0.0131783
0.00268564
-0.00251199
-0.00440753
-0.00447618
-0.00371074
-0.00271059
-0.00178825
-0.00106893
-0.000570233
-0.000258469
-8.37628e-05
1.23466e-06
3.36075e-05
3.88446e-05
3.25742e-05
2.32718e-05
1.48278e-05
8.53006e-06
4.39459e-06
1.95364e-06
6.61796e-07
6.59517e-08
-1.5204e-07
-1.90002e-07
-1.57988e-07
-1.09979e-07
-6.80208e-08
-3.80701e-08
-1.92378e-08
-8.55849e-09
-3.09283e-09
-6.22272e-10
2.96673e-10
5.03943e-10
4.39743e-10
3.08715e-10
1.90666e-10
1.06653e-10
5.43606e-11
2.49579e-11
9.91054e-12
2.97495e-12
2.06235e-13
-6.35568e-13
-7.03127e-13
-5.20494e-13
1
1
1
1
1
1
1
1
1
1
1
1
0.999999
0.999999
1
1
1
1
0.999991
0.999984
0.999993
1.00002
1.00006
1.00006
0.999994
0.999852
0.999715
0.999719
0.999975
1.00047
1.00101
1.0013
1.00112
1.00046
0.999571
0.998684
0.997557
0.994965
0.988419
0.974327
0.94864
0.907823
0.849864
0.774988
0.68585
0.587157
0.48485
0.385073
0.293217
0.213222
0.147261
0.0957881
0.0578548
0.0315758
0.0146107
0.00457398
-0.000677433
-0.00288733
-0.00335446
-0.00296483
-0.00226666
-0.0015594
-0.000976952
-0.000554923
-0.000278919
-0.000115392
-2.89002e-05
1.00148e-05
2.25922e-05
2.25167e-05
1.76914e-05
1.21252e-05
7.48403e-06
4.1882e-06
2.09963e-06
9.0305e-07
2.87564e-07
1.28558e-08
-8.22847e-08
-9.46366e-08
-7.63793e-08
-5.22749e-08
-3.19742e-08
-1.77673e-08
-8.94758e-09
-3.98802e-09
-1.46152e-09
-3.19333e-10
1.09864e-10
2.12476e-10
1.89628e-10
1.34565e-10
8.38201e-11
4.7331e-11
2.44355e-11
1.14457e-11
4.71604e-12
1.55269e-12
2.56241e-13
-2.66828e-13
1
1
1
1
1
1
1
1
1
1
1
1
0.999999
0.999999
1
1
1
1
0.999992
0.999985
0.99999
1.00002
1.00006
1.00007
1.00002
0.999886
0.999715
0.999636
0.999802
1.00029
1.00102
1.00172
1.002
1.00154
1.00021
0.997997
0.994775
0.989927
0.981982
0.968513
0.946402
0.912468
0.864285
0.800937
0.723472
0.634906
0.539786
0.443434
0.351093
0.267169
0.194731
0.135317
0.089032
0.0548465
0.0309999
0.015399
0.00594979
0.000786388
-0.00160803
-0.00236881
-0.00227953
-0.00183539
-0.00131732
-0.000861349
-0.00051506
-0.000278627
-0.000131674
-4.88466e-05
-7.50315e-06
9.52695e-06
1.38347e-05
1.24796e-05
9.31546e-06
6.16595e-06
3.70237e-06
2.02202e-06
9.89204e-07
4.12795e-07
1.23777e-07
-1.39418e-09
-4.25001e-08
-4.59994e-08
-3.62511e-08
-2.44699e-08
-1.48343e-08
-8.19927e-09
-4.12243e-09
-1.84464e-09
-6.87491e-10
-1.63155e-10
3.64953e-11
8.72945e-11
8.03226e-11
5.77901e-11
3.6362e-11
2.07445e-11
1.08498e-11
5.17774e-12
2.22864e-12
5.58314e-13
1
1
1
1
1
1
1
1
1
1
1
1
0.999999
0.999999
1
1
1
1
0.999993
0.999986
0.99999
1.00001
1.00005
1.00007
1.00004
0.999915
0.999738
0.999611
0.999696
1.00013
1.00091
1.00184
1.0025
1.0024
1.0011
0.99827
0.99368
0.98693
0.977174
0.962901
0.941944
0.911797
0.870172
0.815651
0.74822
0.669515
0.5827
0.492016
0.402114
0.317368
0.241293
0.176198
0.12309
0.0817959
0.0512462
0.0298094
0.0156227
0.00685705
0.001896
-0.00057206
-0.00153275
-0.00167313
-0.00143531
-0.00107809
-0.000734599
-0.000459396
-0.000263146
-0.000135725
-6.00683e-05
-1.94074e-05
-2.87233e-07
6.80736e-06
7.95405e-06
6.6711e-06
4.77671e-06
3.06932e-06
1.79925e-06
9.61748e-07
4.60404e-07
1.86991e-07
5.29773e-08
-3.50592e-09
-2.11445e-08
-2.18745e-08
-1.69152e-08
-1.12916e-08
-6.79776e-09
-3.74342e-09
-1.88202e-09
-8.46898e-10
-3.21618e-10
-8.26153e-11
9.80932e-12
3.48489e-11
3.34009e-11
2.44488e-11
1.55658e-11
8.97671e-12
4.79158e-12
1.95046e-12
1
1
1
1
1
1
1
1
1
1
1
1
0.999999
0.999999
1
1
1
1
0.999993
0.999987
0.99999
1.00001
1.00005
1.00007
1.00004
0.999934
0.999764
0.999618
0.999648
1.00001
1.00077
1.00179
1.00271
1.00295
1.00188
0.998921
0.993603
0.985517
0.974109
0.958474
0.937238
0.908642
0.870855
0.822441
0.762843
0.692741
0.614135
0.530157
0.444635
0.361537
0.284419
0.216006
0.15796
0.110851
0.0743007
0.0472282
0.0281355
0.0153741
0.00735396
0.00268222
0.000231269
-0.000848743
-0.00115526
-0.00107868
-0.000853662
-0.000606732
-0.000395483
-0.000237631
-0.000130731
-6.4306e-05
-2.64896e-05
-7.08519e-06
1.48121e-06
4.27055e-06
4.36319e-06
3.46008e-06
2.39341e-06
1.4992e-06
8.60594e-07
4.51407e-07
2.12027e-07
8.40986e-08
2.26376e-08
-2.65098e-09
-1.01932e-08
-1.01966e-08
-7.76866e-09
-5.1407e-09
-3.07862e-09
-1.69155e-09
-8.51551e-10
-3.85888e-10
-1.49502e-10
-4.1339e-11
1.20766e-12
1.34568e-11
1.36225e-11
1.01846e-11
6.60354e-12
3.45661e-12
1
1
1
1
1
1
1
1
1
1
1
1
0.999999
0.999999
1
1
1
1
0.999993
0.999987
0.999991
1.00001
1.00004
1.00006
1.00004
0.999944
0.999785
0.999637
0.999637
0.999945
1.00065
1.00169
1.00274
1.00324
1.00244
0.999593
0.994006
0.985132
0.972482
0.955477
0.933304
0.904865
0.868894
0.824234
0.770203
0.706937
0.635597
0.558354
0.478163
0.398377
0.322287
0.252708
0.191677
0.140315
0.0988491
0.0667517
0.0429597
0.0261094
0.0147501
0.00750668
0.00318532
0.000822219
-0.000310508
-0.00072821
-0.000772145
-0.000651991
-0.000485205
-0.000329386
-0.00020652
-0.000119643
-6.33375e-05
-2.96977e-05
-1.12855e-05
-2.26096e-06
1.45932e-06
2.47633e-06
2.30605e-06
1.74887e-06
1.17501e-06
7.19963e-07
4.05785e-07
2.09374e-07
9.6747e-08
3.76151e-08
9.69639e-09
-1.55576e-09
-4.7802e-09
-4.66623e-09
-3.51509e-09
-2.31061e-09
-1.37866e-09
-7.56786e-10
-3.81921e-10
-1.74475e-10
-6.89995e-11
-2.04066e-11
-9.45333e-13
4.99041e-12
5.43942e-12
4.04902e-12
1
1
1
1
1
1
1
1
1
1
1
1
0.999999
0.999999
1
1
1
1
0.999993
0.999988
0.999992
1.00001
1.00004
1.00006
1.00004
0.999946
0.999797
0.999656
0.999646
0.999919
1.00058
1.00159
1.00269
1.00333
1.00277
1.00012
0.994532
0.985293
0.971848
0.95374
0.930489
0.901495
0.866022
0.82332
0.772852
0.71456
0.649092
0.577896
0.503151
0.427533
0.353887
0.284865
0.222622
0.168611
0.123515
0.0872966
0.0593304
0.0385932
0.0238548
0.0138459
0.00738375
0.00345049
0.00122717
9.44818e-05
-0.000388672
-0.000517695
-0.000477529
-0.000375031
-0.00026562
-0.000173372
-0.000104997
-5.88093e-05
-3.00006e-05
-1.33929e-05
-4.6361e-06
-5.37181e-07
1.0286e-06
1.35928e-06
1.18198e-06
8.64266e-07
5.66442e-07
3.40501e-07
1.88878e-07
9.60825e-08
4.37908e-08
1.67551e-08
4.17856e-09
-8.04152e-10
-2.18671e-09
-2.0988e-09
-1.56813e-09
-1.02592e-09
-6.10727e-10
-3.35311e-10
-1.69806e-10
-7.82659e-11
-3.15987e-11
-9.92164e-12
-1.15871e-12
2.27008e-12
1
1
1
1
1
1
1
1
1
1
1
1
0.999999
0.999999
1
1
1
1
0.999993
0.999988
0.999992
1.00001
1.00004
1.00006
1.00003
0.999945
0.999803
0.999669
0.99966
0.999916
1.00054
1.00152
1.00261
1.00333
1.00292
1.00046
0.994994
0.985661
0.971793
0.952928
0.928741
0.898951
0.863245
0.821286
0.772815
0.717817
0.656711
0.59048
0.520697
0.449418
0.378976
0.311705
0.249674
0.194464
0.147047
0.107759
0.0763659
0.0521886
0.034261
0.0214827
0.0127502
0.00705165
0.00352406
0.00147557
0.000382665
-0.000129327
-0.000313775
-0.00033185
-0.000279088
-0.000207244
-0.000140844
-8.88263e-05
-5.21334e-05
-2.82943e-05
-1.39236e-05
-5.9075e-06
-1.82945e-06
-7.93923e-09
6.29947e-07
7.1571e-07
5.90244e-07
4.18678e-07
2.6862e-07
1.58815e-07
8.68876e-08
4.36697e-08
1.9681e-08
7.44089e-09
1.81698e-09
-3.81479e-10
-9.7758e-10
-9.28675e-10
-6.9016e-10
-4.50176e-10
-2.67717e-10
-1.47165e-10
-7.48495e-11
-3.48099e-11
-1.45147e-11
-3.21897e-12
1
1
1
1
1
1
1
1
1
1
1
1
0.999999
0.999999
1
1
1
1
0.999993
0.999988
0.999992
1.00001
1.00004
1.00006
1.00003
0.999943
0.999804
0.999677
0.999672
0.999923
1.00053
1.00147
1.00254
1.00328
1.00296
1.00064
0.995323
0.986036
0.972003
0.952694
0.927821
0.897273
0.861028
0.819097
0.771526
0.718478
0.660346
0.597875
0.532226
0.46496
0.397923
0.333071
0.272253
0.217014
0.168455
0.127157
0.093191
0.0661867
0.0454461
0.0300717
0.0190879
0.0115414
0.00657152
0.00345052
0.00159737
0.000572372
5.96019e-05
-0.000156338
-0.000214342
-0.000198523
-0.000156056
-0.000110745
-7.2648e-05
-4.44405e-05
-2.5346e-05
-1.33545e-05
-6.3446e-06
-2.55232e-06
-6.8869e-07
1.04594e-07
3.55502e-07
3.64481e-07
2.88154e-07
1.99232e-07
1.25499e-07
7.31378e-08
3.95418e-08
1.96743e-08
8.78951e-09
3.29719e-09
7.9864e-10
-1.68698e-10
-4.27617e-10
-4.04519e-10
-2.99818e-10
-1.95299e-10
-1.16164e-10
-6.39664e-11
-3.29686e-11
-1.26896e-11
1
1
1
1
1
1
1
1
1
1
1
1
0.999999
0.999999
1
1
1
1
0.999993
0.999988
0.999992
1.00001
1.00004
1.00006
1.00003
0.999942
0.999804
0.99968
0.999681
0.999933
1.00053
1.00145
1.0025
1.00323
1.00294
1.00071
0.99552
0.986331
0.972282
0.952761
0.927452
0.89631
0.859484
0.817236
0.769888
0.717822
0.661529
0.601686
0.539223
0.47535
0.411514
0.349295
0.290266
0.235829
0.187082
0.144728
0.109043
0.0799009
0.056847
0.0391902
0.0261095
0.0167475
0.0102859
0.00599701
0.00327047
0.00162118
0.000682203
0.000189064
-3.98121e-05
-0.000122879
-0.000133175
-0.000112837
-8.41607e-05
-5.75028e-05
-3.65751e-05
-2.17694e-05
-1.20929e-05
-6.19588e-06
-2.84379e-06
-1.08157e-06
-2.44199e-07
9.48973e-08
1.89754e-07
1.80526e-07
1.37891e-07
9.3287e-08
5.7838e-08
3.32898e-08
1.78172e-08
8.79247e-09
3.90298e-09
1.45854e-09
3.54978e-10
-6.97464e-11
-1.83142e-10
-1.73543e-10
-1.2861e-10
-8.37668e-11
-5.01943e-11
-2.42238e-11
1
1
1
1
1
1
1
1
1
1
1
1
0.999999
0.999999
1
1
1
1
0.999993
0.999988
0.999992
1.00001
1.00004
1.00006
1.00003
0.99994
0.999803
0.999681
0.999686
0.999941
1.00053
1.00144
1.00247
1.00318
1.0029
1.00073
0.995617
0.986526
0.972529
0.952942
0.927399
0.895854
0.858537
0.81587
0.768387
0.71668
0.661388
0.603229
0.543043
0.481828
0.420736
0.361033
0.304009
0.250868
0.202618
0.15998
0.123341
0.092745
0.0679308
0.0483959
0.0334775
0.0224347
0.0145204
0.00903727
0.00537313
0.00301923
0.00157289
0.000729819
0.000270162
4.20971e-05
-5.44068e-05
-8.19802e-05
-7.76058e-05
-6.1593e-05
-4.40238e-05
-2.91191e-05
-1.8023e-05
-1.04646e-05
-5.67331e-06
-2.83086e-06
-1.25602e-06
-4.50122e-07
-7.95172e-08
6.29616e-08
9.71525e-08
8.7308e-08
6.48142e-08
4.30406e-08
2.63219e-08
1.49889e-08
7.95453e-09
3.89999e-09
1.72398e-09
6.44215e-10
1.59401e-10
-2.67435e-11
-7.68108e-11
-7.33396e-11
-5.46752e-11
-3.28863e-11
1
1
1
1
1
1
1
1
1
1
1
1
0.999999
0.999999
1
1
1
1
0.999993
0.999988
0.999992
1.00001
1.00004
1.00006
1.00003
0.99994
0.999801
0.999681
0.999688
0.999946
1.00054
1.00144
1.00246
1.00316
1.00287
1.00071
0.99565
0.986635
0.972707
0.953132
0.92749
0.895707
0.858035
0.814982
0.767224
0.715521
0.660671
0.603484
0.544803
0.485525
0.426616
0.369102
0.314027
0.262388
0.215053
0.172693
0.135722
0.104283
0.0782519
0.0572797
0.0408484
0.028337
0.0190856
0.012449
0.00783627
0.00473597
0.00272628
0.00147494
0.000731147
0.000313414
9.57864e-05
-5.4306e-06
-4.33239e-05
-4.98567e-05
-4.31118e-05
-3.25198e-05
-2.24308e-05
-1.44237e-05
-8.71259e-06
-4.94594e-06
-2.62168e-06
-1.27584e-06
-5.47572e-07
-1.84227e-07
-2.23886e-08
3.65435e-08
4.81226e-08
4.13529e-08
2.99751e-08
1.95904e-08
1.18399e-08
6.68088e-09
3.52077e-09
1.71773e-09
7.57693e-10
2.84091e-10
7.21727e-11
-9.29845e-12
-3.13911e-11
-3.08114e-11
1
1
1
1
1
1
1
1
1
1
1
1
0.999999
0.999999
1
1
1
1
0.999993
0.999988
0.999992
1.00001
1.00004
1.00006
1.00003
0.999939
0.999801
0.99968
0.999688
0.999949
1.00054
1.00145
1.00245
1.00314
1.00284
1.00068
0.995649
0.986684
0.972818
0.953284
0.927622
0.895721
0.857823
0.814472
0.766425
0.714567
0.659824
0.603117
0.545344
0.48738
0.430092
0.374345
0.320992
0.270842
0.224613
0.182881
0.146034
0.114249
0.0874861
0.0655064
0.0479113
0.0341905
0.0237743
0.0160817
0.01056
0.00671208
0.00411302
0.00241518
0.00134595
0.000699923
0.000328279
0.000127313
2.76176e-05
-1.53256e-05
-2.8763e-05
-2.84886e-05
-2.30583e-05
-1.66917e-05
-1.11686e-05
-7.00538e-06
-4.13996e-06
-2.3023e-06
-1.19518e-06
-5.68065e-07
-2.36021e-07
-7.42636e-08
-4.41769e-09
1.96151e-08
2.31915e-08
1.92258e-08
1.36587e-08
8.80534e-09
5.26795e-09
2.94968e-09
1.54569e-09
7.51522e-10
3.3141e-10
1.24965e-10
3.35966e-11
-8.78312e-12
1
1
1
1
1
1
1
1
1
1
1
1
0.999999
0.999999
1
1
1
1
0.999993
0.999988
0.999992
1.00001
1.00004
1.00006
1.00003
0.999939
0.9998
0.999679
0.999688
0.99995
1.00055
1.00145
1.00246
1.00313
1.00283
1.00066
0.995636
0.986698
0.972876
0.953387
0.927742
0.895799
0.857777
0.814223
0.765937
0.713877
0.659071
0.60254
0.545254
0.488112
0.431947
0.377534
0.325591
0.276777
0.23167
0.190736
0.154305
0.122542
0.0954427
0.0728378
0.0544169
0.0397616
0.0283858
0.019776
0.0134264
0.00886735
0.00568357
0.00352402
0.00210386
0.00120077
0.00064752
0.000322887
0.000142112
4.81192e-05
3.94704e-06
-1.33413e-05
-1.73127e-05
-1.55421e-05
-1.19524e-05
-8.36053e-06
-5.44859e-06
-3.3429e-06
-1.93689e-06
-1.05707e-06
-5.3828e-07
-2.50233e-07
-1.00748e-07
-2.95368e-08
3.01947e-10
9.98159e-09
1.09172e-08
8.78967e-09
6.1392e-09
3.91161e-09
2.31998e-09
1.29068e-09
6.73366e-10
3.26533e-10
1.45807e-10
4.04259e-11
1
1
1
1
1
1
1
1
1
1
1
1
0.999999
0.999999
1
1
1
1
0.999993
0.999988
0.999992
1.00001
1.00004
1.00006
1.00003
0.999939
0.9998
0.999679
0.999687
0.99995
1.00055
1.00145
1.00246
1.00313
1.00282
1.00065
0.99562
0.986695
0.972899
0.953448
0.927832
0.895886
0.857807
0.814133
0.765674
0.713431
0.658498
0.601974
0.544902
0.488227
0.432788
0.379318
0.328456
0.280752
0.236667
0.196565
0.1607
0.129199
0.102057
0.0791392
0.0601921
0.0448664
0.0327463
0.0233809
0.0163142
0.0111107
0.00737456
0.00476102
0.00298193
0.00180526
0.00105071
0.00058298
0.000303953
0.000144849
5.91064e-05
1.63293e-05
-2.57257e-06
-9.08279e-06
-9.77233e-06
-8.17427e-06
-6.03287e-06
-4.09858e-06
-2.60998e-06
-1.56999e-06
-8.93525e-07
-4.79348e-07
-2.39799e-07
-1.09196e-07
-4.26579e-08
-1.16158e-08
1.02202e-09
4.88015e-09
5.03449e-09
3.95729e-09
2.72451e-09
1.71863e-09
1.01189e-09
5.59735e-10
2.93552e-10
1.17261e-10
1
1
1
1
1
1
1
1
1
1
1
1
0.999999
0.999999
1
1
1
1
0.999993
0.999988
0.999992
1.00001
1.00004
1.00006
1.00003
0.999939
0.9998
0.999679
0.999687
0.99995
1.00055
1.00146
1.00246
1.00313
1.00281
1.00064
0.995608
0.986686
0.972905
0.953477
0.927889
0.895958
0.857863
0.814126
0.765557
0.713173
0.658108
0.601516
0.544499
0.488054
0.433046
0.380202
0.330119
0.283278
0.240054
0.200724
0.165466
0.134356
0.107368
0.0843717
0.0651437
0.0493812
0.0367219
0.0267682
0.0191109
0.0133507
0.0091164
0.00607682
0.00394779
0.00249417
0.00152801
0.000903962
0.0005132
0.000276811
0.000139366
6.31777e-05
2.34669e-05
4.51389e-06
-3.27444e-06
-5.4994e-06
-5.2634e-06
-4.17143e-06
-2.9755e-06
-1.97117e-06
-1.2298e-06
-7.26755e-07
-4.06965e-07
-2.14935e-07
-1.0579e-07
-4.72623e-08
-1.79447e-08
-4.52911e-09
7.85598e-10
2.31094e-09
2.27935e-09
1.7566e-09
1.1948e-09
7.47043e-10
4.40188e-10
2.1015e-10
1
1
1
1
1
1
1
1
1
1
1
1
0.999999
0.999999
1
1
1
1
0.999993
0.999988
0.999992
1.00001
1.00004
1.00006
1.00003
0.999939
0.9998
0.999678
0.999687
0.99995
1.00055
1.00146
1.00246
1.00314
1.00281
1.00063
0.9956
0.986676
0.972901
0.953489
0.927921
0.896008
0.857917
0.814154
0.765522
0.713043
0.657868
0.601187
0.544147
0.487788
0.43301
0.380551
0.330996
0.284787
0.242243
0.203573
0.168889
0.138216
0.111492
0.0885746
0.0692506
0.0532426
0.0402251
0.0298417
0.021723
0.0155044
0.0108409
0.00741889
0.00496352
0.00324203
0.00206373
0.00127725
0.000766075
0.000443192
0.000245529
0.000128716
6.24721e-05
2.67693e-05
8.78938e-06
6.14053e-07
-2.45912e-06
-3.09795e-06
-2.7329e-06
-2.07489e-06
-1.43798e-06
-9.31861e-07
-5.70876e-07
-3.32012e-07
-1.83208e-07
-9.53944e-08
-4.62641e-08
-2.03122e-08
-7.51147e-09
-1.75684e-09
4.65649e-10
1.06548e-09
1.01489e-09
7.69326e-10
5.20686e-10
2.91484e-10
1
1
1
1
1
1
1
1
1
1
1
1
0.999999
0.999999
1
1
1
1
0.999993
0.999988
0.999992
1.00001
1.00004
1.00006
1.00003
0.999939
0.9998
0.999678
0.999686
0.999949
1.00055
1.00146
1.00246
1.00314
1.00281
1.00063
0.995595
0.986669
0.972895
0.95349
0.927936
0.896039
0.857958
0.81419
0.765528
0.71299
0.657736
0.600974
0.543881
0.487531
0.432855
0.380613
0.331393
0.285621
0.243583
0.205441
0.171256
0.141004
0.114588
0.0918428
0.0725496
0.0564412
0.043214
0.0325402
0.0240821
0.0175044
0.0124876
0.00873686
0.00598985
0.00402008
0.00263815
0.00169031
0.00105537
0.000640448
0.000376384
0.000213072
0.000115224
5.86849e-05
2.73953e-05
1.09997e-05
3.03348e-06
-3.977e-07
-1.54747e-06
-1.6589e-06
-1.37713e-06
-1.00938e-06
-6.82424e-07
-4.33729e-07
-2.6141e-07
-1.49856e-07
-8.16014e-08
-4.19468e-08
-2.00744e-08
-8.67717e-09
-3.13341e-09
-6.80823e-10
2.44647e-10
4.80019e-10
4.4585e-10
3.16831e-10
1
1
1
1
1
1
1
1
1
1
1
1
0.999999
0.999999
1
1
1
1
0.999993
0.999988
0.999992
1.00001
1.00004
1.00006
1.00003
0.999939
0.9998
0.999678
0.999686
0.999949
1.00055
1.00146
1.00246
1.00314
1.00281
1.00063
0.995593
0.986665
0.97289
0.953488
0.927941
0.896056
0.857986
0.814222
0.765549
0.71298
0.657674
0.60085
0.5437
0.487324
0.432678
0.380543
0.33152
0.286034
0.244352
0.206608
0.172828
0.142948
0.116836
0.0943043
0.0751184
0.0590105
0.0456866
0.034837
0.0261461
0.0193024
0.0140082
0.00998705
0.00699001
0.00479929
0.00322969
0.00212809
0.00137126
0.0008627
0.000528818
0.000314936
0.00018149
0.000100593
5.31103e-05
2.62631e-05
1.17576e-05
4.36972e-06
9.13306e-07
-4.86005e-07
-8.86127e-07
-8.54686e-07
-6.76616e-07
-4.81502e-07
-3.18599e-07
-1.99032e-07
-1.18214e-07
-6.68925e-08
-3.59913e-08
-1.8289e-08
-8.64949e-09
-3.68784e-09
-1.30447e-09
-2.64516e-10
1.16592e-10
2.29229e-10
1
1
1
1
1
1
1
1
1
1
1
1
0.999999
0.999999
1
1
1
1
0.999993
0.999988
0.999992
1.00001
1.00004
1.00006
1.00003
0.999939
0.9998
0.999678
0.999686
0.999949
1.00055
1.00146
1.00246
1.00314
1.00282
1.00063
0.995592
0.986662
0.972886
0.953484
0.927941
0.896063
0.858002
0.814245
0.76557
0.712987
0.657652
0.600785
0.543588
0.487176
0.432523
0.380431
0.331513
0.2862
0.244755
0.207297
0.173827
0.144253
0.118415
0.0961002
0.0770583
0.0610133
0.0476723
0.0367345
0.0278985
0.0208702
0.0153693
0.0111354
0.00793273
0.00555304
0.00381712
0.00257458
0.00170239
0.00110238
0.000698148
0.000431685
0.00026002
0.000152094
8.60054e-05
4.66963e-05
2.40733e-05
1.15485e-05
4.9397e-06
1.66946e-06
2.00009e-07
-3.53156e-07
-4.77333e-07
-4.26904e-07
-3.2525e-07
-2.25703e-07
-1.46546e-07
-9.01523e-08
-5.28452e-08
-2.9555e-08
-1.57318e-08
-7.91238e-09
-3.70349e-09
-1.55962e-09
-5.51198e-10
-3.02789e-11
1
1
1
1
1
1
1
1
1
1
1
1
0.999999
0.999999
1
1
1
1
0.999993
0.999988
0.999992
1.00001
1.00004
1.00006
1.00003
0.999939
0.9998
0.999678
0.999686
0.999949
1.00055
1.00146
1.00246
1.00314
1.00282
1.00063
0.995592
0.986661
0.972884
0.953481
0.927939
0.896065
0.85801
0.814259
0.765588
0.713
0.65765
0.600756
0.543525
0.487079
0.432406
0.380321
0.331452
0.286236
0.24494
0.207676
0.17443
0.145094
0.119485
0.0973691
0.0784795
0.0625293
0.0492216
0.0382578
0.0293443
0.0221982
0.0165522
0.0121589
0.0087942
0.00625919
0.00438136
0.00301441
0.00203704
0.00135104
0.00087863
0.000559667
0.00034868
0.000212083
0.000125632
7.22305e-05
4.01054e-05
2.13401e-05
1.07425e-05
4.99419e-06
2.03132e-06
6.07832e-07
-4.50262e-09
-2.15589e-07
-2.46008e-07
-2.07793e-07
-1.53369e-07
-1.04139e-07
-6.64954e-08
-4.0348e-08
-2.33727e-08
-1.29349e-08
-6.81936e-09
-3.39708e-09
-1.5931e-09
-5.05985e-10
1
1
1
1
1
1
1
1
1
1
1
1
0.999999
0.999999
1
1
1
1
0.999993
0.999988
0.999992
1.00001
1.00004
1.00006
1.00003
0.999939
0.9998
0.999678
0.999686
0.999949
1.00055
1.00146
1.00246
1.00314
1.00282
1.00063
0.995592
0.986661
0.972883
0.953479
0.927937
0.896065
0.858014
0.814267
0.7656
0.713013
0.657656
0.600747
0.543493
0.487022
0.432326
0.380233
0.331379
0.286213
0.245004
0.207864
0.174774
0.145614
0.120184
0.0982365
0.0794893
0.063644
0.0503968
0.0394473
0.0305046
0.0232922
0.0175517
0.0130455
0.00955884
0.00690127
0.00490689
0.00343403
0.00236417
0.00160016
0.00106404
0.00069458
0.00044467
0.000278866
0.00017106
0.000102433
5.97209e-05
3.37736e-05
1.84244e-05
9.61181e-06
4.72454e-06
2.12586e-06
8.17277e-07
2.07365e-07
-4.27718e-08
-1.19979e-07
-1.22515e-07
-9.89265e-08
-7.10886e-08
-4.73626e-08
-2.97966e-08
-1.78584e-08
-1.02357e-08
-5.60874e-09
-2.95841e-09
-1.2063e-09
1
1
1
1
1
1
1
1
1
1
1
1
0.999999
0.999999
1
1
1
1
0.999993
0.999988
0.999992
1.00001
1.00004
1.00006
1.00003
0.999939
0.9998
0.999678
0.999686
0.999949
1.00055
1.00146
1.00246
1.00314
1.00282
1.00063
0.995592
0.986661
0.972882
0.953478
0.927936
0.896064
0.858015
0.814271
0.765608
0.713023
0.657664
0.600748
0.543481
0.486991
0.432276
0.38017
0.331315
0.28617
0.245007
0.207943
0.174955
0.145918
0.120623
0.0988094
0.0801848
0.06444
0.0512636
0.0403511
0.031411
0.0241697
0.018374
0.0137929
0.0102191
0.00746892
0.00538245
0.00382267
0.00267426
0.00184189
0.00124827
0.000831895
0.000544809
0.000350331
0.000220974
0.00013655
8.25368e-05
4.86963e-05
2.79636e-05
1.55657e-05
8.34783e-06
4.27142e-06
2.04991e-06
8.91416e-07
3.21435e-07
6.39775e-08
-3.6174e-08
-6.29028e-08
-5.93359e-08
-4.61937e-08
-3.24438e-08
-2.12581e-08
-1.31983e-08
-7.81975e-09
-4.47461e-09
-2.08106e-09
1
1
1
1
1
1
1
1
1
1
1
1
0.999999
0.999999
1
1
1
1
0.999993
0.999988
0.999992
1.00001
1.00004
1.00006
1.00003
0.999939
0.9998
0.999678
0.999686
0.999949
1.00055
1.00146
1.00246
1.00314
1.00282
1.00063
0.995592
0.986661
0.972882
0.953477
0.927935
0.896063
0.858014
0.814273
0.765612
0.713029
0.657671
0.600752
0.543478
0.486976
0.432248
0.380128
0.331267
0.286126
0.244986
0.207964
0.17504
0.146085
0.120885
0.0991741
0.0806487
0.0649919
0.0518854
0.0410196
0.0321008
0.0248555
0.0190331
0.0144069
0.0107744
0.00795755
0.00580124
0.00417273
0.0029599
0.00206962
0.00142578
0.000967255
0.000645833
0.000424152
0.000273801
0.000173578
0.000107957
6.57863e-05
3.92125e-05
2.28111e-05
1.29111e-05
7.07861e-06
3.73411e-06
1.87472e-06
8.78342e-07
3.68497e-07
1.23401e-07
1.62392e-08
-2.30464e-08
-3.15922e-08
-2.80708e-08
-2.1202e-08
-1.45996e-08
-9.42228e-09
-5.82132e-09
-3.00131e-09
1
1
1
1
1
1
1
1
1
1
1
1
0.999999
0.999999
1
1
1
1
0.999993
0.999988
0.999992
1.00001
1.00004
1.00006
1.00003
0.999939
0.9998
0.999678
0.999686
0.999949
1.00055
1.00146
1.00246
1.00314
1.00282
1.00063
0.995592
0.986661
0.972882
0.953477
0.927934
0.896062
0.858014
0.814273
0.765614
0.713033
0.657676
0.600757
0.543479
0.486971
0.432233
0.380103
0.331233
0.28609
0.244958
0.207958
0.175071
0.146169
0.121035
0.0993969
0.0809476
0.0653632
0.0523191
0.0415011
0.0326124
0.0253781
0.0195484
0.0148987
0.0112299
0.0083676
0.00616066
0.00447985
0.00321603
0.0022783
0.00159201
0.00109681
0.000744671
0.000498002
0.000327863
0.000212362
0.000135228
8.45829e-05
5.19107e-05
3.12175e-05
1.83627e-05
1.05399e-05
5.88389e-06
3.17933e-06
1.65064e-06
8.13428e-07
3.72013e-07
1.50287e-07
4.6137e-08
2.11897e-09
-1.29658e-08
-1.53487e-08
-1.30137e-08
-9.57852e-09
-6.52054e-09
-3.74597e-09
1
1
1
1
1
1
1
1
1
1
1
1
0.999999
0.999999
1
1
1
1
0.999993
0.999988
0.999992
1.00001
1.00004
1.00006
1.00003
0.999939
0.9998
0.999678
0.999686
0.999949
1.00055
1.00146
1.00246
1.00314
1.00282
1.00063
0.995592
0.986661
0.972882
0.953477
0.927934
0.896061
0.858013
0.814273
0.765615
0.713035
0.657679
0.60076
0.543481
0.48697
0.432226
0.380089
0.331212
0.286065
0.244933
0.207943
0.175076
0.146205
0.121114
0.0995268
0.0811333
0.0656051
0.0526131
0.0418388
0.0329821
0.0257666
0.0199415
0.0152833
0.0115946
0.00870342
0.0064616
0.00474264
0.00343993
0.00246461
0.00174357
0.00121743
0.000838658
0.000569734
0.000381513
0.0002517
0.000163513
0.00010453
6.5709e-05
4.05801e-05
2.45933e-05
1.46055e-05
8.484e-06
4.80809e-06
2.64909e-06
1.41165e-06
7.2171e-07
3.49235e-07
1.55893e-07
6.05154e-08
1.6739e-08
-1.11897e-09
-6.78119e-09
-7.25733e-09
-5.94773e-09
-3.99911e-09
1
1
1
1
1
1
1
1
1
1
1
1
0.999999
0.999999
1
1
1
1
0.999993
0.999988
0.999992
1.00001
1.00004
1.00006
1.00003
0.999939
0.9998
0.999678
0.999686
0.999949
1.00055
1.00146
1.00246
1.00314
1.00282
1.00063
0.995592
0.986661
0.972882
0.953477
0.927934
0.896061
0.858013
0.814273
0.765615
0.713036
0.657681
0.600763
0.543484
0.486971
0.432224
0.380082
0.3312
0.286047
0.244914
0.207926
0.17507
0.146217
0.121151
0.0995983
0.081244
0.0657575
0.0528065
0.0420692
0.0332427
0.0260482
0.0202343
0.0155769
0.0118797
0.00897205
0.00670768
0.00496219
0.00363096
0.0026269
0.00187833
0.00132689
0.000925692
0.000637526
0.000433267
0.000290441
0.00019196
0.000125026
8.02017e-05
5.06387e-05
3.14458e-05
1.91875e-05
1.14907e-05
6.74362e-06
3.87087e-06
2.16737e-06
1.17932e-06
6.20132e-07
3.12383e-07
1.48497e-07
6.4696e-08
2.40775e-08
5.86024e-09
-1.30355e-09
-3.36542e-09
-3.3601e-09
1
1
1
1
1
1
1
1
1
1
1
1
0.999999
0.999999
1
1
1
1
0.999993
0.999988
0.999992
1.00001
1.00004
1.00006
1.00003
0.999939
0.9998
0.999678
0.999686
0.999949
1.00055
1.00146
1.00246
1.00314
1.00282
1.00063
0.995592
0.986661
0.972882
0.953477
0.927933
0.896061
0.858013
0.814273
0.765615
0.713036
0.657682
0.600765
0.543486
0.486972
0.432224
0.380079
0.331193
0.286037
0.244901
0.207913
0.17506
0.146216
0.121166
0.0996348
0.0813068
0.06585
0.0529299
0.0422221
0.0334215
0.0262476
0.0204472
0.015796
0.0120976
0.00918209
0.00690437
0.00514145
0.00379021
0.00276498
0.0019953
0.00142381
0.0010043
0.000699969
0.000481887
0.000327566
0.000219771
0.000145474
9.49617e-05
6.11009e-05
3.87291e-05
2.41676e-05
1.48352e-05
8.94952e-06
5.29939e-06
3.07537e-06
1.74549e-06
9.66199e-07
5.19526e-07
2.69744e-07
1.3396e-07
6.25875e-08
2.66153e-08
9.46632e-09
2.02285e-09
-1.3671e-09
1
1
1
1
1
1
1
1
1
1
1
1
0.999999
0.999999
1
1
1
1
0.999993
0.999988
0.999992
1.00001
1.00004
1.00006
1.00003
0.999939
0.9998
0.999678
0.999686
0.999949
1.00055
1.00146
1.00246
1.00314
1.00282
1.00063
0.995592
0.986661
0.972882
0.953477
0.927933
0.896061
0.858012
0.814272
0.765614
0.713036
0.657683
0.600766
0.543487
0.486973
0.432224
0.380078
0.33119
0.286031
0.244892
0.207903
0.175051
0.146212
0.12117
0.0996513
0.0813403
0.0659038
0.0530059
0.0423207
0.0335411
0.0263852
0.0205984
0.0159557
0.0122604
0.0093427
0.00705814
0.00528461
0.00392004
0.00287984
0.00209455
0.00150766
0.00107362
0.000756111
0.000526444
0.000362245
0.000246254
0.000165325
0.000109574
7.16664e-05
4.62348e-05
2.94073e-05
1.843e-05
1.13734e-05
6.90557e-06
4.12118e-06
2.41442e-06
1.38634e-06
7.78499e-07
4.2628e-07
2.26645e-07
1.16265e-07
5.69602e-08
2.61533e-08
1.10038e-08
2.46792e-09
1
1
1
1
1
1
1
1
1
1
1
1
0.999999
0.999999
1
1
1
1
0.999993
0.999988
0.999992
1.00001
1.00004
1.00006
1.00003
0.999939
0.9998
0.999678
0.999686
0.999949
1.00055
1.00146
1.00246
1.00314
1.00282
1.00063
0.995592
0.986661
0.972882
0.953477
0.927933
0.896061
0.858012
0.814272
0.765614
0.713036
0.657683
0.600766
0.543488
0.486974
0.432225
0.380078
0.331189
0.286028
0.244887
0.207896
0.175044
0.146206
0.121169
0.0996572
0.0813567
0.0659336
0.0530511
0.0423823
0.033619
0.0264778
0.0207034
0.0160696
0.0123794
0.00946288
0.00717578
0.0053965
0.00402362
0.00297333
0.00217693
0.00157861
0.00113341
0.00080544
0.000566329
0.000393869
0.000270856
0.000184114
0.000123666
8.20496e-05
5.37538e-05
3.47596e-05
2.2176e-05
1.39514e-05
8.65022e-06
5.28224e-06
3.17417e-06
1.87509e-06
1.0875e-06
6.18194e-07
3.43665e-07
1.86259e-07
9.79838e-08
4.96636e-08
2.42789e-08
8.6164e-09
1
1
1
1
1
1
1
1
1
1
1
1
0.999999
0.999999
1
1
1
1
0.999993
0.999988
0.999992
1.00001
1.00004
1.00006
1.00003
0.999939
0.9998
0.999678
0.999686
0.999949
1.00055
1.00146
1.00246
1.00314
1.00282
1.00063
0.995592
0.986661
0.972882
0.953477
0.927934
0.896061
0.858012
0.814272
0.765614
0.713036
0.657683
0.600766
0.543488
0.486975
0.432226
0.380078
0.331188
0.286026
0.244884
0.207892
0.175039
0.146201
0.121166
0.0996581
0.0813637
0.065949
0.0530767
0.0424195
0.0336682
0.0265386
0.0207744
0.016149
0.0124644
0.0095509
0.00726392
0.00548214
0.00410456
0.00304786
0.00224389
0.00163739
0.00118387
0.000847845
0.000601246
0.000422059
0.000293185
0.000201476
0.000136925
9.19984e-05
6.10913e-05
4.00804e-05
2.59705e-05
1.66133e-05
1.04874e-05
6.52978e-06
4.00769e-06
2.42301e-06
1.44183e-06
8.43555e-07
4.84594e-07
2.72868e-07
1.5026e-07
8.06097e-08
4.23918e-08
1.74877e-08
1
1
1
1
1
1
1
1
1
1
1
1
0.999999
0.999999
1
1
1
1
0.999993
0.999988
0.999992
1.00001
1.00004
1.00006
1.00003
0.999939
0.9998
0.999678
0.999686
0.999949
1.00055
1.00146
1.00246
1.00314
1.00282
1.00063
0.995592
0.986661
0.972882
0.953477
0.927934
0.896061
0.858012
0.814272
0.765614
0.713036
0.657683
0.600766
0.543488
0.486975
0.432226
0.380079
0.331188
0.286026
0.244883
0.207889
0.175036
0.146197
0.121163
0.0996568
0.0813659
0.0659562
0.0530906
0.0424411
0.0336983
0.0265774
0.0208214
0.016203
0.012524
0.00961402
0.00732859
0.00554637
0.00416654
0.00310608
0.00229722
0.00168509
0.00122558
0.00088354
0.000631169
0.000446648
0.000313008
0.000217161
0.000149114
0.000101307
6.80783e-05
4.52377e-05
2.97151e-05
1.92883e-05
1.2368e-05
7.83113e-06
4.89413e-06
3.01743e-06
1.83422e-06
1.09853e-06
6.47655e-07
3.75477e-07
2.13771e-07
1.19236e-07
6.56678e-08
2.93864e-08
1
1
1
1
1
1
1
1
1
1
1
1
0.999999
0.999999
1
1
1
1
0.999993
0.999988
0.999992
1.00001
1.00004
1.00006
1.00003
0.999939
0.9998
0.999678
0.999686
0.999949
1.00055
1.00146
1.00246
1.00314
1.00282
1.00063
0.995592
0.986661
0.972882
0.953477
0.927934
0.896061
0.858012
0.814272
0.765614
0.713036
0.657683
0.600766
0.543489
0.486976
0.432227
0.380079
0.331188
0.286026
0.244882
0.207888
0.175034
0.146195
0.12116
0.0996551
0.0813659
0.0659591
0.0530975
0.0424531
0.0337162
0.0266015
0.0208517
0.016239
0.0125647
0.00965834
0.00737508
0.00559358
0.00421306
0.00315066
0.00233886
0.00172304
0.00125938
0.000912989
0.000656294
0.000467658
0.000330239
0.000231032
0.000160079
0.000109823
7.45804e-05
5.01197e-05
3.33212e-05
2.19095e-05
1.42435e-05
9.15225e-06
5.81055e-06
3.64346e-06
2.25543e-06
1.37766e-06
8.2984e-07
4.92576e-07
2.87881e-07
1.65381e-07
9.41723e-08
4.44785e-08
1
1
1
1
1
1
1
1
1
1
1
1
0.999999
0.999999
1
1
1
1
0.999993
0.999988
0.999992
1.00001
1.00004
1.00006
1.00003
0.999939
0.9998
0.999678
0.999686
0.999949
1.00055
1.00146
1.00246
1.00314
1.00282
1.00063
0.995592
0.986661
0.972882
0.953477
0.927934
0.896061
0.858012
0.814272
0.765614
0.713036
0.657683
0.600766
0.543489
0.486976
0.432227
0.380079
0.331189
0.286026
0.244882
0.207887
0.175032
0.146193
0.121158
0.0996534
0.0813651
0.0659598
0.0531006
0.0424594
0.0337264
0.026616
0.0208707
0.0162623
0.012592
0.00968881
0.00740784
0.0056276
0.0042473
0.00318415
0.00237075
0.00175265
0.00128624
0.000936816
0.000676982
0.000485256
0.000344918
0.000243048
0.000169737
0.00011745
8.05007e-05
5.46391e-05
3.67153e-05
2.44182e-05
1.60689e-05
1.04602e-05
6.73356e-06
4.28516e-06
2.69497e-06
1.67432e-06
1.02714e-06
6.21876e-07
3.71377e-07
2.18475e-07
1.27694e-07
6.27688e-08
1
1
1
1
1
1
1
1
1
1
1
1
0.999999
0.999999
1
1
1
1
0.999993
0.999988
0.999992
1.00001
1.00004
1.00006
1.00003
0.999939
0.9998
0.999678
0.999686
0.999949
1.00055
1.00146
1.00246
1.00314
1.00282
1.00063
0.995592
0.986661
0.972882
0.953477
0.927934
0.896061
0.858012
0.814272
0.765614
0.713036
0.657683
0.600766
0.543489
0.486976
0.432227
0.380079
0.331189
0.286026
0.244882
0.207887
0.175032
0.146192
0.121157
0.0996521
0.0813641
0.0659596
0.0531017
0.0424625
0.0337319
0.0266244
0.0208823
0.0162772
0.0126099
0.00970933
0.00743046
0.00565164
0.00427203
0.00320884
0.00239473
0.00177534
0.0013072
0.000955736
0.000693695
0.000499717
0.000357185
0.000253256
0.000178077
0.000124143
8.5781e-05
5.87354e-05
3.98416e-05
2.67665e-05
1.78054e-05
1.17249e-05
7.64096e-06
4.92661e-06
3.14184e-06
1.98117e-06
1.23484e-06
7.60472e-07
4.62555e-07
2.77576e-07
1.65752e-07
8.40945e-08
1
1
1
1
1
1
1
1
1
1
1
1
0.999999
0.999999
1
1
1
1
0.999993
0.999988
0.999992
1.00001
1.00004
1.00006
1.00003
0.999939
0.9998
0.999678
0.999686
0.999949
1.00055
1.00146
1.00246
1.00314
1.00282
1.00063
0.995592
0.986661
0.972882
0.953477
0.927934
0.896061
0.858012
0.814272
0.765614
0.713036
0.657683
0.600766
0.543489
0.486976
0.432227
0.380079
0.331189
0.286026
0.244882
0.207887
0.175032
0.146192
0.121156
0.0996512
0.0813632
0.0659591
0.0531019
0.0424638
0.0337347
0.0266292
0.0208892
0.0162863
0.0126213
0.00972284
0.00744576
0.0056683
0.00428955
0.0032267
0.00241242
0.00179241
0.00132325
0.000970488
0.000706953
0.000511384
0.000367245
0.000261765
0.000185142
0.000129905
9.03984e-05
6.23741e-05
4.26626e-05
2.89189e-05
1.94224e-05
1.29213e-05
8.51299e-06
5.55299e-06
3.58533e-06
2.29072e-06
1.44789e-06
9.05067e-07
5.59343e-07
3.41441e-07
2.07633e-07
1.08133e-07
1
1
1
1
1
1
1
1
1
1
1
1
0.999999
0.999999
1
1
1
1
0.999993
0.999988
0.999992
1.00001
1.00004
1.00006
1.00003
0.999939
0.9998
0.999678
0.999686
0.999949
1.00055
1.00146
1.00246
1.00314
1.00282
1.00063
0.995592
0.986661
0.972882
0.953477
0.927934
0.896061
0.858012
0.814272
0.765614
0.713036
0.657683
0.600766
0.543489
0.486976
0.432227
0.380079
0.331189
0.286026
0.244882
0.207887
0.175031
0.146191
0.121156
0.0996506
0.0813626
0.0659586
0.0531018
0.0424642
0.0337361
0.0266317
0.0208931
0.0162918
0.0126284
0.00973156
0.0074559
0.00567962
0.00430174
0.00323939
0.00242524
0.00180501
0.00133533
0.000981787
0.000717284
0.000520628
0.000375349
0.000268731
0.000191018
0.000134772
9.43606e-05
6.5545e-05
4.51588e-05
3.08529e-05
2.08976e-05
1.40295e-05
9.33328e-06
6.15136e-06
4.01561e-06
2.5958e-06
1.66121e-06
1.0522e-06
6.59456e-07
4.08613e-07
2.52435e-07
1.34424e-07
1
1
1
1
1
1
1
1
1
1
1
1
0.999999
0.999999
1
1
1
1
0.999993
0.999988
0.999992
1.00001
1.00004
1.00006
1.00003
0.999939
0.9998
0.999678
0.999686
0.999949
1.00055
1.00146
1.00246
1.00314
1.00282
1.00063
0.995592
0.986661
0.972882
0.953477
0.927934
0.896061
0.858012
0.814272
0.765614
0.713036
0.657683
0.600766
0.543489
0.486976
0.432227
0.380079
0.331189
0.286026
0.244882
0.207887
0.175031
0.146191
0.121156
0.0996503
0.0813622
0.0659582
0.0531015
0.0424642
0.0337366
0.0266329
0.0208953
0.016295
0.0126327
0.00973705
0.00746248
0.00568716
0.00431005
0.00324824
0.00243437
0.00181417
0.00134426
0.000990293
0.000725196
0.000527828
0.000381765
0.000274335
0.00019582
0.000138812
9.76992e-05
6.82577e-05
4.73267e-05
3.25577e-05
2.22175e-05
1.5036e-05
1.00894e-05
6.71123e-06
4.42429e-06
2.88998e-06
1.87007e-06
1.19848e-06
7.60551e-07
4.77525e-07
2.99139e-07
1.62401e-07
1
1
1
1
1
1
1
1
1
1
1
1
0.999999
0.999999
1
1
1
1
0.999993
0.999988
0.999992
1.00001
1.00004
1.00006
1.00003
0.999939
0.9998
0.999678
0.999686
0.999949
1.00055
1.00146
1.00246
1.00314
1.00282
1.00063
0.995592
0.986661
0.972882
0.953477
0.927934
0.896061
0.858012
0.814272
0.765614
0.713036
0.657683
0.600766
0.543489
0.486976
0.432227
0.380079
0.331189
0.286026
0.244882
0.207887
0.175031
0.146191
0.121155
0.0996501
0.0813619
0.0659579
0.0531012
0.0424641
0.0337368
0.0266335
0.0208964
0.0162968
0.0126353
0.00974042
0.00746666
0.00569209
0.00431562
0.00325431
0.00244076
0.0018207
0.00135076
0.000996588
0.000731154
0.000533341
0.000386758
0.000278766
0.000199676
0.000142106
0.000100464
7.05376e-05
4.91759e-05
3.40335e-05
2.33769e-05
1.5933e-05
1.07732e-05
7.22488e-06
4.80471e-06
3.16783e-06
2.07025e-06
1.34078e-06
8.60374e-07
5.46606e-07
3.46673e-07
1.91435e-07
1
1
1
1
1
1
1
1
1
1
1
1
0.999999
0.999999
1
1
1
1
0.999993
0.999988
0.999992
1.00001
1.00004
1.00006
1.00003
0.999939
0.9998
0.999678
0.999686
0.999949
1.00055
1.00146
1.00246
1.00314
1.00282
1.00063
0.995592
0.986661
0.972882
0.953477
0.927934
0.896061
0.858012
0.814272
0.765614
0.713036
0.657683
0.600766
0.543489
0.486976
0.432227
0.380079
0.331189
0.286026
0.244882
0.207887
0.175031
0.146191
0.121155
0.09965
0.0813617
0.0659577
0.053101
0.042464
0.0337368
0.0266337
0.0208969
0.0162978
0.0126368
0.00974245
0.00746926
0.00569525
0.00431928
0.00325839
0.00244515
0.00182528
0.0013554
0.00100117
0.000735567
0.000537493
0.00039058
0.000282212
0.000202723
0.000144749
0.000102714
7.24214e-05
5.07262e-05
3.52887e-05
2.43772e-05
1.6718e-05
1.13801e-05
7.68735e-06
5.15212e-06
3.4252e-06
2.25833e-06
1.47639e-06
9.56885e-07
6.14371e-07
3.93985e-07
2.20871e-07
1
1
1
1
1
1
1
1
1
1
1
1
0.999999
0.999999
1
1
1
1
0.999993
0.999988
0.999992
1.00001
1.00004
1.00006
1.00003
0.999939
0.9998
0.999678
0.999686
0.999949
1.00055
1.00146
1.00246
1.00314
1.00282
1.00063
0.995592
0.986661
0.972882
0.953477
0.927934
0.896061
0.858012
0.814272
0.765614
0.713036
0.657683
0.600766
0.543489
0.486976
0.432227
0.380079
0.331189
0.286026
0.244882
0.207887
0.175031
0.146191
0.121155
0.0996499
0.0813616
0.0659575
0.0531009
0.0424638
0.0337367
0.0266338
0.0208972
0.0162983
0.0126376
0.00974363
0.00747084
0.00569722
0.00432163
0.00326108
0.00244812
0.00182843
0.00135867
0.00100445
0.000738784
0.000540571
0.00039346
0.00028485
0.000205091
0.000146834
0.000104517
7.39524e-05
5.20044e-05
3.63384e-05
2.52256e-05
1.73933e-05
1.19095e-05
8.09634e-06
5.46363e-06
3.65918e-06
2.4317e-06
1.60315e-06
1.04836e-06
6.79501e-07
4.40099e-07
2.5007e-07
1
1
1
1
1
1
1
1
1
1
1
1
0.999999
0.999999
1
1
1
1
0.999993
0.999988
0.999992
1.00001
1.00004
1.00006
1.00003
0.999939
0.9998
0.999678
0.999686
0.999949
1.00055
1.00146
1.00246
1.00314
1.00282
1.00063
0.995592
0.986661
0.972882
0.953477
0.927934
0.896061
0.858012
0.814272
0.765614
0.713036
0.657683
0.600766
0.543489
0.486976
0.432227
0.380079
0.331189
0.286026
0.244882
0.207887
0.175031
0.146191
0.121155
0.0996499
0.0813616
0.0659575
0.0531008
0.0424637
0.0337366
0.0266337
0.0208973
0.0162985
0.012638
0.0097443
0.00747177
0.00569844
0.00432312
0.00326283
0.00245008
0.00183058
0.00136092
0.00100676
0.00074109
0.000542816
0.000395596
0.000286838
0.000206903
0.000148454
0.000105938
7.51769e-05
5.30414e-05
3.72021e-05
2.59335e-05
1.79644e-05
1.23634e-05
8.45187e-06
5.73811e-06
3.86815e-06
2.58864e-06
1.71945e-06
1.13342e-06
7.40901e-07
4.84163e-07
2.78449e-07
1
1
1
1
1
1
1
1
1
1
1
1
0.999999
0.999999
1
1
1
1
0.999993
0.999988
0.999992
1.00001
1.00004
1.00006
1.00003
0.999939
0.9998
0.999678
0.999686
0.999949
1.00055
1.00146
1.00246
1.00314
1.00282
1.00063
0.995592
0.986661
0.972882
0.953477
0.927934
0.896061
0.858012
0.814272
0.765614
0.713036
0.657683
0.600766
0.543489
0.486976
0.432227
0.380079
0.331189
0.286026
0.244882
0.207887
0.175031
0.146191
0.121155
0.0996499
0.0813616
0.0659574
0.0531007
0.0424637
0.0337366
0.0266337
0.0208973
0.0162986
0.0126382
0.00974466
0.00747231
0.00569916
0.00432405
0.00326394
0.00245137
0.001832
0.00136246
0.00100837
0.000742719
0.000544429
0.000397155
0.000288313
0.000208268
0.000149693
0.000107041
7.61411e-05
5.38697e-05
3.79016e-05
2.65148e-05
1.84399e-05
1.27464e-05
8.75585e-06
5.97594e-06
4.05162e-06
2.72826e-06
1.82429e-06
1.21113e-06
7.97729e-07
5.25485e-07
3.05501e-07
1
1
1
1
1
1
1
1
1
1
1
1
0.999999
0.999999
1
1
1
1
0.999993
0.999988
0.999992
1.00001
1.00004
1.00006
1.00003
0.999939
0.9998
0.999678
0.999686
0.999949
1.00055
1.00146
1.00246
1.00314
1.00282
1.00063
0.995592
0.986661
0.972882
0.953477
0.927934
0.896061
0.858012
0.814272
0.765614
0.713036
0.657683
0.600766
0.543489
0.486976
0.432227
0.380079
0.331189
0.286026
0.244882
0.207887
0.175031
0.146191
0.121155
0.0996499
0.0813616
0.0659574
0.0531007
0.0424636
0.0337365
0.0266337
0.0208973
0.0162986
0.0126383
0.00974485
0.00747261
0.00569959
0.0043246
0.00326463
0.00245219
0.00183294
0.00136349
0.00100946
0.000743851
0.00054557
0.000398277
0.00028939
0.000209282
0.000150626
0.000107885
7.68891e-05
5.45212e-05
3.84596e-05
2.69848e-05
1.88295e-05
1.30645e-05
9.01165e-06
6.1787e-06
4.21009e-06
2.85042e-06
1.91721e-06
1.28089e-06
8.49411e-07
5.63549e-07
3.30818e-07
1
1
1
1
1
1
1
1
1
1
1
1
0.999999
0.999999
1
1
1
1
0.999993
0.999988
0.999992
1.00001
1.00004
1.00006
1.00003
0.999939
0.9998
0.999678
0.999686
0.999949
1.00055
1.00146
1.00246
1.00314
1.00282
1.00063
0.995592
0.986661
0.972882
0.953477
0.927934
0.896061
0.858012
0.814272
0.765614
0.713036
0.657683
0.600766
0.543489
0.486976
0.432227
0.380079
0.331189
0.286026
0.244882
0.207887
0.175031
0.146191
0.121155
0.0996499
0.0813616
0.0659574
0.0531007
0.0424636
0.0337365
0.0266336
0.0208973
0.0162987
0.0126384
0.00974494
0.00747277
0.00569983
0.00432493
0.00326505
0.00245271
0.00183354
0.00136416
0.0010102
0.000744626
0.000546365
0.000399072
0.000290166
0.000210023
0.00015132
0.00010852
7.74608e-05
5.50263e-05
3.88981e-05
2.73591e-05
1.9144e-05
1.33246e-05
9.2236e-06
6.34889e-06
4.34482e-06
2.95561e-06
1.99824e-06
1.3425e-06
8.9563e-07
5.98017e-07
3.541e-07
1
1
1
1
1
1
1
1
1
1
1
1
0.999999
0.999999
1
1
1
1
0.999993
0.999988
0.999992
1.00001
1.00004
1.00006
1.00003
0.999939
0.9998
0.999678
0.999686
0.999949
1.00055
1.00146
1.00246
1.00314
1.00282
1.00063
0.995592
0.986661
0.972882
0.953477
0.927934
0.896061
0.858012
0.814272
0.765614
0.713036
0.657683
0.600766
0.543489
0.486976
0.432227
0.380079
0.331189
0.286026
0.244882
0.207887
0.175031
0.146191
0.121155
0.0996499
0.0813616
0.0659574
0.0531006
0.0424636
0.0337365
0.0266336
0.0208972
0.0162986
0.0126384
0.00974499
0.00747285
0.00569996
0.00432512
0.00326531
0.00245302
0.00183392
0.0013646
0.00101068
0.000745149
0.00054691
0.000399627
0.000290717
0.000210557
0.000151827
0.000108992
7.78916e-05
5.54121e-05
3.92377e-05
2.7653e-05
1.93942e-05
1.35343e-05
9.39663e-06
6.4896e-06
4.45763e-06
3.0448e-06
2.06781e-06
1.39605e-06
9.36302e-07
6.28722e-07
3.75154e-07
1
1
1
1
1
1
1
1
1
1
1
1
0.999999
0.999999
1
1
1
1
0.999993
0.999988
0.999992
1.00001
1.00004
1.00006
1.00003
0.999939
0.9998
0.999678
0.999686
0.999949
1.00055
1.00146
1.00246
1.00314
1.00282
1.00063
0.995592
0.986661
0.972882
0.953477
0.927934
0.896061
0.858012
0.814272
0.765614
0.713036
0.657683
0.600766
0.543489
0.486976
0.432227
0.380079
0.331189
0.286026
0.244882
0.207887
0.175031
0.146191
0.121155
0.0996499
0.0813616
0.0659574
0.0531006
0.0424636
0.0337364
0.0266336
0.0208972
0.0162986
0.0126384
0.009745
0.00747289
0.00570003
0.00432523
0.00326546
0.00245322
0.00183416
0.00136488
0.001011
0.000745495
0.000547279
0.000400008
0.000291103
0.000210937
0.000152193
0.000109338
7.82116e-05
5.57029e-05
3.9497e-05
2.78804e-05
1.95904e-05
1.37008e-05
9.53585e-06
6.60426e-06
4.5507e-06
3.1193e-06
2.12663e-06
1.44188e-06
9.71541e-07
6.55646e-07
3.9389e-07
1
1
1
1
1
1
1
1
1
1
1
1
0.999999
0.999999
1
1
1
1
0.999993
0.999988
0.999992
1.00001
1.00004
1.00006
1.00003
0.999939
0.9998
0.999678
0.999686
0.999949
1.00055
1.00146
1.00246
1.00314
1.00282
1.00063
0.995592
0.986661
0.972882
0.953477
0.927934
0.896061
0.858012
0.814272
0.765614
0.713036
0.657683
0.600766
0.543489
0.486976
0.432227
0.380079
0.331189
0.286026
0.244882
0.207887
0.175031
0.146191
0.121155
0.0996499
0.0813616
0.0659574
0.0531006
0.0424636
0.0337364
0.0266336
0.0208972
0.0162986
0.0126384
0.00974501
0.00747291
0.00570007
0.00432529
0.00326554
0.00245333
0.0018343
0.00136505
0.0010112
0.000745722
0.000547525
0.000400267
0.000291368
0.000211203
0.000152454
0.000109588
7.84461e-05
5.59189e-05
3.96924e-05
2.80541e-05
1.97421e-05
1.38313e-05
9.64631e-06
6.69636e-06
4.62639e-06
3.18063e-06
2.17565e-06
1.48054e-06
1.00162e-06
6.78899e-07
4.10308e-07
1
1
1
1
1
1
1
1
1
1
1
1
0.999999
0.999999
1
1
1
1
0.999993
0.999988
0.999992
1.00001
1.00004
1.00006
1.00003
0.999939
0.9998
0.999678
0.999686
0.999949
1.00055
1.00146
1.00246
1.00314
1.00282
1.00063
0.995592
0.986661
0.972882
0.953477
0.927934
0.896061
0.858012
0.814272
0.765614
0.713036
0.657683
0.600766
0.543489
0.486976
0.432227
0.380079
0.331189
0.286026
0.244882
0.207887
0.175031
0.146191
0.121155
0.0996499
0.0813616
0.0659574
0.0531006
0.0424636
0.0337364
0.0266336
0.0208972
0.0162986
0.0126384
0.00974501
0.00747292
0.00570008
0.00432532
0.00326559
0.0024534
0.00183439
0.00136516
0.00101133
0.000745868
0.000547686
0.000400441
0.000291549
0.000211387
0.000152637
0.000109766
7.86157e-05
5.60773e-05
3.98376e-05
2.81848e-05
1.98579e-05
1.39321e-05
9.73275e-06
6.76935e-06
4.68711e-06
3.23043e-06
2.21593e-06
1.51269e-06
1.02692e-06
6.98691e-07
4.2448e-07
1
1
1
1
1
1
1
1
1
1
1
1
0.999999
0.999999
1
1
1
1
0.999993
0.999988
0.999992
1.00001
1.00004
1.00006
1.00003
0.999939
0.9998
0.999678
0.999686
0.999949
1.00055
1.00146
1.00246
1.00314
1.00282
1.00063
0.995592
0.986661
0.972882
0.953477
0.927934
0.896061
0.858012
0.814272
0.765614
0.713036
0.657683
0.600766
0.543489
0.486976
0.432227
0.380079
0.331189
0.286026
0.244882
0.207887
0.175031
0.146191
0.121155
0.0996499
0.0813616
0.0659574
0.0531006
0.0424636
0.0337364
0.0266336
0.0208972
0.0162986
0.0126384
0.009745
0.00747292
0.00570009
0.00432534
0.00326561
0.00245343
0.00183444
0.00136523
0.00101141
0.00074596
0.000547791
0.000400555
0.00029167
0.000211513
0.000152763
0.000109891
7.87366e-05
5.61918e-05
3.99441e-05
2.8282e-05
1.99451e-05
1.4009e-05
9.7995e-06
6.8264e-06
4.73515e-06
3.27031e-06
2.24856e-06
1.53904e-06
1.04791e-06
7.15296e-07
4.36538e-07
1
1
1
1
1
1
1
1
1
1
1
1
0.999999
0.999999
1
1
1
1
0.999993
0.999988
0.999992
1.00001
1.00004
1.00006
1.00003
0.999939
0.9998
0.999678
0.999686
0.999949
1.00055
1.00146
1.00246
1.00314
1.00282
1.00063
0.995592
0.986661
0.972882
0.953477
0.927934
0.896061
0.858012
0.814272
0.765614
0.713036
0.657683
0.600766
0.543489
0.486976
0.432227
0.380079
0.331189
0.286026
0.244882
0.207887
0.175031
0.146191
0.121155
0.0996499
0.0813616
0.0659574
0.0531006
0.0424636
0.0337364
0.0266336
0.0208972
0.0162986
0.0126384
0.009745
0.00747292
0.00570009
0.00432534
0.00326563
0.00245345
0.00183447
0.00136526
0.00101146
0.000746018
0.000547857
0.000400629
0.000291751
0.000211597
0.00015285
0.000109978
7.88219e-05
5.62737e-05
4.00213e-05
2.83534e-05
2.00099e-05
1.4067e-05
9.85045e-06
6.87049e-06
4.77273e-06
3.30187e-06
2.27471e-06
1.56039e-06
1.06512e-06
7.29064e-07
4.46676e-07
1
1
1
1
1
1
1
1
1
1
1
1
0.999999
0.999999
1
1
1
1
0.999993
0.999988
0.999992
1.00001
1.00004
1.00006
1.00003
0.999939
0.9998
0.999678
0.999686
0.999949
1.00055
1.00146
1.00246
1.00314
1.00282
1.00063
0.995592
0.986661
0.972882
0.953477
0.927934
0.896061
0.858012
0.814272
0.765614
0.713036
0.657683
0.600766
0.543489
0.486976
0.432227
0.380079
0.331189
0.286026
0.244882
0.207887
0.175031
0.146191
0.121155
0.0996499
0.0813616
0.0659574
0.0531006
0.0424636
0.0337364
0.0266336
0.0208972
0.0162986
0.0126384
0.009745
0.00747292
0.00570009
0.00432535
0.00326563
0.00245347
0.00183449
0.00136529
0.00101149
0.000746053
0.000547898
0.000400676
0.000291802
0.000211652
0.000152908
0.000110036
7.88802e-05
5.63306e-05
4.00756e-05
2.84043e-05
2.00568e-05
1.41093e-05
9.88812e-06
6.90347e-06
4.80117e-06
3.32603e-06
2.29494e-06
1.57711e-06
1.07873e-06
7.40073e-07
4.54887e-07
1
1
1
1
1
1
1
1
1
1
1
1
0.999999
0.999999
1
1
1
1
0.999993
0.999988
0.999992
1.00001
1.00004
1.00006
1.00003
0.999939
0.9998
0.999678
0.999686
0.999949
1.00055
1.00146
1.00246
1.00314
1.00282
1.00063
0.995592
0.986661
0.972882
0.953477
0.927934
0.896061
0.858012
0.814272
0.765614
0.713036
0.657683
0.600766
0.543489
0.486976
0.432227
0.380079
0.331189
0.286026
0.244882
0.207887
0.175031
0.146191
0.121155
0.0996499
0.0813616
0.0659574
0.0531006
0.0424636
0.0337364
0.0266336
0.0208972
0.0162986
0.0126384
0.009745
0.00747291
0.00570009
0.00432535
0.00326564
0.00245347
0.0018345
0.0013653
0.00101151
0.000746078
0.000547929
0.000400711
0.000291842
0.000211696
0.000152954
0.000110085
7.89289e-05
5.63788e-05
4.01224e-05
2.84488e-05
2.00983e-05
1.41475e-05
9.92254e-06
6.93403e-06
4.82789e-06
3.34905e-06
2.31448e-06
1.59347e-06
1.09225e-06
7.51147e-07
4.63286e-07
)
;

boundaryField
{
    upperWall
    {
        type            zeroGradient;
    }
    outlet
    {
        type            zeroGradient;
    }
    inlet
    {
        type            fixedValue;
        value           uniform 1;
    }
    lowerWall
    {
        type            fixedValue;
        value           uniform 0;
    }
    frontAndBack
    {
        type            empty;
    }
}


// ************************************************************************* //
