/*--------------------------------*- C++ -*----------------------------------*\
  =========                 |
  \\      /  F ield         | OpenFOAM: The Open Source CFD Toolbox
   \\    /   O peration     | Website:  https://openfoam.org
    \\  /    A nd           | Version:  7
     \\/     M anipulation  |
\*---------------------------------------------------------------------------*/
FoamFile
{
    version     2.0;
    format      ascii;
    class       volScalarField;
    location    "0.65";
    object      T;
}
// * * * * * * * * * * * * * * * * * * * * * * * * * * * * * * * * * * * * * //

dimensions      [0 0 0 1 0 0 0];

internalField   nonuniform List<scalar> 
10000
(
0.5
0.0669146
-0.0353169
-0.0277115
-0.00789976
0.00112931
0.00220711
0.000963794
3.88563e-05
-0.000206219
-0.000130475
-2.60559e-05
1.76156e-05
1.74837e-05
6.08561e-06
-9.06071e-07
-2.20759e-06
-1.13469e-06
-1.06163e-07
2.47859e-07
1.87024e-07
4.9395e-08
-2.13888e-08
-2.77866e-08
-1.17496e-08
4.15032e-10
3.66278e-09
2.25286e-09
3.96249e-10
-4.00521e-10
-3.77216e-10
-1.28514e-10
2.71581e-11
5.5724e-11
2.84621e-11
2.1864e-12
-6.8708e-12
-4.91297e-12
-8.90309e-13
1.12438e-12
1.12851e-12
3.79653e-13
-2.41033e-13
-4.92577e-13
-4.70569e-13
-3.25758e-13
-1.57846e-13
-1.61294e-14
7.79716e-14
1.19431e-13
1.16272e-13
8.54367e-14
4.58787e-14
1.20536e-14
-9.13503e-15
-1.7572e-14
-1.70336e-14
-1.21768e-14
-6.62076e-15
-2.31707e-15
1.97773e-16
1.21241e-15
1.29766e-15
9.71916e-16
5.72282e-16
2.57593e-16
6.60135e-17
-2.37828e-17
-4.98172e-17
-4.5022e-17
-3.05289e-17
-1.67986e-17
-7.30968e-18
-2.02505e-18
3.06637e-19
9.78702e-19
9.1142e-19
6.25211e-19
3.53253e-19
1.65764e-19
5.97831e-20
1.01368e-20
-7.71177e-21
-1.07195e-20
-8.42606e-21
-5.25845e-21
-2.78284e-21
-1.24772e-21
-4.41522e-22
-8.37834e-23
4.05253e-23
6.24716e-23
4.95896e-23
3.11009e-23
1.67096e-23
7.80017e-24
3.07038e-24
8.91495e-25
6.03514e-26
-2.39311e-25
0.933085
0.5
0.14482
-0.0139075
-0.0411718
-0.0230289
-0.00507433
0.00215701
0.00250723
0.00101071
-9.38734e-08
-0.000255324
-0.000158213
-3.18213e-05
2.20241e-05
2.24005e-05
8.17946e-06
-9.48178e-07
-2.86443e-06
-1.56602e-06
-2.00131e-07
3.13491e-07
2.58847e-07
7.77035e-08
-2.39625e-08
-3.79444e-08
-1.77304e-08
-5.20341e-10
4.83202e-09
3.30972e-09
7.47267e-10
-4.8491e-10
-5.38912e-10
-2.10718e-10
2.0855e-11
7.56501e-11
4.27629e-11
4.89981e-12
-9.82275e-12
-7.61947e-12
-1.21633e-12
2.63704e-12
3.21081e-12
2.10422e-12
7.41656e-13
-2.52769e-13
-7.80548e-13
-9.2696e-13
-8.08705e-13
-5.44701e-13
-2.48191e-13
-6.86647e-15
1.35432e-13
1.79691e-13
1.55904e-13
1.01869e-13
4.7424e-14
8.30543e-15
-1.22084e-14
-1.81344e-14
-1.57366e-14
-1.03527e-14
-5.2303e-15
-1.68691e-15
1.94225e-16
8.71421e-16
8.83826e-16
6.38569e-16
3.67569e-16
1.6546e-16
4.67541e-17
-7.92102e-18
-2.4363e-17
-2.2889e-17
-1.57879e-17
-8.88879e-18
-4.07785e-18
-1.35616e-18
-1.03314e-19
3.1646e-19
3.52468e-19
2.59598e-19
1.5505e-19
7.80854e-20
3.22804e-20
9.34359e-21
-5.41325e-23
-2.72091e-21
-2.65984e-21
-1.84378e-21
-1.06193e-21
-5.26078e-22
-2.20563e-22
-7.09027e-23
-9.11684e-24
1.01492e-23
1.2158e-23
8.97144e-24
5.40705e-24
2.49956e-24
1.03532
0.85518
0.5
0.182448
0.00830364
-0.0419281
-0.032441
-0.0120093
3.84408e-05
0.00307766
0.00201936
0.000522644
-0.000189734
-0.000261936
-0.000118925
-6.07707e-06
2.86043e-05
2.02421e-05
5.19525e-06
-2.29056e-06
-2.95623e-06
-1.27806e-06
8.46553e-09
3.71768e-07
2.40892e-07
5.03709e-08
-3.68801e-08
-3.89005e-08
-1.47958e-08
1.67178e-09
5.45504e-09
3.10488e-09
4.36414e-10
-6.31575e-10
-5.46361e-10
-1.729e-10
4.79767e-11
8.14731e-11
3.6515e-11
-3.63645e-12
-1.60846e-11
-1.08247e-11
-1.91498e-12
3.74121e-12
5.43413e-12
4.72977e-12
3.09855e-12
1.37632e-12
-2.67627e-14
-9.16643e-13
-1.25645e-12
-1.15122e-12
-7.94386e-13
-3.84756e-13
-5.99807e-14
1.2587e-13
1.85364e-13
1.63731e-13
1.08639e-13
5.35656e-14
1.43393e-14
-6.5531e-15
-1.35011e-14
-1.25715e-14
-8.67083e-15
-4.70179e-15
-1.85174e-15
-2.5588e-16
4.05292e-16
5.29149e-16
4.21941e-16
2.63455e-16
1.33138e-16
5.05703e-17
8.37072e-18
-7.9495e-18
-1.09368e-17
-8.70459e-18
-5.45322e-18
-2.8386e-18
-1.19704e-18
-3.43331e-19
1.57129e-20
1.18228e-19
1.13399e-19
7.82315e-20
4.47079e-20
2.17243e-20
8.68298e-21
2.40289e-21
-7.30771e-23
-7.36003e-22
-6.95263e-22
-4.73427e-22
-2.69721e-22
-1.3304e-22
-5.61135e-23
-1.86381e-23
-3.26461e-24
2.96761e-24
1.02771
1.01391
0.817552
0.5
0.206389
0.0268058
-0.0388677
-0.0384381
-0.0184166
-0.00302402
0.00284105
0.00282245
0.00118552
4.2633e-05
-0.000296282
-0.000211922
-6.02234e-05
1.88442e-05
2.95095e-05
1.43558e-05
1.17969e-06
-3.31264e-06
-2.541e-06
-7.3481e-07
2.46588e-07
3.7721e-07
1.7883e-07
8.57328e-09
-4.67549e-08
-3.36147e-08
-8.56675e-09
4.24307e-09
5.36501e-09
2.31217e-09
-5.54532e-11
-7.22503e-10
-4.59068e-10
-8.42752e-11
8.41385e-11
7.9901e-11
2.24445e-11
-1.70206e-11
-2.60773e-11
-1.81222e-11
-6.83935e-12
1.46799e-12
5.80352e-12
7.03882e-12
6.22112e-12
4.26776e-12
2.00927e-12
1.15455e-13
-1.0423e-12
-1.432e-12
-1.26498e-12
-8.35979e-13
-3.905e-13
-6.48975e-14
1.07583e-13
1.57219e-13
1.35762e-13
8.86225e-14
4.39006e-14
1.31262e-14
-2.97679e-15
-8.48799e-15
-8.21444e-15
-5.78008e-15
-3.23175e-15
-1.38096e-15
-3.23197e-16
1.41859e-16
2.62077e-16
2.27424e-16
1.49967e-16
8.08047e-17
3.47118e-17
9.7362e-18
-1.05404e-18
-4.13358e-18
-3.87367e-18
-2.65205e-18
-1.49786e-18
-7.0792e-19
-2.63247e-19
-5.42602e-20
2.27118e-20
3.80901e-20
3.106e-20
1.97404e-20
1.06239e-20
4.88478e-21
1.82618e-21
4.36811e-22
-7.25582e-23
-1.87525e-22
-1.61041e-22
-1.04809e-22
-5.81979e-23
-2.39155e-23
1.0079
1.04117
0.991696
0.793611
0.5
0.223365
0.042154
-0.0343031
-0.0421139
-0.0239644
-0.00647534
0.00197761
0.00332499
0.00186777
0.000400612
-0.000245072
-0.000285991
-0.000129611
-8.12739e-06
3.15022e-05
2.39228e-05
7.25577e-06
-1.97863e-06
-3.44893e-06
-1.76137e-06
-1.8454e-07
3.91239e-07
3.18272e-07
9.93706e-08
-2.70432e-08
-4.76354e-08
-2.40393e-08
-2.00802e-09
5.81081e-09
4.50236e-09
1.28561e-09
-4.82128e-10
-6.98981e-10
-3.07523e-10
2.25389e-11
1.22272e-10
8.11823e-11
1.37688e-11
-2.65741e-11
-3.64857e-11
-2.96933e-11
-1.78251e-11
-6.59167e-12
1.87936e-12
6.87612e-12
8.44474e-12
7.34074e-12
4.80019e-12
2.07111e-12
1.42307e-15
-1.10455e-12
-1.37213e-12
-1.12824e-12
-6.99989e-13
-3.07118e-13
-4.46214e-14
8.28419e-14
1.14021e-13
9.49628e-14
6.04664e-14
2.96802e-14
9.30168e-15
-1.10402e-15
-4.67707e-15
-4.65134e-15
-3.30978e-15
-1.88407e-15
-8.44776e-16
-2.44396e-16
2.91885e-17
1.11806e-16
1.06391e-16
7.35915e-17
4.15749e-17
1.92723e-17
6.64881e-18
7.9741e-19
-1.22169e-18
-1.46849e-18
-1.10609e-18
-6.6992e-19
-3.42611e-19
-1.45445e-19
-4.53337e-20
-3.27947e-21
9.54808e-21
1.02484e-20
7.3443e-21
4.32236e-21
2.18738e-21
9.45156e-22
3.23985e-22
5.95596e-23
-2.74635e-23
-4.82573e-23
0.998871
1.02303
1.04193
0.973194
0.776635
0.5
0.236308
0.0551561
-0.0291433
-0.0442026
-0.0286476
-0.0100134
0.000663016
0.00351519
0.00249279
0.000838178
-0.000110139
-0.000325109
-0.00020245
-4.98925e-05
2.37007e-05
3.12705e-05
1.49634e-05
1.26021e-06
-3.52123e-06
-2.80623e-06
-8.96015e-07
2.13494e-07
4.11961e-07
2.18729e-07
2.69771e-08
-4.67834e-08
-3.99529e-08
-1.32152e-08
2.97185e-09
5.96642e-09
3.13262e-09
3.07386e-10
-7.43828e-10
-5.84316e-10
-1.39693e-10
1.23173e-10
1.64061e-10
9.91939e-11
2.52694e-11
-2.1091e-11
-3.99753e-11
-4.11978e-11
-3.27854e-11
-2.00911e-11
-7.23315e-12
2.65961e-12
8.02427e-12
9.07084e-12
7.23777e-12
4.28823e-12
1.58347e-12
-2.07237e-13
-1.0165e-12
-1.11319e-12
-8.46655e-13
-4.92017e-13
-2.01438e-13
-2.29243e-14
5.66116e-14
7.24178e-14
5.80654e-14
3.60477e-14
1.7489e-14
5.63952e-15
-2.7273e-16
-2.30128e-15
-2.3494e-15
-1.68743e-15
-9.73837e-16
-4.52144e-16
-1.48283e-16
-6.03438e-18
4.14638e-17
4.43833e-17
3.22517e-17
1.89879e-17
9.31523e-18
3.62614e-18
8.44508e-19
-2.31939e-19
-4.78924e-19
-4.07633e-19
-2.65009e-19
-1.44754e-19
-6.71935e-20
-2.51884e-20
-5.89991e-21
1.205e-21
2.78299e-21
2.36538e-21
1.53251e-21
8.41981e-22
4.0459e-22
1.26329e-22
0.997793
1.00507
1.03244
1.03887
0.957846
0.763692
0.5
0.246668
0.0663827
-0.0238073
-0.0451887
-0.0325522
-0.0134733
-0.000959178
0.00341734
0.00301639
0.00131432
9.733e-05
-0.000320961
-0.000268331
-0.000102053
5.40097e-06
3.42592e-05
2.29965e-05
6.2179e-06
-2.43292e-06
-3.56994e-06
-1.78399e-06
-1.83405e-07
4.05353e-07
3.37e-07
1.12393e-07
-2.33301e-08
-4.98946e-08
-2.7376e-08
-3.80748e-09
5.62234e-09
4.95697e-09
1.62221e-09
-4.65912e-10
-8.60782e-10
-4.55128e-10
-1.46221e-11
1.92034e-10
2.0631e-10
1.40074e-10
6.55128e-11
8.23399e-12
-2.81187e-11
-4.51921e-11
-4.5942e-11
-3.53065e-11
-1.97816e-11
-5.37674e-12
4.27054e-12
8.38611e-12
8.25026e-12
5.90442e-12
3.11996e-12
9.34188e-13
-3.2907e-13
-7.99447e-13
-7.78558e-13
-5.50276e-13
-3.00654e-13
-1.14901e-13
-9.03857e-15
3.44149e-14
4.1047e-14
3.17706e-14
1.92767e-14
9.25569e-15
3.05441e-15
1.95516e-17
-1.02355e-15
-1.07778e-15
-7.82153e-16
-4.57139e-16
-2.18384e-16
-7.8156e-17
-1.09776e-17
1.31861e-17
1.67352e-17
1.28637e-17
7.88156e-18
4.0529e-18
1.71522e-18
5.19788e-19
1.81722e-20
-1.3114e-19
-1.34158e-19
-9.45972e-20
-5.4992e-20
-2.73869e-20
-1.15007e-20
-3.67699e-21
-4.41534e-22
5.62548e-22
6.54923e-22
4.7634e-22
0.999036
0.997843
1.01201
1.03844
1.0343
0.944844
0.753332
0.5
0.255249
0.0762288
-0.0184971
-0.0453946
-0.0357829
-0.0167686
-0.00277966
0.00306919
0.00341666
0.00179625
0.000362307
-0.000271062
-0.000319196
-0.000159502
-2.26983e-05
3.14482e-05
3.00039e-05
1.24139e-05
-5.01565e-08
-3.78026e-06
-2.69447e-06
-7.81466e-07
2.58291e-07
4.18749e-07
2.17152e-07
2.59662e-08
-4.74947e-08
-4.09871e-08
-1.40891e-08
2.69877e-09
6.14975e-09
3.35505e-09
2.97743e-10
-9.89224e-10
-9.14849e-10
-4.01022e-10
1.02371e-11
1.99043e-10
2.32916e-10
1.943e-10
1.29883e-10
6.16098e-11
3.24433e-12
-3.53573e-11
-5.07171e-11
-4.67423e-11
-3.19418e-11
-1.50682e-11
-1.96369e-12
5.28002e-12
7.38424e-12
6.32536e-12
4.06315e-12
1.90559e-12
4.26288e-13
-3.23757e-13
-5.43694e-13
-4.78774e-13
-3.1693e-13
-1.63733e-13
-5.86051e-14
-2.52704e-15
1.8788e-14
2.10779e-14
1.58168e-14
9.41109e-15
4.48364e-15
1.51297e-15
8.06319e-17
-4.14744e-16
-4.54557e-16
-3.34154e-16
-1.97853e-16
-9.69185e-17
-3.7072e-17
-7.78595e-18
3.39122e-18
5.7334e-18
4.72118e-18
3.01516e-18
1.61725e-18
7.29739e-19
2.57133e-19
4.59711e-20
-2.71535e-20
-3.92991e-20
-3.07524e-20
-1.90816e-20
-1.01096e-20
-4.6082e-21
-1.75469e-21
-2.14281e-22
0.999961
0.997493
0.999962
1.01842
1.04211
1.02914
0.933617
0.744751
0.5
0.262537
0.0849758
-0.0133115
-0.0450396
-0.0384394
-0.0198576
-0.00471768
0.00251112
0.00368607
0.00225945
0.000669094
-0.000176905
-0.000349474
-0.000217239
-5.89605e-05
2.2113e-05
3.47796e-05
1.91931e-05
3.57793e-06
-3.2318e-06
-3.45352e-06
-1.52334e-06
-4.80487e-08
4.29766e-07
3.22399e-07
9.89328e-08
-2.79756e-08
-4.98841e-08
-2.64749e-08
-3.14097e-09
6.11645e-09
5.35036e-09
1.79893e-09
-6.06064e-10
-1.27277e-09
-9.80755e-10
-4.80355e-10
-9.97817e-11
1.18925e-10
2.19427e-10
2.387e-10
2.0021e-10
1.28169e-10
5.02301e-11
-1.05868e-11
-4.33708e-11
-4.99244e-11
-3.96883e-11
-2.33813e-11
-8.73434e-12
7.63269e-13
4.97811e-12
5.48442e-12
4.15969e-12
2.41537e-12
1.00127e-12
1.39086e-13
-2.45117e-13
-3.25624e-13
-2.63503e-13
-1.64706e-13
-8.09565e-14
-2.72774e-14
-2.54441e-16
9.31196e-15
9.92563e-15
7.2553e-15
4.24867e-15
2.01435e-15
6.95531e-16
6.6287e-17
-1.53716e-16
-1.77782e-16
-1.32862e-16
-7.97802e-17
-3.99957e-17
-1.61419e-17
-4.22908e-18
5.47904e-19
1.78067e-18
1.60459e-18
1.07269e-18
5.98934e-19
2.84927e-19
1.11123e-19
2.93136e-20
-2.07749e-21
-1.00158e-20
-9.12031e-21
-6.11286e-21
-3.10989e-21
1.00021
0.998989
0.996922
1.00302
1.02396
1.0442
1.02381
0.923771
0.737463
0.5
0.268847
0.0928295
-0.00829713
-0.0442768
-0.0406094
-0.0227243
-0.00671456
0.00178129
0.00382595
0.00268654
0.001003
-4.24486e-05
-0.000355818
-0.000270828
-0.000101219
6.15713e-06
3.63676e-05
2.58327e-05
8.25191e-06
-1.8051e-06
-3.89323e-06
-2.32333e-06
-5.09041e-07
3.42755e-07
4.05789e-07
1.88265e-07
1.08176e-08
-5.01669e-08
-3.90498e-08
-1.19825e-08
4.09928e-09
7.17732e-09
4.18693e-09
8.05632e-10
-9.53101e-10
-1.32724e-09
-1.07632e-09
-6.89293e-10
-3.3693e-10
-5.29589e-11
1.47176e-10
2.47874e-10
2.52377e-10
1.89716e-10
1.01651e-10
2.38874e-11
-2.49913e-11
-4.35512e-11
-4.0695e-11
-2.78773e-11
-1.39988e-11
-3.71517e-12
1.8974e-12
3.78494e-12
3.50668e-12
2.39575e-12
1.26673e-12
4.60693e-13
1.78728e-14
-1.54941e-13
-1.74746e-13
-1.31751e-13
-7.83582e-14
-3.68707e-14
-1.17701e-14
2.4538e-16
4.23312e-15
4.32879e-15
3.0967e-15
1.79098e-15
8.47446e-16
2.99706e-16
4.00505e-17
-5.21009e-17
-6.48856e-17
-4.95195e-17
-3.02024e-17
-1.54791e-17
-6.53508e-18
-1.97818e-18
-7.14799e-20
4.9488e-19
5.06437e-19
3.57004e-19
2.07527e-19
1.03401e-19
4.349e-20
1.39566e-20
1.85874e-21
-2.90093e-21
1.00013
1
0.997981
0.997159
1.00648
1.02865
1.04519
1.0185
0.915024
0.731153
0.5
0.274394
0.0999444
-0.00347339
-0.0432147
-0.0423674
-0.025367
-0.00872811
0.000913719
0.00384278
0.00306586
0.00135109
0.000126998
-0.000336704
-0.000316604
-0.000147094
-1.60181e-05
3.41025e-05
3.16251e-05
1.36644e-05
5.30332e-07
-3.87081e-06
-3.07996e-06
-1.0982e-06
1.41179e-07
4.45074e-07
2.82906e-07
6.8282e-08
-3.86742e-08
-4.96662e-08
-2.38294e-08
-1.10309e-09
7.65865e-09
6.94411e-09
3.42345e-09
6.52303e-10
-7.08204e-10
-1.14616e-09
-1.15541e-09
-9.61062e-10
-6.47318e-10
-2.90903e-10
1.66772e-11
2.0771e-10
2.67463e-10
2.28613e-10
1.43825e-10
5.88799e-11
-7.93907e-13
-2.98179e-11
-3.51649e-11
-2.768e-11
-1.6495e-11
-6.94944e-12
-9.25246e-13
1.83409e-12
2.42956e-12
1.97258e-12
1.23132e-12
5.96346e-13
1.87781e-13
-1.63258e-14
-8.53691e-14
-8.52801e-14
-6.05924e-14
-3.45269e-14
-1.56465e-14
-4.76842e-15
2.1763e-16
1.78071e-15
1.76272e-15
1.23956e-15
7.10337e-16
3.36331e-16
1.21923e-16
2.05777e-17
-1.60488e-17
-2.21959e-17
-1.73963e-17
-1.07978e-17
-5.65479e-18
-2.48233e-18
-8.3343e-19
-1.17122e-19
1.18714e-19
1.48317e-19
1.11557e-19
6.76431e-20
3.5419e-20
1.28327e-20
1.00003
1.00026
0.999477
0.997178
0.998022
1.01001
1.03255
1.04539
1.01331
0.90717
0.725606
0.5
0.279329
0.106439
0.00115474
-0.041932
-0.0437761
-0.0277924
-0.0107283
-6.2262e-05
0.00374582
0.00339021
0.00170247
0.000325544
-0.000292008
-0.000351728
-0.000194215
-4.3651e-05
2.76072e-05
3.59344e-05
1.94425e-05
3.72358e-06
-3.28063e-06
-3.68805e-06
-1.77133e-06
-1.79017e-07
4.21204e-07
3.70025e-07
1.41832e-07
-1.26157e-08
-5.54801e-08
-3.80888e-08
-1.086e-08
4.71222e-09
8.31941e-09
6.30049e-09
3.41129e-09
1.33066e-09
5.48614e-11
-7.28e-10
-1.14204e-09
-1.19637e-09
-9.48722e-10
-5.43997e-10
-1.49076e-10
1.22608e-10
2.39833e-10
2.35077e-10
1.66384e-10
8.53947e-11
2.24914e-11
-1.30443e-11
-2.53469e-11
-2.35407e-11
-1.60763e-11
-8.38679e-12
-2.86111e-12
1.60588e-13
1.29616e-12
1.36056e-12
9.94679e-13
5.73703e-13
2.55608e-13
6.81815e-14
-1.74797e-14
-4.21145e-14
-3.8314e-14
-2.58963e-14
-1.42257e-14
-6.24465e-15
-1.83271e-15
1.16277e-16
6.98395e-16
6.74735e-16
4.68327e-16
2.66715e-16
1.26658e-16
4.70823e-17
9.46248e-18
-4.41455e-18
-7.13589e-18
-5.78457e-18
-3.66264e-18
-1.95988e-18
-8.90693e-19
-3.23633e-19
-6.88415e-20
2.20423e-20
3.98195e-20
3.30276e-20
0.999982
1.00016
1.00019
0.998814
0.996675
0.999337
1.01347
1.03578
1.04504
1.0083
0.900056
0.720671
0.5
0.283765
0.112406
0.00559006
-0.0404869
-0.0448875
-0.0300111
-0.0126941
-0.0011218
0.00354557
0.00365566
0.00204819
0.000547226
-0.000222631
-0.000374148
-0.000240368
-7.5744e-05
1.67655e-05
3.82311e-05
2.51857e-05
7.65592e-06
-2.06004e-06
-4.04911e-06
-2.4725e-06
-6.1012e-07
3.19854e-07
4.3643e-07
2.27687e-07
3.11508e-08
-5.18096e-08
-5.2054e-08
-2.52288e-08
-3.64119e-09
5.64584e-09
7.03595e-09
5.69781e-09
4.06825e-09
2.583e-09
1.1578e-09
-1.10478e-10
-9.7984e-10
-1.30774e-09
-1.16161e-09
-7.54234e-10
-3.13249e-10
1.29484e-11
1.78206e-10
2.10121e-10
1.65859e-10
9.80622e-11
3.94319e-11
2.33792e-12
-1.42851e-11
-1.71965e-11
-1.34885e-11
-8.14956e-12
-3.72015e-12
-9.46814e-13
3.74562e-13
7.58435e-13
6.8066e-13
4.56602e-13
2.45508e-13
1.00921e-13
2.20063e-14
-1.11143e-14
-1.89482e-14
-1.60075e-14
-1.03733e-14
-5.52405e-15
-2.36196e-15
-6.739e-16
4.92119e-17
2.56976e-16
2.4415e-16
1.67903e-16
9.52853e-17
4.5473e-17
1.73338e-17
3.99383e-18
-1.03613e-18
-2.15835e-18
-1.82641e-18
-1.18311e-18
-6.47108e-19
-3.03352e-19
-1.19044e-19
-1.6437e-20
0.999983
1.00003
1.00026
0.999957
0.998132
0.996485
1.00096
1.01677
1.03844
1.04428
1.00347
0.893561
0.716235
0.5
0.287787
0.11792
0.00983944
-0.0389223
-0.0457452
-0.0320359
-0.0146108
-0.00224409
0.00325288
0.00386074
0.00238115
0.000786327
-0.00013018
-0.000382519
-0.00028358
-0.000111168
1.68184e-06
3.81083e-05
3.04963e-05
1.21573e-05
-1.90041e-07
-4.0793e-06
-3.1406e-06
-1.13554e-06
1.3064e-07
4.67978e-07
3.19983e-07
9.55159e-08
-3.17537e-08
-5.93681e-08
-4.06626e-08
-1.68906e-08
-2.76708e-09
2.84837e-09
4.61779e-09
5.17994e-09
5.02076e-09
4.00982e-09
2.3533e-09
6.14783e-10
-6.66104e-10
-1.25403e-09
-1.23729e-09
-8.77504e-10
-4.39907e-10
-9.44474e-11
1.00355e-10
1.63466e-10
1.45748e-10
9.63622e-11
4.75225e-11
1.33371e-11
-4.58529e-12
-1.05188e-11
-9.86188e-12
-6.7858e-12
-3.67052e-12
-1.45228e-12
-2.19433e-13
2.89569e-13
3.87263e-13
3.09653e-13
1.93234e-13
9.7554e-14
3.70664e-14
6.21993e-15
-5.69278e-15
-7.8809e-15
-6.27167e-15
-3.92251e-15
-2.03502e-15
-8.52009e-16
-2.38664e-16
1.75952e-17
8.91655e-17
8.39077e-17
5.73755e-17
3.25255e-17
1.56251e-17
6.1058e-18
1.57063e-18
-1.78721e-19
-6.1351e-19
-5.48812e-19
-3.66181e-19
-1.83323e-19
0.999994
0.999978
1.00012
1.0003
0.999599
0.997507
0.996583
1.00278
1.01986
1.04061
1.04321
0.998845
0.887594
0.712213
0.5
0.291459
0.123039
0.0139117
-0.0372711
-0.0463857
-0.0338802
-0.0164687
-0.00341188
0.00287833
0.00400571
0.00269582
0.00103755
-1.67195e-05
-0.000376095
-0.000322165
-0.000148744
-1.73625e-05
3.52856e-05
3.5003e-05
1.70238e-05
2.30899e-06
-3.71322e-06
-3.71432e-06
-1.73296e-06
-1.54954e-07
4.46999e-07
4.07239e-07
1.79434e-07
1.11767e-08
-5.08196e-08
-4.89283e-08
-2.9637e-08
-1.47432e-08
-6.80191e-09
-2.13019e-09
1.66682e-09
4.57905e-09
5.82105e-09
5.21027e-09
3.38854e-09
1.32007e-09
-2.54101e-10
-1.05019e-09
-1.17042e-09
-8.96877e-10
-5.06611e-10
-1.76906e-10
2.52736e-11
1.08522e-10
1.1386e-10
8.36593e-11
4.72442e-11
1.89554e-11
2.27717e-12
-4.88456e-12
-6.22981e-12
-4.95038e-12
-3.05643e-12
-1.48901e-12
-4.99222e-13
-6.32229e-15
1.66711e-13
1.77701e-13
1.29869e-13
7.61804e-14
3.63262e-14
1.27709e-14
1.4708e-15
-2.54796e-15
-3.06162e-15
-2.32042e-15
-1.4086e-15
-7.15152e-16
-2.94634e-16
-8.18249e-17
5.36867e-18
2.92964e-17
2.74971e-17
1.87581e-17
1.06458e-17
5.15531e-18
2.06413e-18
5.8064e-19
1.79502e-21
-2.0045e-19
1
0.999978
1.00001
1.00021
1.00025
0.999162
0.996984
0.996931
1.00472
1.02272
1.04237
1.04193
0.99441
0.88208
0.708541
0.5
0.294834
0.127814
0.0178165
-0.035558
-0.0468395
-0.0355575
-0.0182615
-0.00461091
0.00243196
0.00409206
0.00298801
0.00129613
0.000115423
-0.000354624
-0.000354732
-0.000187305
-3.99535e-05
2.96032e-05
3.83775e-05
2.20352e-05
5.38572e-06
-2.90245e-06
-4.13239e-06
-2.37386e-06
-5.43196e-07
3.50804e-07
4.68155e-07
2.71732e-07
7.65424e-08
-1.95112e-08
-3.99195e-08
-3.19003e-08
-2.25794e-08
-1.74768e-08
-1.33499e-08
-7.74877e-09
-1.36061e-09
3.73212e-09
6.13741e-09
5.90203e-09
4.07248e-09
1.88079e-09
1.71603e-10
-7.5268e-10
-9.93076e-10
-8.23514e-10
-5.09483e-10
-2.22536e-10
-3.31582e-11
5.73387e-11
7.8813e-11
6.51044e-11
4.10263e-11
1.98508e-11
6.01581e-12
-9.40907e-13
-3.25796e-12
-3.17003e-12
-2.22693e-12
-1.25131e-12
-5.49599e-13
-1.4916e-13
3.00171e-14
8.13554e-14
7.46937e-14
5.07631e-14
2.82227e-14
1.27764e-14
4.15853e-15
2.47602e-16
-1.03312e-15
-1.12006e-15
-8.15506e-16
-4.82838e-16
-2.40862e-16
-9.80951e-17
-2.72585e-17
1.34899e-18
9.14442e-18
8.62102e-18
5.88619e-18
3.34996e-18
1.65216e-18
5.18563e-19
1
0.999992
0.999971
1.00006
1.00029
1.00011
0.998686
0.996583
0.997489
1.00671
1.02537
1.04378
1.04049
0.990161
0.876961
0.705166
0.5
0.297951
0.132283
0.0215636
-0.0338022
-0.0471324
-0.0370806
-0.0199854
-0.00582946
0.00192307
0.00412207
0.00325471
0.00155785
0.000263801
-0.000318255
-0.000380178
-0.000225741
-6.55842e-05
2.10095e-05
4.03429e-05
2.69684e-05
8.9675e-06
-1.60992e-06
-4.32836e-06
-3.01662e-06
-1.03066e-06
1.56821e-07
4.72296e-07
3.47028e-07
1.49536e-07
3.0575e-08
-9.21598e-09
-1.427e-08
-1.53224e-08
-1.95137e-08
-2.24225e-08
-1.99992e-08
-1.27435e-08
-4.09207e-09
2.60972e-09
5.85028e-09
5.9807e-09
4.31862e-09
2.21353e-09
5.29273e-10
-4.3258e-10
-7.57061e-10
-6.87522e-10
-4.60411e-10
-2.31227e-10
-6.88803e-11
1.75465e-11
4.73522e-11
4.56033e-11
3.18977e-11
1.75622e-11
7.17462e-12
1.29831e-12
-1.20092e-12
-1.74629e-12
-1.43491e-12
-9.13205e-13
-4.71193e-13
-1.85862e-13
-3.70502e-14
2.25998e-14
3.53782e-14
2.91547e-14
1.86569e-14
9.89773e-15
4.27335e-15
1.28845e-15
8.28052e-19
-3.87248e-16
-3.88433e-16
-2.73603e-16
-1.58668e-16
-7.80519e-17
-3.15552e-17
-8.84551e-18
2.36254e-19
2.71931e-18
2.59128e-18
1.69762e-18
1
1
0.99998
0.999981
1.00013
1.00033
0.999903
0.998204
0.996314
0.998219
1.00873
1.02779
1.04489
1.03892
0.986088
0.872186
0.702049
0.5
0.300845
0.136483
0.0251626
-0.0320184
-0.0472861
-0.0384617
-0.0216386
-0.00705794
0.0013602
0.00409858
0.0034938
0.00181902
0.000425954
-0.00026744
-0.000397672
-0.00026303
-9.36929e-05
9.54145e-06
4.06719e-05
3.16021e-05
1.29639e-05
1.92667e-07
-4.22499e-06
-3.59557e-06
-1.5892e-06
-1.4209e-07
3.91565e-07
3.70841e-07
1.9945e-07
7.79967e-08
3.28408e-08
2.30865e-08
1.41692e-08
-2.2446e-09
-1.87215e-08
-2.69641e-08
-2.49577e-08
-1.62805e-08
-6.23148e-09
1.32835e-09
5.04352e-09
5.50986e-09
4.14936e-09
2.2952e-09
7.66063e-10
-1.50502e-10
-5.14303e-10
-5.24949e-10
-3.79691e-10
-2.11339e-10
-8.28924e-11
-8.25481e-12
2.3176e-11
2.85818e-11
2.24448e-11
1.37533e-11
6.6503e-12
2.19725e-12
-6.12381e-15
-7.71103e-13
-8.113e-13
-5.90545e-13
-3.45826e-13
-1.64743e-13
-5.78056e-14
-6.4974e-15
1.17552e-14
1.4075e-14
1.06768e-14
6.49456e-15
3.30654e-15
1.36735e-15
3.8226e-16
-2.34507e-17
-1.35939e-16
-1.28392e-16
-8.80012e-17
-5.01724e-17
-2.44176e-17
-9.82869e-18
-2.86533e-18
5.20763e-19
1
1
0.999995
0.99997
1.00001
1.0002
1.00032
0.999638
0.997741
0.996174
0.999086
1.01073
1.03001
1.04575
1.03727
0.982184
0.867717
0.699155
0.5
0.303542
0.14044
0.0286225
-0.0302183
-0.0473191
-0.0397121
-0.0232206
-0.00828853
0.000751046
0.00402473
0.00370393
0.00207652
0.000599479
-0.000202861
-0.000406625
-0.00029825
-0.000123694
-4.69804e-06
3.91751e-05
3.57083e-05
1.72561e-05
2.51394e-06
-3.7401e-06
-4.017e-06
-2.15157e-06
-5.16405e-07
2.22687e-07
3.18048e-07
1.90806e-07
8.68923e-08
5.74685e-08
6.26412e-08
6.02016e-08
3.80464e-08
6.82652e-09
-1.83102e-08
-2.9383e-08
-2.73219e-08
-1.8001e-08
-7.59118e-09
8.26636e-11
3.92616e-09
4.66214e-09
3.66699e-09
2.15849e-09
8.6742e-10
5.7619e-11
-3.03163e-10
-3.66817e-10
-2.88252e-10
-1.74784e-10
-8.05442e-11
-2.13384e-11
7.12695e-12
1.5672e-11
1.43163e-11
9.72893e-12
5.31126e-12
2.24047e-12
5.36441e-13
-1.98277e-13
-3.87953e-13
-3.38692e-13
-2.24384e-13
-1.22184e-13
-5.38874e-14
-1.65336e-14
8.16342e-18
5.13881e-15
5.20777e-15
3.6983e-15
2.15447e-15
1.05791e-15
4.20745e-16
1.09265e-16
-1.37233e-17
-4.50999e-17
-4.0633e-17
-2.72266e-17
-1.54162e-17
-6.19423e-18
1
1
1
0.999986
0.999968
1.00005
1.00027
1.00027
0.999331
0.997313
0.996157
1.00006
1.01269
1.03204
1.04639
1.03556
0.978436
0.863517
0.696458
0.5
0.306067
0.144179
0.0319521
-0.0284107
-0.0472471
-0.0408424
-0.0247318
-0.00951485
0.000102556
0.00390382
0.00388438
0.00232766
0.000782083
-0.000125365
-0.000406656
-0.000330588
-0.000154993
-2.15564e-05
3.56876e-05
3.90364e-05
2.16728e-05
5.31193e-06
-2.81563e-06
-4.1776e-06
-2.61407e-06
-8.87268e-07
1.04287e-08
1.99822e-07
1.07579e-07
2.41036e-08
2.58253e-08
6.9963e-08
9.9187e-08
9.04854e-08
5.40897e-08
1.25079e-08
-1.70811e-08
-2.90898e-08
-2.70283e-08
-1.79685e-08
-8.12181e-09
-9.42542e-10
2.73581e-09
3.64499e-09
3.009e-09
1.8711e-09
8.51191e-10
1.82392e-10
-1.43308e-10
-2.33248e-10
-2.02312e-10
-1.32782e-10
-6.85556e-11
-2.50194e-11
-1.87283e-12
7.04292e-12
8.20882e-12
6.26711e-12
3.79536e-12
1.85857e-12
6.69114e-13
7.92664e-14
-1.38057e-13
-1.68872e-13
-1.29798e-13
-7.96172e-14
-4.06107e-14
-1.65921e-14
-4.32418e-15
6.93403e-16
2.00902e-15
1.8125e-15
1.21966e-15
6.84636e-16
3.25668e-16
1.25081e-16
3.02767e-17
-5.78148e-18
-1.41467e-17
-1.24549e-17
1
1
1
0.999999
0.999976
0.999976
1.0001
1.00032
1.00018
0.998997
0.996934
0.996254
1.00112
1.01461
1.03388
1.04684
1.0338
0.974837
0.85956
0.693933
0.5
0.308436
0.147722
0.0351593
-0.0266028
-0.0470838
-0.0418621
-0.0261733
-0.0107318
-0.000579065
0.00373919
0.0040349
0.00257022
0.000971617
-3.58992e-05
-0.000397546
-0.000359317
-0.000186984
-4.08234e-05
3.00768e-05
4.13087e-05
2.59666e-05
8.45252e-06
-1.46915e-06
-4.01309e-06
-2.87126e-06
-1.14107e-06
-1.47089e-07
8.37424e-08
-1.94565e-08
-1.13709e-07
-8.96085e-08
6.70944e-09
9.43097e-08
1.27902e-07
1.08402e-07
6.18823e-08
1.56343e-08
-1.47134e-08
-2.64136e-08
-2.46054e-08
-1.65428e-08
-7.91008e-09
-1.63427e-09
1.66438e-09
2.63979e-09
2.30658e-09
1.51037e-09
7.5355e-10
2.34283e-10
-3.77406e-11
-1.3274e-10
-1.3131e-10
-9.34395e-11
-5.28498e-11
-2.30191e-11
-5.75516e-12
1.99154e-12
4.12228e-12
3.67366e-12
2.46651e-12
1.35222e-12
5.93382e-13
1.73594e-13
-1.25132e-14
-6.84658e-14
-6.63007e-14
-4.6326e-14
-2.66186e-14
-1.27857e-14
-4.83283e-15
-1.01745e-15
4.21403e-16
7.2327e-16
5.98374e-16
3.85031e-16
2.09336e-16
9.67928e-17
3.66341e-17
3.27038e-18
1
1
1
1
0.999993
0.999969
0.999995
1.00016
1.00035
1.00004
0.998649
0.99661
0.996454
1.00224
1.01647
1.03556
1.04713
1.03202
0.971377
0.855821
0.691564
0.5
0.310668
0.151087
0.0382517
-0.0248
-0.0468406
-0.0427801
-0.0275469
-0.0119351
-0.00128829
0.00353417
0.0041556
0.00280236
0.00116608
6.45271e-05
-0.000379202
-0.000383762
-0.000219012
-6.2189e-05
2.2289e-05
4.22583e-05
2.98254e-05
1.16868e-05
1.54627e-07
-3.5654e-06
-2.88225e-06
-1.18123e-06
-1.27808e-07
8.77266e-08
-1.00086e-07
-2.76464e-07
-2.78602e-07
-1.465e-07
1.12845e-08
1.14744e-07
1.41968e-07
1.13287e-07
6.26425e-08
1.6886e-08
-1.15243e-08
-2.21913e-08
-2.08593e-08
-1.42261e-08
-7.14088e-09
-1.97007e-09
8.2321e-10
1.76881e-09
1.65798e-09
1.14307e-09
6.14397e-10
2.33823e-10
2.14649e-11
-6.47915e-11
-7.84481e-11
-6.11557e-11
-3.75261e-11
-1.84408e-11
-6.49201e-12
-5.05588e-13
1.68231e-12
1.93731e-12
1.46565e-12
8.88559e-13
4.44547e-13
1.73222e-13
3.67009e-14
-1.69511e-14
-2.87521e-14
-2.40195e-14
-1.55607e-14
-8.44656e-15
-3.8353e-15
-1.33691e-15
-2.06553e-16
1.84952e-16
2.43863e-16
1.88573e-16
1.17526e-16
5.36172e-17
1
1
1
1
1
0.999985
0.999966
1.00002
1.00022
1.00036
0.999873
0.998298
0.996344
0.996747
1.00341
1.01826
1.03708
1.04729
1.03022
0.968048
0.852278
0.689332
0.5
0.312776
0.154289
0.0412361
-0.0230068
-0.0465277
-0.0436044
-0.0288544
-0.0131217
-0.00202019
0.00329197
0.00424691
0.00302256
0.00136363
0.000174853
-0.000351639
-0.000403288
-0.000250335
-8.51754e-05
1.24418e-05
4.17249e-05
3.29484e-05
1.46875e-05
1.7738e-06
-3.03224e-06
-2.74393e-06
-1.00589e-06
1.48681e-07
3.36664e-07
-3.09277e-09
-3.57774e-07
-4.76315e-07
-3.67488e-07
-1.60117e-07
2.33604e-08
1.23493e-07
1.40931e-07
1.07485e-07
5.82878e-08
1.67495e-08
-8.09513e-09
-1.7366e-08
-1.66018e-08
-1.15219e-08
-6.04065e-09
-2.00117e-09
2.43995e-10
1.08951e-09
1.11949e-09
8.14884e-10
4.67051e-10
2.03009e-10
4.6969e-11
-2.37086e-11
-4.25895e-11
-3.72384e-11
-2.47641e-11
-1.33756e-11
-5.6527e-12
-1.42081e-12
4.02327e-13
8.89911e-13
7.93548e-13
5.33835e-13
2.9669e-13
1.3582e-13
4.60528e-14
4.82834e-15
-9.24448e-15
-1.08331e-14
-8.14721e-15
-4.95895e-15
-2.5592e-15
-1.10164e-15
-3.52341e-16
-3.15377e-17
6.8684e-17
8.18179e-17
1
1
1
1
1
0.999999
0.999977
0.999969
1.00006
1.00027
1.00034
0.999674
0.997952
0.996139
0.997122
1.00461
1.01999
1.03846
1.04732
1.02841
0.964841
0.848913
0.687224
0.5
0.314771
0.157342
0.0441189
-0.0212264
-0.0461537
-0.0443425
-0.0300981
-0.0142887
-0.0027704
0.0030157
0.00430944
0.00322954
0.00156247
0.000293921
-0.00031503
-0.000417331
-0.000280137
-0.000109092
9.25544e-07
3.97952e-05
3.51922e-05
1.71691e-05
3.04033e-06
-2.75308e-06
-2.72682e-06
-7.76274e-07
6.41187e-07
8.89761e-07
3.90767e-07
-2.23662e-07
-5.69965e-07
-5.83554e-07
-3.89209e-07
-1.47938e-07
3.30518e-08
1.19552e-07
1.28174e-07
9.46124e-08
5.08219e-08
1.55987e-08
-4.96644e-09
-1.27148e-08
-1.2476e-08
-8.83978e-09
-4.82347e-09
-1.81859e-09
-9.90713e-11
6.07092e-10
7.0978e-10
5.48855e-10
3.33653e-10
1.59934e-10
5.14828e-11
-2.01088e-12
-2.0377e-11
-2.10084e-11
-1.52533e-11
-8.94955e-12
-4.2756e-12
-1.49959e-12
-1.57751e-13
3.23634e-13
3.85338e-13
2.93928e-13
1.80266e-13
9.26623e-14
3.87403e-14
1.09878e-14
-6.24021e-16
-3.93042e-15
-3.7659e-15
-2.61391e-15
-1.50914e-15
-7.43759e-16
-3.08495e-16
-5.13387e-17
1
1
1
1
1
1
0.999994
0.99997
0.999978
1.0001
1.00032
1.00029
0.999453
0.997619
0.995994
0.997568
1.00583
1.02164
1.03971
1.04725
1.0266
0.961748
0.845711
0.685229
0.5
0.316664
0.160259
0.0469061
-0.0194615
-0.0457261
-0.045001
-0.0312803
-0.0154342
-0.00353502
0.00270835
0.00434397
0.00342222
0.00176086
0.00042039
-0.000269823
-0.00042554
-0.000307632
-0.000133085
-1.15585e-05
3.69227e-05
3.67455e-05
1.90755e-05
3.702e-06
-3.10047e-06
-3.23037e-06
-8.3029e-07
1.13257e-06
1.66736e-06
1.11697e-06
2.31012e-07
-4.337e-07
-6.85508e-07
-6.0269e-07
-3.64194e-07
-1.24351e-07
3.66253e-08
1.05958e-07
1.08493e-07
7.82939e-08
4.1984e-08
1.37676e-08
-2.47775e-09
-8.729e-09
-8.88815e-09
-6.45189e-09
-3.65515e-09
-1.51992e-09
-2.6124e-10
2.94425e-10
4.21215e-10
3.49811e-10
2.25179e-10
1.16735e-10
4.51958e-11
7.30241e-12
-7.89709e-12
-1.08579e-11
-8.77245e-12
-5.57736e-12
-2.93051e-12
-1.22802e-12
-3.26051e-13
5.59656e-14
1.60773e-13
1.47264e-13
1.00525e-13
5.70518e-14
2.72563e-14
1.03364e-14
2.2612e-15
-7.95148e-16
-1.46187e-15
-1.22763e-15
-8.03526e-16
-3.87034e-16
1
1
1
1
1
1
1
0.999988
0.999965
0.999994
1.00015
1.00035
1.00022
0.999214
0.997304
0.995908
0.998077
1.00706
1.02322
1.04084
1.04708
1.0248
0.958764
0.842658
0.683336
0.5
0.318465
0.16305
0.0496032
-0.0177143
-0.0452516
-0.0455863
-0.0324033
-0.0165565
-0.00431055
0.00237283
0.00435146
0.00359971
0.00195702
0.000552629
-0.000216919
-0.000428008
-0.000332322
-0.000156338
-2.41086e-05
3.39344e-05
3.8242e-05
2.07664e-05
3.81407e-06
-4.288e-06
-4.64282e-06
-1.60835e-06
1.24132e-06
2.41612e-06
2.06761e-06
1.01854e-06
1.76082e-08
-5.63991e-07
-7.02854e-07
-5.57561e-07
-3.13535e-07
-9.85801e-08
3.44144e-08
8.71515e-08
8.63932e-08
6.14449e-08
3.30888e-08
1.15714e-08
-7.41506e-10
-5.6173e-09
-6.01934e-09
-4.49413e-09
-2.63938e-09
-1.18656e-09
-3.0377e-10
1.10799e-10
2.32168e-10
2.10969e-10
1.44063e-10
7.98846e-11
3.49977e-11
9.66928e-12
-1.6743e-12
-5.00848e-12
-4.69182e-12
-3.25167e-12
-1.85601e-12
-8.7673e-13
-3.13983e-13
-4.65855e-14
5.02191e-14
6.56421e-14
5.13895e-14
3.21796e-14
1.70612e-14
7.59013e-15
2.57705e-15
3.52692e-16
-3.8979e-16
-5.28729e-16
1
1
1
1
1
1
1
1
0.999981
0.999964
1.00002
1.00019
1.00037
1.00013
0.998962
0.997012
0.995878
0.99864
1.00829
1.02473
1.04186
1.04684
1.02301
0.955881
0.839741
0.681535
0.5
0.32018
0.165724
0.0522152
-0.0159862
-0.044736
-0.0461039
-0.0334695
-0.0176544
-0.00509373
0.00201209
0.00433315
0.0037614
0.00214923
0.000688724
-0.000157803
-0.000425536
-0.000354338
-0.000178443
-3.59285e-05
3.18408e-05
4.07128e-05
2.30988e-05
3.91303e-06
-6.15619e-06
-7.13645e-06
-3.49434e-06
5.17481e-07
2.74272e-06
2.97689e-06
2.01553e-06
7.76506e-07
-1.56117e-07
-6.0136e-07
-6.46521e-07
-4.76104e-07
-2.53794e-07
-7.52952e-08
2.85517e-08
6.719e-08
6.52145e-08
4.60135e-08
2.49959e-08
9.29007e-09
3.02786e-10
-3.37599e-09
-3.88127e-09
-2.99472e-09
-1.82203e-09
-8.7383e-10
-2.79374e-10
1.53137e-11
1.16916e-10
1.20155e-10
8.75375e-11
5.16309e-11
2.48138e-11
8.75465e-12
9.18944e-13
-1.92701e-12
-2.30825e-12
-1.77399e-12
-1.09689e-12
-5.68848e-13
-2.40279e-13
-6.92389e-14
3.31149e-15
2.4474e-14
2.37922e-14
1.66929e-14
9.73582e-15
4.84879e-15
2.03624e-15
3.51613e-16
1
1
1
1
1
1
1
1
0.999996
0.999974
0.999966
1.00004
1.00024
1.00038
1.00002
0.998704
0.996745
0.995901
0.999249
1.00951
1.02617
1.04278
1.04653
1.02123
0.953094
0.83695
0.67982
0.5
0.321818
0.168292
0.0547469
-0.0142784
-0.0441845
-0.0465592
-0.0344815
-0.0187268
-0.00588149
0.00162928
0.00429082
0.0039073
0.00233615
0.00082668
-9.44834e-05
-0.00041977
-0.000374765
-0.000199833
-4.67928e-05
3.14352e-05
4.53139e-05
2.73132e-05
5.04983e-06
-8.03123e-06
-1.04717e-05
-6.61713e-06
-1.39485e-06
2.2205e-06
3.4702e-06
2.96568e-06
1.71668e-06
5.16337e-07
-2.56339e-07
-5.64491e-07
-5.48234e-07
-3.81871e-07
-1.95728e-07
-5.6141e-08
2.13574e-08
4.89054e-08
4.69277e-08
3.30276e-08
1.81595e-08
7.14265e-09
8.08401e-10
-1.87752e-09
-2.38378e-09
-1.91233e-09
-1.20555e-09
-6.11214e-10
-2.26229e-10
-2.58907e-11
5.18224e-11
6.43037e-11
5.05412e-11
3.16615e-11
1.64098e-11
6.71905e-12
1.63905e-12
-4.7463e-13
-1.01882e-12
-9.01742e-13
-6.07469e-13
-3.41867e-13
-1.61738e-13
-6.0076e-14
-1.19016e-14
6.03807e-15
9.64761e-15
7.91754e-15
5.14046e-15
2.44591e-15
1
1
1
1
1
1
1
1
1
0.999992
0.999968
0.999972
1.00008
1.00028
1.00038
0.999885
0.998442
0.996506
0.995975
0.999897
1.01073
1.02755
1.0436
1.04615
1.01946
0.950397
0.834276
0.678182
0.5
0.323384
0.170759
0.0572027
-0.0125918
-0.0436016
-0.0469572
-0.0354418
-0.0197731
-0.00667086
0.00122791
0.00422704
0.00403842
0.00251728
0.000964934
-2.9123e-05
-0.000413049
-0.000395749
-0.000222124
-5.75312e-05
3.27643e-05
5.28554e-05
3.46929e-05
8.6132e-06
-8.74549e-06
-1.38997e-05
-1.06878e-05
-4.58101e-06
5.41083e-07
3.16997e-06
3.53605e-06
2.60784e-06
1.33447e-06
3.02164e-07
-2.87065e-07
-4.83028e-07
-4.35701e-07
-2.90958e-07
-1.45054e-07
-4.11598e-08
1.45384e-08
3.37824e-08
3.23268e-08
2.28001e-08
1.27203e-08
5.27118e-09
9.51646e-10
-9.46818e-10
-1.39318e-09
-1.17146e-09
-7.66058e-10
-4.08066e-10
-1.67953e-10
-3.73004e-11
1.81838e-11
3.20088e-11
2.76915e-11
1.84704e-11
1.02284e-11
4.65257e-12
1.53604e-12
1.04263e-13
-3.78618e-13
-4.22195e-13
-3.15207e-13
-1.92079e-13
-9.94195e-14
-4.28088e-14
-1.3493e-14
-8.67296e-16
3.07043e-15
3.49273e-15
1
1
1
1
1
1
1
1
1
1
0.999986
0.999964
0.999983
1.00011
1.00032
1.00035
0.999736
0.998181
0.996296
0.996096
1.00058
1.01194
1.02885
1.04434
1.04573
1.01771
0.947785
0.831708
0.676616
0.5
0.324883
0.173134
0.0595869
-0.0109271
-0.0429917
-0.0473028
-0.0363535
-0.0207932
-0.00745916
0.000811808
0.00414542
0.00415725
0.00269368
0.00110314
3.67149e-05
-0.000407835
-0.000420202
-0.000248131
-7.03274e-05
3.46476e-05
6.3253e-05
4.60588e-05
1.59473e-05
-6.86042e-06
-1.62304e-05
-1.49477e-05
-8.73309e-06
-2.34061e-06
1.82643e-06
3.41303e-06
3.17164e-06
2.10359e-06
9.69658e-07
1.52937e-07
-2.6899e-07
-3.84446e-07
-3.281e-07
-2.1223e-07
-1.03902e-07
-2.97558e-08
9.00266e-09
2.22275e-08
2.1386e-08
1.5178e-08
8.60862e-09
3.74202e-09
8.87436e-10
-4.12383e-10
-7.72585e-10
-6.88687e-10
-4.68218e-10
-2.60997e-10
-1.16632e-10
-3.46953e-11
2.73852e-12
1.45111e-11
1.43447e-11
1.02606e-11
6.04642e-12
2.98621e-12
1.16793e-12
2.63805e-13
-9.34501e-14
-1.77368e-13
-1.52463e-13
-1.01261e-13
-5.67807e-14
-2.71368e-14
-1.07066e-14
-1.20768e-15
1
1
1
1
1
1
1
1
1
1
0.999999
0.999981
0.999962
0.999998
1.00015
1.00035
1.00032
0.999574
0.997923
0.996116
0.996261
1.00129
1.01312
1.0301
1.045
1.04525
1.01599
0.945253
0.829241
0.675116
0.499999
0.326322
0.175423
0.0619035
-0.00928446
-0.0423586
-0.0476012
-0.0372202
-0.0217879
-0.00824447
0.000384787
0.00405046
0.00426799
0.00286856
0.00124304
0.000103081
-0.000405744
-0.000451051
-0.000281434
-8.86309e-05
3.44556e-05
7.50959e-05
6.12485e-05
2.78542e-05
-1.05793e-06
-1.60781e-05
-1.82701e-05
-1.31375e-05
-6.12346e-06
-5.72057e-07
2.40731e-06
3.16237e-06
2.60351e-06
1.59025e-06
6.68974e-07
6.24567e-08
-2.25066e-07
-2.8831e-07
-2.35919e-07
-1.49026e-07
-7.22192e-08
-2.12077e-08
5.00582e-09
1.39629e-08
1.36202e-08
9.76384e-09
5.63832e-09
2.56061e-09
7.30066e-10
-1.32622e-10
-4.04126e-10
-3.88384e-10
-2.75544e-10
-1.60367e-10
-7.66434e-11
-2.71359e-11
-3.08278e-12
5.70457e-12
6.97233e-12
5.42375e-12
3.40191e-12
1.80171e-12
7.90022e-13
2.51468e-13
1.40235e-14
-6.25204e-14
-6.78598e-14
-5.00233e-14
-3.05897e-14
-1.3464e-14
1
1
1
1
1
1
1
1
1
1
1
0.999996
0.999975
0.999962
1.00002
1.00019
1.00038
1.00027
0.999401
0.997672
0.995965
0.996466
1.00202
1.01429
1.03128
1.04559
1.04474
1.01428
0.942798
0.826866
0.673677
0.499999
0.327704
0.177632
0.0641568
-0.00766389
-0.0417063
-0.0478581
-0.0380469
-0.02276
-0.00902644
-5.02058e-05
0.00394693
0.00437629
0.00304745
0.00138914
0.000172655
-0.000406361
-0.000490084
-0.000325459
-0.000116578
2.83156e-05
8.55238e-05
7.8763e-05
4.4134e-05
9.40436e-06
-1.22318e-05
-1.94052e-05
-1.67933e-05
-1.01766e-05
-3.75012e-06
5.3169e-07
2.44571e-06
2.65185e-06
1.9983e-06
1.14218e-06
4.43298e-07
1.49989e-08
-1.7333e-07
-2.05542e-07
-1.62898e-07
-1.01155e-07
-4.88429e-08
-1.48746e-08
2.4036e-09
8.38386e-09
8.36567e-09
6.0796e-09
3.57904e-09
1.69218e-09
5.51869e-10
-3.62749e-12
-1.97133e-10
-2.09795e-10
-1.56209e-10
-9.48557e-11
-4.8013e-11
-1.91517e-11
-4.35419e-12
1.66415e-12
3.13208e-12
2.72002e-12
1.82458e-12
1.03e-12
4.92598e-13
1.8793e-13
4.17646e-14
-1.4293e-14
-2.68985e-14
-2.27235e-14
1
1
1
1
1
1
1
1
1
1
1
1
0.999992
0.99997
0.999965
1.00004
1.00023
1.0004
1.0002
0.999218
0.99743
0.995844
0.996708
1.00277
1.01543
1.0324
1.0461
1.04418
1.01259
0.940415
0.824578
0.672294
0.499998
0.329033
0.179768
0.0663516
-0.00606464
-0.0410383
-0.0480797
-0.0388406
-0.0237146
-0.00980756
-0.000492426
0.00383859
0.00448823
0.00323775
0.00154878
0.000251388
-0.000406185
-0.000536703
-0.000382237
-0.000157977
1.17887e-05
9.05301e-05
9.5741e-05
6.33251e-05
2.43159e-05
-4.04462e-06
-1.73063e-05
-1.86377e-05
-1.36595e-05
-7.17926e-06
-1.97585e-06
1.04946e-06
2.15959e-06
2.06518e-06
1.45363e-06
7.86898e-07
2.84773e-07
-5.46086e-09
-1.24978e-07
-1.40199e-07
-1.08474e-07
-6.65794e-08
-3.22027e-08
-1.02425e-08
8.77986e-10
4.81082e-09
4.96158e-09
3.66903e-09
2.20454e-09
1.08186e-09
3.91188e-10
4.38496e-11
-8.76175e-11
-1.08216e-10
-8.52999e-11
-5.40891e-11
-2.88156e-11
-1.2566e-11
-3.81753e-12
4.71866e-14
1.2588e-12
1.28598e-12
9.32565e-13
5.60428e-13
2.88082e-13
1.23659e-13
3.99537e-14
-3.90325e-15
1
1
1
1
1
1
1
1
1
1
1
1
1
0.999988
0.999965
0.99997
1.00007
1.00026
1.00041
1.00013
0.999028
0.997198
0.995753
0.996984
1.00354
1.01656
1.03347
1.04656
1.0436
1.01093
0.938099
0.822369
0.670963
0.499996
0.330315
0.181836
0.0684936
-0.00448474
-0.0403574
-0.048273
-0.0396099
-0.0246604
-0.0105943
-0.000945
0.00372633
0.00460865
0.00344731
0.00173139
0.000348408
-0.000398094
-0.000586916
-0.000451174
-0.000215066
-1.9089e-05
8.56843e-05
0.000108327
8.2759e-05
4.23437e-05
8.27839e-06
-1.14426e-05
-1.78154e-05
-1.57146e-05
-1.01878e-05
-4.69312e-06
-8.30627e-07
1.16124e-06
1.73605e-06
1.51693e-06
1.0115e-06
5.23693e-07
1.78716e-07
-1.13019e-08
-8.52779e-08
-9.19332e-08
-6.98936e-08
-4.25967e-08
-2.07255e-08
-6.90934e-09
8.90107e-11
2.63344e-09
2.84348e-09
2.14825e-09
1.31905e-09
6.70203e-10
2.6313e-10
5.20442e-11
-3.359e-11
-5.30046e-11
-4.4826e-11
-2.97599e-11
-1.66254e-11
-7.78504e-12
-2.80132e-12
-4.46216e-13
4.15425e-13
5.66039e-13
4.53092e-13
2.90687e-13
1.60947e-13
6.05623e-14
1
1
1
1
1
1
1
1
1
1
1
1
1
1
0.999983
0.999962
0.999979
1.00009
1.0003
1.00041
1.00004
0.998834
0.996977
0.995691
0.997292
1.00431
1.01765
1.03448
1.04696
1.04299
1.00929
0.935849
0.820234
0.669677
0.499991
0.331553
0.183846
0.0705904
-0.00292003
-0.0396649
-0.0484445
-0.0403655
-0.0256097
-0.0113984
-0.00141653
0.00360611
0.00473878
0.00368237
0.00194676
0.000474969
-0.000371663
-0.000632975
-0.000528178
-0.000287384
-6.66451e-05
6.71262e-05
0.000112383
9.89534e-05
6.11432e-05
2.35864e-05
-2.00467e-06
-1.39159e-05
-1.56785e-05
-1.21165e-05
-7.10712e-06
-2.87149e-06
-1.89217e-07
1.04594e-06
1.30109e-06
1.06178e-06
6.77836e-07
3.38493e-07
1.10272e-07
-1.05551e-08
-5.54625e-08
-5.81669e-08
-4.36911e-08
-2.65412e-08
-1.30334e-08
-4.55853e-09
-2.47933e-10
1.36944e-09
1.5749e-09
1.22122e-09
7.6732e-10
4.02868e-10
1.69251e-10
4.44615e-11
-9.24668e-12
-2.44016e-11
-2.26253e-11
-1.58031e-11
-9.24318e-12
-4.59588e-12
-1.8553e-12
-4.83263e-13
7.59656e-14
2.26035e-13
2.08575e-13
1.34243e-13
1
1
1
1
1
1
1
1
1
1
1
1
1
1
0.999998
0.999978
0.99996
0.99999
1.00012
1.00033
1.0004
0.999936
0.998636
0.99677
0.995656
0.997628
1.00509
1.01873
1.03544
1.0473
1.04236
1.00767
0.933659
0.818166
0.668431
0.499983
0.332752
0.185806
0.0726527
-0.00136267
-0.0389588
-0.0485992
-0.0411187
-0.0265779
-0.0122364
-0.00192213
0.00346716
0.00487398
0.00394489
0.00220261
0.000642485
-0.000314435
-0.000663893
-0.000605483
-0.00037107
-0.000130596
3.25903e-05
0.000104377
0.000108264
7.7739e-05
3.99229e-05
1.00594e-05
-7.10956e-06
-1.32511e-05
-1.24743e-05
-8.7325e-06
-4.69708e-06
-1.65411e-06
1.11139e-07
8.37691e-07
9.22141e-07
7.13411e-07
4.39679e-07
2.13376e-07
6.7233e-08
-7.69384e-09
-3.4553e-08
-3.56118e-08
-2.65525e-08
-1.613e-08
-8.0144e-09
-2.93847e-09
-3.37954e-10
6.71035e-10
8.42578e-10
6.74313e-10
4.3429e-10
2.35277e-10
1.04662e-10
3.28391e-11
2.98467e-13
-1.03518e-11
-1.09287e-11
-8.09568e-12
-4.95941e-12
-2.60035e-12
-1.14395e-12
-3.75668e-13
-3.94059e-14
9.84313e-14
1
1
1
1
1
1
1
1
1
1
1
1
1
1
1
0.999995
0.999973
0.999959
1
1.00015
1.00036
1.00038
0.999825
0.998437
0.996577
0.995649
0.99799
1.00588
1.01977
1.03635
1.0476
1.04171
1.00608
0.931525
0.816156
0.667217
0.49997
0.333917
0.187729
0.0746957
0.000200686
-0.0382317
-0.0487382
-0.0418792
-0.0275818
-0.0131293
-0.00248327
0.00329104
0.00500183
0.00423015
0.00250189
0.000859952
-0.000214033
-0.00066686
-0.000672315
-0.000458864
-0.000207541
-1.7807e-05
8.22411e-05
0.000107643
8.90895e-05
5.48685e-05
2.31894e-05
1.8536e-06
-8.57967e-06
-1.10542e-05
-9.22195e-06
-5.96432e-06
-2.96802e-06
-8.99771e-07
2.11312e-07
6.18784e-07
6.23933e-07
4.62629e-07
2.77149e-07
1.31602e-07
4.06507e-08
-4.8089e-09
-2.06925e-08
-2.11446e-08
-1.57149e-08
-9.573e-09
-4.8217e-09
-1.84972e-09
-3.12297e-10
3.04949e-10
4.34836e-10
3.61692e-10
2.3928e-10
1.33635e-10
6.24643e-11
2.21906e-11
3.09514e-12
-3.87292e-12
-5.01994e-12
-3.99556e-12
-2.57007e-12
-1.41458e-12
-6.75134e-13
-1.80536e-13
1
1
1
1
1
1
1
1
1
1
1
1
1
1
1
1
0.999991
0.999968
0.999961
1.00002
1.00019
1.00038
1.00035
0.999706
0.998238
0.9964
0.995669
0.998374
1.00667
1.02079
1.03721
1.04785
1.04105
1.00452
0.929442
0.814194
0.666025
0.499946
0.335055
0.18963
0.0767405
0.00179098
-0.0374683
-0.0488556
-0.0426519
-0.0286364
-0.0140998
-0.00312629
0.00305213
0.00510151
0.00452505
0.00284037
0.00113127
-6.07097e-05
-0.000629354
-0.000716355
-0.000540854
-0.000291085
-8.1229e-05
4.59711e-05
9.53109e-05
9.26952e-05
6.60028e-05
3.55036e-05
1.17795e-05
-2.23604e-06
-7.97879e-06
-8.44027e-06
-6.43754e-06
-3.89745e-06
-1.80596e-06
-4.62461e-07
2.1109e-07
4.29799e-07
4.05729e-07
2.90753e-07
1.70295e-07
7.96098e-08
2.44236e-08
-2.63004e-09
-1.19401e-08
-1.21967e-08
-9.06999e-09
-5.55396e-09
-2.83966e-09
-1.13695e-09
-2.45862e-10
1.24221e-10
2.15912e-10
1.88412e-10
1.28384e-10
7.3888e-11
3.60859e-11
1.40706e-11
3.19511e-12
-1.12231e-12
-2.16787e-12
-1.89419e-12
-1.29452e-12
-6.51785e-13
1
1
1
1
1
1
1
1
1
1
1
1
1
1
1
1
1
0.999987
0.999964
0.999964
1.00004
1.00022
1.0004
1.00031
0.999578
0.998041
0.996239
0.995714
0.998778
1.00746
1.02177
1.03803
1.04807
1.04038
1.00298
0.927401
0.812266
0.664841
0.499907
0.336172
0.191528
0.0788156
0.00343854
-0.036643
-0.0489354
-0.0434333
-0.0297511
-0.0151682
-0.00387913
0.00271977
0.00514466
0.00480774
0.00320524
0.00145312
0.000150178
-0.000541527
-0.000725718
-0.00060588
-0.000372606
-0.00015233
-2.1771e-06
7.1193e-05
8.71081e-05
7.13717e-05
4.51578e-05
2.12619e-05
4.89909e-06
-3.66983e-06
-6.48604e-06
-6.03339e-06
-4.28865e-06
-2.454e-06
-1.06444e-06
-2.24177e-07
1.71335e-07
2.8403e-07
2.54829e-07
1.7768e-07
1.02252e-07
4.73213e-08
1.45913e-08
-1.23158e-09
-6.64804e-09
-6.84398e-09
-5.11059e-09
-3.15251e-09
-1.63782e-09
-6.82537e-10
-1.76013e-10
4.1407e-11
1.02687e-10
9.52463e-11
6.70891e-11
3.97968e-11
2.02249e-11
8.48723e-12
2.46593e-12
-9.39959e-14
-8.56049e-13
-8.66733e-13
1
1
1
1
1
1
1
1
1
1
1
1
1
1
1
1
1
1
0.999983
0.999961
0.99997
1.00006
1.00025
1.00042
1.00027
0.999444
0.997849
0.996097
0.995784
0.999197
1.00824
1.02273
1.03881
1.04827
1.03972
1.00147
0.92539
0.810351
0.663647
0.499845
0.337277
0.193449
0.0809568
0.00518418
-0.0357177
-0.0489487
-0.0442077
-0.0309254
-0.0163484
-0.004767
0.00226194
0.00509797
0.0050489
0.00357509
0.0018138
0.000416341
-0.000398359
-0.000691067
-0.000643298
-0.000442526
-0.00022398
-5.79361e-05
3.70133e-05
7.22265e-05
6.98535e-05
5.0689e-05
2.89506e-05
1.18129e-05
1.24483e-06
-3.66086e-06
-4.82851e-06
-4.09342e-06
-2.74738e-06
-1.49713e-06
-6.1087e-07
-1.01989e-07
1.2408e-07
1.79984e-07
1.55179e-07
1.05856e-07
6.01135e-08
2.76762e-08
8.66391e-09
-4.44328e-10
-3.57362e-09
-3.73951e-09
-2.81377e-09
-1.7519e-09
-9.2552e-10
-4.00352e-10
-1.17885e-10
7.26808e-12
4.64154e-11
4.66604e-11
3.41408e-11
2.08915e-11
1.10169e-11
4.9068e-12
1.69812e-12
-5.76263e-14
1
1
1
1
1
1
1
1
1
1
1
1
1
1
1
1
1
1
0.999998
0.999978
0.999958
0.999978
1.00009
1.00028
1.00043
1.00021
0.999305
0.997664
0.995974
0.995873
0.999622
1.009
1.02366
1.03956
1.04846
1.03907
0.999975
0.92339
0.808422
0.662416
0.499745
0.338375
0.195419
0.0832072
0.007079
-0.0346414
-0.0488517
-0.0449442
-0.0321443
-0.0176425
-0.00580727
0.00165004
0.0049272
0.00521461
0.00392144
0.00219359
0.000727783
-0.000201145
-0.00060741
-0.000644757
-0.000491795
-0.00028834
-0.000115665
-3.95842e-06
4.93224e-05
6.1349e-05
5.12674e-05
3.37931e-05
1.75522e-05
6.06007e-06
-3.98443e-07
-3.03235e-06
-3.36928e-06
-2.66017e-06
-1.70214e-06
-8.88983e-07
-3.42942e-07
-4.31396e-08
8.31876e-08
1.09972e-07
9.1895e-08
6.16131e-08
3.46562e-08
1.59409e-08
5.10672e-09
-5.90081e-11
-1.85386e-09
-1.99085e-09
-1.5148e-09
-9.53693e-10
-5.1262e-10
-2.29574e-10
-7.49975e-11
-4.40025e-12
1.96604e-11
2.21e-11
1.69117e-11
1.06866e-11
5.89772e-12
2.1967e-12
1
1
1
1
1
1
1
1
1
1
1
1
1
1
1
1
1
1
1
0.999995
0.999973
0.999957
0.999989
1.00011
1.00031
1.00042
1.00015
0.999167
0.997491
0.995868
0.995975
1.00004
1.00975
1.02457
1.04031
1.04866
1.03844
0.998496
0.921371
0.806438
0.661112
0.499589
0.339471
0.197467
0.0856143
0.00918239
-0.0333513
-0.048586
-0.0455954
-0.0333761
-0.019037
-0.00700464
0.000864023
0.00460199
0.00527043
0.00421174
0.00256639
0.00106731
4.20391e-05
-0.000475224
-0.000605626
-0.000513329
-0.00033808
-0.000169229
-4.74377e-05
2.08102e-05
4.67681e-05
4.68106e-05
3.52006e-05
2.13871e-05
1.01253e-05
2.82548e-06
-9.35886e-07
-2.25779e-06
-2.23417e-06
-1.66683e-06
-1.02445e-06
-5.15707e-07
-1.89149e-07
-1.6678e-08
5.26062e-08
6.50563e-08
5.30479e-08
3.50965e-08
1.96174e-08
9.04777e-09
2.98327e-09
9.46089e-11
-9.26627e-10
-1.03302e-09
-7.97794e-10
-5.0881e-10
-2.78392e-10
-1.28774e-10
-4.5743e-11
-6.70923e-12
7.58501e-12
1.0079e-11
8.18572e-12
4.85507e-12
1
1
1
1
1
1
1
1
1
1
1
1
1
1
1
0.999999
1
1
1
1
0.999991
0.999969
0.999959
1
1.00014
1.00033
1.00042
1.00008
0.999034
0.99733
0.995774
0.996078
1.00046
1.01048
1.02547
1.04107
1.0489
1.03784
0.997006
0.919287
0.804344
0.659685
0.499345
0.340562
0.199616
0.0882261
0.0115581
-0.0317761
-0.0480808
-0.046098
-0.0345713
-0.0205003
-0.00834739
-0.000103005
0.00410082
0.00518601
0.00441325
0.00290259
0.00141221
0.000316957
-0.000300701
-0.000525809
-0.000503089
-0.000367467
-0.000212938
-8.88111e-05
-1.01738e-05
2.78351e-05
3.79526e-05
3.31129e-05
2.29162e-05
1.29516e-05
5.58072e-06
1.1492e-06
-9.48877e-07
-1.56258e-06
-1.42059e-06
-1.01201e-06
-6.01141e-07
-2.93196e-07
-1.029e-07
-5.7059e-09
3.17227e-08
3.73776e-08
2.99094e-08
1.95932e-08
1.0914e-08
5.06242e-09
1.72447e-09
1.31013e-10
-4.44808e-10
-5.22389e-10
-4.11183e-10
-2.6614e-10
-1.48293e-10
-7.0702e-11
-2.6914e-11
-5.74203e-12
2.42084e-12
4.7656e-12
1
1
1
1
1
1
1
1
1
1
1
1
1
1
1
1
0.999999
1
1
1
1
0.999987
0.999966
0.999962
1.00002
1.00016
1.00035
1.0004
1.00002
0.99891
0.997179
0.99568
0.996167
1.00085
1.01121
1.0264
1.04189
1.04919
1.03726
0.995466
0.917073
0.802063
0.658068
0.49897
0.341633
0.201885
0.0910859
0.0142686
-0.0298416
-0.0472575
-0.0463763
-0.0356642
-0.0219828
-0.00980554
-0.00124158
0.00341503
0.00493957
0.00449724
0.00317268
0.00173694
0.000604811
-9.5085e-05
-0.00040983
-0.000460647
-0.000373168
-0.000242355
-0.000123833
-4.02853e-05
6.7692e-06
2.58876e-05
2.79607e-05
2.20995e-05
1.42751e-05
7.54997e-06
2.94671e-06
3.58809e-07
-7.66216e-07
-1.02329e-06
-8.71681e-07
-5.97683e-07
-3.44923e-07
-1.63797e-07
-5.54095e-08
-1.61209e-09
1.8368e-08
2.09076e-08
1.64968e-08
1.07325e-08
5.97247e-09
2.79293e-09
9.84891e-10
1.17544e-10
-2.03844e-10
-2.57324e-10
-2.0742e-10
-1.36517e-10
-7.75064e-11
-3.79903e-11
-1.55835e-11
-2.06915e-12
1
1
1
1
1
1
1
1
1
1
1
1
1
1
1
1
1
1
1
1
1
0.999999
0.999984
0.999966
0.999968
1.00003
1.00018
1.00036
1.00039
0.999961
0.998797
0.997029
0.995569
0.996228
1.00122
1.01196
1.0274
1.0428
1.04955
1.03667
0.99381
0.914636
0.799495
0.656172
0.498403
0.342658
0.204277
0.0942252
0.0173676
-0.0274777
-0.0460361
-0.0463477
-0.0365769
-0.0234187
-0.0113313
-0.00252462
0.00255152
0.00452133
0.00444285
0.00335081
0.00201612
0.000884523
0.000126739
-0.000266196
-0.000389159
-0.000354613
-0.000254861
-0.000149208
-6.64715e-05
-1.40859e-05
1.21376e-05
2.05484e-05
1.92235e-05
1.40718e-05
8.56581e-06
4.2569e-06
1.49279e-06
3.15505e-08
-5.49947e-07
-6.41053e-07
-5.18614e-07
-3.44429e-07
-1.93993e-07
-9.01179e-08
-2.96229e-08
-3.09671e-10
1.02593e-08
1.14076e-08
8.91278e-09
5.77396e-09
3.21682e-09
1.5195e-09
5.55092e-10
8.91511e-11
-8.82274e-11
-1.23342e-10
-1.02405e-10
-6.86474e-11
-4.01292e-11
-1.65137e-11
1
1
1
1
1
1
1
1
1
1
1
1
1
1
1
1
1
1
1
1
1
1
0.999996
0.999982
0.999967
0.999973
1.00004
1.00019
1.00037
1.00039
0.999918
0.998689
0.996861
0.995419
0.996252
1.0016
1.01277
1.02852
1.04385
1.04998
1.03603
0.991938
0.911847
0.79651
0.653884
0.49756
0.343586
0.206775
0.0976568
0.0208925
-0.0246268
-0.0443434
-0.0459297
-0.0372258
-0.0247313
-0.012862
-0.00390848
0.00153333
0.00393556
0.00423991
0.00341805
0.00222762
0.00113529
0.000348135
-0.000106216
-0.000294815
-0.000313917
-0.000249874
-0.000162963
-8.63714e-05
-3.26082e-05
-1.70561e-06
1.18901e-05
1.48162e-05
1.25285e-05
8.61542e-06
4.97697e-06
2.33086e-06
7.25803e-07
-7.53062e-08
-3.65606e-07
-3.86985e-07
-3.00272e-07
-1.94163e-07
-1.07162e-07
-4.89167e-08
-1.57607e-08
-7.94439e-12
5.54488e-09
6.0804e-09
4.72182e-09
3.05328e-09
1.70618e-09
8.1529e-10
3.08454e-10
6.13979e-11
-3.53206e-11
-5.74113e-11
-4.96938e-11
-3.11164e-11
1
1
1
1
1
1
1
1
1
1
1
1
1
1
1
1
1
1
1
1
1
1
1
0.999995
0.999983
0.999969
0.999975
1.00004
1.0002
1.00039
1.0004
0.999888
0.998569
0.996651
0.995212
0.996246
1.00202
1.01371
1.02982
1.04505
1.05045
1.03523
0.98971
0.908543
0.792945
0.651066
0.496335
0.344346
0.20934
0.101369
0.0248568
-0.0212515
-0.0421215
-0.0450489
-0.0375289
-0.025839
-0.0143249
-0.00533607
0.000398326
0.00320073
0.00389035
0.00336449
0.00235503
0.00133896
0.000552738
5.74956e-05
-0.000185888
-0.000255422
-0.00022876
-0.000164585
-9.85608e-05
-4.71638e-05
-1.42126e-05
3.03598e-06
9.53517e-06
9.98341e-06
7.81839e-06
5.10121e-06
2.81192e-06
1.2438e-06
3.38382e-07
-8.96005e-08
-2.29778e-07
-2.2629e-07
-1.69678e-07
-1.07293e-07
-5.8239e-08
-2.62347e-08
-8.35869e-09
3.14314e-12
2.90583e-09
3.16974e-09
2.4551e-09
1.58805e-09
8.91511e-10
4.3143e-10
1.68892e-10
3.95234e-11
-1.20777e-11
-2.83007e-11
1
1
1
1
1
1
1
1
1
1
1
1
1
1
1
1
1
1
1
1
1
1
1
1
0.999997
0.999985
0.999968
0.99997
1.00004
1.00021
1.00043
1.00044
0.999859
0.998414
0.996372
0.994942
0.996239
1.00254
1.01485
1.03136
1.0464
1.05089
1.03414
0.986936
0.904519
0.788606
0.64755
0.494595
0.344838
0.211902
0.105318
0.0292443
-0.0173422
-0.0393357
-0.0436485
-0.0374141
-0.0266628
-0.0156437
-0.00674177
-0.000804036
0.00234802
0.00340812
0.00319029
0.00238935
0.00148201
0.000726303
0.000212569
-7.15921e-05
-0.000184972
-0.000194467
-0.000154926
-0.000102626
-5.67619e-05
-2.42886e-05
-5.07912e-06
4.05473e-06
6.85265e-06
6.38659e-06
4.70484e-06
2.93427e-06
1.55033e-06
6.48925e-07
1.50899e-07
-7.26205e-08
-1.38155e-07
-1.28677e-07
-9.37988e-08
-5.82188e-08
-3.11816e-08
-1.39172e-08
-4.42273e-09
-3.31415e-11
1.47833e-09
1.61752e-09
1.25371e-09
8.12832e-10
4.59091e-10
2.24999e-10
9.25414e-11
1.22267e-11
1
1
1
1
1
1
1
1
1
1
1
1
1
1
1
1
1
1
1
1
1
1
1
1
1
0.999999
0.999986
0.999962
0.999959
1.00004
1.00024
1.00049
1.00049
0.999809
0.998191
0.996005
0.994623
0.996287
1.00325
1.01628
1.03316
1.04787
1.05115
1.03255
0.983375
0.899528
0.783269
0.643147
0.492186
0.344938
0.214363
0.109431
0.0340051
-0.0129217
-0.0359801
-0.0416959
-0.0368267
-0.0271342
-0.0167455
-0.0080573
-0.00201723
0.00141825
0.00281763
0.00290538
0.00232957
0.00155665
0.000858116
0.000348245
3.90599e-05
-0.000109069
-0.00015099
-0.000135927
-9.908e-05
-6.10905e-05
-3.12674e-05
-1.17431e-05
-1.03016e-06
3.55816e-06
4.57717e-06
3.91781e-06
2.74443e-06
1.64566e-06
8.36662e-07
3.32031e-07
6.40636e-08
-5.03939e-08
-8.00776e-08
-7.13686e-08
-5.08228e-08
-3.10647e-08
-1.64658e-08
-7.30874e-09
-2.33503e-09
-5.40277e-11
7.30411e-10
8.08501e-10
6.29147e-10
4.09358e-10
2.35379e-10
9.45832e-11
1
1
1
1
1
1
1
1
1
1
1
1
1
1
1
1
1
1
1
1
1
1
1
0.999999
1
1.00001
1
0.999982
0.999947
0.999944
1.00005
1.0003
1.00058
1.00053
0.999706
0.997872
0.99555
0.994299
0.996475
1.00424
1.01804
1.03521
1.04932
1.05104
1.0302
0.978737
0.893291
0.776685
0.637645
0.48893
0.344498
0.216596
0.1136
0.0390549
-0.00804738
-0.0320817
-0.0391871
-0.0357353
-0.0272013
-0.017567
-0.00921786
-0.00318284
0.000457954
0.00215109
0.00252799
0.00218233
0.0015613
0.000941824
0.000456384
0.000138234
-3.40612e-05
-0.000102774
-0.000110239
-8.91673e-05
-6.04514e-05
-3.4927e-05
-1.65223e-05
-5.26929e-06
4.68955e-07
2.64797e-06
2.89559e-06
2.32055e-06
1.55811e-06
9.02624e-07
4.43147e-07
1.67103e-07
2.56784e-08
-3.19481e-08
-4.49813e-08
-3.87009e-08
-2.70335e-08
-1.63192e-08
-8.58343e-09
-3.80183e-09
-1.22955e-09
-5.54569e-11
3.50345e-10
3.95826e-10
3.12252e-10
1.83368e-10
1
1
1
1
1
1
1
1
1
1
1
1
1
1
1
1
1
1
1
1
1
1
1
0.999998
0.999999
1
1.00001
1
0.999971
0.999926
0.999931
1.00008
1.00038
1.00068
1.00055
0.999517
0.997443
0.995034
0.994047
0.996907
1.0056
1.02017
1.03743
1.05058
1.05028
1.02676
0.972686
0.8855
0.768589
0.630822
0.48464
0.343351
0.21845
0.11769
0.0442777
-0.00281018
-0.0277011
-0.0361493
-0.0341356
-0.0268339
-0.0180608
-0.0101678
-0.00424581
-0.000485052
0.00144517
0.00208248
0.00196068
0.00150012
0.000975648
0.000532024
0.000219972
3.45398e-05
-5.41482e-05
-8.08096e-05
-7.45986e-05
-5.56213e-05
-3.54401e-05
-1.9266e-05
-8.3886e-06
-2.13771e-06
8.22356e-07
1.79224e-06
1.7547e-06
1.33383e-06
8.63772e-07
4.85409e-07
2.30913e-07
8.29625e-08
9.57343e-09
-1.90297e-08
-2.45805e-08
-2.05579e-08
-1.41352e-08
-8.44883e-09
-4.42029e-09
-1.95954e-09
-6.45179e-10
-4.60493e-11
1.61761e-10
1.94125e-10
1
1
1
1
1
1
1
1
1
1
1
1
1
1
1
1
1
1
1
1
1
1
1
0.999999
0.999997
1
1.00001
1.00001
1
0.999953
0.999902
0.999932
1.00013
1.0005
1.00078
1.00051
0.999218
0.996915
0.994519
0.993968
0.997686
1.00739
1.02262
1.03964
1.05137
1.0485
1.02184
0.964857
0.875833
0.758712
0.622455
0.479124
0.341324
0.219762
0.121546
0.0495313
0.00266944
-0.0229293
-0.0326404
-0.0320518
-0.0260264
-0.0181984
-0.0108648
-0.00515891
-0.00136587
0.000737432
0.00159659
0.00168231
0.00138208
0.000962048
0.000573494
0.000280562
9.25235e-05
-8.87012e-06
-5.0507e-05
-5.72764e-05
-4.76764e-05
-3.32808e-05
-2.00712e-05
-1.02901e-05
-4.09349e-06
-7.33131e-07
7.39885e-07
1.13698e-06
1.02624e-06
7.46867e-07
4.68821e-07
2.56501e-07
1.18624e-07
4.07491e-08
3.22408e-09
-1.08086e-08
-1.31051e-08
-1.07143e-08
-7.27338e-09
-4.31435e-09
-2.25019e-09
-1.00008e-09
-3.43858e-10
2.04106e-11
1
1
1
1
1
1
1
1
1
1
1
1
1
1
1
1
1
1
1
1
1
1
1
1
0.999998
0.999997
1
1.00001
1.00002
0.999989
0.999929
0.999884
0.999953
1.00022
1.00062
1.00084
1.00037
0.998804
0.996332
0.994098
0.994176
0.998896
1.00959
1.02525
1.0416
1.0513
1.04529
1.01502
0.954869
0.863974
0.746798
0.612334
0.472198
0.338243
0.22036
0.124999
0.0546555
0.00824859
-0.0178835
-0.0287453
-0.0295345
-0.0247976
-0.0179725
-0.0112832
-0.00588627
-0.00214607
6.30587e-05
0.00109872
0.00136745
0.00121956
0.000906947
0.000582131
0.000318584
0.000137218
3.01809e-05
-2.18163e-05
-3.90468e-05
-3.78126e-05
-2.911e-05
-1.92211e-05
-1.10273e-05
-5.33699e-06
-1.9178e-06
-1.63761e-07
5.4388e-07
6.87025e-07
5.82366e-07
4.08645e-07
2.49683e-07
1.33435e-07
6.0191e-08
1.98571e-08
9.15595e-10
-5.9061e-09
-6.83196e-09
-5.48569e-09
-3.68666e-09
-2.173e-09
-1.14604e-09
-3.91327e-10
1
1
1
1
1
1
1
1
1
1
1
1
1
1
1
1
1
1
1
1
1
1
1
1
0.999999
0.999997
0.999998
1.00001
1.00002
1.00001
0.999972
0.999904
0.999877
0.999999
1.00033
1.00073
1.00083
1.00012
0.998303
0.995771
0.99388
0.99477
1.00056
1.01212
1.02781
1.04291
1.04993
1.04017
1.00586
0.942347
0.849625
0.732619
0.600275
0.463698
0.333948
0.220079
0.127879
0.0594823
0.0137709
-0.0126985
-0.0245702
-0.0266577
-0.0231893
-0.0173965
-0.0114147
-0.00640535
-0.00279632
-0.000547875
0.000615408
0.00103677
0.00102678
0.000818704
0.000561703
0.000334693
0.000167504
6.11495e-05
3.35245e-06
-2.15088e-05
-2.71884e-05
-2.36615e-05
-1.71127e-05
-1.07662e-05
-5.89751e-06
-2.69452e-06
-8.59981e-07
3.1461e-08
3.59549e-07
3.99326e-07
3.21932e-07
2.19019e-07
1.30724e-07
6.84458e-08
3.02168e-08
9.62577e-09
1.7134e-10
-3.12238e-09
-3.48882e-09
-2.76063e-09
-1.85734e-09
-9.38568e-10
1
1
1
1
1
1
1
1
1
1
1
1
1
1
1
1
1
1
1
1
1
1
1
1
1
0.999998
0.999996
1
1.00001
1.00002
1.00001
0.999951
0.999883
0.999887
1.00007
1.00044
1.00081
1.00074
0.999779
0.997773
0.995331
0.993973
0.995802
1.00263
1.01476
1.02997
1.0431
1.04673
1.03262
0.993911
0.926947
0.832533
0.71599
0.586134
0.453495
0.328305
0.218771
0.130026
0.0638467
0.0190764
-0.00751895
-0.0202356
-0.0235126
-0.021262
-0.0165027
-0.0112677
-0.00670764
-0.00329774
-0.00107226
0.000169346
0.000709598
0.000818306
0.000706997
0.000517676
0.000331202
0.00018365
8.32028e-05
2.37532e-05
-5.89319e-06
-1.68054e-05
-1.76445e-05
-1.41861e-05
-9.74039e-06
-5.87066e-06
-3.07922e-06
-1.32702e-06
-3.66848e-07
7.52935e-08
2.21871e-07
2.24733e-07
1.73897e-07
1.15221e-07
6.73909e-08
3.46679e-08
1.50294e-08
4.65288e-09
-2.02614e-11
-1.60285e-09
-1.75367e-09
-1.29044e-09
1
1
1
1
1
1
1
1
1
1
1
1
1
1
1
1
1
1
1
1
1
1
1
1
1
0.999999
0.999996
0.999995
1
1.00002
1.00002
0.999996
0.999929
0.999869
0.999913
1.00015
1.00054
1.00083
1.00057
0.999386
0.997298
0.995115
0.994444
0.997247
1.00492
1.01717
1.03122
1.04164
1.04114
1.02216
0.978785
0.908381
0.812508
0.696787
0.56982
0.441504
0.321214
0.216318
0.131301
0.0675973
0.0240119
-0.00248904
-0.0158679
-0.0202011
-0.0190902
-0.0153383
-0.0108659
-0.00679789
-0.00364229
-0.00149494
-0.000221921
0.000402493
0.000607747
0.000581755
0.000456433
0.000311577
0.00018703
9.64142e-05
3.87961e-05
6.98857e-06
-7.43578e-06
-1.16714e-05
-1.08657e-05
-8.2084e-06
-5.39122e-06
-3.12612e-06
-1.57357e-06
-6.38696e-07
-1.47139e-07
6.73193e-08
1.30212e-07
1.23031e-07
9.20119e-08
5.95993e-08
3.42541e-08
1.73591e-08
7.41572e-09
2.24467e-09
-2.41477e-11
-9.30526e-10
1
1
1
1
1
1
1
1
1
1
1
1
1
1
1
1
1
1
1
1
1
1
1
1
1
1
0.999998
0.999994
0.999996
1.00001
1.00002
1.00002
0.999981
0.999907
0.999863
0.99995
1.00023
1.00061
1.00079
1.00035
0.999007
0.996971
0.995196
0.995292
0.998973
1.00714
1.01892
1.03103
1.0379
1.03259
1.00831
0.960139
0.886436
0.789435
0.674958
0.551306
0.427692
0.312622
0.212635
0.131594
0.0706058
0.0284402
0.00225569
-0.011591
-0.0168286
-0.0167563
-0.0139615
-0.0102446
-0.00669237
-0.00383204
-0.00180881
-0.000546664
0.000128308
0.000406777
0.000452266
0.000384539
0.000279903
0.000179779
0.000101573
4.84678e-05
1.6736e-05
4.07269e-07
-6.21413e-06
-7.51706e-06
-6.41864e-06
-4.60803e-06
-2.91163e-06
-1.62991e-06
-7.88838e-07
-3.0094e-07
-5.42017e-08
4.77178e-08
7.34775e-08
6.57473e-08
4.77842e-08
3.03549e-08
1.71875e-08
8.59477e-09
3.69023e-09
6.19614e-10
1
1
1
1
1
1
1
1
1
1
1
1
1
1
1
1
1
1
1
1
1
1
1
1
1
1
1
0.999995
0.999993
0.999999
1.00002
1.00003
1.00002
0.999961
0.999884
0.999862
0.999992
1.0003
1.00065
1.00072
1.00013
0.99872
0.99686
0.995589
0.996416
1.00072
1.00886
1.01941
1.02873
1.03127
1.02056
0.990674
0.937726
0.860995
0.763292
0.650532
0.530635
0.412086
0.302525
0.207684
0.130834
0.0727744
0.0322477
0.00659636
-0.00751961
-0.0134973
-0.0143447
-0.0124361
-0.00944717
-0.00641634
-0.00387765
-0.00201422
-0.000798974
-0.000104203
0.000224521
0.000326512
0.000308144
0.0002404
0.00016444
9.99567e-05
5.32071e-05
2.3307e-05
6.46198e-06
-1.58867e-06
-4.42202e-06
-4.58463e-06
-3.66363e-06
-2.51985e-06
-1.53867e-06
-8.33978e-07
-3.8873e-07
-1.39047e-07
-1.73548e-08
3.01883e-08
4.01475e-08
3.43894e-08
2.43977e-08
1.52308e-08
8.61495e-09
3.40794e-09
1
1
1
1
1
1
1
1
1
1
1
1
1
1
1
1
1
1
1
1
1
1
1
1
1
1
1
0.999997
0.999992
0.999993
1.00001
1.00003
1.00004
1.00001
0.999934
0.999857
0.999863
1.00004
1.00037
1.00068
1.00065
0.999967
0.998583
0.996982
0.99621
0.997585
1.00208
1.00953
1.01802
1.02369
1.02117
1.00459
0.968963
0.911412
0.832053
0.734158
0.623625
0.50792
0.394775
0.290973
0.201473
0.128989
0.0740407
0.0353501
0.0104365
-0.00375257
-0.0103004
-0.0119363
-0.0108274
-0.00852151
-0.00600117
-0.00379646
-0.0021178
-0.000978258
-0.000290366
6.72828e-05
0.000210764
0.000232546
0.000197025
0.000143651
9.31093e-05
5.37607e-05
2.6938e-05
1.0684e-05
2.03961e-06
-1.77008e-06
-2.87087e-06
-2.68015e-06
-2.03101e-06
-1.34653e-06
-7.97513e-07
-4.19612e-07
-1.88671e-07
-6.31079e-08
-4.01987e-09
1.77876e-08
2.13449e-08
1.76327e-08
1.23638e-08
6.6254e-09
1
1
1
1
1
1
1
1
1
1
1
1
1
1
1
1
1
1
1
1
1
1
1
1
1
1
1
0.999999
0.999994
0.999991
0.999998
1.00002
1.00004
1.00003
0.999984
0.999895
0.999826
0.99987
1.00009
1.00045
1.00074
1.00064
0.999912
0.998608
0.997266
0.996857
0.998434
1.00253
1.0085
1.01405
1.01524
1.00705
0.984323
0.943004
0.881186
0.799719
0.702209
0.594435
0.483346
0.375906
0.278067
0.194055
0.12607
0.0743799
0.0376951
0.0137062
-0.000368794
-0.00731719
-0.00960451
-0.00919729
-0.00751613
-0.00548137
-0.00361027
-0.00213095
-0.00108837
-0.000429194
-6.14027e-05
0.000109416
0.000161928
0.000153197
0.000119892
8.26382e-05
5.10418e-05
2.80548e-05
1.31972e-05
4.63443e-06
3.37458e-07
-1.38831e-06
-1.75155e-06
-1.51361e-06
-1.09783e-06
-7.04947e-07
-4.06249e-07
-2.07981e-07
-9.0355e-08
-2.81874e-08
1.09381e-10
9.96027e-09
1.11232e-08
8.39775e-09
1
1
1
1
1
1
1
1
1
1
1
1
1
1
1
1
1
1
1
1
1
1
1
1
1
1
1
1
0.999996
0.999991
0.999994
1.00001
1.00003
1.00004
1.00002
0.999944
0.999846
0.999799
0.999898
1.00019
1.00058
1.00086
1.00072
0.999965
0.998726
0.997528
0.997194
0.998466
1.00145
1.00507
1.00682
1.00283
0.988522
0.959542
0.91277
0.847176
0.76422
0.667719
0.563238
0.45716
0.355682
0.263957
0.185529
0.12213
0.0738042
0.0392638
0.0163632
0.00257531
-0.00461045
-0.00741104
-0.00760161
-0.00647709
-0.00489188
-0.00334313
-0.00206829
-0.00113653
-0.000522766
-0.000160492
2.50308e-05
9.92557e-05
0.000111626
9.53095e-05
7.00583e-05
4.60068e-05
2.71858e-05
1.42391e-05
6.2588e-06
1.87438e-06
-1.97267e-07
-9.4136e-07
-1.02025e-06
-8.30309e-07
-5.80375e-07
-3.62353e-07
-2.03736e-07
-1.01713e-07
-4.27728e-08
-1.24017e-08
8.66886e-10
6.08673e-09
1
1
1
1
1
1
1
1
1
1
1
1
1
1
1
1
1
1
1
1
1
1
1
1
1
1
1
1
0.999997
0.999993
0.999992
1
1.00002
1.00004
1.00004
0.999985
0.999888
0.999795
0.999793
0.999972
1.00034
1.00079
1.00106
1.00087
1.00005
0.998761
0.997452
0.996753
0.997074
0.998135
0.998554
0.995706
0.985963
0.965307
0.930188
0.878384
0.809639
0.72589
0.631048
0.530377
0.429663
0.334349
0.248833
0.176031
0.117256
0.0723602
0.0400683
0.0183933
0.0050465
-0.00222453
-0.00540447
-0.00608723
-0.00544554
-0.00426582
-0.00301942
-0.00194603
-0.00113219
-0.000575461
-0.000230996
-4.14669e-05
4.63171e-05
7.42552e-05
7.16122e-05
5.66832e-05
3.95593e-05
2.48872e-05
1.41088e-05
7.04253e-06
2.87189e-06
6.84775e-07
-2.84539e-07
-5.86514e-07
-5.72833e-07
-4.44203e-07
-3.0081e-07
-1.83203e-07
-1.00751e-07
-4.91117e-08
-2.03816e-08
-2.71473e-09
1
1
1
1
1
1
1
1
1
1
1
1
1
1
1
1
1
1
1
1
1
1
1
1
1
1
1
1
0.999998
0.999994
0.999993
0.999999
1.00001
1.00003
1.00004
1.00001
0.99993
0.999824
0.999762
0.99984
1.00013
1.0006
1.00109
1.00132
1.00101
1
0.998412
0.996595
0.994951
0.993581
0.991886
0.988287
0.980198
0.964334
0.937305
0.896367
0.840118
0.768954
0.68516
0.592625
0.496248
0.401198
0.312189
0.232916
0.165727
0.111566
0.0701238
0.040149
0.0198075
0.00703382
-0.000185443
-0.00361907
-0.0046908
-0.00445605
-0.00363271
-0.00266221
-0.00178063
-0.00108592
-0.000593183
-0.000275465
-9.04956e-05
3.85001e-06
4.22874e-05
5.00375e-05
4.35629e-05
3.24838e-05
2.16856e-05
1.3123e-05
7.15172e-06
3.39963e-06
1.27287e-06
2.0792e-07
-2.32184e-07
-3.44942e-07
-3.12003e-07
-2.32474e-07
-1.53175e-07
-9.11814e-08
-4.97766e-08
-1.8577e-08
1
1
1
1
1
1
1
1
1
1
1
1
1
1
1
1
1
1
1
1
1
1
1
1
1
1
1
1
0.999998
0.999996
0.999994
0.999998
1.00001
1.00003
1.00004
1.00002
0.99996
0.999862
0.999774
0.999782
0.999978
1.0004
1.00097
1.00146
1.00156
1.00097
0.999514
0.997252
0.994398
0.991131
0.987283
0.98203
0.973718
0.959922
0.937789
0.904589
0.858345
0.798378
0.725607
0.642536
0.552934
0.461282
0.372131
0.289504
0.216448
0.154806
0.1052
0.067194
0.0395691
0.0206391
0.0085463
0.00149806
-0.00207508
-0.00343834
-0.00353568
-0.00301732
-0.00229203
-0.00158768
-0.00100849
-0.000582617
-0.000297465
-0.000123478
-2.8265e-05
1.62688e-05
3.13676e-05
3.14635e-05
2.54098e-05
1.80392e-05
1.15822e-05
6.7631e-06
3.54812e-06
1.60377e-06
5.43107e-07
3.61422e-08
-1.57569e-07
-1.94297e-07
-1.65611e-07
-1.1923e-07
-7.74824e-08
-3.84719e-08
1
1
1
1
1
1
1
1
1
1
1
1
1
1
1
1
1
1
1
1
1
1
1
1
1
1
1
1
0.999998
0.999996
0.999996
0.999999
1.00001
1.00002
1.00003
1.00002
0.999976
0.999894
0.999804
0.999774
0.999897
1.00024
1.00079
1.0014
1.00179
1.00158
1.00045
0.998175
0.994743
0.990225
0.984602
0.977507
0.967991
0.954436
0.934682
0.906365
0.86741
0.816542
0.75369
0.680167
0.598577
0.512488
0.425928
0.342842
0.266604
0.19968
0.143466
0.0983137
0.0636865
0.0384097
0.020939
0.00960988
0.00283241
-0.000779824
-0.00234547
-0.00270373
-0.00243911
-0.00192618
-0.00138106
-0.000910135
-0.000550605
-0.000301095
-0.0001425
-5.07869e-05
-3.78837e-06
1.59844e-05
2.08785e-05
1.87996e-05
1.43166e-05
9.74836e-06
6.04473e-06
3.41419e-06
1.72598e-06
7.40121e-07
2.21738e-07
-1.4523e-08
-9.70035e-08
-1.0569e-07
-8.65465e-08
-5.46464e-08
1
1
1
1
1
1
1
1
1
1
1
1
1
1
1
1
1
1
1
1
1
1
1
1
1
1
1
1
0.999998
0.999997
0.999997
1
1.00001
1.00002
1.00003
1.00002
0.999982
0.999914
0.999834
0.999792
0.999869
1.00014
1.00064
1.00127
1.00181
1.00189
1.00109
0.99903
0.995459
0.990266
0.983401
0.974698
0.963665
0.949327
0.930206
0.904476
0.870287
0.826184
0.771506
0.706671
0.633259
0.553873
0.471812
0.390635
0.313703
0.243796
0.182861
0.13191
0.0910674
0.0597261
0.0367633
0.0207711
0.0102636
0.00383656
0.000270569
-0.00141843
-0.00197213
-0.00191209
-0.00157824
-0.00117248
-0.00079996
-0.000503652
-0.000290574
-0.000150001
-6.48986e-05
-1.82701e-05
3.94413e-06
1.20622e-05
1.29556e-05
1.079e-05
7.83245e-06
5.14326e-06
3.0901e-06
1.69163e-06
8.24558e-07
3.34398e-07
8.56835e-08
-2.22394e-08
-5.60803e-08
-5.50553e-08
1
1
1
1
1
1
1
1
1
1
1
1
1
1
1
1
1
1
1
1
1
1
1
1
1
1
1
1
0.999998
0.999997
0.999997
1
1.00001
1.00002
1.00002
1.00001
0.999981
0.999924
0.999856
0.999817
0.999872
1.0001
1.00053
1.00113
1.00172
1.00198
1.00145
0.99967
0.996206
0.990762
0.983163
0.97327
0.960826
0.945297
0.925772
0.900987
0.869495
0.829953
0.781465
0.723884
0.657999
0.585539
0.509017
0.43142
0.355833
0.285069
0.221371
0.16623
0.120332
0.0836205
0.0554403
0.0347283
0.0202071
0.0105559
0.00453901
0.00108903
-0.000655461
-0.00134613
-0.00144514
-0.00125813
-0.000971172
-0.000685659
-0.000447574
-0.000269927
-0.000148512
-7.20115e-05
-2.7827e-05
-4.93928e-06
5.07485e-06
8.0404e-06
7.63982e-06
5.99121e-06
4.17713e-06
2.6564e-06
1.55049e-06
8.2404e-07
3.87453e-07
1.47864e-07
3.17833e-08
-2.6062e-08
1
1
1
1
1
1
1
1
1
1
1
1
1
1
1
1
1
1
1
1
1
1
1
1
1
1
1
1
0.999998
0.999997
0.999997
1
1.00001
1.00002
1.00002
1.00001
0.999977
0.999927
0.99987
0.999839
0.99989
1.00009
1.00047
1.00103
1.00161
1.00195
1.00161
1.00007
0.99681
0.991376
0.983441
0.972792
0.959245
0.94252
0.922114
0.897254
0.86694
0.830117
0.785915
0.733922
0.674398
0.608384
0.537662
0.464585
0.391797
0.321921
0.257264
0.199592
0.150004
0.108914
0.0761241
0.0509531
0.0324037
0.0193227
0.0105404
0.00497478
0.00169525
-4.83698e-05
-0.000825398
-0.00104256
-0.000972278
-0.000783956
-0.000573346
-0.000387287
-0.000242764
-0.000140458
-7.36047e-05
-3.32549e-05
-1.10134e-05
-1.67643e-07
4.1032e-06
4.96629e-06
4.32956e-06
3.23457e-06
2.17825e-06
1.34601e-06
7.65004e-07
3.94936e-07
1.81996e-07
4.24864e-08
1
1
1
1
1
1
1
1
1
1
1
1
1
1
1
1
1
1
1
1
1
1
1
1
1
1
1
1
0.999998
0.999996
0.999997
1
1.00001
1.00002
1.00002
1.00001
0.999974
0.999926
0.999875
0.999854
0.999909
1.00009
1.00045
1.00096
1.00151
1.00187
1.00162
1.00027
0.99722
0.99192
0.983909
0.972864
0.958574
0.940861
0.919478
0.894022
0.863903
0.828415
0.786879
0.738846
0.684298
0.623798
0.558536
0.490261
0.421113
0.353382
0.289253
0.230573
0.178691
0.134374
0.0978182
0.0687157
0.0463806
0.0298848
0.0181926
0.0102732
0.00518257
0.00211347
0.000415748
-0.000405166
-0.000704828
-0.000724057
-0.000615349
-0.000467561
-0.000326719
-0.000212142
-0.000128019
-7.1102e-05
-3.53966e-05
-1.47159e-05
-3.84585e-06
1.10919e-06
2.80484e-06
2.90733e-06
2.3752e-06
1.70434e-06
1.11348e-06
6.69862e-07
3.76099e-07
1.50592e-07
1
1
1
1
1
1
1
1
1
1
1
1
1
1
1
1
1
1
1
1
1
1
1
1
1
1
1
1
0.999998
0.999996
0.999997
1
1.00001
1.00002
1.00002
1
0.999971
0.999923
0.999876
0.999862
0.999924
1.00011
1.00045
1.00092
1.00144
1.00178
1.00158
1.00033
0.997451
0.992317
0.984373
0.973184
0.958465
0.940047
0.917809
0.891589
0.861125
0.826045
0.785932
0.740451
0.689504
0.63338
0.572843
0.509139
0.443921
0.379082
0.31656
0.25813
0.205233
0.15886
0.119503
0.0871819
0.0615156
0.0418267
0.0272593
0.0168882
0.00980911
0.00520227
0.0023704
0.000752911
-7.74245e-05
-0.000429423
-0.000514286
-0.000467871
-0.000371382
-0.000268811
-0.000180516
-0.000113048
-6.57875e-05
-3.50682e-05
-1.65159e-05
-6.19489e-06
-1.03296e-06
1.14286e-06
1.74804e-06
1.63369e-06
1.26788e-06
8.78371e-07
5.64636e-07
2.8156e-07
1
1
1
1
1
1
1
1
1
1
1
1
1
1
1
1
1
1
1
1
1
1
1
1
1
1
1
1
0.999998
0.999996
0.999997
1
1.00001
1.00002
1.00002
1
0.999969
0.99992
0.999875
0.999866
0.999934
1.00012
1.00045
1.00091
1.0014
1.00171
1.00151
1.00032
0.997552
0.992564
0.984739
0.973556
0.958643
0.939789
0.916906
0.889969
0.858942
0.823728
0.784179
0.740148
0.691593
0.638695
0.581957
0.522256
0.460825
0.399164
0.338905
0.281647
0.228795
0.181433
0.140249
0.105515
0.0771171
0.0546239
0.0373806
0.0246048
0.0154745
0.00920007
0.00507285
0.00249342
0.000980796
0.00016795
-0.000211639
-0.000341796
-0.000342384
-0.000286611
-0.000215593
-0.000149736
-9.70378e-05
-5.87561e-05
-3.30082e-05
-1.68708e-05
-7.47037e-06
-2.44684e-06
-6.46411e-08
8.48274e-07
1.0249e-06
8.87627e-07
6.66375e-07
3.97926e-07
1
1
1
1
1
1
1
1
1
1
1
1
1
1
1
1
1
1
1
1
1
1
1
1
1
1
1
1
0.999998
0.999996
0.999997
1
1.00001
1.00002
1.00002
1
0.999968
0.999918
0.999873
0.999866
0.999939
1.00013
1.00047
1.00091
1.00138
1.00167
1.00145
1.00028
0.997571
0.99269
0.984986
0.973878
0.95892
0.939839
0.916531
0.889026
0.85742
0.821821
0.78231
0.738948
0.69182
0.641121
0.587232
0.530791
0.472712
0.414153
0.356434
0.300921
0.248894
0.201429
0.159307
0.122967
0.0925055
0.0677086
0.0481198
0.033116
0.0219876
0.0140087
0.00849301
0.00483082
0.00250919
0.00111752
0.000342203
-4.53538e-05
-0.000203975
-0.000238458
-0.000213994
-0.000168297
-0.000121099
-8.11221e-05
-5.08931e-05
-2.98485e-05
-1.61959e-05
-7.92306e-06
-3.26887e-06
-8.81331e-07
1.86478e-07
5.48165e-07
5.77478e-07
4.42317e-07
1
1
1
1
1
1
1
1
1
1
1
1
1
1
1
1
1
1
1
1
1
1
1
1
1
1
1
1
0.999998
0.999996
0.999997
1
1.00001
1.00002
1.00002
1
0.999968
0.999917
0.999871
0.999865
0.99994
1.00014
1.00047
1.00092
1.00138
1.00165
1.00141
1.00023
0.99755
0.992735
0.985127
0.97411
0.959186
0.940022
0.916473
0.888571
0.856478
0.820433
0.780691
0.737498
0.691098
0.641765
0.589863
0.535904
0.480589
0.424807
0.3696
0.316091
0.265386
0.218478
0.176154
0.138943
0.107082
0.0805334
0.0590149
0.0420617
0.02909
0.0194616
0.0125391
0.00772896
0.00450906
0.00244257
0.00118067
0.000456879
7.63174e-05
-9.7273e-05
-0.00015473
-0.000153462
-0.000127506
-9.54182e-05
-6.61046e-05
-4.28747e-05
-2.61014e-05
-1.48477e-05
-7.78176e-06
-3.6339e-06
-1.37871e-06
-2.69259e-07
1.91873e-07
3.45023e-07
1
1
1
1
1
1
1
1
1
1
1
1
1
1
1
1
1
1
1
1
1
1
1
1
1
1
1
1
0.999998
0.999996
0.999997
1
1.00001
1.00002
1.00002
1
0.999968
0.999917
0.99987
0.999863
0.99994
1.00014
1.00048
1.00093
1.00138
1.00164
1.00138
1.00019
0.997516
0.992735
0.985191
0.974256
0.959395
0.94023
0.91657
0.888425
0.855976
0.81953
0.779461
0.736164
0.690029
0.641444
0.590817
0.538624
0.485444
0.431978
0.379046
0.327549
0.278406
0.23248
0.190508
0.153035
0.12038
0.0926241
0.0696285
0.0510693
0.0364878
0.0253441
0.0170685
0.0111049
0.00694246
0.00413619
0.00231585
0.00118659
0.000523179
0.000160475
-1.76276e-05
-8.9226e-05
-0.000104352
-9.32915e-05
-7.31104e-05
-5.25021e-05
-3.51855e-05
-2.21606e-05
-1.3116e-05
-7.24329e-06
-3.66568e-06
-1.62631e-06
-5.68563e-07
3.87469e-08
1
1
1
1
1
1
1
1
1
1
1
1
1
1
1
1
1
1
1
1
1
1
1
1
1
1
1
1
0.999998
0.999996
0.999997
1
1.00001
1.00002
1.00002
1
0.999968
0.999917
0.999869
0.999862
0.999939
1.00014
1.00048
1.00093
1.00139
1.00164
1.00137
1.00017
0.997484
0.992714
0.985208
0.974332
0.959536
0.940407
0.916719
0.888449
0.855768
0.819011
0.778623
0.735104
0.688966
0.640708
0.590819
0.539792
0.488158
0.436505
0.385493
0.33584
0.288289
0.243563
0.202307
0.165033
0.132085
0.103616
0.0795881
0.0597927
0.0438834
0.0314185
0.021905
0.0148384
0.00973634
0.00616145
0.00373621
0.00214835
0.0011499
0.000551503
0.000214022
3.9185e-05
-3.96298e-05
-6.56096e-05
-6.53596e-05
-5.42849e-05
-4.05965e-05
-2.81432e-05
-1.83104e-05
-1.12247e-05
-6.46874e-06
-3.46725e-06
-1.71826e-06
-5.20764e-07
1
1
1
1
1
1
1
1
1
1
1
1
1
1
1
1
1
1
1
1
1
1
1
1
1
1
1
1
0.999998
0.999996
0.999997
1
1.00001
1.00002
1.00002
1
0.999968
0.999917
0.999869
0.999861
0.999938
1.00014
1.00049
1.00094
1.00139
1.00164
1.00137
1.00015
0.997459
0.99269
0.985201
0.974362
0.959617
0.940536
0.916862
0.888543
0.85573
0.818761
0.778112
0.734351
0.688078
0.639892
0.590366
0.540043
0.489455
0.439137
0.389647
0.341566
0.295494
0.252014
0.211666
0.174899
0.142041
0.11327
0.0886121
0.0679416
0.0510048
0.0374491
0.0268581
0.0187865
0.012791
0.00845547
0.00540755
0.00332852
0.00195627
0.00108326
0.000551142
0.000243366
7.72858e-05
-3.50744e-06
-3.59579e-05
-4.31703e-05
-3.88272e-05
-3.04873e-05
-2.19293e-05
-1.47404e-05
-9.33724e-06
-5.57681e-06
-3.17309e-06
-1.33126e-06
1
1
1
1
1
1
1
1
1
1
1
1
1
1
1
1
1
1
1
1
1
1
1
1
1
1
1
1
0.999998
0.999996
0.999997
1
1.00001
1.00002
1.00002
1
0.999968
0.999917
0.999869
0.999861
0.999938
1.00014
1.00049
1.00094
1.00139
1.00164
1.00137
1.00014
0.997444
0.99267
0.985185
0.974367
0.959657
0.940617
0.916974
0.88865
0.855776
0.818677
0.777841
0.733868
0.68742
0.639171
0.58977
0.539822
0.489888
0.440492
0.392139
0.345321
0.300523
0.258216
0.218832
0.182742
0.150232
0.121474
0.0965209
0.0753006
0.057628
0.0432243
0.0317429
0.0227979
0.0159913
0.0109366
0.00727678
0.00469658
0.00292821
0.00175271
0.000997263
0.000530126
0.000254232
0.000100507
2.15298e-05
-1.40354e-05
-2.60422e-05
-2.6473e-05
-2.21407e-05
-1.66195e-05
-1.15638e-05
-7.5559e-06
-4.72394e-06
-2.32205e-06
1
1
1
1
1
1
1
1
1
1
1
1
1
1
1
1
1
1
1
1
1
1
1
1
1
1
1
1
0.999998
0.999996
0.999997
1
1.00001
1.00002
1.00002
1
0.999969
0.999917
0.999869
0.999861
0.999937
1.00014
1.00049
1.00094
1.0014
1.00164
1.00137
1.00014
0.997436
0.992655
0.985169
0.974359
0.95967
0.940662
0.91705
0.888743
0.85585
0.818683
0.777725
0.733592
0.686979
0.638613
0.589204
0.539415
0.48985
0.441048
0.393495
0.347633
0.30387
0.262586
0.22412
0.188767
0.156753
0.128225
0.103234
0.0817361
0.0635898
0.0485725
0.0363959
0.0267287
0.0192184
0.013513
0.00927775
0.00620841
0.00403922
0.00254638
0.00154786
0.000900468
0.00049517
0.000251563
0.000112274
3.77094e-05
1.50469e-06
-1.32344e-05
-1.68694e-05
-1.54334e-05
-1.22128e-05
-8.82313e-06
-6.02543e-06
-3.33837e-06
1
1
1
1
1
1
1
1
1
1
1
1
1
1
1
1
1
1
1
1
1
1
1
1
1
1
1
1
0.999998
0.999996
0.999997
1
1.00001
1.00002
1.00002
1
0.999969
0.999917
0.999869
0.999861
0.999937
1.00014
1.00049
1.00094
1.0014
1.00165
1.00137
1.00014
0.997432
0.992646
0.985156
0.974348
0.959669
0.940681
0.917095
0.88881
0.855922
0.818727
0.7777
0.733457
0.686712
0.638222
0.588743
0.538987
0.4896
0.441149
0.394124
0.348946
0.305978
0.265533
0.227879
0.193238
0.161779
0.133608
0.108759
0.087193
0.0687921
0.0533712
0.0406869
0.0304536
0.0223612
0.0160923
0.0113382
0.00781105
0.0052532
0.00344179
0.00219068
0.0013493
0.00079957
0.000451712
0.000239495
0.000115544
4.70257e-05
1.19234e-05
-4.00689e-06
-9.62368e-06
-1.01891e-05
-8.64564e-06
-6.60462e-06
-4.13627e-06
1
1
1
1
1
1
1
1
1
1
1
1
1
1
1
1
1
1
1
1
1
1
1
1
1
1
1
1
0.999998
0.999996
0.999997
1
1.00001
1.00002
1.00002
1
0.999969
0.999917
0.999869
0.999861
0.999937
1.00014
1.00049
1.00094
1.0014
1.00165
1.00137
1.00014
0.997431
0.992642
0.985148
0.974338
0.959663
0.940686
0.917118
0.888853
0.855978
0.818779
0.777718
0.733409
0.686569
0.637974
0.588408
0.538619
0.489292
0.441024
0.394323
0.349608
0.307216
0.267423
0.230442
0.196439
0.165526
0.137768
0.11317
0.0916836
0.0731982
0.0575495
0.0445251
0.0338749
0.0253246
0.0185892
0.0133865
0.00944805
0.0065282
0.00440979
0.00290703
0.00186587
0.00116235
0.000699577
0.000404009
0.000221378
0.000112794
5.12021e-05
1.83523e-05
2.33681e-06
-4.33974e-06
-6.19774e-06
-5.89089e-06
-4.39065e-06
1
1
1
1
1
1
1
1
1
1
1
1
1
1
1
1
1
1
1
1
1
1
1
1
1
1
1
1
0.999998
0.999996
0.999997
1
1.00001
1.00002
1.00002
1
0.999969
0.999917
0.999869
0.999861
0.999937
1.00014
1.00048
1.00094
1.0014
1.00165
1.00137
1.00014
0.997432
0.99264
0.985143
0.97433
0.959656
0.940684
0.917127
0.888877
0.856017
0.818824
0.777752
0.733407
0.686506
0.637832
0.588185
0.538339
0.489007
0.440817
0.394296
0.349872
0.307878
0.268565
0.232114
0.198644
0.168227
0.140882
0.116587
0.0952722
0.0768234
0.061084
0.0478597
0.0369257
0.0280356
0.0209323
0.0153581
0.0110646
0.00782051
0.00541749
0.00367365
0.0024349
0.00157434
0.000990428
0.000604055
0.000355268
0.000199842
0.000106032
5.16819e-05
2.17707e-05
6.42355e-06
-6.40576e-07
-3.26461e-06
-3.71688e-06
1
1
1
1
1
1
1
1
1
1
1
1
1
1
1
1
1
1
1
1
1
1
1
1
1
1
1
1
0.999998
0.999996
0.999997
1
1.00001
1.00002
1.00002
1
0.999969
0.999917
0.999869
0.999861
0.999937
1.00014
1.00048
1.00094
1.0014
1.00165
1.00138
1.00015
0.997433
0.99264
0.985141
0.974325
0.95965
0.940679
0.917129
0.888889
0.856041
0.818857
0.777785
0.733425
0.686489
0.637761
0.58805
0.538145
0.48878
0.440606
0.39417
0.349916
0.308179
0.269203
0.233147
0.200102
0.170104
0.14314
0.119155
0.0980581
0.0797229
0.0639913
0.050677
0.0395705
0.0304458
0.0230675
0.0171995
0.012612
0.00908849
0.00643134
0.00446501
0.00303802
0.00202322
0.00131662
0.000835426
0.000515361
0.000307797
0.000176879
9.68364e-05
4.96369e-05
2.30006e-05
8.78788e-06
1.8814e-06
-1.70411e-06
1
1
1
1
1
1
1
1
1
1
1
1
1
1
1
1
1
1
1
1
1
1
1
1
1
1
1
1
0.999998
0.999996
0.999997
1
1.00001
1.00002
1.00002
1
0.999969
0.999917
0.999869
0.999861
0.999937
1.00014
1.00048
1.00094
1.0014
1.00165
1.00138
1.00015
0.997434
0.99264
0.98514
0.974323
0.959645
0.940675
0.917127
0.888893
0.856054
0.818879
0.777812
0.733448
0.686495
0.637734
0.587977
0.538022
0.488616
0.440427
0.394021
0.349855
0.308273
0.26952
0.233744
0.201021
0.17136
0.144722
0.121026
0.100159
0.0819781
0.0663182
0.0529935
0.0418021
0.0325307
0.0249602
0.0188714
0.0140506
0.0102957
0.00741998
0.00525558
0.00365561
0.00249467
0.00166835
0.00109187
0.000698042
0.000434886
0.000263158
0.000153933
8.64075e-05
4.59938e-05
2.26852e-05
1.00759e-05
2.044e-06
1
1
1
1
1
1
1
1
1
1
1
1
1
1
1
1
1
1
1
1
1
1
1
1
1
1
1
1
0.999998
0.999996
0.999997
1
1.00001
1.00002
1.00002
1
0.999969
0.999917
0.999869
0.999861
0.999937
1.00014
1.00048
1.00094
1.0014
1.00165
1.00138
1.00015
0.997434
0.992641
0.98514
0.974322
0.959643
0.940671
0.917124
0.888893
0.856059
0.818892
0.777831
0.733469
0.686509
0.63773
0.587943
0.537951
0.488508
0.440293
0.393886
0.349757
0.308261
0.269646
0.23406
0.201568
0.172165
0.145792
0.122348
0.101697
0.0836838
0.068131
0.0548485
0.0436362
0.0342876
0.0265941
0.020349
0.0153521
0.0114133
0.00835641
0.0060219
0.0042684
0.00297371
0.00203456
0.00136569
0.00089828
0.000578086
0.00036327
0.000222313
0.000131999
7.56293e-05
4.14119e-05
2.17081e-05
7.86648e-06
1
1
1
1
1
1
1
1
1
1
1
1
1
1
1
1
1
1
1
1
1
1
1
1
1
1
1
1
0.999998
0.999996
0.999997
1
1.00001
1.00002
1.00002
1
0.999969
0.999917
0.999869
0.999861
0.999937
1.00014
1.00048
1.00094
1.0014
1.00165
1.00138
1.00015
0.997435
0.992641
0.98514
0.974321
0.959641
0.940669
0.917121
0.888891
0.856061
0.818898
0.777843
0.733484
0.686523
0.637736
0.587933
0.537915
0.488442
0.4402
0.393779
0.349658
0.308203
0.269668
0.234203
0.20187
0.172656
0.146488
0.123249
0.10279
0.0849382
0.0695058
0.0562957
0.0451055
0.0357308
0.0279689
0.0216218
0.016499
0.0124205
0.00921953
0.00674413
0.004859
0.00344595
0.00240394
0.00164842
0.0011101
0.000733407
0.000474742
0.000300593
0.000185762
0.00011172
6.50427e-05
3.69796e-05
1.60061e-05
1
1
1
1
1
1
1
1
1
1
1
1
1
1
1
1
1
1
1
1
1
1
1
1
1
1
1
1
0.999998
0.999996
0.999997
1
1.00001
1.00002
1.00002
1
0.999969
0.999917
0.999869
0.999861
0.999937
1.00014
1.00048
1.00094
1.0014
1.00165
1.00138
1.00015
0.997435
0.992642
0.98514
0.974321
0.959641
0.940667
0.917119
0.88889
0.856061
0.818901
0.77785
0.733495
0.686535
0.637746
0.587933
0.5379
0.488406
0.440142
0.393702
0.349576
0.308135
0.269641
0.234249
0.20202
0.172937
0.146921
0.123843
0.103543
0.0858346
0.0705208
0.057396
0.0462532
0.0368872
0.0290976
0.0226914
0.0174849
0.0133058
0.00999483
0.00740707
0.00541293
0.00389856
0.00276579
0.00193159
0.00132708
0.000896255
0.000594453
0.000386786
0.000246536
0.000153674
9.33498e-05
5.58761e-05
2.65796e-05
1
1
1
1
1
1
1
1
1
1
1
1
1
1
1
1
1
1
1
1
1
1
1
1
1
1
1
1
0.999998
0.999996
0.999997
1
1.00001
1.00002
1.00002
1
0.999969
0.999917
0.999869
0.999861
0.999937
1.00014
1.00048
1.00094
1.0014
1.00165
1.00138
1.00015
0.997435
0.992642
0.985141
0.974321
0.959641
0.940667
0.917118
0.888888
0.85606
0.818901
0.777853
0.733501
0.686544
0.637755
0.587938
0.537896
0.488389
0.440108
0.393652
0.349514
0.308074
0.269598
0.234245
0.20208
0.173085
0.147175
0.124219
0.104043
0.0864563
0.0712498
0.0582111
0.0471277
0.0377915
0.0300022
0.0235689
0.0183122
0.0140652
0.0106743
0.00800054
0.00591934
0.00432109
0.00311075
0.00220731
0.00154293
0.00106182
0.000718906
0.000478478
0.00031275
0.000200539
0.000125817
7.81618e-05
3.95611e-05
1
1
1
1
1
1
1
1
1
1
1
1
1
1
1
1
1
1
1
1
1
1
1
1
1
1
1
1
0.999998
0.999996
0.999997
1
1.00001
1.00002
1.00002
1
0.999969
0.999917
0.999869
0.999861
0.999937
1.00014
1.00048
1.00094
1.0014
1.00165
1.00138
1.00015
0.997435
0.992642
0.985141
0.974322
0.959641
0.940666
0.917117
0.888887
0.856058
0.818901
0.777854
0.733504
0.68655
0.637762
0.587944
0.537898
0.488383
0.44009
0.393621
0.349471
0.308026
0.269554
0.23422
0.202092
0.173152
0.147315
0.124445
0.104365
0.0868741
0.0717588
0.0587993
0.0477775
0.0384818
0.0307102
0.0242722
0.0189905
0.0147015
0.011256
0.00851927
0.00637119
0.00470587
0.00343133
0.00246881
0.00175188
0.00122544
0.000844516
0.000573035
0.000382559
0.00025109
0.000161682
0.000103397
5.47799e-05
1
1
1
1
1
1
1
1
1
1
1
1
1
1
1
1
1
1
1
1
1
1
1
1
1
1
1
1
0.999998
0.999996
0.999997
1
1.00001
1.00002
1.00002
1
0.999969
0.999917
0.999869
0.999861
0.999937
1.00014
1.00048
1.00094
1.0014
1.00165
1.00138
1.00015
0.997435
0.992642
0.985141
0.974322
0.959641
0.940666
0.917117
0.888886
0.856058
0.8189
0.777854
0.733506
0.686553
0.637766
0.58795
0.537902
0.488382
0.440082
0.393604
0.349445
0.307991
0.269518
0.234191
0.202082
0.173174
0.147385
0.124574
0.104562
0.0871455
0.0721039
0.0592124
0.0482484
0.0389963
0.0312516
0.0248232
0.0195341
0.0152228
0.0117427
0.00896242
0.00676509
0.00504808
0.00372216
0.00271077
0.00194907
0.00138295
0.000967881
0.000667809
0.000453994
0.000303932
0.000200002
0.000130972
7.19331e-05
1
1
1
1
1
1
1
1
1
1
1
1
1
1
1
1
1
1
1
1
1
1
1
1
1
1
1
1
0.999998
0.999996
0.999997
1
1.00001
1.00002
1.00002
1
0.999969
0.999917
0.999869
0.999861
0.999937
1.00014
1.00048
1.00094
1.0014
1.00165
1.00138
1.00015
0.997435
0.992642
0.985141
0.974322
0.959641
0.940666
0.917116
0.888886
0.856057
0.818899
0.777854
0.733506
0.686555
0.637769
0.587954
0.537905
0.488384
0.44008
0.393595
0.349429
0.307968
0.26949
0.234165
0.202064
0.173174
0.147413
0.124641
0.104678
0.0873152
0.0723305
0.0594947
0.048581
0.0393705
0.0316561
0.0252451
0.0199602
0.0156406
0.0121412
0.00933272
0.00710093
0.00534564
0.00398
0.00292945
0.00213075
0.00153088
0.00108599
0.000760329
0.000525115
0.000357606
0.000239732
0.000160164
9.06107e-05
1
1
1
1
1
1
1
1
1
1
1
1
1
1
1
1
1
1
1
1
1
1
1
1
1
1
1
1
0.999998
0.999996
0.999997
1
1.00001
1.00002
1.00002
1
0.999969
0.999917
0.999869
0.999861
0.999937
1.00014
1.00048
1.00094
1.0014
1.00165
1.00138
1.00015
0.997435
0.992642
0.985141
0.974322
0.959641
0.940666
0.917116
0.888886
0.856057
0.818899
0.777853
0.733506
0.686555
0.637771
0.587956
0.537908
0.488386
0.44008
0.393592
0.34942
0.307954
0.269472
0.234144
0.202045
0.173165
0.14742
0.124672
0.104741
0.0874167
0.0724743
0.0596819
0.0488098
0.0396361
0.0319514
0.025561
0.020287
0.0159682
0.0124604
0.00963559
0.00738115
0.00559882
0.00420363
0.00312274
0.00229437
0.00166661
0.00119641
0.000848448
0.000594143
0.000410702
0.000279802
0.000190187
0.000110329
1
1
1
1
1
1
1
1
1
1
1
1
1
1
1
1
1
1
1
1
1
1
1
1
1
1
1
1
0.999998
0.999996
0.999997
1
1.00001
1.00002
1.00002
1
0.999969
0.999917
0.999869
0.999861
0.999937
1.00014
1.00048
1.00094
1.0014
1.00165
1.00138
1.00015
0.997435
0.992642
0.985141
0.974322
0.959641
0.940666
0.917116
0.888886
0.856056
0.818899
0.777853
0.733506
0.686556
0.637772
0.587958
0.53791
0.488388
0.440081
0.393591
0.349416
0.307946
0.26946
0.234129
0.20203
0.173153
0.147417
0.124683
0.104773
0.0874743
0.072562
0.0598022
0.0489628
0.0398199
0.0321619
0.0257923
0.0205322
0.0162197
0.0127109
0.00987819
0.00761014
0.00580978
0.00439353
0.00328997
0.00243855
0.00178842
0.00129731
0.00093045
0.000659556
0.000461947
0.000319197
0.000220256
0.000130567
1
1
1
1
1
1
1
1
1
1
1
1
1
1
1
1
1
1
1
1
1
1
1
1
1
1
1
1
0.999998
0.999996
0.999997
1
1.00001
1.00002
1.00002
1
0.999969
0.999917
0.999869
0.999861
0.999937
1.00014
1.00048
1.00094
1.0014
1.00165
1.00138
1.00015
0.997435
0.992642
0.985141
0.974322
0.959641
0.940666
0.917117
0.888886
0.856056
0.818898
0.777853
0.733506
0.686556
0.637772
0.587958
0.537912
0.48839
0.440082
0.393591
0.349415
0.307942
0.269453
0.234119
0.202018
0.173142
0.14741
0.124684
0.104786
0.0875046
0.072613
0.0598767
0.0490622
0.0399439
0.0323084
0.0259579
0.0207122
0.0164088
0.0129034
0.0100686
0.00779351
0.00598201
0.00455154
0.0034317
0.00256298
0.00189544
0.00138755
0.0010051
0.000720162
0.000510273
0.000357014
0.000249635
0.000150807
1
1
1
1
1
1
1
1
1
1
1
1
1
1
1
1
1
1
1
1
1
1
1
1
1
1
1
1
0.999998
0.999996
0.999997
1
1.00001
1.00002
1.00002
1
0.999969
0.999917
0.999869
0.999861
0.999937
1.00014
1.00048
1.00094
1.0014
1.00165
1.00138
1.00015
0.997435
0.992642
0.985141
0.974322
0.959641
0.940666
0.917117
0.888886
0.856056
0.818898
0.777853
0.733506
0.686556
0.637772
0.587959
0.537912
0.488391
0.440083
0.393592
0.349414
0.30794
0.269449
0.234113
0.202011
0.173133
0.147402
0.124681
0.10479
0.0875189
0.072641
0.0599211
0.0491248
0.0400252
0.0324078
0.0260738
0.0208416
0.016548
0.0130483
0.010215
0.00793746
0.00611988
0.00468042
0.00354945
0.00266824
0.00198759
0.00146662
0.00107164
0.000775125
0.000554858
0.000392508
0.000277685
0.000170567
1
1
1
1
1
1
1
1
1
1
1
1
1
1
1
1
1
1
1
1
1
1
1
1
1
1
1
1
0.999998
0.999996
0.999997
1
1.00001
1.00002
1.00002
1
0.999969
0.999917
0.999869
0.999861
0.999937
1.00014
1.00048
1.00094
1.0014
1.00165
1.00138
1.00015
0.997435
0.992642
0.985141
0.974322
0.959641
0.940666
0.917117
0.888886
0.856056
0.818898
0.777853
0.733506
0.686555
0.637772
0.587959
0.537913
0.488391
0.440084
0.393593
0.349415
0.30794
0.269447
0.234109
0.202005
0.173127
0.147396
0.124676
0.104789
0.0875243
0.0726552
0.0599462
0.0491627
0.0400769
0.0324737
0.0261529
0.0209325
0.0166484
0.0131553
0.0103255
0.00804827
0.00622813
0.00478355
0.00364541
0.00275557
0.00206539
0.00153453
0.00112978
0.000823961
0.000595142
0.000425119
0.000303885
0.000189424
1
1
1
1
1
1
1
1
1
1
1
1
1
1
1
1
1
1
1
1
1
1
1
1
1
1
1
1
0.999998
0.999996
0.999997
1
1.00001
1.00002
1.00002
1
0.999969
0.999917
0.999869
0.999861
0.999937
1.00014
1.00048
1.00094
1.0014
1.00165
1.00138
1.00015
0.997435
0.992642
0.985141
0.974322
0.959641
0.940667
0.917117
0.888886
0.856056
0.818898
0.777853
0.733506
0.686555
0.637772
0.587959
0.537913
0.488392
0.440085
0.393593
0.349415
0.30794
0.269446
0.234108
0.202002
0.173123
0.147392
0.124672
0.104786
0.0875252
0.0726614
0.0599595
0.0491847
0.0401088
0.032516
0.0262057
0.020995
0.0167192
0.0132326
0.0104072
0.00813196
0.00631152
0.00486452
0.00372216
0.00282667
0.00212984
0.00159176
0.0011796
0.000866513
0.000630825
0.000454482
0.000327858
0.000207041
1
1
1
1
1
1
1
1
1
1
1
1
1
1
1
1
1
1
1
1
1
1
1
1
1
1
1
1
0.999998
0.999996
0.999997
1
1.00001
1.00002
1.00002
1
0.999969
0.999917
0.999869
0.999861
0.999937
1.00014
1.00048
1.00094
1.0014
1.00165
1.00138
1.00015
0.997435
0.992642
0.985141
0.974322
0.959641
0.940667
0.917117
0.888886
0.856056
0.818898
0.777853
0.733506
0.686555
0.637772
0.587959
0.537913
0.488392
0.440085
0.393594
0.349416
0.30794
0.269446
0.234107
0.202001
0.17312
0.147388
0.124669
0.104784
0.0875242
0.0726634
0.0599659
0.0491968
0.0401277
0.0325425
0.02624
0.0210369
0.0167681
0.0132874
0.0104664
0.00819395
0.00637456
0.00492692
0.00378241
0.00288349
0.00218225
0.0016391
0.00122149
0.000902883
0.00066182
0.000480398
0.000349351
0.000223159
1
1
1
1
1
1
1
1
1
1
1
1
1
1
1
1
1
1
1
1
1
1
1
1
1
1
1
1
0.999998
0.999996
0.999997
1
1.00001
1.00002
1.00002
1
0.999969
0.999917
0.999869
0.999861
0.999937
1.00014
1.00048
1.00094
1.0014
1.00165
1.00138
1.00015
0.997435
0.992642
0.985141
0.974322
0.959641
0.940667
0.917117
0.888886
0.856056
0.818898
0.777853
0.733506
0.686555
0.637772
0.587959
0.537913
0.488392
0.440085
0.393594
0.349416
0.30794
0.269446
0.234106
0.202
0.173119
0.147386
0.124666
0.104781
0.0875226
0.0726634
0.0599685
0.049203
0.0401384
0.0325584
0.0262617
0.0210644
0.0168012
0.0133255
0.0105086
0.00823912
0.00642145
0.00497427
0.003829
0.00292822
0.00222425
0.00167768
0.00125622
0.00093353
0.000688365
0.000502952
0.00036835
0.000237698
1
1
1
1
1
1
1
1
1
1
1
1
1
1
1
1
1
1
1
1
1
1
1
1
1
1
1
1
0.999998
0.999996
0.999997
1
1.00001
1.00002
1.00002
1
0.999969
0.999917
0.999869
0.999861
0.999937
1.00014
1.00048
1.00094
1.0014
1.00165
1.00138
1.00015
0.997435
0.992642
0.985141
0.974322
0.959641
0.940667
0.917117
0.888886
0.856056
0.818898
0.777853
0.733506
0.686555
0.637772
0.587959
0.537913
0.488392
0.440085
0.393594
0.349416
0.307941
0.269446
0.234106
0.201999
0.173118
0.147385
0.124665
0.104779
0.087521
0.0726626
0.0599692
0.0492058
0.0401441
0.0325675
0.0262747
0.0210816
0.0168226
0.0133508
0.0105373
0.00827054
0.00645475
0.00500853
0.00386331
0.00296174
0.00225623
0.00170753
0.0012835
0.000957961
0.000709833
0.000521452
0.000384151
0.000250001
1
1
1
1
1
1
1
1
1
1
1
1
1
1
1
1
1
1
1
1
1
1
1
1
1
1
1
1
0.999998
0.999996
0.999997
1
1.00001
1.00002
1.00002
1
0.999969
0.999917
0.999869
0.999861
0.999937
1.00014
1.00048
1.00094
1.0014
1.00165
1.00138
1.00015
0.997435
0.992642
0.985141
0.974322
0.959641
0.940667
0.917117
0.888886
0.856056
0.818898
0.777853
0.733506
0.686555
0.637772
0.587959
0.537913
0.488392
0.440085
0.393594
0.349416
0.307941
0.269446
0.234106
0.201999
0.173118
0.147384
0.124663
0.104778
0.0875194
0.0726613
0.0599688
0.0492069
0.0401475
0.0325738
0.0262844
0.0210951
0.0168401
0.0133722
0.0105623
0.00829871
0.00648538
0.00504083
0.00389642
0.00299482
0.00228848
0.00173827
0.00131218
0.000984179
0.000733343
0.000542124
0.000402154
0.000264387
)
;

boundaryField
{
    upperWall
    {
        type            zeroGradient;
    }
    outlet
    {
        type            zeroGradient;
    }
    inlet
    {
        type            fixedValue;
        value           uniform 1;
    }
    lowerWall
    {
        type            fixedValue;
        value           uniform 0;
    }
    frontAndBack
    {
        type            empty;
    }
}


// ************************************************************************* //
