/*--------------------------------*- C++ -*----------------------------------*\
  =========                 |
  \\      /  F ield         | OpenFOAM: The Open Source CFD Toolbox
   \\    /   O peration     | Website:  https://openfoam.org
    \\  /    A nd           | Version:  7
     \\/     M anipulation  |
\*---------------------------------------------------------------------------*/
FoamFile
{
    version     2.0;
    format      ascii;
    class       volScalarField;
    location    "0.8";
    object      T;
}
// * * * * * * * * * * * * * * * * * * * * * * * * * * * * * * * * * * * * * //

dimensions      [0 0 0 1 0 0 0];

internalField   nonuniform List<scalar> 
10000
(
0.5
0.0669146
-0.0353169
-0.0277115
-0.00789976
0.00112931
0.00220711
0.000963794
3.88563e-05
-0.000206219
-0.000130475
-2.60559e-05
1.76156e-05
1.74837e-05
6.08561e-06
-9.06071e-07
-2.20759e-06
-1.13469e-06
-1.06163e-07
2.47859e-07
1.87024e-07
4.9395e-08
-2.13888e-08
-2.77866e-08
-1.17496e-08
4.15034e-10
3.66278e-09
2.25287e-09
3.96249e-10
-4.00522e-10
-3.77204e-10
-1.28468e-10
2.72483e-11
5.58372e-11
2.85372e-11
2.14231e-12
-7.09304e-12
-5.30847e-12
-1.37598e-12
6.83732e-13
8.64856e-13
3.65906e-13
-1.89318e-14
-1.23794e-13
-7.74988e-14
-1.5211e-14
1.23953e-14
1.2499e-14
5.0217e-15
7.61285e-16
6.14183e-16
1.78249e-15
2.17941e-15
1.44208e-15
1.84168e-16
-8.96423e-16
-1.43737e-15
-1.42572e-15
-1.04748e-15
-5.36566e-16
-7.99356e-17
2.20484e-16
3.45196e-16
3.31431e-16
2.40335e-16
1.29477e-16
3.72858e-17
-2.01603e-17
-4.39904e-17
-4.42901e-17
-3.28547e-17
-1.88602e-17
-7.47212e-18
-3.92593e-19
2.8119e-18
3.43269e-18
2.77006e-18
1.74855e-18
8.60925e-19
2.73685e-19
-3.05564e-20
-1.39091e-19
-1.41851e-19
-1.03696e-19
-6.09577e-20
-2.85519e-20
-9.03049e-21
3.64784e-22
3.52472e-21
3.61547e-21
2.62492e-21
1.54975e-21
7.53729e-22
2.78568e-22
4.52239e-23
-4.24392e-23
-5.80234e-23
-4.61838e-23
-2.93856e-23
-1.31729e-23
0.933085
0.5
0.14482
-0.0139075
-0.0411718
-0.0230289
-0.00507433
0.00215701
0.00250723
0.00101071
-9.38734e-08
-0.000255324
-0.000158213
-3.18213e-05
2.20241e-05
2.24005e-05
8.17946e-06
-9.48178e-07
-2.86443e-06
-1.56602e-06
-2.00131e-07
3.13491e-07
2.58847e-07
7.77035e-08
-2.39625e-08
-3.79444e-08
-1.77304e-08
-5.20299e-10
4.83208e-09
3.30976e-09
7.47241e-10
-4.84999e-10
-5.38961e-10
-2.10524e-10
2.14981e-11
7.68032e-11
4.42272e-11
6.23639e-12
-9.12456e-12
-7.90471e-12
-2.48816e-12
7.33855e-13
1.2398e-12
6.04072e-13
2.83258e-14
-1.64026e-13
-1.20438e-13
-3.58374e-14
5.73925e-15
8.06913e-15
-8.94608e-16
-4.40258e-15
-8.43844e-16
4.82375e-15
8.31939e-15
8.36042e-15
5.86971e-15
2.48203e-15
-4.58825e-16
-2.25964e-15
-2.83144e-15
-2.47476e-15
-1.64035e-15
-7.40103e-16
-4.12684e-17
3.55338e-16
4.77281e-16
4.17809e-16
2.79042e-16
1.37394e-16
3.28945e-17
-2.50287e-17
-4.50364e-17
-4.20238e-17
-2.944e-17
-1.60972e-17
-6.11438e-18
-3.21801e-19
2.12032e-18
2.51587e-18
1.98111e-18
1.22955e-18
6.04647e-19
2.03505e-19
-7.88689e-22
-7.47155e-20
-8.02691e-20
-5.97031e-20
-3.57312e-20
-1.73962e-20
-6.24014e-21
-7.22474e-22
1.31438e-21
1.60739e-21
1.24221e-21
7.68274e-22
3.9651e-22
1.64899e-22
4.66866e-23
-1.53566e-23
1.03532
0.85518
0.5
0.182448
0.00830364
-0.0419281
-0.032441
-0.0120093
3.84408e-05
0.00307766
0.00201936
0.000522644
-0.000189734
-0.000261936
-0.000118925
-6.07707e-06
2.86043e-05
2.02421e-05
5.19525e-06
-2.29056e-06
-2.95623e-06
-1.27806e-06
8.46554e-09
3.71768e-07
2.40892e-07
5.03709e-08
-3.68802e-08
-3.89006e-08
-1.47958e-08
1.67178e-09
5.45504e-09
3.1046e-09
4.35545e-10
-6.33136e-10
-5.48229e-10
-1.74177e-10
4.83611e-11
8.4188e-11
4.13496e-11
2.15819e-12
-1.10131e-11
-7.97462e-12
-1.97988e-12
1.09805e-12
1.34126e-12
5.75987e-13
-6.91695e-15
-1.67249e-13
-1.05193e-13
-2.4914e-14
1.32405e-15
-9.9554e-15
-2.46596e-14
-2.58932e-14
-1.49398e-14
-2.99256e-16
1.08839e-14
1.56976e-14
1.47257e-14
1.02584e-14
4.79688e-15
1.95181e-16
-2.63654e-15
-3.63706e-15
-3.28627e-15
-2.2513e-15
-1.1121e-15
-2.24515e-16
2.88652e-16
4.69012e-16
4.33117e-16
3.01364e-16
1.60121e-16
5.33656e-17
-8.24116e-18
-3.27289e-17
-3.42709e-17
-2.55995e-17
-1.50715e-17
-6.71897e-18
-1.57796e-18
8.51338e-19
1.54308e-18
1.3748e-18
9.29804e-19
5.07845e-19
2.13847e-19
4.94746e-20
-2.20071e-20
-4.0491e-20
-3.53232e-20
-2.35402e-20
-1.29032e-20
-5.71007e-21
-1.72933e-21
5.11326e-23
6.04529e-22
6.04659e-22
4.31978e-22
2.21356e-22
1.02771
1.01391
0.817552
0.5
0.206389
0.0268058
-0.0388677
-0.0384381
-0.0184166
-0.00302402
0.00284105
0.00282245
0.00118552
4.2633e-05
-0.000296282
-0.000211922
-6.02234e-05
1.88442e-05
2.95095e-05
1.43558e-05
1.17969e-06
-3.31264e-06
-2.541e-06
-7.3481e-07
2.46588e-07
3.7721e-07
1.7883e-07
8.57306e-09
-4.67553e-08
-3.3615e-08
-8.56666e-09
4.24374e-09
5.36576e-09
2.31171e-09
-5.87239e-11
-7.29435e-10
-4.68783e-10
-9.40052e-11
7.80728e-11
8.04037e-11
3.01627e-11
-4.13027e-12
-1.18978e-11
-6.72708e-12
-9.11337e-13
1.42639e-12
1.24574e-12
4.34622e-13
-4.0438e-14
-1.11033e-13
-2.62908e-14
3.01999e-14
1.87139e-14
-2.40575e-14
-5.69749e-14
-6.33174e-14
-4.74962e-14
-2.22049e-14
1.15221e-15
1.62416e-14
2.17344e-14
1.96423e-14
1.33966e-14
6.29822e-15
6.00653e-16
-2.74842e-15
-3.86579e-15
-3.45481e-15
-2.34023e-15
-1.16518e-15
-2.81847e-16
2.15002e-16
3.89394e-16
3.64544e-16
2.55378e-16
1.38751e-16
5.12656e-17
6.42394e-19
-2.0352e-17
-2.32502e-17
-1.80043e-17
-1.09886e-17
-5.25347e-18
-1.6276e-18
1.74961e-19
7.86909e-19
7.87479e-19
5.66258e-19
3.28753e-19
1.53303e-19
4.96564e-20
4.18715e-22
-1.61873e-20
-1.7056e-20
-1.24507e-20
-7.3805e-21
-3.62905e-21
-1.38859e-21
-2.98191e-22
2.33607e-22
1.0079
1.04117
0.991696
0.793611
0.5
0.223365
0.042154
-0.0343031
-0.0421139
-0.0239644
-0.00647534
0.00197761
0.00332499
0.00186777
0.000400612
-0.000245072
-0.000285991
-0.000129611
-8.12739e-06
3.15022e-05
2.39228e-05
7.25577e-06
-1.97863e-06
-3.44893e-06
-1.76137e-06
-1.8454e-07
3.9124e-07
3.18273e-07
9.93709e-08
-2.70434e-08
-4.76358e-08
-2.40385e-08
-2.00424e-09
5.81838e-09
4.51192e-09
1.29237e-09
-4.84177e-10
-7.13819e-10
-3.34201e-10
-9.50251e-12
9.45306e-11
6.64511e-11
1.60634e-11
-9.36901e-12
-1.12334e-11
-4.7899e-12
1.07527e-13
1.46366e-12
9.30102e-13
2.1431e-13
-5.5737e-14
5.76879e-15
1.23525e-13
1.51988e-13
9.05718e-14
-1.3476e-15
-7.22649e-14
-1.01351e-13
-9.27811e-14
-6.22796e-14
-2.6462e-14
2.79646e-15
2.00019e-14
2.51781e-14
2.17517e-14
1.42262e-14
6.41162e-15
5.65973e-16
-2.62267e-15
-3.54687e-15
-3.06401e-15
-2.01654e-15
-9.8556e-16
-2.47868e-16
1.49993e-16
2.84156e-16
2.64699e-16
1.84341e-16
1.00667e-16
3.90464e-17
3.70186e-18
-1.11877e-17
-1.38335e-17
-1.09927e-17
-6.86471e-18
-3.42331e-18
-1.21269e-18
-7.94136e-20
3.43659e-19
3.94078e-19
2.99654e-19
1.82267e-19
9.0787e-20
3.43995e-20
5.99158e-21
-4.9727e-21
-7.06928e-21
-5.69288e-21
-3.63994e-21
-1.61478e-21
0.998871
1.02303
1.04193
0.973194
0.776635
0.5
0.236308
0.0551561
-0.0291433
-0.0442026
-0.0286476
-0.0100134
0.000663016
0.00351519
0.00249279
0.000838178
-0.000110139
-0.000325109
-0.00020245
-4.98925e-05
2.37007e-05
3.12705e-05
1.49634e-05
1.26022e-06
-3.52123e-06
-2.80623e-06
-8.96015e-07
2.13495e-07
4.11962e-07
2.18731e-07
2.6977e-08
-4.67862e-08
-3.99564e-08
-1.32132e-08
2.98684e-09
5.9982e-09
3.17654e-09
3.4964e-10
-7.21187e-10
-5.9479e-10
-1.84998e-10
5.48993e-11
9.34073e-11
4.66898e-11
3.28755e-12
-1.19758e-11
-9.19111e-12
-2.74683e-12
7.08627e-13
1.08588e-12
3.58567e-13
-1.32329e-13
-1.21948e-13
1.20681e-13
3.11107e-13
3.40261e-13
2.40263e-13
9.22695e-14
-3.61237e-14
-1.11605e-13
-1.31118e-13
-1.09666e-13
-6.84299e-14
-2.61851e-14
5.2424e-15
2.17879e-14
2.53055e-14
2.06011e-14
1.27302e-14
5.3548e-15
2.67741e-16
-2.26966e-15
-2.86244e-15
-2.36676e-15
-1.5039e-15
-7.14884e-16
-1.7881e-16
9.75126e-17
1.8585e-16
1.70891e-16
1.17783e-16
6.42608e-17
2.56653e-17
3.78358e-18
-5.50205e-18
-7.40321e-18
-6.02007e-18
-3.82772e-18
-1.96846e-18
-7.59313e-19
-1.25107e-19
1.27444e-19
1.76462e-19
1.42376e-19
9.02911e-20
4.73148e-20
1.97849e-20
5.24625e-21
-7.94506e-22
-2.94424e-21
0.997793
1.00507
1.03244
1.03887
0.957846
0.763692
0.5
0.246668
0.0663827
-0.0238073
-0.0451887
-0.0325522
-0.0134733
-0.000959178
0.00341734
0.00301639
0.00131432
9.733e-05
-0.000320961
-0.000268331
-0.000102053
5.40097e-06
3.42592e-05
2.29965e-05
6.2179e-06
-2.43292e-06
-3.56994e-06
-1.78399e-06
-1.83405e-07
4.05355e-07
3.37003e-07
1.12392e-07
-2.33436e-08
-4.9923e-08
-2.74106e-08
-3.82702e-09
5.6432e-09
5.03278e-09
1.74446e-09
-3.29833e-10
-7.55228e-10
-4.16492e-10
-5.49926e-11
8.9365e-11
7.8018e-11
2.63153e-11
-5.52098e-12
-1.15625e-11
-6.16614e-12
-8.95263e-13
8.39841e-13
3.27848e-13
-4.84393e-13
-6.99161e-13
-3.72542e-13
1.07733e-13
4.45357e-13
5.45075e-13
4.5287e-13
2.6629e-13
7.46332e-14
-6.61883e-14
-1.3643e-13
-1.43959e-13
-1.11426e-13
-6.3997e-14
-2.09015e-14
7.96088e-15
2.11158e-14
2.22985e-14
1.69656e-14
9.83154e-15
3.79553e-15
-3.5526e-17
-1.76868e-15
-2.06014e-15
-1.6262e-15
-9.96551e-16
-4.59622e-16
-1.12472e-16
5.87414e-17
1.10443e-16
9.99742e-17
6.81281e-17
3.70682e-17
1.51209e-17
2.81787e-18
-2.42975e-18
-3.61829e-18
-3.01326e-18
-1.94765e-18
-1.02722e-18
-4.21575e-19
-9.76812e-20
3.78449e-20
7.14679e-20
6.18034e-20
4.08224e-20
2.26011e-20
7.75181e-21
0.999036
0.997843
1.01201
1.03844
1.0343
0.944844
0.753332
0.5
0.255249
0.0762288
-0.0184971
-0.0453946
-0.0357829
-0.0167686
-0.00277966
0.00306919
0.00341666
0.00179625
0.000362307
-0.000271062
-0.000319196
-0.000159502
-2.26983e-05
3.14482e-05
3.00039e-05
1.24139e-05
-5.01571e-08
-3.78026e-06
-2.69448e-06
-7.81473e-07
2.58291e-07
4.1876e-07
2.17163e-07
2.5954e-08
-4.75585e-08
-4.11123e-08
-1.42497e-08
2.56398e-09
6.11202e-09
3.45914e-09
5.3426e-10
-6.85054e-10
-6.36425e-10
-2.30187e-10
3.56573e-11
9.50166e-11
5.48939e-11
9.4393e-12
-9.34886e-12
-8.43039e-12
-2.42318e-12
8.80735e-13
8.04649e-13
-5.61346e-13
-1.50534e-12
-1.53008e-12
-9.27057e-13
-1.73263e-13
3.9915e-13
6.68268e-13
6.63899e-13
4.87825e-13
2.52498e-13
4.44756e-14
-9.04365e-14
-1.45046e-13
-1.38033e-13
-9.80606e-14
-5.09522e-14
-1.30461e-14
9.5581e-15
1.81216e-14
1.73637e-14
1.23256e-14
6.68138e-15
2.33745e-15
-2.0517e-16
-1.24189e-15
-1.33811e-15
-1.00965e-15
-5.97528e-16
-2.67584e-16
-6.3771e-17
3.27053e-17
6.0258e-17
5.3706e-17
3.62093e-17
1.9648e-17
8.15654e-18
1.77688e-18
-9.58748e-19
-1.63106e-18
-1.39538e-18
-9.16938e-19
-4.94562e-19
-2.13141e-19
-5.99232e-20
6.90926e-21
2.60314e-20
2.5001e-20
0.999961
0.997493
0.999962
1.01842
1.04211
1.02914
0.933617
0.744751
0.5
0.262537
0.0849758
-0.0133115
-0.0450396
-0.0384394
-0.0198576
-0.00471768
0.00251112
0.00368607
0.00225945
0.000669094
-0.000176905
-0.000349474
-0.000217239
-5.89605e-05
2.2113e-05
3.47796e-05
1.91931e-05
3.57793e-06
-3.2318e-06
-3.45354e-06
-1.52336e-06
-4.80473e-08
4.29811e-07
3.2249e-07
9.90302e-08
-2.79562e-08
-5.00298e-08
-2.68178e-08
-3.61804e-09
5.65294e-09
5.07214e-09
1.82098e-09
-2.80927e-10
-7.54501e-10
-4.40324e-10
-7.59906e-11
8.12453e-11
7.91225e-11
3.02155e-11
-2.06878e-12
-8.72466e-12
-3.31563e-12
1.95305e-12
3.02393e-12
1.18613e-12
-1.11663e-12
-2.43206e-12
-2.51843e-12
-1.79104e-12
-7.93636e-13
7.01447e-14
6.02471e-13
7.79471e-13
6.87151e-13
4.54846e-13
2.01732e-13
5.65115e-15
-1.03993e-13
-1.35398e-13
-1.15879e-13
-7.50542e-14
-3.47168e-14
-5.87941e-15
9.31652e-15
1.3798e-14
1.20659e-14
8.0084e-15
4.06112e-15
1.27202e-15
-2.38893e-16
-7.90271e-16
-7.92748e-16
-5.73529e-16
-3.28644e-16
-1.43234e-16
-3.33063e-17
1.6836e-17
3.04404e-17
2.67578e-17
1.78749e-17
9.68149e-18
4.08371e-18
9.99545e-19
-3.31539e-19
-6.82611e-19
-6.02921e-19
-4.03253e-19
-2.21915e-19
-1.01319e-19
-1.86527e-20
1.00021
0.998989
0.996922
1.00302
1.02396
1.0442
1.02381
0.923771
0.737463
0.5
0.268847
0.0928295
-0.00829713
-0.0442768
-0.0406094
-0.0227243
-0.00671456
0.00178129
0.00382595
0.00268654
0.001003
-4.24486e-05
-0.000355818
-0.000270828
-0.000101219
6.15712e-06
3.63676e-05
2.58328e-05
8.25193e-06
-1.80508e-06
-3.89324e-06
-2.32337e-06
-5.09073e-07
3.42821e-07
4.06035e-07
1.88693e-07
1.12937e-08
-4.98814e-08
-3.91881e-08
-1.26362e-08
3.05697e-09
6.05639e-09
3.34791e-09
5.0163e-10
-6.76819e-10
-6.31336e-10
-2.3691e-10
2.52528e-11
8.7208e-11
5.05612e-11
7.62758e-12
-8.91406e-12
-5.52439e-12
2.6219e-12
6.81864e-12
5.99039e-12
2.60354e-12
-7.85841e-13
-2.847e-12
-3.38079e-12
-2.79962e-12
-1.68847e-12
-5.53125e-13
2.88054e-13
7.19774e-13
7.8649e-13
6.19432e-13
3.63897e-13
1.2954e-13
-2.8219e-14
-1.01516e-13
-1.1087e-13
-8.55523e-14
-5.03839e-14
-2.03827e-14
-1.21316e-15
7.63514e-15
9.39395e-15
7.56285e-15
4.71213e-15
2.2383e-15
6.19121e-16
-1.95691e-16
-4.59379e-16
-4.32423e-16
-3.01118e-16
-1.67593e-16
-7.13164e-17
-1.62726e-17
8.02952e-18
1.43373e-17
1.24616e-17
8.26362e-18
4.4731e-18
1.91593e-18
5.14554e-19
-9.50304e-20
-2.66344e-19
-2.45269e-19
-1.54116e-19
1.00013
1
0.997981
0.997159
1.00648
1.02865
1.04519
1.0185
0.915024
0.731153
0.5
0.274394
0.0999444
-0.00347339
-0.0432147
-0.0423674
-0.025367
-0.00872811
0.000913719
0.00384278
0.00306586
0.00135109
0.000126998
-0.000336704
-0.000316604
-0.000147094
-1.60181e-05
3.41025e-05
3.16251e-05
1.36644e-05
5.30393e-07
-3.87081e-06
-3.0801e-06
-1.09846e-06
1.40984e-07
4.45232e-07
2.83651e-07
6.95994e-08
-3.71385e-08
-4.84943e-08
-2.35649e-08
-1.97272e-09
5.87429e-09
4.81838e-09
1.62662e-09
-3.28353e-10
-7.33756e-10
-4.18384e-10
-7.2231e-11
7.20944e-11
6.54128e-11
1.69169e-11
-1.22085e-11
-1.38186e-11
-2.54671e-12
7.77499e-12
1.16499e-11
9.8562e-12
5.37638e-12
8.28205e-13
-2.34352e-12
-3.74494e-12
-3.65285e-12
-2.65338e-12
-1.36317e-12
-2.46843e-13
4.60538e-13
7.35931e-13
6.91371e-13
4.83763e-13
2.47185e-13
6.17871e-14
-4.57863e-14
-8.48573e-14
-8.00577e-14
-5.60398e-14
-2.99774e-14
-1.03436e-14
9.28668e-16
5.41915e-15
5.77713e-15
4.32107e-15
2.5389e-15
1.13168e-15
2.71709e-16
-1.31663e-16
-2.45952e-16
-2.18977e-16
-1.47364e-16
-7.99308e-17
-3.33309e-17
-7.52302e-18
3.55698e-18
6.3329e-18
5.45942e-18
3.6011e-18
1.95094e-18
8.47347e-19
2.53756e-19
-7.27853e-20
1.00003
1.00026
0.999477
0.997178
0.998022
1.01001
1.03255
1.04539
1.01331
0.90717
0.725606
0.5
0.279329
0.106439
0.00115474
-0.041932
-0.0437761
-0.0277924
-0.0107283
-6.2262e-05
0.00374582
0.00339021
0.00170247
0.000325544
-0.000292008
-0.000351728
-0.000194215
-4.36511e-05
2.76072e-05
3.59344e-05
1.94425e-05
3.72374e-06
-3.28056e-06
-3.68834e-06
-1.77217e-06
-1.80246e-07
4.20167e-07
3.69979e-07
1.43349e-07
-9.59702e-09
-5.17629e-08
-3.49139e-08
-9.34693e-09
4.07362e-09
5.85935e-09
2.96778e-09
3.23038e-10
-6.79654e-10
-5.77138e-10
-1.96162e-10
3.70162e-11
7.77483e-11
3.00856e-11
-1.63207e-11
-3.05041e-11
-2.02002e-11
-2.74487e-12
1.02941e-11
1.54287e-11
1.4085e-11
9.27299e-12
3.73233e-12
-7.31131e-13
-3.31471e-12
-4.03362e-12
-3.41552e-12
-2.1646e-12
-8.88364e-13
4.83038e-14
5.36152e-13
6.46336e-13
5.2824e-13
3.27203e-13
1.41622e-13
1.57784e-14
-4.64028e-14
-6.1682e-14
-5.14865e-14
-3.29164e-14
-1.59697e-14
-4.50708e-15
1.42385e-15
3.40885e-15
3.24269e-15
2.27237e-15
1.26487e-15
5.30104e-16
1.07978e-16
-7.71293e-17
-1.22233e-16
-1.03687e-16
-6.77041e-17
-3.59087e-17
-1.473e-17
-3.31929e-18
1.46687e-18
2.63638e-18
2.26075e-18
1.49955e-18
6.81886e-19
0.999982
1.00016
1.00019
0.998814
0.996675
0.999337
1.01347
1.03578
1.04504
1.0083
0.900056
0.720671
0.5
0.283765
0.112406
0.00559006
-0.0404869
-0.0448875
-0.0300111
-0.0126941
-0.0011218
0.00354557
0.00365566
0.00204819
0.000547226
-0.000222631
-0.000374148
-0.000240368
-7.5744e-05
1.67653e-05
3.82309e-05
2.51857e-05
7.65639e-06
-2.05941e-06
-4.049e-06
-2.47373e-06
-6.13084e-07
3.1574e-07
4.32726e-07
2.2628e-07
3.3275e-08
-4.63169e-08
-4.47977e-08
-1.85631e-08
3.72816e-10
6.07484e-09
4.31458e-09
1.24652e-09
-4.26527e-10
-6.73024e-10
-3.27718e-10
-9.38865e-12
9.86089e-11
6.32386e-11
-4.95399e-12
-4.50691e-11
-4.84715e-11
-3.05512e-11
-8.22763e-12
8.60715e-12
1.68915e-11
1.76256e-11
1.35037e-11
7.45733e-12
1.8298e-12
-2.02042e-12
-3.74578e-12
-3.74271e-12
-2.74882e-12
-1.47999e-12
-4.17886e-13
2.36814e-13
4.98371e-13
4.89954e-13
3.52524e-13
1.92616e-13
6.74511e-14
-6.56065e-15
-3.69064e-14
-3.96488e-14
-2.98262e-14
-1.75208e-14
-7.68366e-15
-1.63792e-15
1.18104e-15
1.93456e-15
1.67723e-15
1.10943e-15
5.87614e-16
2.32037e-16
3.88493e-17
-4.05598e-17
-5.67834e-17
-4.61964e-17
-2.93792e-17
-1.52864e-17
-6.19289e-18
-1.40287e-18
5.41721e-19
1.15145e-18
0.999983
1.00003
1.00026
0.999957
0.998132
0.996485
1.00096
1.01677
1.03844
1.04428
1.00347
0.893561
0.716235
0.5
0.287787
0.11792
0.00983944
-0.0389223
-0.0457452
-0.0320359
-0.0146108
-0.00224409
0.00325288
0.00386074
0.00238115
0.000786327
-0.00013018
-0.000382519
-0.00028358
-0.000111168
1.68149e-06
3.81078e-05
3.04963e-05
1.21584e-05
-1.87578e-07
-4.07657e-06
-3.1397e-06
-1.13857e-06
1.23034e-07
4.57448e-07
3.10105e-07
9.02134e-08
-3.01157e-08
-5.11441e-08
-2.87278e-08
-5.26917e-09
5.11493e-09
5.40314e-09
2.3465e-09
2.51637e-11
-6.91064e-10
-4.66685e-10
-7.40683e-11
1.29933e-10
1.33896e-10
5.03048e-11
-2.81465e-11
-6.57115e-11
-6.5785e-11
-4.52078e-11
-1.94033e-11
2.05995e-12
1.50482e-11
1.9314e-11
1.6986e-11
1.11869e-11
4.84703e-12
-7.0448e-14
-2.79891e-12
-3.53354e-12
-2.9728e-12
-1.88241e-12
-8.26311e-13
-8.58341e-14
2.90627e-13
3.86547e-13
3.24289e-13
2.07407e-13
9.91992e-14
2.54434e-14
-1.26124e-14
-2.48301e-14
-2.28864e-14
-1.57348e-14
-8.53307e-15
-3.36104e-15
-4.48808e-16
7.70315e-16
1.00443e-15
8.06268e-16
5.06705e-16
2.56439e-16
9.56274e-17
1.25685e-17
-1.9513e-17
-2.48101e-17
-1.94727e-17
-1.20943e-17
-6.28341e-18
-1.76588e-18
0.999994
0.999978
1.00012
1.0003
0.999599
0.997507
0.996583
1.00278
1.01986
1.04061
1.04321
0.998845
0.887594
0.712213
0.5
0.291459
0.123039
0.0139117
-0.0372711
-0.0463857
-0.0338802
-0.0164687
-0.00341188
0.00287833
0.00400571
0.00269582
0.00103755
-1.67195e-05
-0.000376094
-0.000322165
-0.000148743
-1.73631e-05
3.52842e-05
3.50019e-05
1.7025e-05
2.3144e-06
-3.70406e-06
-3.70485e-06
-1.72852e-06
-1.60065e-07
4.31504e-07
3.85278e-07
1.58227e-07
-2.01017e-09
-5.19198e-08
-3.86271e-08
-1.26085e-08
2.7532e-09
5.9774e-09
3.49666e-09
6.45172e-10
-6.4286e-10
-6.45316e-10
-2.04348e-10
1.3305e-10
2.29592e-10
1.65574e-10
5.53825e-11
-3.1709e-11
-7.49089e-11
-8.0197e-11
-6.20824e-11
-3.46927e-11
-8.6735e-12
9.68389e-12
1.83702e-11
1.87542e-11
1.40432e-11
7.6625e-12
2.12021e-12
-1.40095e-12
-2.8468e-12
-2.80425e-12
-2.02023e-12
-1.09255e-12
-3.58624e-13
7.62287e-14
2.50393e-13
2.5795e-13
1.8997e-13
1.08648e-13
4.47464e-14
6.23633e-15
-1.09509e-14
-1.46786e-14
-1.20211e-14
-7.63415e-15
-3.83475e-15
-1.34214e-15
-4.90793e-17
4.32884e-16
4.82449e-16
3.62922e-16
2.17943e-16
1.0581e-16
3.73549e-17
3.587e-18
-8.70495e-18
-1.02607e-17
-7.39911e-18
1
0.999978
1.00001
1.00021
1.00025
0.999162
0.996984
0.996931
1.00472
1.02272
1.04237
1.04193
0.99441
0.88208
0.708541
0.5
0.294834
0.127814
0.0178165
-0.035558
-0.0468395
-0.0355575
-0.0182615
-0.00461091
0.00243196
0.00409206
0.00298801
0.00129613
0.000115423
-0.000354624
-0.00035473
-0.000187304
-3.99542e-05
2.95993e-05
3.83716e-05
2.20318e-05
5.39077e-06
-2.88566e-06
-4.10653e-06
-2.34794e-06
-5.2889e-07
3.45045e-07
4.41783e-07
2.32807e-07
3.80875e-08
-4.53657e-08
-4.68549e-08
-2.11257e-08
-1.05855e-09
5.8597e-09
4.60632e-09
1.43167e-09
-5.19466e-10
-8.98655e-10
-4.81667e-10
1.10174e-11
2.72615e-10
3.0253e-10
2.08246e-10
8.57656e-11
-1.28724e-11
-7.03679e-11
-8.84227e-11
-7.74698e-11
-5.10008e-11
-2.16725e-11
1.5614e-12
1.47348e-11
1.83123e-11
1.53905e-11
9.68045e-12
4.08161e-12
1.28021e-13
-1.86488e-12
-2.31829e-12
-1.8973e-12
-1.18228e-12
-5.34281e-13
-1.00498e-13
1.15274e-13
1.75123e-13
1.51545e-13
9.97623e-14
5.11001e-14
1.7535e-14
-4.77074e-16
-7.27229e-15
-7.80655e-15
-5.81003e-15
-3.43612e-15
-1.60186e-15
-4.897e-16
4.36284e-17
2.18069e-16
2.16331e-16
1.53964e-16
8.88032e-17
4.14651e-17
1.42817e-17
-1.7956e-18
1
0.999992
0.999971
1.00006
1.00029
1.00011
0.998686
0.996583
0.997489
1.00671
1.02537
1.04378
1.04049
0.990161
0.876961
0.705166
0.5
0.297951
0.132283
0.0215636
-0.0338022
-0.0471324
-0.0370806
-0.0199854
-0.00582946
0.00192307
0.00412207
0.00325471
0.00155785
0.0002638
-0.000318255
-0.000380175
-0.000225738
-6.55836e-05
2.10018e-05
4.03256e-05
2.69479e-05
8.95689e-06
-1.59756e-06
-4.28824e-06
-2.95748e-06
-9.72498e-07
1.91684e-07
4.69896e-07
3.08252e-07
8.91255e-08
-3.02272e-08
-5.20075e-08
-3.01262e-08
-6.21622e-09
4.96864e-09
5.66742e-09
2.48315e-09
-2.02096e-10
-1.17388e-09
-9.49047e-10
-3.51505e-10
1.23179e-10
3.41412e-10
3.56764e-10
2.64284e-10
1.3873e-10
2.56431e-11
-5.19718e-11
-8.77033e-11
-8.7511e-11
-6.47575e-11
-3.43406e-11
-7.78341e-12
9.09374e-12
1.57772e-11
1.50214e-11
1.0551e-11
5.44426e-12
1.47178e-12
-8.17989e-13
-1.65603e-12
-1.58081e-12
-1.11146e-12
-5.99844e-13
-2.15075e-13
6.0726e-15
9.5586e-14
1.05274e-13
7.97819e-14
4.74843e-14
2.17047e-14
5.79584e-15
-1.80779e-15
-4.11503e-15
-3.79692e-15
-2.60834e-15
-1.44566e-15
-6.25885e-16
-1.62623e-16
4.30497e-17
1.00688e-16
9.11896e-17
6.2451e-17
2.91879e-17
1
1
0.99998
0.999981
1.00013
1.00033
0.999903
0.998204
0.996314
0.998219
1.00873
1.02779
1.04489
1.03892
0.986088
0.872186
0.702049
0.5
0.300845
0.136483
0.0251626
-0.0320184
-0.0472861
-0.0384617
-0.0216386
-0.00705794
0.0013602
0.00409858
0.0034938
0.00181902
0.00042595
-0.000267441
-0.000397667
-0.000263018
-9.36835e-05
9.53536e-06
4.06398e-05
3.15468e-05
1.29059e-05
1.62693e-07
-4.20213e-06
-3.51589e-06
-1.47451e-06
-3.11131e-08
4.60891e-07
3.78102e-07
1.48968e-07
-5.92037e-09
-5.29003e-08
-3.89272e-08
-1.26087e-08
3.21082e-09
6.69064e-09
3.99311e-09
5.95929e-10
-1.22256e-09
-1.48236e-09
-9.70805e-10
-3.38767e-10
1.17033e-10
3.44992e-10
3.92385e-10
3.25275e-10
2.03658e-10
7.64222e-11
-2.24166e-11
-7.71689e-11
-8.96222e-11
-7.30748e-11
-4.42114e-11
-1.65402e-11
2.6141e-12
1.178e-11
1.31665e-11
1.02413e-11
6.03418e-12
2.41122e-12
9.24982e-14
-9.70026e-13
-1.16775e-12
-9.29606e-13
-5.71421e-13
-2.6426e-13
-6.55758e-14
3.23419e-14
6.19445e-14
5.61195e-14
3.81625e-14
2.06703e-14
8.3446e-15
1.4659e-15
-1.4416e-15
-2.07429e-15
-1.7097e-15
-1.0964e-15
-5.72306e-16
-2.29992e-16
-4.84115e-17
2.52357e-17
4.70858e-17
1
1
0.999995
0.99997
1.00001
1.0002
1.00032
0.999638
0.997741
0.996174
0.999086
1.01073
1.03001
1.04575
1.03727
0.982184
0.867717
0.699155
0.5
0.303542
0.14044
0.0286225
-0.0302183
-0.0473191
-0.0397121
-0.0232206
-0.00828853
0.000751047
0.00402473
0.00370393
0.00207651
0.00059947
-0.000202868
-0.000406618
-0.000298222
-0.000123655
-4.6763e-06
3.91468e-05
3.56145e-05
1.71156e-05
2.3778e-06
-3.81071e-06
-3.98215e-06
-2.01416e-06
-3.21901e-07
4.07682e-07
4.35694e-07
2.14656e-07
2.74887e-08
-4.86718e-08
-4.70192e-08
-2.0321e-08
2.47146e-10
7.47262e-09
6.06598e-09
2.23462e-09
-5.91521e-10
-1.69411e-09
-1.61882e-09
-1.06269e-09
-4.59764e-10
8.17143e-12
2.93472e-10
4.044e-10
3.77317e-10
2.66255e-10
1.29425e-10
1.31681e-11
-5.8345e-11
-8.32981e-11
-7.45518e-11
-4.96447e-11
-2.31774e-11
-3.45916e-12
7.20571e-12
1.0356e-11
8.988e-12
5.88396e-12
2.86479e-12
7.42751e-13
-3.79968e-13
-7.50992e-13
-6.97177e-13
-4.81326e-13
-2.60334e-13
-1.00092e-13
-9.55714e-15
2.79455e-14
3.43284e-14
2.70689e-14
1.67692e-14
8.28769e-15
2.89508e-15
1.59528e-16
-8.45993e-16
-9.54328e-16
-7.19625e-16
-4.34074e-16
-2.17752e-16
-5.30112e-17
1
1
1
0.999986
0.999968
1.00005
1.00027
1.00027
0.999331
0.997313
0.996157
1.00006
1.01269
1.03204
1.04639
1.03556
0.978436
0.863517
0.696458
0.5
0.306067
0.144179
0.0319521
-0.0284107
-0.0472471
-0.0408424
-0.0247318
-0.00951485
0.000102559
0.00390383
0.00388439
0.00232765
0.000782063
-0.000125388
-0.000406654
-0.000330536
-0.00015489
-2.1445e-05
3.57347e-05
3.89561e-05
2.1454e-05
5.01301e-06
-3.08782e-06
-4.31741e-06
-2.5675e-06
-6.75408e-07
3.05312e-07
4.74784e-07
2.82891e-07
6.95984e-08
-3.8592e-08
-5.39835e-08
-2.96832e-08
-4.70369e-09
7.2808e-09
8.35526e-09
4.82545e-09
1.16354e-09
-1.01023e-09
-1.77578e-09
-1.69748e-09
-1.24111e-09
-6.80031e-10
-1.68761e-10
2.00586e-10
3.88023e-10
4.07335e-10
3.1326e-10
1.74718e-10
4.85212e-11
-3.46696e-11
-7.00687e-11
-6.94777e-11
-5.01638e-11
-2.68256e-11
-8.16279e-12
2.90294e-12
7.21644e-12
7.17657e-12
5.17652e-12
2.87562e-12
1.09789e-12
4.87351e-14
-3.96723e-13
-4.66711e-13
-3.64541e-13
-2.22698e-13
-1.05599e-13
-3.14026e-14
5.28788e-15
1.74022e-14
1.69326e-14
1.1984e-14
6.82922e-15
3.07655e-15
8.95088e-16
-1.11359e-16
-4.22682e-16
-4.0872e-16
-2.62173e-16
1
1
1
0.999999
0.999976
0.999976
1.0001
1.00032
1.00018
0.998997
0.996934
0.996254
1.00112
1.01461
1.03388
1.04684
1.0338
0.974837
0.85956
0.693933
0.5
0.308436
0.147722
0.0351593
-0.0266028
-0.0470838
-0.0418621
-0.0261734
-0.0107318
-0.000579061
0.00373921
0.00403491
0.00257022
0.000971575
-3.59692e-05
-0.000397589
-0.000359261
-0.000186791
-4.05322e-05
3.0343e-05
4.13993e-05
2.57853e-05
8.01881e-06
-2.01895e-06
-4.48669e-06
-3.10888e-06
-1.08312e-06
1.51061e-07
4.89968e-07
3.5054e-07
1.20199e-07
-2.1516e-08
-5.89767e-08
-4.08886e-08
-1.27147e-08
4.73706e-09
9.72649e-09
7.77965e-09
4.0337e-09
9.90593e-10
-8.15298e-10
-1.62352e-09
-1.75919e-09
-1.46434e-09
-9.38705e-10
-3.71343e-10
8.32994e-11
3.43015e-10
4.07845e-10
3.36066e-10
2.04924e-10
7.79085e-11
-1.03638e-11
-5.27857e-11
-5.94746e-11
-4.63784e-11
-2.73849e-11
-1.1011e-11
-5.26504e-13
4.28996e-12
5.2078e-12
4.15962e-12
2.56541e-12
1.19379e-12
3.03873e-13
-1.3704e-13
-2.72661e-13
-2.49192e-13
-1.70501e-13
-9.3016e-14
-3.80465e-14
-7.14064e-15
6.08817e-15
9.11178e-15
7.60553e-15
4.9227e-15
2.5963e-15
1.05936e-15
2.48738e-16
-1.75834e-16
1
1
1
1
0.999993
0.999969
0.999995
1.00016
1.00035
1.00004
0.998649
0.99661
0.996454
1.00224
1.01647
1.03556
1.04713
1.03202
0.971377
0.855821
0.691564
0.5
0.310668
0.151087
0.0382517
-0.0248
-0.0468406
-0.0427801
-0.0275469
-0.0119352
-0.00128828
0.0035342
0.00415565
0.00280238
0.00116601
6.43518e-05
-0.000379392
-0.000383812
-0.000218782
-6.16625e-05
2.29584e-05
4.27976e-05
2.99743e-05
1.13338e-05
-6.01022e-07
-4.46018e-06
-3.61248e-06
-1.53435e-06
-5.60809e-08
4.76505e-07
4.14693e-07
1.79593e-07
4.72961e-09
-5.98841e-08
-5.30846e-08
-2.43911e-08
-1.73959e-09
8.32112e-09
9.54347e-09
7.09067e-09
4.05998e-09
1.5546e-09
-2.43519e-10
-1.35027e-09
-1.79317e-09
-1.6673e-09
-1.17233e-09
-5.59306e-10
-3.97365e-11
2.75149e-10
3.78792e-10
3.323e-10
2.16638e-10
9.74704e-11
1.07912e-11
-3.46404e-11
-4.68233e-11
-3.96093e-11
-2.53828e-11
-1.20024e-11
-2.80991e-12
1.92808e-12
3.39877e-12
3.06787e-12
2.08082e-12
1.10517e-12
4.10975e-13
2.5472e-14
-1.29914e-13
-1.52499e-13
-1.18209e-13
-7.23579e-14
-3.52885e-14
-1.1995e-14
-3.20224e-16
3.87632e-15
4.23726e-15
3.15546e-15
1.91463e-15
7.33459e-16
1
1
1
1
1
0.999985
0.999966
1.00002
1.00022
1.00036
0.999873
0.998298
0.996344
0.996747
1.00341
1.01826
1.03708
1.04729
1.03022
0.968048
0.852278
0.689332
0.5
0.312776
0.154289
0.0412361
-0.0230068
-0.0465277
-0.0436044
-0.0288545
-0.0131217
-0.0020202
0.00329203
0.00424704
0.00302265
0.00136354
0.0001745
-0.000352165
-0.000403711
-0.000250322
-8.45346e-05
1.36094e-05
4.30314e-05
3.38903e-05
1.48879e-05
1.1586e-06
-4.21402e-06
-4.05367e-06
-2.01759e-06
-3.16602e-07
4.29246e-07
4.71757e-07
2.48032e-07
4.33336e-08
-5.27194e-08
-6.32946e-08
-3.85981e-08
-1.27815e-08
2.34867e-09
7.92819e-09
8.39012e-09
6.88856e-09
4.77412e-09
2.52505e-09
4.76925e-10
-1.0252e-09
-1.77009e-09
-1.79221e-09
-1.33248e-09
-7.02e-10
-1.50989e-10
1.94785e-10
3.26529e-10
3.05283e-10
2.10519e-10
1.05829e-10
2.63135e-11
-1.83097e-11
-3.37732e-11
-3.14128e-11
-2.16941e-11
-1.14886e-11
-3.97046e-12
2.70542e-13
1.93797e-12
2.07398e-12
1.5515e-12
9.14681e-13
4.13546e-13
1.07102e-13
-3.80457e-14
-8.12266e-14
-7.42378e-14
-5.08302e-14
-2.81415e-14
-1.21819e-14
-3.16248e-15
8.5144e-16
1.97524e-15
1.76495e-15
1
1
1
1
1
0.999999
0.999977
0.999969
1.00006
1.00027
1.00034
0.999674
0.997952
0.996139
0.997122
1.00461
1.01999
1.03846
1.04732
1.02841
0.964841
0.848913
0.687224
0.5
0.314771
0.157342
0.0441189
-0.0212264
-0.0461536
-0.0443425
-0.0300982
-0.0142888
-0.00277045
0.0030158
0.00430973
0.00322985
0.00156249
0.000293389
-0.000316115
-0.000418578
-0.000280908
-0.000108832
2.36018e-06
4.20078e-05
3.7411e-05
1.86058e-05
3.24407e-06
-3.72975e-06
-4.40938e-06
-2.52128e-06
-6.3164e-07
3.40993e-07
5.15467e-07
3.23769e-07
9.70656e-08
-3.21986e-08
-6.60489e-08
-5.13422e-08
-2.65746e-08
-8.44134e-09
1.24132e-09
5.60398e-09
7.24189e-09
7.19112e-09
5.80563e-09
3.55908e-09
1.16971e-09
-6.89016e-10
-1.66874e-09
-1.80689e-09
-1.39452e-09
-7.82477e-10
-2.37064e-10
1.13796e-10
2.61039e-10
2.62072e-10
1.90302e-10
1.03905e-10
3.53141e-11
-5.47039e-12
-2.20509e-11
-2.31755e-11
-1.72502e-11
-9.99033e-12
-4.22683e-12
-7.1404e-13
8.88834e-13
1.27314e-12
1.06794e-12
6.9168e-13
3.56475e-13
1.31863e-13
1.22837e-14
-3.46148e-14
-4.17192e-14
-3.24879e-14
-2.00822e-14
-1.00863e-14
-3.89961e-15
5.81769e-17
1
1
1
1
1
1
0.999994
0.99997
0.999978
1.0001
1.00032
1.00029
0.999453
0.997619
0.995994
0.997568
1.00583
1.02164
1.03971
1.04725
1.0266
0.961748
0.845711
0.685229
0.5
0.316664
0.160259
0.0469061
-0.0194615
-0.0457261
-0.045001
-0.0312804
-0.0154344
-0.0035352
0.00270848
0.00434457
0.00342307
0.00176139
0.000419944
-0.000271538
-0.000428128
-0.000310082
-0.000134232
-1.06949e-05
3.96605e-05
4.04245e-05
2.24105e-05
5.634e-06
-2.99221e-06
-4.65649e-06
-3.03276e-06
-1.00275e-06
2.01561e-07
5.3474e-07
4.00094e-07
1.65194e-07
5.7936e-09
-5.47412e-08
-5.58871e-08
-3.79452e-08
-2.12428e-08
-1.00694e-08
-2.5951e-09
2.86508e-09
6.4427e-09
7.71379e-09
6.76153e-09
4.39429e-09
1.7221e-09
-3.68935e-10
-1.4887e-09
-1.70923e-09
-1.35789e-09
-7.97873e-10
-2.90727e-10
4.24468e-11
1.9278e-10
2.1101e-10
1.61279e-10
9.41771e-11
3.82872e-11
3.28272e-12
-1.26516e-11
-1.58778e-11
-1.28255e-11
-8.03005e-12
-3.87853e-12
-1.15971e-12
2.2274e-13
6.92337e-13
6.77539e-13
4.82905e-13
2.75978e-13
1.23167e-13
3.35091e-14
-7.86315e-15
-2.02286e-14
-1.88172e-14
-1.31539e-14
-6.20412e-15
1
1
1
1
1
1
1
0.999988
0.999965
0.999994
1.00015
1.00035
1.00022
0.999214
0.997304
0.995908
0.998077
1.00706
1.02322
1.04084
1.04708
1.0248
0.958764
0.842658
0.683336
0.5
0.318465
0.16305
0.0496032
-0.0177142
-0.0452515
-0.0455862
-0.0324034
-0.016557
-0.00431106
0.00237286
0.0043525
0.00360162
0.00195889
0.000553116
-0.000218795
-0.000432158
-0.00033743
-0.000160412
-2.54381e-05
3.59461e-05
4.28305e-05
2.62256e-05
8.30412e-06
-1.98651e-06
-4.76838e-06
-3.53452e-06
-1.4287e-06
-4.87127e-10
5.1334e-07
4.62975e-07
2.39769e-07
6.0112e-08
-2.51317e-08
-4.50132e-08
-3.91583e-08
-2.97138e-08
-2.21016e-08
-1.49054e-08
-7.0193e-09
5.44543e-10
5.94504e-09
8.11991e-09
7.35854e-09
4.88378e-09
2.07976e-09
-8.63997e-11
-1.2496e-09
-1.52118e-09
-1.24039e-09
-7.56737e-10
-3.11258e-10
-1.26577e-11
1.30245e-10
1.59655e-10
1.28821e-10
7.97635e-11
3.66095e-11
8.2216e-12
-5.87657e-12
-1.00323e-11
-8.93479e-12
-6.02459e-12
-3.21432e-12
-1.23652e-12
-1.3919e-13
3.12157e-13
3.92635e-13
3.12447e-13
1.95961e-13
9.93211e-14
3.72261e-14
4.99402e-15
-7.44746e-15
-1.01431e-14
1
1
1
1
1
1
1
1
0.999981
0.999964
1.00002
1.00019
1.00037
1.00013
0.998962
0.997012
0.995878
0.99864
1.00829
1.02473
1.04186
1.04684
1.02301
0.955881
0.839741
0.681535
0.5
0.32018
0.165724
0.0522152
-0.015986
-0.0447357
-0.0461036
-0.0334697
-0.0176553
-0.00509503
0.00201159
0.00433459
0.00376502
0.0021538
0.000691893
-0.0001583
-0.000430539
-0.000362589
-0.000187058
-4.17355e-05
3.08401e-05
4.45372e-05
2.99739e-05
1.12276e-05
-6.96179e-07
-4.71093e-06
-3.99838e-06
-1.89879e-06
-2.719e-07
4.33645e-07
4.9189e-07
3.03617e-07
1.20362e-07
1.98967e-08
-1.53665e-08
-2.30334e-08
-2.55233e-08
-2.75941e-08
-2.64607e-08
-2.02772e-08
-1.06537e-08
-1.06965e-09
5.55765e-09
8.17405e-09
7.46944e-09
4.99028e-09
2.23456e-09
1.41835e-10
-9.82554e-10
-1.2777e-09
-1.06968e-09
-6.74603e-10
-3.03239e-10
-4.91437e-11
7.8738e-11
1.13506e-10
9.73176e-11
6.36213e-11
3.19846e-11
1.01364e-11
-1.51828e-12
-5.7524e-12
-5.82731e-12
-4.24238e-12
-2.45916e-12
-1.10261e-12
-2.90073e-13
8.99602e-14
2.03104e-13
1.86989e-13
1.28888e-13
7.22026e-14
3.2889e-14
4.76543e-15
1
1
1
1
1
1
1
1
0.999996
0.999974
0.999966
1.00004
1.00024
1.00038
1.00002
0.998704
0.996745
0.995901
0.999249
1.00951
1.02617
1.04278
1.04653
1.02123
0.953094
0.83695
0.67982
0.5
0.321818
0.168292
0.0547468
-0.0142781
-0.0441837
-0.0465584
-0.0344817
-0.0187287
-0.00588449
0.00162712
0.00429193
0.00391294
0.00234509
0.000835309
-9.05023e-05
-0.000423207
-0.000385239
-0.000213867
-5.9443e-05
2.43303e-05
4.54558e-05
3.35726e-05
1.43698e-05
8.93804e-07
-4.4421e-06
-4.38082e-06
-2.38478e-06
-6.05092e-07
2.85543e-07
4.66034e-07
3.32886e-07
1.6586e-07
6.66656e-08
2.76123e-08
1.22198e-08
-2.10777e-09
-1.81367e-08
-2.95201e-08
-3.13976e-08
-2.43562e-08
-1.28846e-08
-2.01002e-09
5.11136e-09
7.79349e-09
7.1075e-09
4.7579e-09
2.21026e-09
3.05721e-10
-7.19797e-10
-1.01561e-09
-8.75086e-10
-5.69299e-10
-2.74432e-10
-6.82208e-11
4.02958e-11
7.56231e-11
6.96767e-11
4.80423e-11
2.60022e-11
9.99503e-12
9.10215e-13
-2.88154e-12
-3.54188e-12
-2.8111e-12
-1.75743e-12
-8.79314e-13
-3.13671e-13
-2.19356e-14
8.83507e-14
1.02489e-13
7.94454e-14
4.20625e-14
1
1
1
1
1
1
1
1
1
0.999992
0.999968
0.999972
1.00008
1.00028
1.00038
0.999885
0.998442
0.996506
0.995975
0.999897
1.01073
1.02755
1.0436
1.04615
1.01946
0.950397
0.834276
0.678182
0.5
0.323384
0.170759
0.0572023
-0.0125913
-0.0435999
-0.0469552
-0.0354416
-0.0197763
-0.00667712
0.00122176
0.00422566
0.00404522
0.00253184
0.00098245
-1.58739e-05
-0.000410149
-0.000405098
-0.000240548
-7.84092e-05
1.64121e-05
4.54936e-05
3.69225e-05
1.7677e-05
2.78591e-06
-3.91941e-06
-4.62473e-06
-2.83623e-06
-9.68482e-07
7.85217e-08
3.75918e-07
3.05751e-07
1.70201e-07
9.10985e-08
6.68666e-08
5.84172e-08
4.04491e-08
1.17638e-08
-1.61343e-08
-3.26832e-08
-3.4822e-08
-2.63048e-08
-1.36581e-08
-2.43834e-09
4.52813e-09
7.02804e-09
6.37937e-09
4.27687e-09
2.04888e-09
4.03609e-10
-4.86731e-10
-7.6544e-10
-6.81642e-10
-4.57143e-10
-2.33517e-10
-7.33787e-11
1.43875e-11
4.69001e-11
4.73114e-11
3.44679e-11
1.98824e-11
8.69503e-12
1.97689e-12
-1.12885e-12
-1.98465e-12
-1.75255e-12
-1.1809e-12
-6.45212e-13
-2.7344e-13
-6.51407e-14
2.50999e-14
5.4997e-14
1
1
1
1
1
1
1
1
1
1
0.999986
0.999964
0.999983
1.00011
1.00032
1.00035
0.999736
0.998181
0.996296
0.996096
1.00058
1.01194
1.02885
1.04434
1.04573
1.01771
0.947785
0.831708
0.676616
0.5
0.324883
0.173133
0.0595858
-0.0109263
-0.0429883
-0.0472984
-0.0363518
-0.020798
-0.0074709
0.000797659
0.00413693
0.00416178
0.00271327
0.00113246
6.51007e-05
-0.000391395
-0.000421917
-0.000266814
-9.84706e-05
7.09088e-06
4.45516e-05
3.98997e-05
2.10606e-05
4.95094e-06
-3.11836e-06
-4.67258e-06
-3.18576e-06
-1.30322e-06
-1.48326e-07
2.36913e-07
2.1603e-07
1.12121e-07
6.52685e-08
7.57545e-08
9.57869e-08
9.16052e-08
6.01826e-08
1.78427e-08
-1.71015e-08
-3.48849e-08
-3.57711e-08
-2.60803e-08
-1.32357e-08
-2.52869e-09
3.81937e-09
6.00626e-09
5.43182e-09
3.65164e-09
1.79889e-09
4.41941e-10
-2.98204e-10
-5.475e-10
-5.06962e-10
-3.50632e-10
-1.88307e-10
-6.89961e-11
-1.08098e-12
2.66921e-11
3.04388e-11
2.35479e-11
1.43979e-11
6.93056e-12
2.19784e-12
-1.75037e-13
-1.00119e-12
-1.02459e-12
-7.48563e-13
-4.41489e-13
-2.14549e-13
-4.27583e-14
1
1
1
1
1
1
1
1
1
1
0.999999
0.999981
0.999962
0.999998
1.00015
1.00035
1.00032
0.999574
0.997923
0.996116
0.996261
1.00129
1.01312
1.0301
1.045
1.04525
1.01599
0.945253
0.829241
0.675117
0.5
0.326321
0.17542
0.061901
-0.00928346
-0.0423523
-0.0475919
-0.0372146
-0.0217935
-0.00826405
0.000356797
0.00402688
0.00426267
0.00288867
0.00128452
0.000151932
-0.000367001
-0.000435464
-0.000292368
-0.000119435
-3.60244e-06
4.2534e-05
4.23558e-05
2.43859e-05
7.30658e-06
-2.05917e-06
-4.49245e-06
-3.36856e-06
-1.53295e-06
-3.25724e-07
9.81754e-08
8.68904e-08
-9.92286e-09
-3.03255e-08
2.61665e-08
9.65142e-08
1.30063e-07
1.14994e-07
6.89485e-08
1.807e-08
-1.87256e-08
-3.50136e-08
-3.42327e-08
-2.41203e-08
-1.19975e-08
-2.41759e-09
3.05038e-09
4.87915e-09
4.40866e-09
2.97776e-09
1.50621e-09
4.32999e-10
-1.58595e-10
-3.71531e-10
-3.60722e-10
-2.57641e-10
-1.44706e-10
-5.92494e-11
-8.81667e-12
1.35089e-11
1.84982e-11
1.5336e-11
9.91905e-12
5.15773e-12
1.97254e-12
2.62288e-13
-4.28877e-13
-5.56741e-13
-4.5156e-13
-2.49682e-13
1
1
1
1
1
1
1
1
1
1
1
0.999996
0.999975
0.999962
1.00002
1.00019
1.00038
1.00027
0.999401
0.997672
0.995965
0.996466
1.00202
1.01429
1.03128
1.04559
1.04474
1.01428
0.942798
0.826867
0.673679
0.5
0.327702
0.177627
0.0641514
-0.007663
-0.041695
-0.0478393
-0.0380319
-0.0227629
-0.00905502
-9.89765e-05
0.00389666
0.004348
0.00305745
0.00143787
0.000244121
-0.000337052
-0.000445513
-0.000316886
-0.000141056
-1.55808e-05
3.93784e-05
4.41381e-05
2.74775e-05
9.70577e-06
-8.32557e-07
-4.11122e-06
-3.35537e-06
-1.5897e-06
-3.69041e-07
3.96107e-08
-2.24848e-08
-1.65143e-07
-1.92365e-07
-9.87262e-08
3.37684e-08
1.28456e-07
1.54765e-07
1.24415e-07
6.83012e-08
1.50612e-08
-1.95358e-08
-3.29433e-08
-3.07777e-08
-2.10527e-08
-1.03146e-08
-2.19625e-09
2.30035e-09
3.77892e-09
3.42432e-09
2.32886e-09
1.20848e-09
3.91716e-10
-6.43207e-11
-2.38682e-10
-2.45866e-10
-1.81767e-10
-1.06404e-10
-4.74695e-11
-1.1445e-11
5.5908e-12
1.05495e-11
9.51989e-12
6.52014e-12
3.62266e-12
1.57115e-12
3.99172e-13
-1.21835e-13
-3.04414e-13
1
1
1
1
1
1
1
1
1
1
1
1
0.999992
0.99997
0.999965
1.00004
1.00023
1.0004
1.0002
0.999218
0.99743
0.995844
0.996708
1.00277
1.01543
1.0324
1.0461
1.04418
1.01259
0.940414
0.82458
0.672298
0.5
0.329029
0.179757
0.0663401
-0.00606504
-0.041019
-0.0480439
-0.038806
-0.0237061
-0.00984244
-0.000567947
0.00374738
0.00441794
0.00321908
0.00159176
0.000341145
-0.000301673
-0.000451856
-0.00034001
-0.000163009
-2.86596e-05
3.51056e-05
4.5137e-05
3.01525e-05
1.19492e-05
3.90792e-07
-3.64193e-06
-3.18966e-06
-1.45188e-06
-2.0938e-07
1.52326e-07
-2.38414e-08
-2.86742e-07
-3.84191e-07
-2.91315e-07
-1.06026e-07
6.25374e-08
1.54076e-07
1.63967e-07
1.2109e-07
6.14045e-08
1.09878e-08
-1.89819e-08
-2.91756e-08
-2.61992e-08
-1.74898e-08
-8.48701e-09
-1.92104e-09
1.63404e-09
2.79784e-09
2.5535e-09
1.75252e-09
9.32402e-10
3.32643e-10
-7.18036e-12
-1.44459e-10
-1.60611e-10
-1.23335e-10
-7.50978e-11
-3.59207e-11
-1.11205e-11
1.29271e-12
5.57308e-12
5.62336e-12
4.09659e-12
2.41489e-12
1.17259e-12
2.286e-13
1
1
1
1
1
1
1
1
1
1
1
1
1
0.999988
0.999965
0.99997
1.00007
1.00026
1.00041
1.00013
0.999028
0.997198
0.995753
0.996984
1.00354
1.01656
1.03347
1.04656
1.0436
1.01093
0.938099
0.822373
0.670971
0.5
0.330308
0.181815
0.0684703
-0.00448959
-0.0403268
-0.0482087
-0.0395387
-0.0246234
-0.0106251
-0.00104852
0.00358014
0.00447273
0.00337306
0.00174546
0.000442421
-0.000261068
-0.00045433
-0.000361364
-0.000184882
-4.25221e-05
2.98771e-05
4.53548e-05
3.22857e-05
1.38332e-05
1.38241e-06
-3.28828e-06
-3.01364e-06
-1.18264e-06
1.65781e-07
5.04179e-07
1.77017e-07
-2.82346e-07
-5.35276e-07
-5.11674e-07
-3.1202e-07
-7.78055e-08
9.21785e-08
1.65239e-07
1.58301e-07
1.08799e-07
5.1433e-08
7.19956e-09
-1.71772e-08
-2.4462e-08
-2.12519e-08
-1.39176e-08
-6.72437e-09
-1.62677e-09
1.08908e-09
1.98439e-09
1.8328e-09
1.27224e-09
6.93698e-10
2.67834e-10
2.25968e-11
-8.15756e-11
-1.0052e-10
-8.05812e-11
-5.09963e-11
-2.58747e-11
-9.39525e-12
-7.20905e-13
2.65439e-12
3.14637e-12
2.48393e-12
1.33622e-12
1
1
1
1
1
1
1
1
1
1
1
1
1
1
0.999983
0.999962
0.999979
1.00009
1.0003
1.00041
1.00004
0.998834
0.996977
0.99569
0.997292
1.00431
1.01766
1.03448
1.04696
1.04299
1.00928
0.935849
0.820243
0.669692
0.5
0.33154
0.183807
0.0705446
-0.00293655
-0.0396205
-0.0483366
-0.040232
-0.0255151
-0.011402
-0.00153917
0.00339604
0.00451262
0.00351895
0.00189817
0.000547262
-0.000215583
-0.000452895
-0.00038062
-0.000206215
-5.67165e-05
2.40373e-05
4.49786e-05
3.38965e-05
1.52316e-05
1.91804e-06
-3.31171e-06
-3.06556e-06
-9.51708e-07
6.76089e-07
1.09932e-06
6.4473e-07
-5.90654e-08
-5.54186e-07
-6.89843e-07
-5.43807e-07
-2.79741e-07
-3.77267e-08
1.11416e-07
1.61238e-07
1.41831e-07
9.17739e-08
4.08077e-08
4.2922e-09
-1.45654e-08
-1.9524e-08
-1.65134e-08
-1.06593e-08
-5.15215e-09
-1.33621e-09
6.75874e-10
1.35032e-09
1.26883e-09
8.92835e-10
4.98771e-10
2.05857e-10
3.42015e-11
-4.21452e-11
-6.01847e-11
-5.07276e-11
-3.33799e-11
-1.78373e-11
-7.25587e-12
-1.41993e-12
1.04534e-12
1.75676e-12
1
1
1
1
1
1
1
1
1
1
1
1
1
1
0.999998
0.999978
0.99996
0.99999
1.00012
1.00033
1.0004
0.999936
0.998636
0.99677
0.995655
0.997627
1.0051
1.01873
1.03544
1.0473
1.04235
1.00766
0.93366
0.818185
0.66846
0.5
0.332728
0.185735
0.0725657
-0.00140577
-0.038902
-0.0484301
-0.0408877
-0.0263815
-0.012172
-0.00203846
0.00319621
0.004538
0.00365636
0.00204909
0.000654833
-0.000165783
-0.000447732
-0.000397607
-0.000226592
-7.07135e-05
1.81078e-05
4.44241e-05
3.52302e-05
1.61954e-05
1.87317e-06
-3.95724e-06
-3.63669e-06
-1.02472e-06
1.13252e-06
1.84599e-06
1.37666e-06
4.42256e-07
-3.53774e-07
-7.40077e-07
-7.35809e-07
-5.04827e-07
-2.22062e-07
-1.42835e-09
1.16988e-07
1.4561e-07
1.19513e-07
7.35235e-08
3.10231e-08
2.35241e-09
-1.16516e-08
-1.49046e-08
-1.23431e-08
-7.8866e-09
-3.82898e-09
-1.06512e-09
3.84496e-10
8.82312e-10
8.48602e-10
6.0674e-10
3.47209e-10
1.51772e-10
3.5087e-11
-1.90509e-11
-3.43654e-11
-3.07722e-11
-2.10903e-11
-1.17996e-11
-5.34643e-12
-6.81397e-13
1
1
1
1
1
1
1
1
1
1
1
1
1
1
1
0.999995
0.999973
0.999959
1
1.00015
1.00036
1.00038
0.999826
0.998438
0.996577
0.995647
0.997988
1.00588
1.01978
1.03635
1.04759
1.04169
1.00607
0.93153
0.816193
0.667272
0.5
0.333876
0.187604
0.0745361
0.000102969
-0.0381732
-0.0484918
-0.0415075
-0.0272229
-0.0129344
-0.00254492
0.00298188
0.00454937
0.00378503
0.00219743
0.000764162
-0.000112508
-0.000439361
-0.000412463
-0.0002458
-8.40382e-05
1.27053e-05
4.43171e-05
3.67996e-05
1.70378e-05
1.32919e-06
-5.34978e-06
-4.98879e-06
-1.71221e-06
1.25544e-06
2.54745e-06
2.27651e-06
1.21396e-06
1.17713e-07
-5.84564e-07
-8.11596e-07
-6.94663e-07
-4.26165e-07
-1.60031e-07
2.38831e-08
1.10741e-07
1.23321e-07
9.56474e-08
5.64139e-08
2.27892e-08
1.20887e-09
-8.84519e-09
-1.09265e-08
-8.90519e-09
-5.65336e-09
-2.76627e-09
-8.24018e-10
1.93631e-10
5.53625e-10
5.48963e-10
3.99821e-10
2.34373e-10
1.07735e-10
3.06209e-11
-6.5825e-12
-1.86078e-11
-1.79614e-11
-1.30137e-11
-6.35531e-12
1
1
1
1
1
1
1
1
1
1
1
1
1
1
1
1
0.999991
0.999968
0.999961
1.00002
1.00019
1.00038
1.00035
0.999707
0.998239
0.996398
0.995665
0.998373
1.00668
1.0208
1.03721
1.04784
1.04102
1.00449
0.929455
0.814265
0.666124
0.5
0.334986
0.189416
0.0764581
0.00158992
-0.0374356
-0.0485239
-0.0420933
-0.0280399
-0.0136884
-0.00305709
0.00275447
0.00454754
0.00390496
0.00234251
0.000874208
-5.68669e-05
-0.000428714
-0.000425782
-0.000264024
-9.64704e-05
8.37294e-06
4.53845e-05
3.93482e-05
1.83658e-05
6.54835e-07
-7.3881e-06
-7.24848e-06
-3.28364e-06
7.30316e-07
2.92579e-06
3.15171e-06
2.16164e-06
8.49276e-07
-1.80149e-07
-7.04931e-07
-7.8426e-07
-6.0039e-07
-3.34584e-07
-1.05912e-07
3.71551e-08
9.67353e-08
9.89316e-08
7.32403e-08
4.17181e-08
1.62793e-08
6.14206e-10
-6.40289e-09
-7.71751e-09
-6.21859e-09
-3.93537e-09
-1.94601e-09
-6.18843e-10
7.83432e-11
3.33296e-10
3.43779e-10
2.55766e-10
1.5361e-10
7.38456e-11
2.42551e-11
-5.664e-13
-9.42483e-12
-1.00665e-11
1
1
1
1
1
1
1
1
1
1
1
1
1
1
1
1
1
0.999987
0.999964
0.999964
1.00004
1.00022
1.0004
1.00032
0.99958
0.998041
0.996235
0.995708
0.998778
1.00747
1.02179
1.03803
1.04804
1.04033
1.00294
0.927434
0.812396
0.665014
0.5
0.336059
0.191176
0.0783339
0.00305541
-0.0366906
-0.0485286
-0.0426469
-0.028833
-0.0144332
-0.00357343
0.00251563
0.00453372
0.00401661
0.00248404
0.000984058
-1.14871e-07
-0.000417111
-0.000438701
-0.000282019
-0.000108274
5.34526e-06
4.82558e-05
4.37185e-05
2.10264e-05
5.25198e-07
-9.67246e-06
-1.03075e-05
-5.86578e-06
-7.07921e-07
2.67865e-06
3.74062e-06
3.10679e-06
1.75342e-06
4.60309e-07
-3.81564e-07
-7.19745e-07
-6.91844e-07
-4.84644e-07
-2.47838e-07
-6.45715e-08
4.06746e-08
7.91879e-08
7.57476e-08
5.39639e-08
2.98768e-08
1.13629e-08
3.4551e-10
-4.43628e-09
-5.266e-09
-4.21266e-09
-2.66526e-09
-1.33473e-09
-4.51345e-10
1.53278e-11
1.92085e-10
2.08497e-10
1.58967e-10
9.787e-11
4.89301e-11
1.83846e-11
-1.39437e-12
1
1
1
1
1
1
1
1
1
1
1
1
1
1
1
1
1
1
0.999983
0.999961
0.99997
1.00006
1.00025
1.00042
1.00027
0.999447
0.997846
0.996087
0.995774
0.999202
1.00826
1.02276
1.03881
1.04821
1.03962
1.00141
0.925464
0.810584
0.66394
0.5
0.337099
0.192884
0.0801656
0.00449982
-0.0359396
-0.0485083
-0.0431701
-0.0296032
-0.0151683
-0.00409243
0.00226731
0.00450966
0.00412112
0.00262233
0.00109323
5.66078e-05
-0.000406101
-0.000452863
-0.000301205
-0.000120389
3.295e-06
5.32025e-05
5.06303e-05
2.59559e-05
1.85221e-06
-1.14995e-05
-1.37631e-05
-9.35419e-06
-3.18224e-06
1.55755e-06
3.76676e-06
3.81501e-06
2.67247e-06
1.25949e-06
1.45027e-07
-4.75267e-07
-6.58558e-07
-5.6888e-07
-3.70218e-07
-1.7498e-07
-3.60844e-08
3.78266e-08
6.14e-08
5.56763e-08
3.84291e-08
2.07989e-08
7.77726e-09
2.42162e-10
-2.95026e-09
-3.47895e-09
-2.77363e-09
-1.75887e-09
-8.93496e-10
-3.19888e-10
-1.4404e-11
1.05519e-10
1.22473e-10
9.59612e-11
6.14717e-11
2.51257e-11
1
1
1
1
1
1
1
1
1
1
1
1
1
1
1
1
1
1
0.999998
0.999979
0.999959
0.999977
1.00008
1.00028
1.00043
1.00022
0.999308
0.997655
0.995955
0.995863
0.999643
1.00906
1.02371
1.03954
1.04834
1.0389
0.999897
0.923542
0.808825
0.6629
0.5
0.338107
0.194546
0.0819555
0.00592364
-0.035184
-0.0484652
-0.0436654
-0.0303516
-0.0158937
-0.00461274
0.00201164
0.00447771
0.0042205
0.00275867
0.00120207
0.000112681
-0.000397111
-0.000470191
-0.000323595
-0.000134514
1.13739e-06
5.98772e-05
6.04104e-05
3.39476e-05
5.62278e-06
-1.19433e-05
-1.69256e-05
-1.33675e-05
-6.59899e-06
-5.51749e-07
3.00811e-06
4.04513e-06
3.40576e-06
2.08406e-06
8.09304e-07
-6.39458e-08
-4.82008e-07
-5.55915e-07
-4.41962e-07
-2.70146e-07
-1.18672e-07
-1.81669e-08
3.17418e-08
4.54436e-08
3.94666e-08
2.65435e-08
1.41163e-08
5.23268e-09
2.06557e-10
-1.88694e-09
-2.22922e-09
-1.77763e-09
-1.13245e-09
-5.84271e-10
-2.20494e-10
-2.47894e-11
5.47913e-11
6.99927e-11
5.27429e-11
1
1
1
1
1
1
1
1
1
1
1
1
1
1
1
1
1
1
1
0.999995
0.999974
0.999957
0.999986
1.00011
1.00031
1.00043
1.00016
0.999165
0.997468
0.995838
0.995973
1.0001
1.00984
1.02462
1.04023
1.04843
1.03817
0.99841
0.921667
0.807116
0.661892
0.499999
0.339085
0.196163
0.0837058
0.00732753
-0.0344248
-0.0484017
-0.0441354
-0.0310803
-0.0166101
-0.00513349
0.00175073
0.00444069
0.00431771
0.00289555
0.00131216
0.000168493
-0.000390964
-0.000492481
-0.000351524
-0.000153004
-3.03137e-06
6.71281e-05
7.27379e-05
4.53858e-05
1.26689e-05
-1.00191e-05
-1.89061e-05
-1.7266e-05
-1.0616e-05
-3.56968e-06
1.3635e-06
3.60761e-06
3.75191e-06
2.76919e-06
1.50287e-06
4.60707e-07
-1.74239e-07
-4.33168e-07
-4.40515e-07
-3.2751e-07
-1.89627e-07
-7.78066e-08
-7.87526e-09
2.47188e-08
3.2292e-08
2.70794e-08
1.78333e-08
9.36241e-09
3.46639e-09
1.89002e-10
-1.16205e-09
-1.38742e-09
-1.11043e-09
-7.12124e-10
-3.73525e-10
-1.47735e-10
-2.66139e-11
3.63133e-11
1
1
1
1
1
1
1
1
1
1
1
1
1
1
1
1
1
1
1
1
0.999992
0.99997
0.999957
0.999998
1.00013
1.00034
1.00043
1.00009
0.999018
0.997287
0.995737
0.996103
1.00057
1.01063
1.02552
1.04089
1.04849
1.03744
0.996945
0.919836
0.805454
0.660913
0.499998
0.340035
0.197738
0.0854191
0.00871249
-0.0336632
-0.0483207
-0.0445834
-0.0317923
-0.017319
-0.00565478
0.00148618
0.00440157
0.00441648
0.00303676
0.0014266
0.000225916
-0.000387308
-0.000520844
-0.000387187
-0.000178558
-1.18033e-05
7.29608e-05
8.64787e-05
6.00098e-05
2.34181e-05
-4.89995e-06
-1.87723e-05
-2.02383e-05
-1.46677e-05
-7.20296e-06
-1.10214e-06
2.41711e-06
3.55594e-06
3.15338e-06
2.09538e-06
1.01366e-06
2.22514e-07
-2.11174e-07
-3.57818e-07
-3.31459e-07
-2.33123e-07
-1.28752e-07
-4.95882e-08
-2.54017e-09
1.81487e-08
2.21299e-08
1.8038e-08
1.16814e-08
6.07896e-09
2.26296e-09
1.69886e-10
-6.89293e-10
-8.39619e-10
-6.76845e-10
-4.37253e-10
-2.37449e-10
-6.74137e-11
1
1
1
1
1
1
1
1
1
1
1
1
1
1
1
1
1
1
1
1
1
0.999989
0.999966
0.999958
1.00001
1.00016
1.00036
1.00042
1.00002
0.998868
0.997111
0.995652
0.996253
1.00105
1.0114
1.02638
1.04151
1.04852
1.03669
0.995502
0.918047
0.803838
0.659962
0.499997
0.340958
0.199274
0.0870983
0.0100801
-0.0328997
-0.0482247
-0.0450136
-0.0324919
-0.0180241
-0.00617827
0.00121844
0.00436284
0.00452086
0.00318714
0.00155008
0.000288624
-0.000384102
-0.000555087
-0.000432029
-0.000213718
-2.81185e-05
7.46944e-05
9.96725e-05
7.67748e-05
3.76848e-05
3.85965e-06
-1.57448e-05
-2.14449e-05
-1.80479e-05
-1.09732e-05
-4.14729e-06
5.25106e-07
2.74917e-06
3.11494e-06
2.46206e-06
1.49542e-06
6.43724e-07
7.77679e-08
-2.0269e-07
-2.77164e-07
-2.38744e-07
-1.60254e-07
-8.49366e-08
-3.08717e-08
-1.3028e-10
1.26886e-08
1.46777e-08
1.16933e-08
7.47442e-09
3.86964e-09
1.45643e-09
1.45284e-10
-3.93612e-10
-4.93965e-10
-4.06928e-10
-2.29645e-10
1
1
1
1
1
1
1
1
1
1
1
1
1
1
1
1
1
1
1
1
1
1
0.999985
0.999963
0.99996
1.00003
1.00019
1.00039
1.00041
0.999935
0.998715
0.996942
0.995582
0.99642
1.00154
1.01217
1.02722
1.04209
1.04853
1.03594
0.99408
0.916298
0.802263
0.659036
0.499994
0.341857
0.200775
0.0887473
0.0114328
-0.0321343
-0.0481166
-0.0454308
-0.0331849
-0.0187306
-0.00670785
0.00094597
0.00432565
0.00463447
0.00335203
0.00168863
0.000362136
-0.000377291
-0.000593183
-0.000486118
-0.00026025
-5.4751e-05
6.93129e-05
0.000109705
9.38616e-05
5.4561e-05
1.61482e-05
-9.38784e-06
-2.01864e-05
-2.00338e-05
-1.4291e-05
-7.38294e-06
-1.87645e-06
1.37155e-06
2.60105e-06
2.51096e-06
1.81289e-06
1.01587e-06
3.86169e-07
8.77391e-10
-1.71725e-07
-2.03832e-07
-1.65611e-07
-1.06844e-07
-5.46416e-08
-1.8858e-08
7.21736e-10
8.50486e-09
9.44857e-09
7.392e-09
4.67908e-09
2.41768e-09
9.24186e-10
1.17237e-10
-2.14295e-10
-2.9036e-10
1
1
1
1
1
1
1
1
1
1
1
1
1
1
1
1
1
1
1
1
1
1
0.999999
0.999981
0.99996
0.999964
1.00004
1.00021
1.00041
1.00039
0.999848
0.998562
0.996781
0.995527
0.996604
1.00204
1.01293
1.02804
1.04264
1.04851
1.03519
0.992678
0.914587
0.800726
0.658132
0.49999
0.342734
0.202246
0.0903711
0.0127744
-0.0313659
-0.0479983
-0.0458402
-0.0338784
-0.0194464
-0.00725028
0.000664418
0.00428883
0.00475945
0.00353637
0.00184888
0.000453466
-0.000360805
-0.000630973
-0.000547629
-0.000318529
-9.37054e-05
5.39666e-05
0.000113651
0.000108853
7.24428e-05
3.12154e-05
2.48663e-07
-1.60612e-05
-2.00265e-05
-1.65599e-05
-1.03358e-05
-4.48229e-06
-4.29109e-07
1.64223e-06
2.20316e-06
1.899e-06
1.27175e-06
6.61341e-07
2.1893e-07
-3.24743e-08
-1.33896e-07
-1.43527e-07
-1.11151e-07
-6.93285e-08
-3.43853e-08
-1.13484e-08
8.44807e-10
5.4916e-09
5.91699e-09
4.56447e-09
2.8698e-09
1.48203e-09
5.91738e-10
-8.78227e-12
1
1
1
1
1
1
1
1
1
1
1
1
1
1
1
1
1
1
1
1
1
1
1
0.999997
0.999978
0.999957
0.999969
1.00006
1.00024
1.00042
1.00037
0.999756
0.998408
0.996627
0.995488
0.996805
1.00255
1.01369
1.02883
1.04317
1.04846
1.03443
0.991298
0.912912
0.799224
0.657247
0.499983
0.34359
0.203691
0.0919766
0.0141111
-0.0305912
-0.0478709
-0.0462468
-0.034581
-0.0201816
-0.00781542
0.000365886
0.00424784
0.00489528
0.00374347
0.00203709
0.000570366
-0.000326968
-0.000662204
-0.000612574
-0.000387057
-0.000145642
2.65349e-05
0.000108747
0.000119059
8.92022e-05
4.77106e-05
1.25719e-05
-9.07478e-06
-1.76746e-05
-1.72878e-05
-1.25321e-05
-6.92566e-06
-2.42093e-06
3.49061e-07
1.56167e-06
1.72628e-06
1.36403e-06
8.56218e-07
4.14771e-07
1.16956e-07
-4.11352e-08
-9.81365e-08
-9.73561e-08
-7.24453e-08
-4.39067e-08
-2.12209e-08
-6.75186e-09
6.91631e-10
3.42803e-09
3.61185e-09
2.7539e-09
1.75046e-09
7.08209e-10
1
1
1
1
1
1
1
1
1
1
1
1
1
1
1
1
1
1
1
1
1
1
1
1
0.999994
0.999974
0.999955
0.999976
1.00008
1.00027
1.00044
1.00034
0.999659
0.998254
0.996481
0.995463
0.99702
1.00306
1.01443
1.0296
1.04366
1.0484
1.03367
0.989939
0.91127
0.797752
0.656377
0.499971
0.344429
0.205118
0.0935729
0.0154518
-0.0298041
-0.0477329
-0.0466546
-0.0353011
-0.020948
-0.00841624
3.85918e-05
0.00419399
0.00503764
0.00397375
0.00225782
0.0007202
-0.000267318
-0.000678983
-0.000674893
-0.000462247
-0.000209452
-1.38595e-05
9.28873e-05
0.000121932
0.000102478
6.38408e-05
2.64901e-05
3.22502e-07
-1.29567e-05
-1.61824e-05
-1.35834e-05
-8.84332e-06
-4.32884e-06
-1.10751e-06
6.67083e-07
1.31183e-06
1.27411e-06
9.38468e-07
5.56383e-07
2.51692e-07
5.84195e-08
-3.7814e-08
-6.84655e-08
-6.39093e-08
-4.59913e-08
-2.72041e-08
-1.28714e-08
-3.98341e-09
4.8079e-10
2.07231e-09
2.16924e-09
1.48564e-09
1
1
1
1
1
1
1
1
1
1
1
1
1
1
1
1
1
1
1
1
1
1
1
1
1
0.999992
0.99997
0.999954
0.999983
1.0001
1.00029
1.00045
1.0003
0.999557
0.998101
0.996344
0.995453
0.997249
1.00358
1.01516
1.03034
1.04413
1.04832
1.03292
0.9886
0.909655
0.796302
0.655515
0.499952
0.345254
0.206534
0.0951723
0.0168091
-0.0289946
-0.0475793
-0.047065
-0.0360466
-0.0217582
-0.00906805
-0.000332952
0.00411414
0.00517764
0.00422357
0.00251258
0.000908621
-0.000173744
-0.000672611
-0.00072692
-0.000538543
-0.000282091
-6.64911e-05
6.50727e-05
0.000115502
0.000110033
7.76214e-05
4.05518e-05
1.12804e-05
-6.20307e-06
-1.3209e-05
-1.32565e-05
-9.93944e-06
-5.88335e-06
-2.52732e-06
-3.5802e-07
7.13018e-07
1.01455e-06
8.95975e-07
6.22336e-07
3.50541e-07
1.48333e-07
2.6827e-08
-3.0092e-08
-4.58424e-08
-4.07469e-08
-2.85088e-08
-1.65225e-08
-7.68699e-09
-2.33222e-09
2.76114e-10
1.36897e-09
1
1
1
1
1
1
1
1
1
1
1
1
1
1
1
1
1
1
1
1
1
1
1
1
1
1
0.999989
0.999966
0.999954
0.999993
1.00012
1.00032
1.00045
1.00026
0.999451
0.997949
0.996216
0.995457
0.99749
1.00409
1.01588
1.03106
1.04457
1.04823
1.03217
0.98728
0.908063
0.794867
0.654653
0.499923
0.346068
0.207952
0.0967906
0.0182006
-0.0281475
-0.0474003
-0.0474754
-0.0368225
-0.022624
-0.0097873
-0.000767102
0.00399093
0.00530148
0.00448437
0.00279867
0.00113822
-3.98087e-05
-0.000634707
-0.000760208
-0.000608885
-0.000358715
-0.000128909
2.56997e-05
9.87417e-05
0.000110116
8.71728e-05
5.31539e-05
2.2666e-05
1.94594e-06
-8.60261e-06
-1.1514e-05
-1.00355e-05
-6.86663e-06
-3.71647e-06
-1.37205e-06
1.54785e-08
6.25251e-07
7.37855e-07
6.05057e-07
3.99707e-07
2.14939e-07
8.51892e-08
1.08986e-08
-2.19217e-08
-2.96298e-08
-2.53047e-08
-1.72921e-08
-9.84108e-09
-4.61655e-09
-6.99715e-10
1
1
1
1
1
1
1
1
1
1
1
1
1
1
1
1
1
1
1
1
1
1
1
1
1
1
1
0.999986
0.999963
0.999955
1
1.00014
1.00034
1.00045
1.00021
0.999342
0.997801
0.996099
0.995475
0.99774
1.00461
1.01659
1.03176
1.045
1.04814
1.03143
0.985975
0.906484
0.793433
0.65378
0.499878
0.346875
0.209383
0.0984476
0.0196491
-0.0272411
-0.0471795
-0.0478771
-0.037629
-0.0235541
-0.0105896
-0.00128355
0.0038038
0.00539084
0.00474252
0.00310846
0.00140744
0.000137984
-0.000558449
-0.000766572
-0.000665474
-0.000433126
-0.000197082
-2.33548e-05
7.17959e-05
0.000101752
9.10077e-05
6.27782e-05
3.32303e-05
1.06352e-05
-2.83089e-06
-8.51823e-06
-9.09699e-06
-7.14691e-06
-4.51947e-06
-2.23939e-06
-6.83225e-07
1.64621e-07
4.91264e-07
5.11057e-07
3.94651e-07
2.49605e-07
1.28678e-07
4.78305e-08
3.5089e-09
-1.49964e-08
-1.85681e-08
-1.5325e-08
-1.04174e-08
-4.72449e-09
1
1
1
1
1
1
1
1
1
1
1
1
1
1
1
1
1
1
1
1
1
1
1
1
1
1
1
0.999999
0.999982
0.99996
0.999957
1.00002
1.00016
1.00036
1.00045
1.00016
0.999232
0.997658
0.995992
0.995504
0.997996
1.00512
1.01728
1.03245
1.04541
1.04804
1.0307
0.984682
0.904906
0.791986
0.652883
0.499811
0.347678
0.210843
0.100167
0.0211828
-0.0262474
-0.0468932
-0.0482541
-0.0384598
-0.0245524
-0.0114874
-0.00190119
0.00353071
0.00542403
0.00497973
0.00342919
0.00170987
0.000359173
-0.000439733
-0.000739226
-0.000700728
-0.000498462
-0.000265806
-7.88779e-05
3.60357e-05
8.49158e-05
8.82577e-05
6.82149e-05
4.17917e-05
1.89237e-05
3.48022e-06
-4.60154e-06
-7.23369e-06
-6.69554e-06
-4.84233e-06
-2.85226e-06
-1.29075e-06
-3.01758e-07
1.95151e-07
3.58455e-07
3.39949e-07
2.4973e-07
1.52036e-07
7.54269e-08
2.6337e-08
4.61096e-10
-9.76021e-09
-1.14017e-08
-8.3996e-09
1
1
1
1
1
1
1
1
1
1
1
1
1
1
1
1
1
1
1
1
1
1
1
0.999999
1
1
1
1
0.999997
0.999979
0.999957
0.999961
1.00003
1.00019
1.00038
1.00044
1.00011
0.999122
0.997521
0.995895
0.995542
0.998254
1.00563
1.01796
1.03313
1.04583
1.04796
1.02998
0.983391
0.903311
0.790502
0.651941
0.499711
0.348482
0.212347
0.101976
0.0228356
-0.025131
-0.0465093
-0.0485818
-0.0393001
-0.0256149
-0.0124877
-0.00263563
0.0031504
0.00537776
0.00517429
0.00374351
0.00203421
0.000618777
-0.000278065
-0.000673796
-0.00070826
-0.000548016
-0.000329295
-0.000136671
-6.07599e-06
6.05649e-05
7.88016e-05
6.87316e-05
4.7403e-05
2.59222e-05
9.64342e-06
-2.09164e-07
-4.67555e-06
-5.58515e-06
-4.66298e-06
-3.14574e-06
-1.73442e-06
-7.12572e-07
-1.07419e-07
1.72667e-07
2.4746e-07
2.18473e-07
1.53849e-07
9.05711e-08
4.33999e-08
1.42475e-08
-4.16269e-10
-7.03365e-09
1
1
1
1
1
1
1
1
1
1
1
1
1
1
1
1
1
1
1
1
1
1
1
1
0.999999
1
1
1
1
0.999995
0.999975
0.999955
0.999966
1.00004
1.00021
1.0004
1.00043
1.00005
0.999014
0.997391
0.995807
0.995583
0.998506
1.00612
1.01864
1.0338
1.04627
1.04789
1.02928
0.982088
0.901673
0.788951
0.650929
0.499564
0.349285
0.213912
0.103903
0.0246453
-0.0238505
-0.045988
-0.0488263
-0.0401254
-0.0267286
-0.0135893
-0.00349655
0.00264495
0.00522949
0.00530288
0.00403076
0.00236481
0.000907278
-7.70267e-05
-0.000569081
-0.00068375
-0.000576077
-0.000381872
-0.000192048
-5.12781e-05
3.05192e-05
6.32779e-05
6.41646e-05
4.9475e-05
3.09153e-05
1.50103e-05
4.17113e-06
-1.73111e-06
-3.9712e-06
-4.02861e-06
-3.10378e-06
-1.97069e-06
-1.02007e-06
-3.76691e-07
-1.86442e-08
1.33433e-07
1.63454e-07
1.36257e-07
9.25499e-08
5.28243e-08
2.50529e-08
4.05285e-09
1
1
1
1
1
1
1
1
1
1
1
1
1
1
1
1
1
1
1
1
1
1
1
1
1
0.999999
1
1
1
1
0.999992
0.999972
0.999955
0.999972
1.00006
1.00023
1.00041
1.00042
0.999991
0.998912
0.997269
0.995721
0.995619
0.998748
1.00661
1.01931
1.0345
1.04673
1.04786
1.02857
0.980748
0.899958
0.787296
0.649814
0.499349
0.350084
0.215553
0.105979
0.0266523
-0.0223598
-0.0452826
-0.0489448
-0.040901
-0.02787
-0.0147811
-0.00448543
0.00200239
0.00495995
0.00534282
0.00426867
0.00268288
0.0012112
0.000155768
-0.000427413
-0.000625561
-0.000578633
-0.000418655
-0.000240393
-9.5911e-05
-2.77408e-06
4.29872e-05
5.49217e-05
4.78388e-05
3.34481e-05
1.90577e-05
8.08014e-06
1.26267e-06
-2.06225e-06
-3.04205e-06
-2.75657e-06
-1.98847e-06
-1.19585e-06
-5.82054e-07
-1.90278e-07
1.52694e-08
9.48604e-08
1.04085e-07
8.26585e-08
5.52465e-08
2.46323e-08
1
1
1
1
1
1
1
1
1
1
1
1
1
1
1
1
1
1
1
1
1
1
1
1
1
0.999999
1
1
1
1
1
0.999989
0.999969
0.999956
0.99998
1.00007
1.00024
1.00042
1.0004
0.999938
0.998817
0.99715
0.995632
0.995643
0.998976
1.00709
1.02001
1.03524
1.04724
1.04785
1.02786
0.979339
0.898118
0.785486
0.648551
0.499038
0.350872
0.217279
0.10823
0.0288966
-0.0206106
-0.0443415
-0.0488873
-0.041583
-0.0290049
-0.0160416
-0.00559375
0.0012189
0.00455558
0.00527449
0.00443554
0.00296815
0.00151423
0.000409219
-0.000254591
-0.000535018
-0.000553869
-0.000436115
-0.000277699
-0.000136357
-3.65538e-05
1.97074e-05
4.19035e-05
4.27435e-05
3.33684e-05
2.14476e-05
1.11468e-05
3.98932e-06
-8.53707e-08
-1.8411e-06
-2.17079e-06
-1.80684e-06
-1.23261e-06
-7.05467e-07
-3.2306e-07
-9.13967e-08
2.3436e-08
6.34878e-08
6.48074e-08
4.45547e-08
1
1
1
1
1
1
1
1
1
1
1
1
1
1
1
1
1
1
1
1
1
1
1
1
1
1
0.999999
1
1
1
1
1
0.999987
0.999968
0.999958
0.999987
1.00009
1.00026
1.00042
1.00039
0.999892
0.998727
0.997028
0.995527
0.995645
0.99919
1.00758
1.02075
1.03605
1.04782
1.04788
1.02711
0.97781
0.896089
0.783455
0.647087
0.498593
0.351629
0.219094
0.110678
0.0314145
-0.0185561
-0.0431114
-0.048599
-0.0421198
-0.0300895
-0.0173381
-0.0068022
0.000300373
0.00401061
0.00508358
0.00451237
0.00320074
0.00179864
0.000669726
-5.93771e-05
-0.000416324
-0.000502371
-0.000432462
-0.000301008
-0.000169454
-6.80801e-05
-4.5431e-06
2.63639e-05
3.47949e-05
3.08212e-05
2.20541e-05
1.31284e-05
6.19308e-06
1.74691e-06
-5.75167e-07
-1.43552e-06
-1.46821e-06
-1.14224e-06
-7.42306e-07
-4.0582e-07
-1.74824e-07
-4.12906e-08
2.08479e-08
4.32188e-08
1
1
1
1
1
1
1
1
1
1
1
1
1
1
1
1
1
1
1
1
1
1
1
1
1
1
1
0.999999
1
1
1
1
0.999998
0.999985
0.999968
0.999961
0.999992
1.00009
1.00027
1.00043
1.00039
0.999855
0.998639
0.996894
0.995396
0.99562
0.999398
1.00811
1.02156
1.03695
1.04848
1.04792
1.02627
0.976092
0.893792
0.781125
0.645353
0.497964
0.352329
0.22099
0.113336
0.0342348
-0.0161544
-0.0415413
-0.0480238
-0.0424551
-0.0310722
-0.0186282
-0.0080809
-0.000736959
0.0033283
0.00476283
0.00448487
0.0033631
0.00204703
0.000922456
0.000147338
-0.000276124
-0.000427034
-0.000407791
-0.000308695
-0.000192824
-9.49434e-05
-2.77547e-05
9.73472e-06
2.48527e-05
2.62032e-05
2.09573e-05
1.39271e-05
7.70492e-06
3.26286e-06
6.16369e-07
-6.46947e-07
-1.02904e-06
-9.51257e-07
-6.99923e-07
-4.35788e-07
-2.27951e-07
-9.45375e-08
-1.90752e-09
1
1
1
1
1
1
1
1
1
1
1
1
1
1
1
1
1
1
1
1
1
1
1
1
1
1
1
1
1
1
1
1
1
0.999997
0.999985
0.999969
0.999962
0.999995
1.0001
1.00028
1.00045
1.00039
0.999825
0.998544
0.996732
0.995228
0.995569
0.999617
1.0087
1.02248
1.03798
1.04922
1.04794
1.02528
0.974095
0.891123
0.778396
0.643264
0.497088
0.35293
0.222949
0.116202
0.0373746
-0.0133733
-0.0395867
-0.0471085
-0.0425316
-0.031897
-0.0198624
-0.00939066
-0.00186687
0.0025215
0.0043132
0.00434499
0.0034417
0.00224389
0.00115275
0.000353601
-0.000122813
-0.000332707
-0.000363997
-0.00030057
-0.000205082
-0.000115305
-4.81504e-05
-6.55296e-06
1.39051e-05
2.00885e-05
1.84104e-05
1.35848e-05
8.45275e-06
4.3482e-06
1.62107e-06
1.05595e-07
-5.49955e-07
-6.94761e-07
-5.9471e-07
-4.16819e-07
-2.53951e-07
-9.71206e-08
1
1
1
1
1
1
1
1
1
1
1
1
1
1
1
1
1
1
1
1
1
1
1
1
1
1
1
1
1
1
1
1
1
1
0.999997
0.999986
0.99997
0.999961
0.999993
1.0001
1.00029
1.00047
1.00041
0.999796
0.998427
0.996528
0.995014
0.995501
0.999878
1.0094
1.02356
1.03914
1.05001
1.04788
1.02405
0.971701
0.887961
0.775151
0.640721
0.495886
0.353375
0.224935
0.119262
0.0408358
-0.0101943
-0.0372139
-0.0458071
-0.0422954
-0.0325071
-0.0209866
-0.0106853
-0.00305455
0.00161213
0.00374413
0.00409177
0.00342832
0.00237701
0.00134744
0.000547535
3.43202e-05
-0.000225638
-0.000304491
-0.000277804
-0.000205905
-0.000128045
-6.43574e-05
-2.12281e-05
2.94309e-06
1.3142e-05
1.47879e-05
1.22592e-05
8.45683e-06
4.95201e-06
2.36371e-06
7.50183e-07
-8.69944e-08
-4.10324e-07
-4.47306e-07
-3.64783e-07
-2.11526e-07
1
1
1
1
1
1
1
1
1
1
1
1
1
1
1
1
1
1
1
1
1
1
1
1
1
1
1
1
1
1
1
1
1
1
1
0.999998
0.999988
0.999969
0.999956
0.999986
1.00011
1.00032
1.00052
1.00044
0.999757
0.998273
0.99627
0.994757
0.995441
1.00022
1.01026
1.02482
1.04045
1.05083
1.04765
1.02245
0.968766
0.884156
0.771256
0.637608
0.494265
0.353594
0.226896
0.122481
0.044602
-0.00661592
-0.0344042
-0.0440855
-0.0417
-0.0328491
-0.0219463
-0.0119148
-0.00425878
0.000629825
0.00307306
0.00373162
0.00332071
0.00243853
0.00149602
0.000718409
0.000185997
-0.000112797
-0.000233764
-0.000242713
-0.000195974
-0.000132808
-7.55104e-05
-3.32989e-05
-7.14977e-06
6.03188e-06
1.05262e-05
1.01892e-05
7.81349e-06
5.08312e-06
2.80965e-06
1.23856e-06
3.14797e-07
-1.3198e-07
-2.83785e-07
-2.67681e-07
1
1
1
1
1
1
1
1
1
1
1
1
1
1
1
1
1
1
1
1
1
1
1
1
1
1
1
1
1
1
1
1
1
1
1
1
1
0.999989
0.999964
0.999945
0.999979
1.00012
1.00036
1.00058
1.00047
0.999691
0.998063
0.995949
0.994472
0.995425
1.0007
1.01132
1.02629
1.04188
1.05158
1.04713
1.02032
0.965116
0.879541
0.766557
0.633794
0.492117
0.353497
0.228761
0.125806
0.0486364
-0.00265683
-0.0311571
-0.0419247
-0.040711
-0.0328774
-0.0226903
-0.0130285
-0.00543484
-0.000390127
0.00232413
0.00327772
0.00312271
0.00242547
0.00159141
0.000857519
0.000323776
-1.193e-06
-0.000156885
-0.000198427
-0.000176806
-0.00012996
-8.1281e-05
-4.21223e-05
-1.5678e-05
-6.43595e-07
6.06499e-06
7.65461e-06
6.67174e-06
4.79919e-06
2.9621e-06
1.54801e-06
6.24481e-07
1.17637e-07
-1.60263e-07
1
1
1
1
1
1
1
1
1
1
1
1
1
1
1
1
1
1
1
1
1
1
1
1
1
1
1
1
1
1
1
1
1
1
0.999999
1
1.00001
1
0.999988
0.999954
0.99993
0.999973
1.00014
1.00043
1.00065
1.0005
0.99958
0.997784
0.995571
0.994188
0.995506
1.00138
1.01263
1.02797
1.04336
1.05215
1.04615
1.01746
0.96055
0.873924
0.760886
0.629135
0.489319
0.352981
0.230443
0.129162
0.0528813
0.00164325
-0.0274925
-0.039324
-0.0393087
-0.0325573
-0.0231748
-0.0139791
-0.00653769
-0.00140936
0.00152637
0.00274892
0.0028438
0.00233977
0.00163037
0.000958805
0.000440728
0.000102759
-7.89784e-05
-0.000148517
-0.000150518
-0.000120462
-8.18435e-05
-4.74235e-05
-2.21808e-05
-6.41044e-06
1.79925e-06
4.93842e-06
5.20735e-06
4.19135e-06
2.85526e-06
1.6768e-06
8.4556e-07
1.8919e-07
1
1
1
1
1
1
1
1
1
1
1
1
1
1
1
1
1
1
1
1
1
1
1
1
1
1
1
1
1
1
1
1
1
1
0.999998
0.999999
1
1.00001
1.00001
0.999982
0.999939
0.999913
0.999975
1.00019
1.00051
1.00073
1.00049
0.999406
0.997433
0.995155
0.99395
0.995745
1.0023
1.0142
1.02981
1.0448
1.05238
1.0445
1.01365
0.954844
0.867101
0.754065
0.623479
0.485742
0.351933
0.231838
0.132459
0.0572589
0.00622351
-0.023451
-0.0363024
-0.037491
-0.0318687
-0.0233661
-0.0147258
-0.00752507
-0.00238921
0.000711439
0.00216816
0.0024981
0.00218787
0.00161353
0.00101915
0.000531894
0.000193735
-4.76567e-06
-9.66203e-05
-0.000119555
-0.000105705
-7.77879e-05
-4.927e-05
-2.64434e-05
-1.09487e-05
-1.95632e-06
2.29515e-06
3.59832e-06
3.36834e-06
2.53969e-06
1.67565e-06
7.52674e-07
1
1
1
1
1
1
1
1
1
1
1
1
1
1
1
1
1
1
1
1
1
1
1
1
1
1
1
1
1
1
1
1
1
1
0.999999
0.999997
1
1.00001
1.00001
1.00001
0.999972
0.999919
0.999898
0.999991
1.00025
1.0006
1.0008
1.00043
0.999159
0.997018
0.994737
0.993817
0.996201
1.00351
1.01602
1.03174
1.04604
1.05205
1.04194
1.00864
0.947755
0.858858
0.74591
0.616671
0.48125
0.350228
0.232834
0.13559
0.0616742
0.0110038
-0.0190934
-0.0328986
-0.0352741
-0.0308071
-0.0232437
-0.0152371
-0.00836041
-0.00329335
-8.8693e-05
0.00156062
0.00210307
0.00197993
0.00154503
0.00103837
0.000594501
0.000267839
6.17977e-05
-4.61081e-05
-8.64249e-05
-8.73187e-05
-7.00034e-05
-4.80123e-05
-2.84792e-05
-1.40995e-05
-4.98608e-06
-7.13764e-08
2.00575e-06
2.43522e-06
2.11556e-06
1.3264e-06
1
1
1
1
1
1
1
1
1
1
1
1
1
1
1
1
1
1
1
1
1
1
1
1
1
1
1
1
1
1
1
1
1
1
1
0.999997
0.999997
1
1.00001
1.00002
1
0.999956
0.999897
0.99989
1.00002
1.00033
1.0007
1.00083
1.00031
0.998837
0.996564
0.994369
0.993853
0.996928
1.00501
1.01802
1.0336
1.04686
1.0509
1.03816
1.00213
0.939029
0.848978
0.736242
0.608559
0.475709
0.347743
0.233309
0.138441
0.0660184
0.0158878
-0.0144986
-0.0291698
-0.0326921
-0.0293848
-0.0228009
-0.0154926
-0.00901508
-0.00409022
-0.000843941
0.000951787
0.00167802
0.00172877
0.00143187
0.00101895
0.000627951
0.000322755
0.000117761
1.7136e-07
-5.34676e-05
-6.69863e-05
-5.95478e-05
-4.42043e-05
-2.84897e-05
-1.58527e-05
-7.17763e-06
-2.01945e-06
5.56243e-07
1.50909e-06
1.52297e-06
1
1
1
1
1
1
1
1
1
1
1
1
1
1
1
1
1
1
1
1
1
1
1
1
1
1
1
1
1
1
1
1
1
1
1
0.999999
0.999996
0.999997
1
1.00002
1.00002
0.999995
0.999935
0.999876
0.999894
1.00007
1.00042
1.00079
1.00083
1.00012
0.998456
0.996111
0.994109
0.994114
0.997949
1.00676
1.0201
1.03521
1.04699
1.04861
1.03286
0.993837
0.928416
0.837254
0.724892
0.599001
0.468992
0.344356
0.233143
0.140889
0.0701741
0.0207676
-0.00975913
-0.025189
-0.0297958
-0.02763
-0.0220459
-0.0154842
-0.00946996
-0.00475483
-0.00152803
0.000365733
0.0012426
0.0014487
0.00128316
0.000965543
0.000633609
0.000357734
0.000161288
4.00593e-05
-2.26746e-05
-4.62879e-05
-4.75233e-05
-3.85163e-05
-2.68116e-05
-1.63202e-05
-8.51389e-06
-3.46874e-06
-6.86913e-07
8.71045e-07
1
1
1
1
1
1
1
1
1
1
1
1
1
1
1
1
1
1
1
1
1
1
1
1
1
1
1
1
1
1
1
1
1
1
1
1
0.999997
0.999995
0.999998
1.00001
1.00002
1.00002
0.999981
0.999912
0.999859
0.999911
1.00014
1.00052
1.00086
1.00077
0.999874
0.998044
0.995712
0.994017
0.994639
0.999249
1.00868
1.02205
1.03629
1.0461
1.04483
1.02571
0.983472
0.915674
0.823499
0.711713
0.587876
0.460988
0.339957
0.23222
0.142816
0.0740215
0.0255288
-0.00497755
-0.0210413
-0.0266493
-0.025585
-0.0210003
-0.0152161
-0.00971615
-0.00526993
-0.00211992
-0.000176422
0.000815431
0.00115439
0.00110916
0.000884388
0.000614446
0.000373438
0.000191641
7.21609e-05
4.42395e-06
-2.65781e-05
-3.49699e-05
-3.16524e-05
-2.38597e-05
-1.57038e-05
-9.04166e-06
-4.49968e-06
-9.65746e-07
1
1
1
1
1
1
1
1
1
1
1
1
1
1
1
1
1
1
1
1
1
1
1
1
1
1
1
1
1
1
1
1
1
1
1
1
0.999999
0.999995
0.999994
1
1.00002
1.00003
1.00002
0.999963
0.999887
0.99985
0.999943
1.00022
1.00062
1.00089
1.00066
0.999579
0.997643
0.995419
0.994135
0.99543
1.00076
1.01058
1.02363
1.0365
1.04384
1.03921
1.01638
0.970755
0.900591
0.807553
0.696586
0.575087
0.451608
0.334451
0.230437
0.144109
0.0774441
0.0300565
-0.000260524
-0.0168193
-0.023327
-0.0233038
-0.019698
-0.0147043
-0.00975494
-0.00562661
-0.00260472
-0.000657595
0.000412925
0.000859757
0.000920474
0.000782629
0.000574597
0.000371684
0.000209072
9.58352e-05
2.68093e-05
-8.91011e-06
-2.27851e-05
-2.42805e-05
-2.00768e-05
-1.42307e-05
-9.05128e-06
-3.89702e-06
1
1
1
1
1
1
1
1
1
1
1
1
1
1
1
1
1
1
1
1
1
1
1
1
1
1
1
1
1
1
1
1
1
1
1
1
1
0.999997
0.999993
0.999995
1.00001
1.00002
1.00003
1.00001
0.99994
0.999863
0.99985
0.999988
1.00031
1.0007
1.00089
1.0005
0.999271
0.997298
0.995277
0.994478
0.996435
1.00233
1.01225
1.02452
1.03547
1.03979
1.03136
1.00453
0.955438
0.882989
0.789297
0.679432
0.560572
0.440792
0.32777
0.227712
0.144671
0.0803353
0.0342411
0.00428632
-0.0126182
-0.0199089
-0.0208486
-0.0181822
-0.0139742
-0.00959697
-0.00582405
-0.00297408
-0.00106542
4.84924e-05
0.000577184
0.000727211
0.000667688
0.000518885
0.000355129
0.000214644
0.000111118
4.39674e-05
5.99758e-06
-1.16737e-05
-1.6985e-05
-1.58524e-05
-1.23884e-05
-7.14977e-06
1
1
1
1
1
1
1
1
1
1
1
1
1
1
1
1
1
1
1
1
1
1
1
1
1
1
1
1
1
1
1
1
1
1
1
1
1
0.999999
0.999995
0.999993
0.999999
1.00001
1.00003
1.00003
0.999989
0.999912
0.999842
0.99986
1.00005
1.0004
1.00077
1.00086
1.00033
0.998983
0.997047
0.995302
0.995008
0.997538
1.00376
1.01336
1.02431
1.03278
1.03355
1.02093
0.989896
0.93732
0.862741
0.768662
0.660214
0.54431
0.428513
0.319871
0.223983
0.144424
0.0826033
0.0379835
0.00856366
-0.00853129
-0.0164768
-0.0182859
-0.016503
-0.0130593
-0.00926089
-0.00586891
-0.00322594
-0.00139251
-0.000267968
0.000316858
0.000538412
0.000546706
0.000452365
0.000326931
0.000210009
0.000118601
5.58368e-05
1.77571e-05
-2.12969e-06
-1.02003e-05
-1.17334e-05
-9.19542e-06
1
1
1
1
1
1
1
1
1
1
1
1
1
1
1
1
1
1
1
1
1
1
1
1
1
1
1
1
1
1
1
1
1
1
1
1
1
1
0.999997
0.999993
0.999994
1
1.00002
1.00004
1.00002
0.999966
0.999882
0.999826
0.999883
1.00012
1.00049
1.00083
1.00082
1.00016
0.998746
0.996905
0.995467
0.995627
0.998544
1.00475
1.01353
1.02258
1.02799
1.02472
1.00758
0.972232
0.916255
0.839779
0.745634
0.638948
0.526322
0.414782
0.310747
0.219218
0.143314
0.084176
0.0412001
0.0124831
-0.00464507
-0.01311
-0.0156834
-0.0147139
-0.0119985
-0.00877158
-0.00577413
-0.00336404
-0.00163624
-0.000530229
8.64322e-05
0.000361585
0.000426092
0.000379931
0.000290442
0.00019718
0.000119279
6.27268e-05
2.62758e-05
5.57013e-06
-4.26574e-06
-7.99343e-06
1
1
1
1
1
1
1
1
1
1
1
1
1
1
1
1
1
1
1
1
1
1
1
1
1
1
1
1
1
1
1
1
1
1
1
1
1
1
0.999999
0.999995
0.999993
0.999997
1.00001
1.00003
1.00004
1.00001
0.999936
0.99985
0.999818
0.999922
1.0002
1.0006
1.00089
1.00078
1.00001
0.998568
0.996848
0.995686
0.996163
0.999181
1.00492
1.01233
1.01888
1.02065
1.01293
0.991044
0.951368
0.892167
0.814103
0.720261
0.615702
0.506674
0.399649
0.300422
0.213416
0.141313
0.085004
0.0438262
0.015971
-0.0010357
-0.00988122
-0.0131062
-0.012869
-0.0108333
-0.00815812
-0.00555753
-0.00339693
-0.00179836
-0.000735605
-0.000109082
0.000202458
0.000311217
0.000306007
0.000248926
0.000178319
0.0001144
6.52251e-05
3.1663e-05
1.16372e-05
-1.60744e-06
1
1
1
1
1
1
1
1
1
1
1
1
1
1
1
1
1
1
1
1
1
1
1
1
1
1
1
1
1
1
1
1
1
1
1
1
1
1
1
0.999997
0.999994
0.999994
1
1.00002
1.00004
1.00003
0.999982
0.999899
0.999822
0.999825
0.999984
1.00031
1.00072
1.00096
1.00075
0.999889
0.998424
0.996797
0.995804
0.996362
0.9991
1.00386
1.0093
1.01274
1.01037
0.997858
0.971114
0.927209
0.865057
0.785783
0.692651
0.590599
0.48548
0.383205
0.288957
0.206605
0.13842
0.0850626
0.0458181
0.0189711
0.00223399
-0.00685412
-0.0106138
-0.0110201
-0.0096057
-0.00745181
-0.00524019
-0.00333689
-0.00188423
-0.000884592
-0.000267217
6.49039e-05
0.000206235
0.000234324
0.000205352
0.000155546
0.000105337
6.39846e-05
3.49814e-05
1.08797e-05
1
1
1
1
1
1
1
1
1
1
1
1
1
1
1
1
1
1
1
1
1
1
1
1
1
1
1
1
1
1
1
1
1
1
1
1
1
1
1
0.999999
0.999995
0.999994
0.999999
1.00001
1.00003
1.00003
1.00001
0.999948
0.999861
0.999804
0.999857
1.00008
1.00046
1.00086
1.00105
1.00073
0.999761
0.998237
0.996607
0.995585
0.995897
0.997887
1.00109
1.00395
1.00371
0.996792
0.979264
0.947669
0.899748
0.835008
0.75496
0.662977
0.563811
0.462895
0.365578
0.276445
0.198845
0.134663
0.0843524
0.0471545
0.0214458
0.00511645
-0.00408077
-0.00825776
-0.00921452
-0.00835585
-0.00668423
-0.00484494
-0.00319872
-0.00190198
-0.000980338
-0.000387781
-4.89832e-05
0.00011403
0.000167805
0.000162243
0.000130826
9.32708e-05
6.10175e-05
2.83728e-05
1
1
1
1
1
1
1
1
1
1
1
1
1
1
1
1
1
1
1
1
1
1
1
1
1
1
1
1
1
1
1
1
1
1
1
1
1
1
1
0.999999
0.999997
0.999995
0.999997
1
1.00002
1.00003
1.00002
0.999983
0.999908
0.999828
0.99981
0.999928
1.00022
1.00065
1.00104
1.00113
1.00068
0.999545
0.997865
0.996057
0.994718
0.994368
0.995081
0.996137
0.995815
0.991425
0.979628
0.956995
0.920682
0.869068
0.802184
0.721848
0.631466
0.535558
0.439115
0.346927
0.26301
0.190222
0.130097
0.0828978
0.0478358
0.0233771
0.00758035
-0.00160037
-0.0060803
-0.00749312
-0.00712026
-0.00588562
-0.00439487
-0.00299853
-0.00186164
-0.00102802
-0.00047248
-0.0001387
3.62739e-05
0.000108525
0.000121625
0.000105615
8.09063e-05
4.70256e-05
1
1
1
1
1
1
1
1
1
1
1
1
1
1
1
1
1
1
1
1
1
1
1
1
1
1
1
1
1
1
1
1
1
1
1
1
1
1
1
1
0.999999
0.999997
0.999997
1
1.00001
1.00002
1.00003
1
0.999947
0.99987
0.999816
0.999855
1.00005
1.00042
1.00087
1.00122
1.00118
1.00051
0.999103
0.997097
0.994849
0.992824
0.991329
0.990198
0.988517
0.984491
0.975552
0.958694
0.930998
0.890228
0.835345
0.766828
0.686721
0.598397
0.506101
0.414367
0.327441
0.248801
0.180847
0.124796
0.0807451
0.0478831
0.0247655
0.00961047
0.000561227
-0.00411312
-0.00588926
-0.00593053
-0.00508345
-0.00391209
-0.00275272
-0.00177427
-0.00103423
-0.000524475
-0.000205068
-2.64518e-05
5.77774e-05
8.47482e-05
8.26129e-05
6.01172e-05
1
1
1
1
1
1
1
1
1
1
1
1
1
1
1
1
1
1
1
1
1
1
1
1
1
1
1
1
1
1
1
1
1
1
1
1
1
1
1
1
0.999999
0.999998
0.999998
1
1.00001
1.00002
1.00002
1.00001
0.999971
0.999909
0.999847
0.99984
0.999956
1.00024
1.00067
1.00111
1.00135
1.00108
1.00007
0.998225
0.995645
0.99262
0.989469
0.986304
0.982762
0.977798
0.969628
0.955873
0.933907
0.901331
0.856482
0.79884
0.729252
0.649909
0.56409
0.475729
0.388902
0.30733
0.233984
0.17085
0.118856
0.0779596
0.0473355
0.0256282
0.0112068
0.00239123
-0.00237727
-0.00442812
-0.00481249
-0.00430157
-0.00341676
-0.00247704
-0.00165117
-0.00100628
-0.000547926
-0.000249926
-7.44496e-05
1.6001e-05
5.3201e-05
5.88217e-05
1
1
1
1
1
1
1
1
1
1
1
1
1
1
1
1
1
1
1
1
1
1
1
1
1
1
1
1
1
1
1
1
1
1
1
1
1
1
1
0.999999
0.999999
0.999999
1
1
1
1.00001
1.00001
1.00001
0.999983
0.999937
0.999883
0.999859
0.999921
1.00013
1.00049
1.00094
1.00132
1.00134
1.0007
0.999171
0.996632
0.993159
0.988951
0.984189
0.978817
0.972328
0.963615
0.950974
0.932276
0.9053
0.868158
0.819713
0.759891
0.689827
0.611784
0.528893
0.444754
0.362989
0.286816
0.218742
0.160373
0.112388
0.0746213
0.0462473
0.0259972
0.012383
0.00388894
-0.0008836
-0.00312669
-0.00378577
-0.00355949
-0.00292639
-0.00218585
-0.00150322
-0.000951762
-0.000547563
-0.000275834
-0.000108636
-1.7665e-05
3.39575e-05
1
1
1
1
1
1
1
1
1
1
1
1
1
1
1
1
1
1
1
1
1
1
1
1
1
1
1
1
1
1
1
1
1
1
1
1
1
1
0.999999
0.999999
0.999999
1
1
1
1
1.00001
1.00001
1
0.999985
0.999953
0.999913
0.999889
0.999924
1.00007
1.00036
1.00078
1.00119
1.00137
1.00103
0.99983
0.997521
0.993978
0.98923
0.98339
0.976515
0.968423
0.958515
0.945691
0.928388
0.904766
0.873022
0.831748
0.780276
0.718905
0.648972
0.572749
0.493174
0.4135
0.336901
0.266128
0.20326
0.149568
0.105509
0.0708209
0.0446841
0.0259165
0.0131641
0.00506432
0.000366446
-0.00199414
-0.00286386
-0.00287221
-0.00245538
-0.00189169
-0.00134041
-0.000877979
-0.000528362
-0.000285329
-0.000133578
-2.1452e-05
1
1
1
1
1
1
1
1
1
1
1
1
1
1
1
1
1
1
1
1
1
1
1
1
1
1
1
1
1
1
1
1
1
1
1
1
1
1
0.999999
0.999999
0.999999
1
1
1
1
1.00001
1
0.999996
0.999982
0.999959
0.999933
0.999918
0.999946
1.00006
1.00029
1.00065
1.00104
1.00129
1.00113
1.00021
0.998183
0.994783
0.989867
0.98342
0.975478
0.966006
0.954733
0.94103
0.92386
0.901849
0.873471
0.83733
0.792461
0.738599
0.676334
0.607137
0.533223
0.457308
0.382288
0.310911
0.245493
0.187727
0.138587
0.0983433
0.0666554
0.0427195
0.0254384
0.0135843
0.00593616
0.00137952
-0.00103256
-0.00205441
-0.00225022
-0.00201493
-0.00160493
-0.00117145
-0.000791791
-0.000494287
-0.000287452
-0.00010923
1
1
1
1
1
1
1
1
1
1
1
1
1
1
1
1
1
1
1
1
1
1
1
1
1
1
1
1
1
1
1
1
1
1
1
1
1
1
0.999999
0.999999
0.999999
1
1
1
1.00001
1.00001
1
0.999991
0.999977
0.999959
0.999942
0.999939
0.999971
1.00007
1.00027
1.00057
1.00091
1.00117
1.0011
1.00037
0.998597
0.995422
0.990566
0.983869
0.97528
0.964781
0.952272
0.937444
0.919688
0.898078
0.871461
0.838634
0.798584
0.750738
0.695163
0.632668
0.564784
0.493626
0.421661
0.351431
0.28528
0.225127
0.172321
0.127579
0.0910129
0.0622238
0.0404312
0.0246213
0.0136844
0.00653008
0.00216892
-0.000237999
-0.00135991
-0.0016998
-0.00161299
-0.00133367
-0.00100378
-0.000697842
-0.000458729
-0.000223315
1
1
1
1
1
1
1
1
1
1
1
1
1
1
1
1
1
1
1
1
1
1
1
1
1
1
1
1
1
1
1
1
1
1
1
1
1
1
0.999999
0.999999
0.999999
1
1
1
1.00001
1.00001
1
0.999989
0.999973
0.999956
0.999945
0.999951
0.999992
1.00009
1.00027
1.00053
1.00083
1.00106
1.00101
1.00039
0.998805
0.995852
0.99116
0.984446
0.975544
0.964383
0.950913
0.935007
0.916359
0.894424
0.868426
0.83745
0.800606
0.757228
0.707079
0.650488
0.58841
0.52238
0.45437
0.386585
0.321223
0.260252
0.205233
0.157211
0.116684
0.0836355
0.0576234
0.0378979
0.0235262
0.0135093
0.00687653
0.00275301
0.000398389
-0.000778409
-0.0012235
-0.00125454
-0.00108403
-0.000841483
-0.000612545
-0.000347891
1
1
1
1
1
1
1
1
1
1
1
1
1
1
1
1
1
1
1
1
1
1
1
1
1
1
1
1
1
1
1
1
1
1
1
1
1
1
0.999999
0.999999
0.999999
1
1
1.00001
1.00001
1.00001
1
0.999987
0.99997
0.999952
0.999944
0.999957
1.00001
1.00011
1.00028
1.00052
1.00078
1.00097
1.00092
1.00034
0.998869
0.996094
0.991588
0.984978
0.975993
0.964474
0.950349
0.933565
0.914003
0.891397
0.865302
0.835112
0.800153
0.759826
0.713772
0.662026
0.605111
0.544063
0.480372
0.41584
0.352403
0.29193
0.236046
0.185991
0.142549
0.106032
0.0763204
0.0529466
0.0351958
0.0222141
0.0131053
0.00700887
0.00315368
0.000889161
-0.000304416
-0.000820666
-0.000942215
-0.000858022
-0.000701315
-0.00045694
1
1
1
1
1
1
1
1
1
1
1
1
1
1
1
1
1
1
1
1
1
1
1
1
1
1
1
1
1
1
1
1
1
1
1
1
1
1
0.999999
0.999999
0.999999
0.999999
1
1.00001
1.00001
1.00001
1
0.999987
0.999968
0.999949
0.999941
0.999957
1.00001
1.00012
1.0003
1.00052
1.00076
1.00092
1.00083
1.00026
0.99885
0.996196
0.99185
0.985386
0.976449
0.964793
0.950285
0.932875
0.912531
0.889174
0.862609
0.832512
0.798457
0.760002
0.716808
0.668772
0.61614
0.559565
0.500113
0.439183
0.378391
0.319405
0.263788
0.212852
0.167558
0.128466
0.0957347
0.0691657
0.0482779
0.0323966
0.0207438
0.0125189
0.00696154
0.00339485
0.0012494
7.02656e-05
-0.000488409
-0.000674481
-0.000668752
-0.000515504
1
1
1
1
1
1
1
1
1
1
1
1
1
1
1
1
1
1
1
1
1
1
1
1
1
1
1
1
1
1
1
1
1
1
1
1
1
1
0.999999
0.999999
0.999999
0.999999
1
1.00001
1.00001
1.00001
1
0.999987
0.999967
0.999947
0.999938
0.999956
1.00002
1.00013
1.00031
1.00053
1.00076
1.00089
1.00078
1.00019
0.998796
0.996209
0.99198
0.985655
0.976823
0.965166
0.95048
0.932678
0.911751
0.887717
0.860556
0.830167
0.796359
0.758883
0.717507
0.672115
0.622807
0.569982
0.514369
0.457012
0.399195
0.342334
0.28784
0.236993
0.190828
0.150063
0.115072
0.0858885
0.0622563
0.0436924
0.0295654
0.0191702
0.0117944
0.00676863
0.00350119
0.00149566
0.000355448
-0.000220676
-0.000455833
-0.000482641
1
1
1
1
1
1
1
1
1
1
1
1
1
1
1
1
1
1
1
1
1
1
1
1
1
1
1
1
1
1
1
1
1
1
1
1
1
1
0.999999
0.999999
0.999999
0.999999
1
1
1.00001
1.00001
1
0.999988
0.999967
0.999946
0.999936
0.999954
1.00002
1.00014
1.00032
1.00055
1.00076
1.00088
1.00075
1.00013
0.998736
0.996178
0.992021
0.985804
0.977087
0.965496
0.950767
0.93276
0.911448
0.886886
0.859154
0.828313
0.794365
0.757253
0.716892
0.673231
0.626335
0.576458
0.524096
0.470006
0.415172
0.360744
0.307934
0.257914
0.211704
0.170098
0.133609
0.102454
0.0765706
0.0556623
0.039254
0.0267594
0.0175427
0.0109727
0.0064626
0.003497
0.00164503
0.000561841
-7.82221e-06
-0.000315713
1
1
1
1
1
1
1
1
1
1
1
1
1
1
1
1
1
1
1
1
1
1
1
1
1
1
1
1
1
1
1
1
1
1
1
1
1
1
0.999999
0.999999
0.999999
0.999999
1
1
1.00001
1.00001
1
0.999988
0.999967
0.999946
0.999935
0.999952
1.00002
1.00014
1.00033
1.00055
1.00077
1.00088
1.00073
1.0001
0.998686
0.996132
0.992013
0.985868
0.977246
0.965743
0.951046
0.932963
0.911431
0.886502
0.858305
0.826998
0.792727
0.755601
0.715687
0.673044
0.627769
0.580065
0.53029
0.478991
0.426911
0.374951
0.324111
0.275407
0.229785
0.188039
0.150752
0.118267
0.0906744
0.0678394
0.0494393
0.0350152
0.0240269
0.0159044
0.0100907
0.00607336
0.00340572
0.00171192
0.000718739
2.46213e-05
1
1
1
1
1
1
1
1
1
1
1
1
1
1
1
1
1
1
1
1
1
1
1
1
1
1
1
1
1
1
1
1
1
1
1
1
1
1
0.999999
0.999999
0.999999
0.999999
1
1
1.00001
1.00001
1
0.999988
0.999968
0.999946
0.999934
0.999951
1.00001
1.00014
1.00033
1.00056
1.00078
1.00089
1.00073
1.00008
0.998651
0.996089
0.991982
0.985879
0.977326
0.965904
0.951269
0.933187
0.911556
0.886403
0.857868
0.82616
0.791522
0.754186
0.714358
0.672215
0.627933
0.581723
0.533883
0.484831
0.435127
0.385467
0.33665
0.289522
0.244914
0.203567
0.166075
0.132848
0.104083
0.0797752
0.0597351
0.0436279
0.0310166
0.0214073
0.0142917
0.00918027
0.0056284
0.00324324
0.00175018
0.000569475
1
1
1
1
1
1
1
1
1
1
1
1
1
1
1
1
1
1
1
1
1
1
1
1
1
1
1
1
1
1
1
1
1
1
1
1
1
1
0.999999
0.999999
0.999999
0.999999
1
1
1.00001
1.00001
1
0.999989
0.999968
0.999946
0.999934
0.99995
1.00001
1.00014
1.00033
1.00056
1.00079
1.0009
1.00073
1.00007
0.99863
0.996057
0.991948
0.985863
0.977354
0.965994
0.951424
0.93338
0.911725
0.886458
0.857704
0.825694
0.790721
0.753107
0.713165
0.671183
0.627429
0.582165
0.535682
0.488334
0.440562
0.392905
0.345992
0.300507
0.257147
0.216566
0.179328
0.145856
0.116411
0.0910775
0.069776
0.0522807
0.038255
0.0272877
0.0189312
0.012734
0.00826969
0.00514189
0.00309189
0.00133763
1
1
1
1
1
1
1
1
1
1
1
1
1
1
1
1
1
1
1
1
1
1
1
1
1
1
1
1
1
1
1
1
1
1
1
1
1
1
0.999999
0.999999
0.999999
0.999999
1
1
1.00001
1.00001
1
0.999989
0.999968
0.999946
0.999934
0.999949
1.00001
1.00014
1.00033
1.00057
1.00079
1.0009
1.00074
1.00007
0.99862
0.996035
0.991919
0.985838
0.977351
0.966034
0.951518
0.933523
0.911886
0.886576
0.8577
0.825484
0.790246
0.752361
0.712219
0.670202
0.626663
0.581933
0.536333
0.490201
0.443913
0.397902
0.352663
0.30874
0.2667
0.227096
0.190427
0.157097
0.127387
0.101438
0.079247
0.060678
0.0454839
0.0333344
0.0238477
0.0166203
0.0112561
0.00736722
0.00472702
0.00233285
1
1
1
1
1
1
1
1
1
1
1
1
1
1
1
1
1
1
1
1
1
1
1
1
1
1
1
1
1
1
1
1
1
1
1
1
1
1
0.999999
0.999999
0.999999
0.999999
1
1
1.00001
1.00001
1
0.999989
0.999968
0.999946
0.999934
0.999949
1.00001
1.00014
1.00033
1.00057
1.00079
1.00091
1.00074
1.00007
0.998617
0.996024
0.991898
0.985815
0.977336
0.966043
0.951566
0.933616
0.912012
0.886703
0.857771
0.825431
0.790006
0.751896
0.711542
0.669392
0.625878
0.581398
0.536322
0.491001
0.445789
0.401057
0.357206
0.314669
0.273899
0.235346
0.199431
0.166513
0.136864
0.110645
0.0879036
0.0685684
0.0524658
0.0393384
0.0288688
0.0207058
0.0144916
0.00985587
0.00661787
0.00354301
1
1
1
1
1
1
1
1
1
1
1
1
1
1
1
1
1
1
1
1
1
1
1
1
1
1
1
1
1
1
1
1
1
1
1
1
1
1
0.999999
0.999999
0.999999
0.999999
1
1
1.00001
1.00001
1
0.999989
0.999968
0.999946
0.999934
0.999949
1.00001
1.00014
1.00033
1.00056
1.00079
1.00091
1.00074
1.00008
0.998618
0.996019
0.991886
0.985796
0.977317
0.966036
0.951584
0.933669
0.9121
0.88681
0.857865
0.825461
0.789917
0.75164
0.7111
0.668791
0.625201
0.580791
0.535983
0.491161
0.446683
0.402892
0.360132
0.318756
0.279123
0.241593
0.206506
0.174163
0.144803
0.118587
0.0955819
0.0757598
0.0590019
0.0451105
0.0338268
0.0248508
0.0178669
0.0125281
0.00870953
0.00494107
1
1
1
1
1
1
1
1
1
1
1
1
1
1
1
1
1
1
1
1
1
1
1
1
1
1
1
1
1
1
1
1
1
1
1
1
1
1
0.999999
0.999999
0.999999
0.999999
1
1
1.00001
1.00001
1
0.999989
0.999968
0.999946
0.999934
0.999949
1.00001
1.00014
1.00033
1.00056
1.00079
1.00091
1.00075
1.00008
0.99862
0.996018
0.99188
0.985784
0.977302
0.966023
0.951584
0.933693
0.912153
0.886889
0.857952
0.825525
0.789914
0.751526
0.710842
0.668384
0.62468
0.58024
0.535534
0.490985
0.446972
0.403835
0.361888
0.321434
0.282762
0.246157
0.211886
0.180188
0.15126
0.12524
0.102198
0.0821262
0.0649423
0.0504942
0.0385719
0.0289218
0.0212699
0.0152954
0.0109353
0.00648765
1
1
1
1
1
1
1
1
1
1
1
1
1
1
1
1
1
1
1
1
1
1
1
1
1
1
1
1
1
1
1
1
1
1
1
1
1
1
0.999999
0.999999
0.999999
0.999999
1
1
1.00001
1.00001
1
0.999989
0.999968
0.999946
0.999934
0.999949
1.00001
1.00013
1.00033
1.00056
1.00079
1.00091
1.00075
1.00008
0.998622
0.996018
0.991877
0.985777
0.97729
0.966011
0.951577
0.933699
0.912181
0.886941
0.85802
0.825592
0.789951
0.751497
0.710712
0.668134
0.624314
0.579799
0.535097
0.490671
0.446926
0.404214
0.362842
0.323083
0.285183
0.249367
0.215842
0.184789
0.156359
0.130657
0.10774
0.0876059
0.0701908
0.0553737
0.0429818
0.0328008
0.0245946
0.0180682
0.0132228
0.00813471
1
1
1
1
1
1
1
1
1
1
1
1
1
1
1
1
1
1
1
1
1
1
1
1
1
1
1
1
1
1
1
1
1
1
1
1
1
1
0.999999
0.999999
0.999999
0.999999
1
1
1.00001
1.00001
1
0.999989
0.999968
0.999946
0.999935
0.99995
1.00001
1.00013
1.00033
1.00056
1.00079
1.00091
1.00075
1.00008
0.998624
0.99602
0.991877
0.985773
0.977283
0.966001
0.951568
0.933697
0.912192
0.88697
0.858068
0.825649
0.789999
0.751511
0.710664
0.667997
0.624079
0.579477
0.534732
0.490337
0.446724
0.404267
0.363278
0.324018
0.286707
0.25153
0.218647
0.188191
0.160265
0.134942
0.112256
0.0921955
0.0747037
0.0596769
0.0469683
0.0363936
0.0277495
0.0207641
0.0155008
0.00983054
1
1
1
1
1
1
1
1
1
1
1
1
1
1
1
1
1
1
1
1
1
1
1
1
1
1
1
1
1
1
1
1
1
1
1
1
1
1
0.999999
0.999999
0.999999
0.999999
1
1
1.00001
1.00001
1
0.999989
0.999968
0.999946
0.999935
0.99995
1.00001
1.00013
1.00033
1.00056
1.00079
1.00091
1.00075
1.00008
0.998625
0.996022
0.991878
0.985772
0.977279
0.965994
0.95156
0.933691
0.912194
0.886984
0.858097
0.825691
0.790045
0.751543
0.71066
0.667935
0.623943
0.579263
0.534457
0.490042
0.446478
0.404158
0.363406
0.324484
0.287601
0.252918
0.220559
0.190621
0.163167
0.138235
0.115833
0.0959354
0.07848
0.0633699
0.050474
0.0396295
0.0306585
0.0233084
0.0177002
0.0115202
1
1
1
1
1
1
1
1
1
1
1
1
1
1
1
1
1
1
1
1
1
1
1
1
1
1
1
1
1
1
1
1
1
1
1
1
1
1
0.999999
0.999999
0.999999
0.999999
1
1
1.00001
1.00001
1
0.999989
0.999968
0.999946
0.999935
0.99995
1.00001
1.00014
1.00033
1.00056
1.00079
1.00091
1.00075
1.00008
0.998626
0.996023
0.991879
0.985772
0.977278
0.96599
0.951554
0.933685
0.912191
0.886989
0.858113
0.825719
0.79008
0.751577
0.710678
0.667918
0.623874
0.579132
0.534266
0.489811
0.446247
0.403986
0.363367
0.324662
0.288075
0.253756
0.221808
0.192299
0.165261
0.140702
0.118602
0.0989179
0.081576
0.0664782
0.0534998
0.0424913
0.0332934
0.0256682
0.0197876
0.0131752
1
1
1
1
1
1
1
1
1
1
1
1
1
1
1
1
1
1
1
1
1
1
1
1
1
1
1
1
1
1
1
1
1
1
1
1
1
1
0.999999
0.999999
0.999999
0.999999
1
1
1.00001
1.00001
1
0.999989
0.999968
0.999946
0.999935
0.99995
1.00001
1.00014
1.00033
1.00056
1.00079
1.00091
1.00075
1.00008
0.998626
0.996023
0.99188
0.985773
0.977277
0.965988
0.951551
0.93368
0.912187
0.886989
0.858119
0.825734
0.790104
0.751605
0.710701
0.667923
0.623847
0.579061
0.534147
0.48965
0.446064
0.403818
0.363264
0.324684
0.288286
0.254215
0.222563
0.193378
0.166672
0.142427
0.120601
0.101132
0.0839325
0.0688995
0.0559086
0.044817
0.0354773
0.0276615
0.0215828
0.014633
1
1
1
1
1
1
1
1
1
1
1
1
1
1
1
1
1
1
1
1
1
1
1
1
1
1
1
1
1
1
1
1
1
1
1
1
1
1
0.999999
0.999999
0.999999
0.999999
1
1
1.00001
1.00001
1
0.999989
0.999968
0.999946
0.999935
0.99995
1.00001
1.00014
1.00033
1.00056
1.00079
1.00091
1.00075
1.00008
0.998626
0.996024
0.991881
0.985774
0.977278
0.965987
0.951548
0.933676
0.912182
0.886985
0.858121
0.825744
0.790124
0.751632
0.71073
0.667944
0.623845
0.579022
0.534059
0.489511
0.445883
0.403621
0.363093
0.324594
0.288344
0.254489
0.223118
0.194265
0.16792
0.144044
0.122567
0.103402
0.0864442
0.0715743
0.0586617
0.0475637
0.0381406
0.0301707
0.0239125
0.0166079
)
;

boundaryField
{
    upperWall
    {
        type            zeroGradient;
    }
    outlet
    {
        type            zeroGradient;
    }
    inlet
    {
        type            fixedValue;
        value           uniform 1;
    }
    lowerWall
    {
        type            fixedValue;
        value           uniform 0;
    }
    frontAndBack
    {
        type            empty;
    }
}


// ************************************************************************* //
