/*--------------------------------*- C++ -*----------------------------------*\
  =========                 |
  \\      /  F ield         | OpenFOAM: The Open Source CFD Toolbox
   \\    /   O peration     | Website:  https://openfoam.org
    \\  /    A nd           | Version:  7
     \\/     M anipulation  |
\*---------------------------------------------------------------------------*/
FoamFile
{
    version     2.0;
    format      ascii;
    class       vectorField;
    location    "constant/polyMesh";
    object      points;
}
// * * * * * * * * * * * * * * * * * * * * * * * * * * * * * * * * * * * * * //


2713
(
(10 70.1714 37)
(36 70.1714 37)
(36 75 29.3182)
(24 75 29.3182)
(10 62 50)
(36 13.8286 37)
(10 13.8286 37)
(10 22 50)
(24 9 29.3182)
(36 9 29.3182)
(24 0 15)
(24 0 0)
(24 9 0)
(36 9 0)
(36 27 0)
(36 27 18)
(36 57 18)
(36 57 0)
(36 75 0)
(24 75 0)
(24 84 15)
(24 84 0)
(0 62 50)
(0 22 50)
(0 -1.77636e-15 15)
(0 0 0)
(0 27 0)
(0 27 18)
(0 57 18)
(0 57 0)
(0 84 0)
(0 84 15)
(10 17.1429 37)
(10 20.4571 37)
(10 23.7714 37)
(10 27.0857 37)
(10 30.4 37)
(10 33.7143 37)
(10 37.0286 37)
(10 40.3429 37)
(10 43.6571 37)
(10 46.9714 37)
(10 50.2857 37)
(10 53.6 37)
(10 56.9143 37)
(10 60.2286 37)
(10 63.5429 37)
(10 66.8571 37)
(32.75 13.8286 37)
(29.5 13.8286 37)
(26.25 13.8286 37)
(23 13.8286 37)
(19.75 13.8286 37)
(16.5 13.8286 37)
(13.25 13.8286 37)
(36 17.1429 37)
(36 20.4571 37)
(36 23.7714 37)
(36 27.0857 37)
(36 30.4 37)
(36 33.7143 37)
(36 37.0286 37)
(36 40.3429 37)
(36 43.6571 37)
(36 46.9714 37)
(36 50.2857 37)
(36 53.6 37)
(36 56.9143 37)
(36 60.2286 37)
(36 63.5429 37)
(36 66.8571 37)
(13.25 70.1714 37)
(16.5 70.1714 37)
(19.75 70.1714 37)
(23 70.1714 37)
(26.25 70.1714 37)
(29.5 70.1714 37)
(32.75 70.1714 37)
(10 25.3333 50)
(10 28.6667 50)
(10 32 50)
(10 35.3333 50)
(10 38.6667 50)
(10 42 50)
(10 45.3333 50)
(10 48.6667 50)
(10 52 50)
(10 55.3333 50)
(10 58.6667 50)
(10 15.4629 39.6)
(10 17.0971 42.2)
(10 18.7314 44.8)
(10 20.3657 47.4)
(10 63.6343 47.4)
(10 65.2686 44.8)
(10 66.9029 42.2)
(10 68.5371 39.6)
(24 0 3)
(24 0 6)
(24 0 9)
(24 0 12)
(24 1.8 17.8636)
(24 3.6 20.7273)
(24 5.4 23.5909)
(24 7.2 26.4545)
(24 9 3.25758)
(24 9 6.51515)
(24 9 9.77273)
(24 9 13.0303)
(24 9 16.2879)
(24 9 19.5455)
(24 9 22.803)
(24 9 26.0606)
(24 3 0)
(24 6 0)
(36 9 3.25758)
(36 9 6.51515)
(36 9 9.77273)
(36 9 13.0303)
(36 9 16.2879)
(36 9 19.5455)
(36 9 22.803)
(36 9 26.0606)
(33 9 29.3182)
(30 9 29.3182)
(27 9 29.3182)
(27 9 0)
(30 9 0)
(33 9 0)
(36 57 3)
(36 57 6)
(36 57 9)
(36 57 12)
(36 57 15)
(36 30.3333 18)
(36 33.6667 18)
(36 37 18)
(36 40.3333 18)
(36 43.6667 18)
(36 47 18)
(36 50.3333 18)
(36 53.6667 18)
(36 27 3)
(36 27 6)
(36 27 9)
(36 27 12)
(36 27 15)
(36 12 0)
(36 15 0)
(36 18 0)
(36 21 0)
(36 24 0)
(36 10.6095 31.8788)
(36 12.219 34.4394)
(36 71.781 34.4394)
(36 73.3905 31.8788)
(36 75 3.25758)
(36 75 6.51515)
(36 75 9.77273)
(36 75 13.0303)
(36 75 16.2879)
(36 75 19.5455)
(36 75 22.803)
(36 75 26.0606)
(36 60 0)
(36 63 0)
(36 66 0)
(36 69 0)
(36 72 0)
(33 75 29.3182)
(30 75 29.3182)
(27 75 29.3182)
(24 75 3.25758)
(24 75 6.51515)
(24 75 9.77273)
(24 75 13.0303)
(24 75 16.2879)
(24 75 19.5455)
(24 75 22.803)
(24 75 26.0606)
(27 75 0)
(30 75 0)
(33 75 0)
(24 76.8 26.4545)
(24 78.6 23.5909)
(24 80.4 20.7273)
(24 82.2 17.8636)
(24 84 3)
(24 84 6)
(24 84 9)
(24 84 12)
(24 78 0)
(24 81 0)
(3.33333 62 50)
(6.66667 62 50)
(0 63.6923 47.3077)
(0 65.3846 44.6154)
(0 67.0769 41.9231)
(0 68.7692 39.2308)
(0 70.4615 36.5385)
(0 72.1538 33.8462)
(0 73.8462 31.1538)
(0 75.5385 28.4615)
(0 77.2308 25.7692)
(0 78.9231 23.0769)
(0 80.6154 20.3846)
(0 82.3077 17.6923)
(3.42857 84 15)
(6.85714 84 15)
(10.2857 84 15)
(13.7143 84 15)
(17.1429 84 15)
(20.5714 84 15)
(0 25.3333 50)
(0 28.6667 50)
(0 32 50)
(0 35.3333 50)
(0 38.6667 50)
(0 42 50)
(0 45.3333 50)
(0 48.6667 50)
(0 52 50)
(0 55.3333 50)
(0 58.6667 50)
(3.33333 22 50)
(6.66667 22 50)
(3.42857 0 15)
(6.85714 0 15)
(10.2857 0 15)
(13.7143 0 15)
(17.1429 0 15)
(20.5714 0 15)
(0 1.69231 17.6923)
(0 3.38462 20.3846)
(0 5.07692 23.0769)
(0 6.76923 25.7692)
(0 8.46154 28.4615)
(0 10.1538 31.1538)
(0 11.8462 33.8462)
(0 13.5385 36.5385)
(0 15.2308 39.2308)
(0 16.9231 41.9231)
(0 18.6154 44.6154)
(0 20.3077 47.3077)
(0 0 3)
(0 0 6)
(0 0 9)
(0 0 12)
(3.42857 0 0)
(6.85714 0 0)
(10.2857 0 0)
(13.7143 0 0)
(17.1429 0 0)
(20.5714 0 0)
(0 3.375 0)
(0 6.75 0)
(0 10.125 0)
(0 13.5 0)
(0 16.875 0)
(0 20.25 0)
(0 23.625 0)
(3.27273 27 0)
(6.54545 27 0)
(9.81818 27 0)
(13.0909 27 0)
(16.3636 27 0)
(19.6364 27 0)
(22.9091 27 0)
(26.1818 27 0)
(29.4545 27 0)
(32.7273 27 0)
(0 27 3)
(0 27 6)
(0 27 9)
(0 27 12)
(0 27 15)
(3.27273 27 18)
(6.54545 27 18)
(9.81818 27 18)
(13.0909 27 18)
(16.3636 27 18)
(19.6364 27 18)
(22.9091 27 18)
(26.1818 27 18)
(29.4545 27 18)
(32.7273 27 18)
(0 30.3333 18)
(0 33.6667 18)
(0 37 18)
(0 40.3333 18)
(0 43.6667 18)
(0 47 18)
(0 50.3333 18)
(0 53.6667 18)
(3.27273 57 18)
(6.54545 57 18)
(9.81818 57 18)
(13.0909 57 18)
(16.3636 57 18)
(19.6364 57 18)
(22.9091 57 18)
(26.1818 57 18)
(29.4545 57 18)
(32.7273 57 18)
(3.27273 57 0)
(6.54545 57 0)
(9.81818 57 0)
(13.0909 57 0)
(16.3636 57 0)
(19.6364 57 0)
(22.9091 57 0)
(26.1818 57 0)
(29.4545 57 0)
(32.7273 57 0)
(0 57 3)
(0 57 6)
(0 57 9)
(0 57 12)
(0 57 15)
(0 60.375 0)
(0 63.75 0)
(0 67.125 0)
(0 70.5 0)
(0 73.875 0)
(0 77.25 0)
(0 80.625 0)
(3.42857 84 0)
(6.85714 84 0)
(10.2857 84 0)
(13.7143 84 0)
(17.1429 84 0)
(20.5714 84 0)
(0 84 3)
(0 84 6)
(0 84 9)
(0 84 12)
(12.3001 19.2312 37)
(12.7562 22.1232 37)
(12.724 25.4456 37)
(12.7004 28.7867 37)
(12.7502 32.0942 37)
(12.8397 35.3892 37)
(12.8899 38.6745 37)
(12.8648 41.9639 37)
(12.8397 45.267 37)
(12.8783 48.559 37)
(12.949 51.8354 37)
(12.9597 55.078 37)
(12.8555 58.2667 37)
(12.6952 61.3907 37)
(12.6502 64.4655 37)
(12.8123 67.4215 37)
(31.6467 16.3924 37)
(28.4254 16.8785 37)
(24.9259 16.7667 37)
(21.4597 16.6412 37)
(18.156 16.6407 37)
(15.3048 16.1613 37)
(33.3356 22.4373 37)
(33.2639 28.764 37)
(33.1587 35.3667 37)
(33.1292 42.0228 37)
(33.1593 48.6426 37)
(33.1951 55.274 37)
(32.8591 62.1559 37)
(15.7663 67.7998 37)
(18.7486 68.0457 37)
(21.8149 67.9761 37)
(24.8888 67.5783 37)
(28.1862 67.1168 37)
(32.127 66.2441 37)
(33.1425 38.6923 37)
(33.2007 32.0634 37)
(33.2146 25.4534 37)
(31.6631 19.5921 37)
(33.1287 45.3379 37)
(33.196 51.9502 37)
(33.1121 58.6448 37)
(12.7021 16.5806 37)
(30.362 50.3169 37)
(15.4983 23.747 37)
(15.3613 27.1997 37)
(15.4186 30.4818 37)
(15.5864 33.7213 37)
(15.802 37.0182 37)
(15.8095 40.2923 37)
(15.6581 43.5925 37)
(15.6804 46.8513 37)
(15.8337 50.0866 37)
(16.0114 53.3576 37)
(15.9461 56.5661 37)
(15.6332 59.6376 37)
(15.2942 62.4931 37)
(15.3173 65.2595 37)
(30.2765 40.3756 37)
(27.1454 20.107 37)
(23.1955 19.3346 37)
(19.7149 19.4698 37)
(15.6658 19.5987 37)
(30.3221 33.6762 37)
(30.6338 27.1197 37)
(30.1395 23.3404 37)
(30.4582 30.4019 37)
(30.3844 56.893 37)
(30.2646 47.0297 37)
(30.4288 53.5958 37)
(29.5358 63.7041 37)
(30.3021 37.0065 37)
(18.0892 65.7546 37)
(20.5906 66.0463 37)
(23.2021 65.2882 37)
(30.2305 43.7191 37)
(30.1334 60.2417 37)
(26.2362 64.6129 37)
(23.9295 62.4501 37)
(18.0052 28.9862 37)
(18.2458 32.002 37)
(18.4916 35.211 37)
(19.1076 38.6341 37)
(18.4981 42.0243 37)
(18.3719 45.2079 37)
(18.6229 48.2867 37)
(18.8901 51.4853 37)
(19.3779 54.976 37)
(18.7704 58.3128 37)
(18.2901 61.1785 37)
(17.5889 63.5833 37)
(24.4654 21.8503 37)
(27.3404 42.0941 37)
(21.6277 22.0454 37)
(18.4786 22.5341 37)
(27.0614 61.4998 37)
(28.2041 25.8612 37)
(17.9694 25.7636 37)
(27.4603 31.9235 37)
(27.528 58.3433 37)
(20.5844 63.4275 37)
(27.8535 28.7289 37)
(27.4477 48.7653 37)
(27.2677 45.4473 37)
(27.6273 51.9801 37)
(26.6123 23.6214 37)
(27.6977 55.169 37)
(27.4907 38.6784 37)
(27.4031 35.2566 37)
(20.8242 33.3514 37)
(21.6222 36.0227 37)
(21.6001 41.2133 37)
(20.8053 43.7614 37)
(21.3675 46.4281 37)
(21.6587 49.4393 37)
(21.9769 52.4309 37)
(21.93 57.5968 37)
(21.4114 60.4545 37)
(25.5947 26.6754 37)
(24.4307 47.3744 37)
(24.5485 59.5117 37)
(24.0203 43.8326 37)
(23.632 24.4555 37)
(24.1133 33.3837 37)
(24.6968 40.3347 37)
(24.6951 50.5659 37)
(20.7808 24.8734 37)
(20.1821 27.525 37)
(24.9708 56.6016 37)
(24.8185 29.8384 37)
(21.3434 30.3736 37)
(24.7224 36.9802 37)
(22.3492 38.6421 37)
(22.6053 55.0499 37)
(22.806 27.351 37)
(24.9886 53.5808 37)
(10 23.6777 47.4018)
(10 26.9993 47.3914)
(10 30.3462 47.3337)
(10 33.7687 47.0914)
(10 37.1607 46.8944)
(10 40.4912 47.0507)
(10 43.7832 47.2678)
(10 47.1054 47.3303)
(10 50.482 47.0981)
(10 53.8344 46.8937)
(10 57.1448 47.0482)
(10 60.4096 47.2764)
(10 18.7719 39.5996)
(10 20.4 42.2011)
(10 22.0329 44.8024)
(10 25.3589 39.5917)
(10 31.8008 39.5367)
(10 38.2421 40.3311)
(10 45.3295 39.6377)
(10 51.6883 39.8743)
(10 58.4407 40.5604)
(10 65.2834 39.5925)
(10 62.2 44.7859)
(10 48.4913 39.536)
(10 35.0356 39.8966)
(10 28.6069 39.5693)
(10 22.0741 39.5987)
(10 41.7876 40.5648)
(10 54.8785 40.3205)
(10 62.0239 39.6574)
(10 63.8344 42.203)
(10 25.33 44.8005)
(10 28.6166 44.7702)
(10 31.9284 44.6262)
(10 35.5949 43.618)
(10 39.2066 43.7858)
(10 42.3705 44.3506)
(10 45.5641 44.7557)
(10 48.7265 44.6266)
(10 52.2921 43.5991)
(10 55.8594 43.7812)
(10 59.03 44.337)
(10 23.6902 42.2002)
(10 30.1028 42.1356)
(10 49.7241 42.0039)
(10 61.0293 42.2805)
(10 44.3219 42.2751)
(10 26.9456 42.1866)
(10 47.0216 42.1482)
(10 32.9747 42.007)
(24 3.10809 3.59574)
(24 3.05995 7.03429)
(24 3.07094 10.3839)
(24 3.24424 14.0988)
(24 5.44747 17.3748)
(24 6.0394 4.82367)
(24 6.09646 11.6089)
(24 6.03645 8.33144)
(24 6.49653 14.5231)
(33.7845 9 5.05495)
(32.9077 9 11.3211)
(32.9845 9 17.8981)
(32.9565 9 24.2416)
(32.9717 9 27.0418)
(29.8572 9 26.1279)
(26.6627 9 4.66287)
(26.7557 9 8.13374)
(26.9137 9 11.4005)
(26.9708 9 14.6622)
(26.9838 9 17.9332)
(26.9754 9 21.2417)
(32.2383 9 2.61213)
(32.7287 9 7.89408)
(32.9669 9 14.6292)
(32.974 9 21.1263)
(26.9513 9 24.7057)
(29.2769 9 3.14717)
(29.7817 9 9.73591)
(29.9722 9 16.2813)
(29.9347 9 22.8296)
(29.9715 9 19.5522)
(29.9276 9 13.0061)
(31.3709 9 5.10505)
(29.2921 9 6.5723)
(36 59.4449 4.77979)
(36 59.815 7.384)
(36 60.0338 10.3085)
(36 60.1341 13.4378)
(36 59.8466 16.6235)
(36 28.6027 20.7731)
(36 35.2846 21.1036)
(36 41.9981 21.152)
(36 48.7736 21.1256)
(36 55.6617 20.7975)
(36 24.3701 4.09634)
(36 23.9149 10.4869)
(36 24.1876 17.0769)
(36 13.205 2.65793)
(36 19.3952 2.81268)
(36 12.0601 5.52605)
(36 11.7449 8.48315)
(36 11.7056 11.5839)
(36 11.9202 14.6966)
(36 12.0213 17.9364)
(36 12.0694 21.257)
(36 12.0739 24.6539)
(36 12.0555 28.3947)
(36 13.6457 31.6734)
(36 15.4059 34.3117)
(36 18.6638 34.1845)
(36 21.9471 34.0242)
(36 25.2533 33.9858)
(36 28.6091 33.9908)
(36 31.9673 33.9234)
(36 35.2984 33.841)
(36 38.6446 33.8205)
(36 41.9942 33.8124)
(36 45.3489 33.8026)
(36 48.7144 33.7877)
(36 52.085 33.7889)
(36 55.4223 33.8816)
(36 58.7347 34.0588)
(36 62.0385 34.2098)
(36 65.3062 34.3098)
(36 68.5719 34.3694)
(36 70.296 31.7239)
(36 71.8568 28.4184)
(36 72.1364 4.7838)
(36 72.1418 11.5594)
(36 72.1749 18.0348)
(36 71.9802 24.7073)
(36 61.0393 2.51249)
(36 66.9373 2.40473)
(36 25.2386 20.3548)
(36 31.9585 20.9656)
(36 38.6369 21.1447)
(36 45.3704 21.1468)
(36 52.2073 21.0507)
(36 24.063 7.29315)
(36 23.9575 13.7435)
(36 16.4661 2.6799)
(36 22.093 2.48202)
(36 72.1428 21.2911)
(36 72.1832 14.8088)
(36 72.0826 8.26218)
(36 64.15 2.66843)
(36 59.0325 19.9288)
(36 69.3987 3.44076)
(36 30.2026 23.7355)
(36 62.9348 8.21648)
(36 63.174 11.4488)
(36 63.4654 15.0632)
(36 21.0699 15.7626)
(36 50.6215 24.2118)
(36 40.2918 24.3041)
(36 20.8176 12.1664)
(36 47.1096 24.2769)
(36 36.898 24.2821)
(36 14.9387 4.90652)
(36 20.8583 8.64217)
(36 69.1852 10.2077)
(36 15.0812 29.2383)
(36 17.9699 6.07923)
(36 21.4013 5.3472)
(36 21.5923 19.6192)
(36 26.7978 23.4369)
(36 14.1473 10.1844)
(36 14.7581 12.9527)
(36 15.0013 16.1939)
(36 15.0916 19.5518)
(36 15.1713 22.9843)
(36 15.1226 26.3203)
(36 16.8436 31.5493)
(36 43.6796 24.2998)
(36 20.0194 31.1917)
(36 23.385 30.8649)
(36 26.7301 31.0341)
(36 30.179 31.0081)
(36 33.491 30.6887)
(36 36.8993 30.6487)
(36 40.2876 30.6399)
(36 43.6766 30.629)
(36 47.0755 30.6058)
(36 50.5306 30.5668)
(36 54.0263 30.5638)
(36 57.3489 30.9245)
(36 60.6562 31.349)
(36 63.8831 31.5089)
(36 67.0675 31.7284)
(36 69.1109 6.86434)
(36 68.7464 29.3515)
(36 69.3327 22.9124)
(36 62.3202 5.24499)
(36 69.3609 16.5667)
(36 57.9452 23.2912)
(36 69.3777 13.3806)
(36 69.2953 19.6681)
(36 62.2267 18.5211)
(36 65.9006 5.52339)
(36 68.5271 26.3535)
(36 14.8269 7.57299)
(36 54.2492 24.0117)
(36 33.4923 24.1814)
(36 61.2702 21.8923)
(36 23.6632 23.0224)
(36 66.3245 12.2806)
(36 17.8902 28.4809)
(36 56.4994 27.0742)
(36 35.1057 27.4459)
(36 64.0232 20.5527)
(36 48.8602 27.4064)
(36 17.4363 10.24)
(36 66.1077 9.05288)
(36 25.0159 27.0928)
(36 52.4787 27.3108)
(36 17.9006 14.158)
(36 18.1565 17.7446)
(36 18.1018 21.2128)
(36 21.1443 28.1065)
(36 31.4346 27.3844)
(36 41.9771 27.466)
(36 45.3831 27.4503)
(36 62.5706 28.6204)
(36 65.8243 28.9001)
(36 66.8491 15.1017)
(36 60.9051 25.4602)
(36 66.6591 21.3222)
(36 65.9992 18.0632)
(36 20.6919 22.7479)
(36 21.8487 25.2929)
(36 38.5705 27.466)
(36 28.3607 25.9822)
(36 18.4712 25.04)
(36 28.3587 28.6277)
(36 59.487 28.5779)
(36 63.9689 23.3068)
(36 66.6796 24.0637)
(36 64.6846 26.1805)
(33.7502 75 5.22521)
(33.2883 75 8.07398)
(33.0141 75 11.2579)
(33.0008 75 14.5678)
(33.0207 75 17.8564)
(33.0753 75 21.0904)
(33.2383 75 24.2268)
(33.7275 75 26.9901)
(30.5862 75 26.2464)
(27.1144 75 27.0362)
(26.4964 75 4.53956)
(26.9756 75 11.2328)
(27.025 75 17.8606)
(27.1544 75 24.2357)
(32.172 75 2.81133)
(27.0098 75 14.5662)
(26.6353 75 7.99819)
(27.0659 75 21.1053)
(29.2177 75 3.19448)
(30.0001 75 12.8053)
(29.9942 75 9.14449)
(30.0551 75 19.4852)
(30.176 75 22.7614)
(30.0159 75 16.1878)
(31.208 75 5.80931)
(28.6958 75 6.18274)
(24 78.0104 5.37839)
(24 77.9873 8.5568)
(24 77.9517 11.8314)
(24 77.646 15.0254)
(24 77.6215 20.5031)
(24 79.4517 17.668)
(24 80.8769 14.2165)
(24 81.0147 3.98463)
(24 80.9613 10.5147)
(24 78.0707 2.4222)
(24 76.9749 17.8032)
(24 80.9875 7.24569)
(5.24932 63.4903 47.629)
(7.76425 63.639 47.3925)
(2.87323 64.4086 46.1681)
(3.22264 66.2561 43.2289)
(3.25121 68.0366 40.3963)
(3.15418 69.7541 37.6639)
(2.94549 71.4465 34.9715)
(2.70596 73.1366 32.2828)
(2.53336 74.822 29.6013)
(2.44066 76.4879 26.951)
(2.36824 78.1015 24.384)
(2.2284 79.6428 21.9319)
(2.39403 81.1817 19.4836)
(2.85745 82.6091 17.2128)
(6.02685 82.6877 17.0878)
(9.25175 82.6521 17.1444)
(12.4823 82.6686 17.1182)
(15.8274 82.6969 17.0732)
(19.3548 82.5849 17.2513)
(21.4666 75.675 28.2443)
(21.3336 79.2837 22.5031)
(31.9104 73.5127 31.6843)
(25.5744 73.4276 31.8197)
(33.4008 72.1713 33.8183)
(11.8884 71.6893 34.5852)
(18.0877 71.5899 34.7434)
(24.2833 71.8135 34.3876)
(30.5763 71.8783 34.2845)
(6.43268 65.3621 44.6513)
(6.50835 69.1022 38.701)
(22.1394 73.6082 31.5324)
(21.4558 77.5376 25.2811)
(20.8787 80.9979 19.7761)
(28.746 73.4306 31.8149)
(8.70186 71.9523 34.1668)
(15.02 71.623 34.6908)
(21.2108 71.698 34.5714)
(27.4731 71.8111 34.3915)
(6.56144 67.3434 41.4992)
(13.7649 73.0926 32.3526)
(5.59246 72.4901 33.3112)
(5.15891 74.1645 30.6473)
(4.92674 75.8275 28.0017)
(4.85508 77.4458 25.4271)
(4.73251 78.9474 23.0382)
(4.34827 80.2511 20.9641)
(5.22926 81.4094 19.1215)
(19.0075 76.5769 26.8095)
(8.26969 81.2838 19.3212)
(11.3441 81.2343 19.4)
(14.4558 81.4139 19.1142)
(17.6496 81.3711 19.1824)
(19.4384 72.9539 32.5733)
(10.7979 73.231 32.1326)
(18.5999 79.8525 21.5983)
(16.7019 73.0818 32.3699)
(6.16119 70.7964 36.0057)
(18.7856 74.6252 29.9145)
(18.8102 78.2597 24.1323)
(7.89824 73.596 31.5518)
(15.4638 74.5321 30.0625)
(16.7277 75.851 27.9643)
(7.39225 75.2196 28.9688)
(7.2716 76.8633 26.3538)
(7.36523 78.4783 23.7846)
(6.91372 80.0109 21.3463)
(10.1526 79.5949 22.008)
(13.4519 79.9154 21.4983)
(16.0782 80.3029 20.8817)
(12.6954 74.5176 30.0857)
(16.0657 78.9322 23.0624)
(16.2531 77.3703 25.5472)
(9.90833 74.703 29.7906)
(14.0844 76.1746 27.4494)
(9.46847 76.2434 27.3401)
(9.85264 77.8565 24.7738)
(13.1893 78.1925 24.2392)
(11.6011 75.6973 28.2088)
(11.7025 76.9386 26.234)
(7.14735 27.6989 50)
(6.70056 34.226 50)
(6.67117 40.8833 50)
(6.68482 47.5094 50)
(6.84822 53.8906 50)
(5.14002 59.2018 50)
(2.12691 26.9737 50)
(3.51573 29.5637 50)
(3.38651 33.0547 50)
(3.34921 36.432 50)
(3.3387 39.7717 50)
(3.33727 43.1021 50)
(3.34234 46.4192 50)
(3.36493 49.7155 50)
(3.45016 52.9728 50)
(3.77449 56.1664 50)
(4.91559 23.8922 50)
(6.7889 30.9009 50)
(6.67713 37.5556 50)
(6.6731 44.2065 50)
(6.72518 50.7632 50)
(7.14758 56.7097 50)
(2.43745 24.4075 50)
(7.34803 24.6335 50)
(4.68646 26.3665 50)
(31.9103 10.4871 31.684)
(28.7424 10.5691 31.8145)
(25.5588 10.5691 31.8145)
(20.95 2.53418 19.0316)
(21.1206 6.39193 25.169)
(5.54465 1.40888 17.2414)
(11.8932 1.58838 17.527)
(18.3119 1.56486 17.4895)
(2.94272 2.31083 18.6763)
(2.96803 4.10869 21.5365)
(2.84513 5.86438 24.3297)
(2.77836 7.55781 27.0238)
(2.73925 9.23026 29.6845)
(2.75109 10.8714 32.2954)
(3.06044 12.5146 34.9097)
(3.34494 14.1358 37.4888)
(3.35958 15.8264 40.1784)
(3.3981 17.5167 42.8675)
(3.55968 19.2512 45.627)
(2.48226 20.8019 48.094)
(5.50183 20.6826 47.9042)
(6.71695 14.7293 38.433)
(6.79792 18.002 43.6396)
(30.5745 12.1214 34.2841)
(24.2434 12.1758 34.3706)
(17.8237 12.3093 34.5829)
(10.9668 12.3412 34.6337)
(33.4002 11.8287 33.8183)
(21.3893 8.28829 28.1859)
(20.8588 4.48424 22.134)
(8.53714 1.53448 17.4412)
(15.2459 1.66318 17.646)
(21.0955 12.2614 34.5069)
(6.70536 16.4128 41.1112)
(7.16459 19.417 45.8908)
(6.95828 12.8782 35.4881)
(27.4618 12.1866 34.3877)
(14.5213 12.2568 34.4994)
(22.0981 10.3745 31.5049)
(13.4415 3.27924 20.217)
(17.9874 5.60037 23.9097)
(16.1666 10.5687 31.8138)
(17.335 3.47759 20.5325)
(9.99924 3.05743 19.8641)
(6.24728 3.10291 19.9364)
(8.7244 10.8567 32.272)
(5.69203 5.00998 22.9704)
(5.65491 6.71409 25.6815)
(5.47751 8.36173 28.3027)
(5.48428 9.99421 30.8999)
(18.9857 9.35583 29.8843)
(12.4335 10.7897 32.1654)
(18.5562 7.49554 26.9247)
(19.2457 10.9583 32.4337)
(5.47389 11.4712 33.2497)
(14.5752 5.09479 23.1054)
(16.2585 8.62311 28.7186)
(15.4929 6.85419 25.9044)
(7.90634 9.18443 29.6116)
(8.48834 7.61714 27.1182)
(13.8849 9.45633 30.0442)
(10.9291 8.97067 29.2715)
(11.2359 4.7533 22.5621)
(8.33566 4.34972 21.92)
(8.5791 5.9046 24.3937)
(11.7741 6.70051 25.6599)
(13.5997 8.05281 27.8113)
(21.0661 0 4.21885)
(21.2352 0 10.7909)
(5.04214 0 12.3417)
(8.66452 0 12.3233)
(11.9438 0 12.3901)
(15.1745 0 12.3127)
(2.56793 0 3.86291)
(2.69218 0 6.96805)
(5.4711 0 2.58938)
(11.8908 0 3.21523)
(18.4073 0 2.72165)
(21.2161 0 7.43749)
(18.2463 0 11.9673)
(8.67967 0 2.75849)
(3.52121 0 9.71403)
(15.3278 0 3.16553)
(18.9262 0 9.06053)
(9.47468 0 6.39671)
(7.24289 0 9.70577)
(10.6092 0 9.48707)
(13.4829 0 9.96311)
(17.763 0 6.03131)
(4.65754 0 5.162)
(16.1753 0 9.23251)
(7.00851 0 4.88714)
(13.5193 0 6.66848)
(5.83862 0 7.39953)
(3.02949 4.73231 0)
(2.9558 11.9512 0)
(2.80303 18.6833 0)
(4.34174 24.0947 0)
(11.1942 23.6379 0)
(17.9946 23.7749 0)
(24.5726 24.149 0)
(30.9838 24.3458 0)
(33.7608 24.9072 0)
(33.5831 13.1071 0)
(33.3693 16.328 0)
(32.9273 19.295 0)
(33.1936 22.2768 0)
(25.1929 11.8021 0)
(28.0891 11.6678 0)
(30.9724 11.8046 0)
(21.0806 4.4052 0)
(21.1883 7.92493 0)
(5.66462 2.91934 0)
(8.73056 3.14398 0)
(12.1148 3.12876 0)
(15.4635 3.11414 0)
(3.12052 8.37759 0)
(2.88149 15.4054 0)
(2.54532 21.5868 0)
(7.77348 23.7576 0)
(14.6321 23.7024 0)
(21.3192 23.9176 0)
(27.8569 24.1869 0)
(22.0965 11.4188 0)
(18.452 2.8226 0)
(5.96477 10.4304 0)
(23.1868 20.992 0)
(12.8656 20.4373 0)
(19.7829 20.6585 0)
(5.50194 20.9254 0)
(8.97098 20.056 0)
(17.8189 6.41803 0)
(16.3232 20.4067 0)
(5.76171 17.5289 0)
(23.5538 14.7458 0)
(29.7572 17.1529 0)
(5.7409 14.0184 0)
(6.57501 6.46783 0)
(10.4748 6.21924 0)
(14.0596 6.26082 0)
(29.6035 20.9477 0)
(18.9487 10.5413 0)
(31.4603 14.5705 0)
(26.7007 14.7693 0)
(26.2461 21.6089 0)
(20.2062 14.2275 0)
(29.2415 14.0359 0)
(11.2827 17.6366 0)
(21.7875 17.7005 0)
(8.54206 16.101 0)
(25.8105 18.2186 0)
(16.908 13.514 0)
(8.51146 12.7115 0)
(9.08262 9.32354 0)
(12.4533 9.15227 0)
(15.7273 9.68794 0)
(18.2034 17.2186 0)
(14.4985 16.6335 0)
(11.3399 14.5825 0)
(13.8121 12.5372 0)
(11.0494 11.6315 0)
(5.20977 27 2.47829)
(8.02567 27 2.88477)
(11.2057 27 3.07479)
(14.5364 27 3.08026)
(17.8882 27 3.03347)
(21.2135 27 2.98622)
(24.4989 27 2.91422)
(27.722 27 2.74098)
(30.9054 27 2.54903)
(33.6945 27 2.14857)
(32.9403 27 4.95647)
(33.4144 27 8.09756)
(32.9446 27 11.6307)
(33.7257 27 14.9432)
(2.74716 27 4.04185)
(2.52464 27 9.96762)
(4.81231 27 15.1961)
(11.4954 27 15.2925)
(17.9644 27 15.0192)
(24.5307 27 14.9832)
(30.9171 27 14.9593)
(2.85918 27 7.17349)
(3.51719 27 12.454)
(8.22042 27 15.2893)
(14.6943 27 15.0969)
(21.2537 27 14.99)
(27.7623 27 15.0103)
(5.91329 27 9.03889)
(9.00086 27 6.12529)
(12.562 27 6.211)
(16.0907 27 6.09246)
(19.5155 27 6.009)
(22.8738 27 5.93376)
(26.1825 27 5.78035)
(29.3509 27 5.25876)
(29.4187 27 12.1271)
(30.9156 27 7.27334)
(5.69573 27 5.41722)
(9.96984 27 12.853)
(26.2118 27 11.9485)
(16.2145 27 12.076)
(12.9014 27 12.2597)
(22.9012 27 11.9629)
(19.568 27 11.9988)
(6.9951 27 12.2852)
(30.9485 27 9.71589)
(28.0866 27 8.7282)
(14.2879 27 9.17094)
(17.8142 27 9.03773)
(21.2245 27 8.96877)
(24.6027 27 8.89566)
(10.2234 27 9.57482)
(2.30058 32.408 18)
(2.67203 38.5845 18)
(2.70281 45.2091 18)
(2.96816 51.6312 18)
(3.16205 54.5696 18)
(8.55548 54.5068 18)
(14.6598 54.3026 18)
(21.1261 54.2057 18)
(27.4465 53.9057 18)
(5.33593 29.3344 18)
(8.19115 29.8159 18)
(11.4484 29.7938 18)
(14.7134 29.7366 18)
(17.9262 29.697 18)
(21.0951 29.6699 18)
(24.2264 29.6682 18)
(27.3077 29.7138 18)
(30.3128 29.8196 18)
(33.2161 30.0028 18)
(33.5394 33.1528 18)
(33.754 36.3825 18)
(33.869 39.6462 18)
(33.9185 42.8621 18)
(34.0151 45.9343 18)
(33.9289 49.0779 18)
(33.4502 52.3485 18)
(2.73404 35.285 18)
(2.63262 41.9139 18)
(2.84275 48.4633 18)
(5.97399 53.1249 18)
(11.4431 54.2754 18)
(17.9053 54.2826 18)
(24.3128 54.0745 18)
(30.5321 53.5851 18)
(2.71572 29.7575 18)
(5.86388 49.8991 18)
(25.6049 50.964 18)
(5.53104 46.6625 18)
(31.3512 50.3599 18)
(16.2138 51.628 18)
(5.27582 43.4663 18)
(28.5517 50.7191 18)
(12.9314 51.6053 18)
(22.517 51.3045 18)
(19.3852 51.5096 18)
(5.45043 36.8205 18)
(5.68142 32.7585 18)
(9.76424 32.6504 18)
(13.1537 32.5138 18)
(16.3475 32.4422 18)
(19.4428 32.3861 18)
(22.4678 32.3479 18)
(25.4245 32.3796 18)
(28.2771 32.5257 18)
(30.9668 32.7816 18)
(31.4408 35.8645 18)
(31.7107 39.0432 18)
(31.7828 42.2222 18)
(31.8217 45.2013 18)
(32.1479 47.7638 18)
(5.22802 40.2159 18)
(9.25005 51.4062 18)
(14.6587 49.0633 18)
(11.5126 48.8529 18)
(8.04687 44.8241 18)
(23.7971 48.2723 18)
(8.49168 47.9656 18)
(11.7965 35.2961 18)
(8.5137 35.6479 18)
(14.9294 35.2116 18)
(17.9521 35.1431 18)
(20.8891 35.0611 18)
(23.7353 35.0039 18)
(26.4908 35.1107 18)
(29.0436 35.418 18)
(29.5474 38.4447 18)
(29.6749 41.607 18)
(29.5333 44.7275 18)
(7.71058 41.848 18)
(26.996 47.4193 18)
(29.8166 47.7589 18)
(20.7327 48.6654 18)
(7.83635 38.7475 18)
(17.6791 48.8769 18)
(13.3549 46.7068 18)
(13.6938 37.9833 18)
(10.7432 38.0222 18)
(16.6248 37.9434 18)
(19.4914 37.8287 18)
(22.2633 37.6881 18)
(24.8745 37.5584 18)
(27.345 37.8285 18)
(27.6723 40.7864 18)
(27.3376 43.796 18)
(10.8593 45.8295 18)
(21.8403 45.788 18)
(24.7364 45.2275 18)
(10.5218 43.001 18)
(15.9906 46.2739 18)
(9.87279 40.4625 18)
(18.9199 46.0654 18)
(13.7019 43.7455 18)
(18.2514 40.648 18)
(21.0548 40.4615 18)
(23.6363 40.2214 18)
(25.8229 39.8164 18)
(12.4681 40.7013 18)
(19.9715 43.2545 18)
(25.3394 42.3334 18)
(15.3373 40.7893 18)
(22.785 42.9751 18)
(17.0271 43.4604 18)
(5.59827 57 3.09602)
(11.6869 57 2.70772)
(18.0636 57 2.97268)
(24.6849 57 2.958)
(30.7263 57 2.4419)
(33.1676 57 4.06888)
(32.8513 57 7.3178)
(33.1587 57 13.8721)
(2.70599 57 4.24715)
(2.76651 57 7.57566)
(2.98555 57 10.6866)
(2.78647 57 13.9154)
(5.24451 57 15.5097)
(8.07777 57 15.1236)
(11.2712 57 14.9351)
(14.606 57 14.9184)
(17.9735 57 14.9489)
(21.3329 57 14.9693)
(24.6596 57 15.0018)
(27.8567 57 15.1472)
(8.57207 57 2.76973)
(14.8147 57 2.89588)
(21.3715 57 2.99258)
(27.8877 57 2.77945)
(32.844 57 10.5773)
(30.7065 57 15.4845)
(10.3336 57 5.17555)
(30.0388 57 12.5291)
(26.7028 57 5.87181)
(16.3854 57 5.91737)
(23.1909 57 5.97458)
(5.01395 57 6.00694)
(13.1337 57 5.74287)
(19.7532 57 5.97943)
(5.8064 57 12.5786)
(6.30694 57 9.07297)
(9.15075 57 11.9102)
(12.6984 57 11.8011)
(16.2284 57 11.8995)
(19.6957 57 11.95)
(23.1612 57 11.9686)
(26.6588 57 12.0295)
(7.71689 57 5.87731)
(29.1896 57 8.91058)
(30.0735 57 5.31271)
(25.0922 57 8.95794)
(10.5224 57 8.4629)
(14.465 57 8.83269)
(17.9952 57 8.94391)
(21.4914 57 8.97068)
(2.33203 62.49 0)
(2.87822 68.8213 0)
(3.0444 75.516 0)
(4.7379 81.0741 0)
(11.9274 81.2445 0)
(18.6723 81.4334 0)
(21.577 81.8204 0)
(21.3184 75.7137 0)
(20.769 78.9402 0)
(25.3525 71.9713 0)
(31.9136 72.4017 0)
(33.2414 61.3052 0)
(33.3098 64.5728 0)
(33.332 67.525 0)
(5.3442 59.3525 0)
(8.20397 59.8204 0)
(11.4608 59.7844 0)
(14.7271 59.7299 0)
(17.9737 59.7704 0)
(21.1752 59.8624 0)
(24.3069 59.8371 0)
(27.3808 59.6835 0)
(30.4458 60.028 0)
(2.83345 65.4291 0)
(2.94608 72.2109 0)
(2.87266 78.4926 0)
(8.36455 81.0612 0)
(15.3516 81.3398 0)
(21.9891 72.4885 0)
(28.6558 72.0343 0)
(33.5714 70.1521 0)
(2.72431 59.7963 0)
(5.70199 67.0466 0)
(17.017 78.7241 0)
(13.7334 78.5997 0)
(18.6674 73.4186 0)
(6.36832 77.6966 0)
(23.2215 69.171 0)
(10.2195 78.4284 0)
(5.73967 62.8229 0)
(6.0146 73.9577 0)
(5.76661 70.5691 0)
(30.7319 63.308 0)
(30.5004 66.4353 0)
(30.7398 69.5024 0)
(9.80142 62.6421 0)
(13.174 62.4805 0)
(16.3361 62.4189 0)
(19.5324 62.6581 0)
(22.6573 62.9065 0)
(25.7426 62.6133 0)
(18.5869 76.4241 0)
(27.2286 68.5756 0)
(19.5406 70.0531 0)
(28.4311 62.1464 0)
(15.3971 75.3563 0)
(11.8673 65.1983 0)
(12.1635 76.204 0)
(20.7233 66.2764 0)
(8.83764 72.1539 0)
(9.20073 75.3124 0)
(8.61905 65.6727 0)
(8.43185 69.0193 0)
(24.5359 65.8398 0)
(14.9406 65.1905 0)
(17.7846 64.9422 0)
(27.8302 64.9876 0)
(15.4603 71.2681 0)
(17.0586 67.8208 0)
(12.1622 73.3719 0)
(13.7286 68.0177 0)
(10.8329 67.6863 0)
(11.5873 70.4008 0)
(21.1549 84 4.10712)
(20.9364 84 7.43171)
(20.9877 84 10.7572)
(4.91961 84 12.03)
(11.9484 84 11.9771)
(18.368 84 12.3197)
(2.63528 84 4.29437)
(5.8097 84 3.86494)
(9.21732 84 4.3982)
(12.6161 84 3.24156)
(15.7901 84 2.89933)
(8.47997 84 11.8421)
(15.3442 84 12.063)
(2.0256 84 7.13021)
(3.20277 84 9.48312)
(18.6229 84 2.49432)
(10.2635 84 8.80551)
(18.1733 84 5.47215)
(4.34405 84 6.63573)
(17.5112 84 9.01474)
(12.1305 84 6.3611)
(15.063 84 6.06442)
(13.7578 84 9.13911)
(6.85662 84 8.2625)
(0 81.0739 4.16686)
(0 80.9524 7.5003)
(0 80.9562 10.8965)
(0 81.1883 14.2759)
(0 61.9487 2.79639)
(0 65.5465 2.82308)
(0 68.974 2.76699)
(0 72.3198 2.70713)
(0 75.6045 2.71379)
(0 59.4159 7.94922)
(0 59.5815 13.7274)
(0 28.0079 20.6057)
(0 31.5065 20.8853)
(0 35.0054 20.9512)
(0 38.4784 20.9332)
(0 41.9056 20.9115)
(0 45.2991 20.8985)
(0 48.6761 20.8888)
(0 52.0574 20.8683)
(0 55.4723 20.7796)
(0 24.1949 4.27982)
(0 24.327 7.54727)
(0 24.4244 10.5523)
(0 24.3809 13.5792)
(0 24.2615 16.5892)
(0 5.52307 2.61646)
(0 8.48358 2.82991)
(0 11.7695 2.8542)
(0 15.0135 2.84925)
(0 18.1638 2.69884)
(0 2.96293 4.21739)
(0 3.05322 10.9541)
(0 2.78945 14.3131)
(0 4.83323 17.1021)
(0 8.37001 22.8009)
(0 11.8384 28.2396)
(0 15.2562 33.6318)
(0 18.5511 39.1218)
(0 21.9377 44.5431)
(0 23.6417 47.2581)
(0 30.3137 47.1936)
(0 36.9866 47.142)
(0 43.6598 47.1239)
(0 50.3375 47.1359)
(0 57.0117 47.1754)
(0 60.3471 47.2163)
(0 63.7348 41.7259)
(0 67.1359 36.2632)
(0 70.6127 30.9068)
(0 74.141 25.6218)
(0 77.371 19.9838)
(0 59.4851 16.9131)
(0 78.5324 2.54582)
(0 59.6631 10.6797)
(0 60.4937 5.49862)
(0 58.8831 20.2831)
(0 3.09561 7.56855)
(0 21.315 3.01065)
(0 24.6174 19.7017)
(0 6.60285 20.0121)
(0 10.1087 25.5266)
(0 13.5722 30.933)
(0 16.8916 36.3799)
(0 20.2358 41.8383)
(0 40.3225 47.1282)
(0 26.9767 47.2251)
(0 33.6507 47.1645)
(0 46.9981 47.1265)
(0 53.6747 47.15)
(0 62.0404 44.4675)
(0 65.4318 38.9886)
(0 68.8567 33.5637)
(0 72.3967 28.2968)
(0 75.7713 22.8413)
(0 79.101 17.0488)
(0 6.24256 13.4183)
(0 61.9432 18.8754)
(0 78.1061 9.36298)
(0 77.6808 13.296)
(0 64.0383 5.69792)
(0 62.2149 12.2735)
(0 67.539 5.59373)
(0 70.8787 5.47745)
(0 74.1511 5.34223)
(0 62.5637 8.80833)
(0 57.4184 23.5119)
(0 77.784 5.63911)
(0 32.8208 23.8961)
(0 36.533 23.8674)
(0 40.0959 23.8203)
(0 43.5625 23.7952)
(0 46.9795 23.7825)
(0 50.3817 23.7671)
(0 53.8343 23.7163)
(0 21.6897 6.26747)
(0 62.0329 15.5251)
(0 21.4815 18.2494)
(0 21.6264 9.32935)
(0 22.0518 12.0794)
(0 21.3917 14.9117)
(0 6.33763 5.79255)
(0 10.0546 5.60309)
(0 13.3815 5.84974)
(0 16.5477 5.70757)
(0 5.97599 9.52781)
(0 8.08693 16.9135)
(0 19.3013 5.16766)
(0 28.6118 44.4213)
(0 11.765 22.58)
(0 9.86724 19.8525)
(0 18.6202 33.5006)
(0 21.8491 39.065)
(0 17.0692 30.6574)
(0 20.1991 36.3199)
(0 38.6361 44.2633)
(0 25.2701 44.4821)
(0 55.3614 44.316)
(0 45.3235 44.245)
(0 63.7997 36.0133)
(0 41.9788 44.247)
(0 62.0943 38.7962)
(0 69.1846 27.9636)
(0 58.7014 44.3749)
(0 23.5528 41.7673)
(0 60.3957 41.5824)
(0 25.3529 22.73)
(0 72.7269 22.8193)
(0 75.7053 16.8287)
(0 35.2955 44.2999)
(0 67.3144 30.5457)
(0 71.0867 25.5251)
(0 29.0438 23.5835)
(0 15.2638 28.0463)
(0 52.0178 44.2806)
(0 21.9625 21.593)
(0 73.7967 13.8983)
(0 61.3833 22.9242)
(0 13.4563 25.3159)
(0 31.9541 44.3558)
(0 65.5333 33.2443)
(0 48.6705 44.2574)
(0 74.0891 19.9131)
(0 59.1213 26.5353)
(0 69.5868 8.3429)
(0 72.7586 8.15113)
(0 65.2214 11.4048)
(0 64.9294 23.9786)
(0 30.2404 41.588)
(0 22.4369 24.85)
(0 34.5472 26.8282)
(0 19.175 27.3345)
(0 15.5532 22.2905)
(0 38.2745 26.7363)
(0 41.8059 26.6993)
(0 45.262 26.6841)
(0 48.6745 26.6819)
(0 18.8111 8.09473)
(0 18.8615 11.9136)
(0 8.58239 8.09991)
(0 11.5829 8.61356)
(0 15.3226 9.33031)
(0 13.1597 19.6455)
(0 46.9939 41.361)
(0 58.753 38.655)
(0 72.1394 17.1079)
(0 67.9821 24.9616)
(0 75.612 7.82396)
(0 70.7646 20.2077)
(0 23.4673 36.3368)
(0 57.0559 41.4889)
(0 74.9795 10.7189)
(0 9.86538 14.1063)
(0 62.1937 32.9554)
(0 16.5404 25.3143)
(0 21.9122 33.5546)
(0 66.224 8.48815)
(0 9.08938 11.0176)
(0 26.8906 41.689)
(0 11.3391 17.0412)
(0 65.9133 27.4023)
(0 69.9941 23.0002)
(0 53.7051 41.4249)
(0 36.9336 41.4002)
(0 18.8266 20.2638)
(0 55.5702 26.6189)
(0 62.6015 26.7649)
(0 63.9832 30.1235)
(0 30.2227 26.9891)
(0 64.3268 14.0879)
(0 64.7775 20.3739)
(0 26.0947 25.7759)
(0 43.6378 41.352)
(0 52.0881 26.6685)
(0 64.8295 16.9584)
(0 50.3498 41.3834)
(0 20.5337 30.5882)
(0 19.1328 23.6018)
(0 25.1611 39.0012)
(0 60.4585 35.8148)
(0 33.5874 41.4797)
(0 40.2846 41.3619)
(0 18.1581 16.3226)
(0 60.6302 29.7921)
(0 23.8195 30.9314)
(0 67.6093 21.6107)
(0 12.7594 14.5594)
(0 23.0355 27.9764)
(0 52.0391 38.5004)
(0 40.0847 29.617)
(0 43.5499 29.5974)
(0 46.9636 29.6074)
(0 28.5047 38.8828)
(0 12.4107 11.7186)
(0 16.1125 19.0876)
(0 48.6712 38.4624)
(0 55.4018 38.5607)
(0 68.4187 11.291)
(0 70.3097 14.2572)
(0 68.2398 17.8144)
(0 71.6695 11.1257)
(0 32.895 29.8783)
(0 38.5667 38.4624)
(0 14.5891 16.6653)
(0 35.2059 38.5483)
(0 58.8296 32.7635)
(0 29.4572 30.4686)
(0 15.5426 13.3429)
(0 45.3029 38.4404)
(0 25.0941 33.7435)
(0 50.3626 29.6197)
(0 31.8543 38.7053)
(0 26.766 36.2673)
(0 57.1051 35.6773)
(0 36.5347 29.6889)
(0 41.9354 38.4364)
(0 57.2093 29.6606)
(0 26.6234 31.4325)
(0 30.0927 36.0312)
(0 26.5197 28.7437)
(0 53.7342 35.5958)
(0 45.2727 32.5406)
(0 50.3551 35.5455)
(0 34.9543 32.6996)
(0 67.0862 14.3273)
(0 36.8117 35.5552)
(0 55.4419 32.6602)
(0 53.7655 29.6344)
(0 31.5587 33.0233)
(0 38.4234 32.5685)
(0 46.9779 35.5099)
(0 48.6613 32.5659)
(0 33.4271 35.7302)
(0 28.3302 33.5405)
(0 43.595 35.4915)
(0 41.8607 32.5368)
(0 40.2072 35.4956)
(0 52.0469 32.6042)
(30.4571 23.8333 28.9896)
(33.0198 22.6164 20.8267)
(31.2137 13.8761 22.6713)
(5.96909 22.0377 29.7344)
(7.39979 13.2602 20.8074)
(14.1074 21.6296 29.0744)
(14.769 30.5031 29.3951)
(16.5343 15.3657 23.2565)
(15.6604 13.1142 15.0874)
(23.5968 20.8223 28.2774)
(24.0811 30.3369 28.8249)
(23.1538 37.9747 27.8936)
(22.5982 20.4834 19.8893)
(23.7486 23.7489 13.1959)
(23.3828 15.4682 22.4328)
(21.6752 15.0073 13.213)
(22.6887 13.7003 5.4419)
(32.2785 30.3083 29.3626)
(29.3678 38.8687 31.4485)
(32.0744 47.9574 30.8624)
(30.873 21.6671 12.4967)
(29.6972 12.607 13.8541)
(31.4701 14.6644 5.25924)
(15.1795 39.0656 29.0972)
(6.72088 28.6909 28.577)
(14.7118 21.8592 20.2573)
(23.5277 47.1626 28.8718)
(23.3266 21.9804 5.75643)
(20.3355 14.342 31.3172)
(2.80791 14.3723 13.7256)
(15.1998 15.3467 6.31784)
(6.66294 45.9563 28.1352)
(7.90142 36.6926 29.3338)
(14.3429 46.4608 29.1918)
(18.4796 19.8632 30.2786)
(16.5327 15.9077 32.9921)
(5.24827 5.50433 5.34107)
(12.8561 8.82861 2.83553)
(16.9418 10.2756 24.076)
(3.93846 15.6347 32.4861)
(6.06184 15.6051 6.92928)
(7.96019 15.4099 34.1882)
(8.83025 14.1684 30.7606)
(12.6581 16.0772 33.8658)
(13.5299 20.0331 32.1477)
(9.8657 24.7728 31.5089)
(13.3343 17.4932 29.6661)
(12.4039 13.7842 28.3174)
(13.2965 16.2512 24.8628)
(13.3987 10.78 26.2454)
(11.1697 12.6458 19.7774)
(22.0785 19.5469 32.9661)
(16.7191 23.6457 32.0797)
(16.79 23.0892 27.0412)
(4.29749 24.9151 35.3042)
(5.84833 28.5422 36.1814)
(3.70752 53.377 28.0815)
(11.448 29.4947 33.4309)
(13.8801 53.7944 29.9817)
(21.0088 51.8792 28.6646)
(29.1284 55.9138 30.2758)
(22.5246 62.9964 29.6671)
(15.5781 63.0915 30.8914)
(14.496 59.8474 20.1842)
(12.2379 24.1417 27.1056)
(8.90423 19.2921 32.6817)
(2.99153 20.9693 31.6194)
(9.61832 19.585 27.1475)
(7.48555 21.9554 23.4453)
(13.433 20.2254 25.8076)
(5.85724 19.8823 37.948)
(4.26029 32.637 35.3569)
(6.39311 31.1043 39.7999)
(3.58588 33.8898 30.8225)
(3.43444 28.4376 39.9519)
(5.16472 28.4316 32.015)
(2.88744 28.6004 25.5469)
(5.57079 24.5087 39.7234)
(4.65544 24.2812 43.779)
(3.85953 25.1199 30.4617)
(4.5017 24.4919 26.7412)
(4.12595 24.6687 22.9157)
(3.75968 18.8058 27.4897)
(3.53455 19.5016 22.8831)
(4.51291 22.6918 19.2323)
(8.72574 32.2493 30.3816)
(8.39192 32.1753 26.8197)
(11.0064 28.7897 26.5728)
(8.51093 25.2251 25.5151)
(12.335 23.9042 23.2421)
(8.472 24.6541 20.4644)
(25.4736 27.3367 31.1824)
(21.97 32.5452 31.4255)
(24.1621 62.936 23.2125)
(22.0641 28.4081 33.3228)
(19.6908 27.6428 28.8909)
(17.9684 32.5537 31.5642)
(16.9507 28.3121 33.3995)
(15.8748 27.0517 25.6207)
(16.8214 29.2336 22.4799)
(12.5294 37.0577 28.2576)
(13.1132 34.1421 30.758)
(12.196 33.4005 26.3297)
(12.6167 35.8358 22.4511)
(13.4867 28.4521 23.0862)
(6.01366 35.4466 38.7013)
(6.36894 36.7455 42.7145)
(5.2276 32.0746 43.855)
(4.85552 27.6741 45.0867)
(3.807 41.5818 35.109)
(6.44222 61.976 28.2899)
(7.67426 62.5788 21.6777)
(6.01883 62.3557 12.8739)
(4.58772 40.9984 30.5078)
(4.31907 32.6509 26.6739)
(4.22404 30.7373 22.2804)
(8.1857 40.9192 32.7697)
(8.34429 40.9466 27.2873)
(9.0303 36.2574 25.1676)
(9.46638 39.4342 22.795)
(8.45768 32.2793 23.7617)
(8.8385 28.0946 21.8651)
(20.8398 35.8342 32.9581)
(16.8283 44.0609 30.7903)
(18.0051 40.1272 31.1846)
(16.29 36.2328 30.709)
(19.3382 36.7008 28.7304)
(31.2897 62.6685 31.0658)
(13.4572 70.7734 21.4163)
(12.9565 63.878 13.0794)
(9.83943 48.3789 31.2602)
(12.4555 44.7303 33.0789)
(11.5324 45.6061 25.8293)
(12.3919 40.9982 31.8066)
(12.7227 40.2157 26.1588)
(4.50026 47.8643 34.9836)
(2.98558 48.5955 38.8325)
(5.1017 44.5273 38.8572)
(2.78566 44.6067 29.9349)
(5.2663 40.5842 40.3097)
(3.17452 40.861 43.5666)
(3.7557 41.0776 47.3589)
(3.37341 40.2553 26.112)
(4.2211 40.8582 21.8509)
(6.83081 61.833 4.89416)
(4.25671 36.0386 47.1165)
(3.93724 36.5702 23.6063)
(11.4828 55.3235 32.581)
(9.59974 44.1598 30.2265)
(8.92682 35.5781 33.6742)
(30.9558 63.3851 21.0034)
(31.1407 62.7179 13.205)
(24.8728 43.9362 32.438)
(19.8915 47.7141 32.53)
(20.9787 43.8365 33.3283)
(20.2852 43.8232 25.5798)
(22.9801 63.9049 15.2266)
(15.6481 48.7573 32.1324)
(17.4695 49.6888 28.8189)
(15.7892 44.3051 24.9746)
(13.3562 52.5734 33.8358)
(11.8613 49.1949 27.2622)
(12.9341 50.9221 22.7573)
(14.0415 63.483 5.42921)
(4.90286 53.3362 39.0103)
(6.83704 52.7805 42.9419)
(4.2402 48.9434 43.444)
(3.19802 45.5221 42.3733)
(6.14625 44.9976 45.9895)
(8.70475 45.9462 34.484)
(7.04829 52.9392 34.0906)
(4.54895 58.5517 34.8229)
(5.5854 70.991 21.9182)
(7.83192 69.7736 12.2158)
(7.00955 71.9812 5.86688)
(4.30865 60.3589 30.7439)
(3.23095 52.6734 31.2197)
(3.59795 48.8182 31.3162)
(3.23753 48.9494 27.3548)
(4.00324 43.9405 26.0462)
(3.2468 44.2152 21.3155)
(8.86673 57.5175 32.6158)
(11.6345 56.5055 28.4001)
(10.5518 52.9942 26.3259)
(8.50216 49.1095 25.8624)
(9.54539 47.8351 21.0129)
(7.9867 44.0961 23.8984)
(25.2067 52.9775 28.9611)
(19.8079 57.308 27.7735)
(16.4671 60.9814 33.8987)
(16.7277 56.5405 31.756)
(17.5032 52.1937 32.978)
(16.6303 53.3499 26.6006)
(16.8037 51.5041 21.2453)
(14.5159 78.4092 5.19669)
(14.2522 71.6697 15.6317)
(16.3838 71.5649 4.91361)
(11.2251 64.6674 31.9971)
(13.0489 59.7466 30.4569)
(13.1491 59.6442 25.238)
(13.5702 55.377 24.256)
(3.96794 56.7048 43.2698)
(4.16174 60.2262 39.8586)
(5.95134 52.2648 47.1162)
(7.55877 57.4906 35.8068)
(4.3872 66.1082 37.057)
(4.51398 58.8576 27.2394)
(4.31663 65.9749 33.088)
(8.39552 62.0102 31.1512)
(3.40966 60.1723 23.8265)
(4.96496 56.8056 22.7459)
(7.91372 67.5913 33.0112)
(8.83884 59.3174 28.3875)
(8.56352 60.7502 24.8342)
(9.34996 56.8008 24.2325)
(20.5857 58.9672 32.633)
(17.2425 66.0746 27.4825)
(17.9304 61.2058 25.5648)
(12.4976 69.0463 33.121)
(13.1901 65.9355 29.0476)
(5.21766 60.9881 44.7597)
(6.64949 61.217 37.2106)
(8.37002 77.3407 3.35285)
(8.33157 70.5258 29.4801)
(3.74729 68.586 30.8226)
(8.76332 64.6673 27.7523)
(3.28445 64.37 26.6112)
(3.7037 64.9683 22.1328)
(8.69567 65.1936 23.6661)
(8.91363 64.4303 18.9738)
(10.0724 60.5114 34.3663)
(8.25351 59.2824 20.4858)
(3.58048 61.2667 20.3474)
(31.3625 62.4977 4.62272)
(25.424 68.8435 32.7443)
(21.2116 68.8049 33.5374)
(21.3557 71.2046 28.6781)
(23.081 62.9292 5.4974)
(16.6509 70.2756 30.5708)
(18.9823 69.3506 23.5936)
(11.2561 73.3675 25.7563)
(13.0194 68.8275 26.0605)
(13.1129 67.4392 17.2552)
(25.0588 15.1824 30.7504)
(29.431 15.9324 32.7787)
(27.293 20.77 33.312)
(32.3647 24.1016 33.0271)
(30.6332 20.0266 30.3862)
(32.2151 20.2347 26.6531)
(32.7213 23.4678 3.36844)
(32.9996 14.6829 31.9208)
(33.0917 15.6485 26.5847)
(30.7268 16.7873 24.3636)
(33.3862 12.1796 23.4958)
(30.076 15.0345 28.5495)
(27.589 19.1465 27.6258)
(27.4468 13.2192 23.0728)
(28.4295 12.1965 20.0801)
(28.7199 25.3648 33.6441)
(21.2869 16.8858 28.9184)
(20.9546 10.9473 24.19)
(24.5636 20.1024 23.2549)
(24.6386 12.0241 24.3315)
(24.4048 12.0508 19.3329)
(25.2096 12.5731 14.7245)
(17.2237 16.0408 29.0195)
(16.7312 17.829 19.4812)
(17.4135 12.6073 19.3434)
(32.8062 27.7332 33.6073)
(33.6938 24.1651 26.6523)
(33.5534 21.7097 23.882)
(27.4054 35.2809 30.8846)
(29.2479 32.9128 32.8865)
(25.0866 31.2509 33.3133)
(30.0592 27.7675 30.8944)
(28.1157 27.5054 27.2)
(29.1853 28.5659 23.6802)
(32.7629 40.6553 33.1642)
(32.5267 36.2075 32.0935)
(32.7916 37.0695 27.6808)
(32.6028 31.9116 33.5412)
(32.8403 33.5444 29.0031)
(32.7086 33.4247 21.5457)
(32.4981 28.1521 26.7358)
(33.0578 29.3498 22.6262)
(24.0466 34.681 30.0964)
(29.4885 35.1506 27.4335)
(32.9397 44.2116 33.4322)
(32.8503 40.403 29.2583)
(31.947 38.1891 23.341)
(27.6374 47.7536 32.5025)
(24.4528 50.083 31.4942)
(29.6006 43.928 30.8398)
(29.2752 42.5217 27.549)
(25.9337 43.9474 28.9995)
(30.1407 44.3633 24.1543)
(32.6986 53.9849 32.658)
(33.1333 48.3141 23.0512)
(33.0392 44.6131 28.6574)
(33.4864 45.1503 23.5155)
(24.669 57.335 29.5106)
(28.6904 60.141 33.1786)
(28.9428 52.5672 33.0521)
(28.762 50.684 27.5073)
(33.1924 65.2024 32.0114)
(33.2607 60.5891 33.4493)
(30.9925 61.1189 27.7392)
(32.6763 58.0816 30.6188)
(33.447 55.8128 28.0729)
(32.0489 53.2895 27.5174)
(32.6433 51.9748 23.1864)
(29.3589 66.6265 33.7244)
(28.6736 65.3834 29.7393)
(24.168 60.6858 31.4925)
(30.2721 60.4556 22.8398)
(32.6732 66.4468 28.4311)
(31.968 64.1107 24.8363)
(33.1874 61.5341 23.2597)
(32.7273 61.0127 19.666)
(28.9565 70.9818 29.4097)
(25.0302 70.6472 26.9663)
(28.632 70.9424 23.9025)
(32.8055 69.8231 27.4918)
(32.9857 70.7118 23.9238)
(33.648 68.836 18.074)
(24.1006 65.0347 32.9248)
(20.9311 62.5063 33.5415)
(21.1675 64.7674 25.1147)
(16.7993 73.2013 24.7762)
(17.0689 71.118 19.6706)
(17.5705 65.2817 22.8599)
(17.452 67.7298 17.6757)
(24.9531 65.1604 27.6892)
(28.8959 65.3752 22.4794)
(29.8518 64.5945 17.6491)
(29.7272 70.8019 19.2023)
(33.8259 17.3393 34.7416)
(32.6932 16.6234 19.8177)
(29.1504 16.0732 20.6937)
(32.5256 12.5666 19.856)
(28.657 48.4623 22.6996)
(33.4162 46.992 34.395)
(21.1341 24.4669 31.4198)
(24.2799 23.1961 31.3474)
(21.2107 24.1749 27.0439)
(19.661 25.2699 23.5406)
(16.7977 23.2989 23.007)
(13.9268 23.1134 34.3521)
(13.0576 24.1701 17.8166)
(12.0516 24.5337 13.7147)
(21.4954 33.531 26.8295)
(25.0453 34.1238 26.8828)
(16.7667 33.8419 27.2234)
(15.7158 32.5098 22.0007)
(13.9428 32.702 34.1719)
(21.7609 40.0619 30.9897)
(25.6962 39.5246 30.9368)
(20.1417 39.804 25.9437)
(23.9769 40.4075 24.0775)
(17.122 41.25 27.3701)
(17.0813 40.9515 24.1269)
(15.6378 48.3878 25.4002)
(12.7506 48.3165 34.6659)
(22.3785 56.085 24.945)
(15.853 58.1461 27.4336)
(17.2606 57.2313 23.0427)
(13.4444 58.0401 34.2882)
(13.2133 64.5344 34.6642)
(12.2123 63.8557 23.7527)
(12.2584 62.9837 18.9578)
(25.8196 16.7536 34.3837)
(19.4172 18.5696 26.5859)
(20.7638 21.5046 24.7322)
(19.7158 19.823 18.2426)
(19.8677 16.6283 34.3548)
(22.9148 16.5082 25.8049)
(21.623 17.4735 18.6555)
(19.1446 18.4434 15.3511)
(30.7111 31.3679 25.8744)
(29.2053 32.7812 22.6374)
(17.4281 68.6743 34.6583)
(24.3058 25.5508 28.161)
(24.65 24.8442 24.2089)
(29.242 25.0398 22.4203)
(25.7912 40.5279 26.8571)
(28.6886 40.771 23.5871)
(31.5943 63.2487 34.5725)
(33.0243 65.6268 18.3361)
(29.7367 56.5077 26.7043)
(28.3515 56.4935 22.3787)
(24.5915 55.9924 21.4119)
(31.7598 56.8983 34.0048)
(32.6399 56.0462 23.8159)
(21.2857 36.5455 24.7277)
(26.0723 36.6231 24.4767)
(16.0388 35.1015 34.192)
(17.8227 37.7356 21.3969)
(15.9825 45.9668 34.2263)
(23.0282 60.5635 27.0275)
(20.1463 60.415 22.9867)
(17.4131 60.0986 19.9004)
(15.9954 60.327 16.5418)
(17.2984 19.4144 34.2909)
(16.0944 19.7789 23.4158)
(16.4906 20.9763 16.5429)
(29.6484 21.2987 23.1309)
(29.5752 19.8949 19.2265)
(25.8838 18.6422 18.8097)
(28.6136 21.4311 15.5664)
(24.4288 59.7855 23.0711)
(28.486 60.7392 18.5743)
(19.9206 65.6823 34.8877)
(25.6906 66.1571 23.7211)
(22.0296 65.8668 21.6131)
(29.9908 46.3833 34.2909)
(24.6518 44.328 24.6021)
(30.1371 36.5817 34.5131)
(29.1964 36.5572 23.2485)
(17.8978 37.8299 34.4254)
(17.513 41.906 34.3441)
(21.1042 52.1116 22.1911)
(24.908 52.2787 22.6699)
(20.1865 28.8168 23.902)
(19.9699 22.7166 34.3795)
(21.44 23.896 19.3765)
(25.8622 23.0331 19.8697)
(25.9674 62.1374 34.1974)
(28.1812 42.6076 34.1114)
(28.4121 29.1823 34.1788)
(23.8092 28.9212 24.9963)
(20.3499 31.4135 34.5089)
(24.8992 32.4956 23.3325)
(20.373 32.5908 22.776)
(25.3635 35.8023 34.0151)
(21.8832 38.8757 34.5113)
(21.3942 50.2832 34.2479)
(19.7803 48.0438 24.7285)
(24.2802 48.3938 23.9873)
(22.2329 54.5762 33.6054)
(24.6581 40.8395 34.3924)
(22.0246 25.1445 34.9024)
(28.7843 52.8559 22.1333)
(25.811 27.7735 34.7211)
(23.9934 58.9864 34.2592)
(26.6472 56.0668 33.7527)
(3.52903 32.1349 47.2255)
(5.01233 48.7837 47.5372)
(7.03842 63.9942 39.7641)
(6.98267 24.4149 46.3666)
(7.05036 40.4347 46.305)
(7.24499 49.3562 45.1018)
(7.04114 56.2225 46.6492)
(6.6946 50.3715 38.9136)
(7.29491 27.8027 43.6749)
(16.4282 4.52685 5.2315)
(19.1327 3.48755 3.20365)
(19.716 3.32535 8.20789)
(20.9397 8.92567 8.45783)
(21.0732 9.37202 5.01264)
(8.47887 4.55314 8.14321)
(12.8987 3.27013 5.89563)
(12.2689 3.64549 12.5982)
(17.7593 7.74668 7.1579)
(16.4281 12.7423 8.59164)
(18.892 6.89897 10.4464)
(16.6023 3.17188 12.1144)
(19.4536 12.1123 6.83932)
(19.7759 12.1035 10.9256)
(21.2609 8.92483 11.8713)
(20.438 2.85271 12.4468)
(33.3586 12.2983 6.83866)
(27.6255 14.5511 6.4928)
(30.318 17.7027 6.31832)
(29.2643 13.3334 2.66515)
(24.324 14.3805 11.6248)
(24.7023 17.7155 12.0514)
(24.53 12.2716 8.04697)
(23.6046 17.5047 6.69802)
(24.882 12.4855 3.53307)
(13.1888 7.87334 15.7067)
(17.0692 8.0999 14.4845)
(20.9616 6.8834 13.8512)
(20.9649 11.3615 15.4793)
(20.9702 8.41331 20.1616)
(23.7657 16.2064 15.6648)
(7.92674 7.37296 21.0097)
(12.7505 6.04434 19.3657)
(16.3868 7.30619 19.2944)
(21.2211 13.171 20.1262)
(24.9665 15.9089 19.8741)
(32.9766 12.134 3.01288)
(33.3076 18.2461 4.03074)
(28.0183 16.3335 2.99374)
(33.4786 16.1966 7.07078)
(24.3637 16.0907 3.3108)
(24.242 19.3321 3.02161)
(29.5932 19.6192 3.26761)
(21.2196 11.6954 3.1864)
(17.7772 12.1242 2.92998)
(12.9042 13.8244 3.28417)
(8.85222 13.6018 3.18783)
(11.8376 18.468 4.08814)
(12.5341 11.8982 8.01996)
(16.6045 15.4375 2.48472)
(17.5786 16.8627 9.37568)
(17.4828 8.11387 3.89573)
(19.8144 16.4165 4.89563)
(20.5856 20.2205 3.964)
(20.196 24.0317 3.23094)
(20.6577 20.1013 8.38784)
(21.9355 19.5206 12.2184)
(24.5428 24.7667 2.96884)
(26.1882 23.9624 7.24573)
(7.95579 7.94664 3.43142)
(12.7036 7.60389 6.93766)
(7.96869 9.54995 7.13946)
(3.61473 7.8768 7.49528)
(11.921 8.73931 11.251)
(32.7716 11.3413 11.2755)
(29.6536 22.5736 7.53691)
(29.205 17.895 10.9297)
(27.302 12.0991 10.9594)
(24.8196 20.3711 9.33922)
(14.3429 13.1673 11.4884)
(7.9917 12.9722 11.1595)
(2.8131 11.9127 11.4177)
(10.284 12.0581 15.5847)
(12.5508 16.9705 9.01143)
(13.5081 23.6254 10.7516)
(18.4028 15.7247 12.9086)
(17.5676 21.4161 11.7693)
(15.5109 16.9043 16.1148)
(20.4712 23.85 11.5637)
(20.1583 23.696 7.46845)
(9.70187 6.56525 15.9845)
(23.2214 11.6285 12.2459)
(33.127 12.1768 15.7708)
(33.7067 17.8227 15.9291)
(32.3746 21.3622 16.1099)
(30.1031 18.2597 16.4528)
(25.3971 19.9554 15.9772)
(26.1586 23.9448 15.6078)
(29.3912 24.3455 14.6468)
(13.0811 17.2837 18.3157)
(21.4264 7.2856 2.52184)
(8.56295 4.22324 3.0648)
(4.91294 5.03103 2.43288)
(8.15736 2.93184 12.4747)
(21.5777 6.13826 10.1532)
(20.9809 5.8958 6.13795)
(20.7922 4.76966 16.6628)
(32.9156 20.1939 6.42384)
(32.8629 22.7183 9.63957)
(33.5595 16.5605 12.1295)
(33.3282 24.7892 11.3464)
(32.9422 24.4521 14.4431)
(30.1547 10.9836 2.47796)
(27.2444 11.041 2.09947)
(26.8663 11.8235 27.9992)
(32.9175 12.121 27.1769)
(29.0786 24.4258 10.8553)
(27.6884 11.4367 16.8373)
(30.0012 12.4899 25.6376)
(30.5341 12.2221 17.2363)
(27.8169 11.4643 4.57855)
(27.949 11.1342 7.4623)
(30.1531 11.6902 5.16731)
(30.5694 11.7328 8.0041)
(33.066 59.7956 2.74751)
(32.9003 65.0306 4.3174)
(29.0711 64.3874 3.20813)
(32.67 69.2871 3.12875)
(33.0588 64.3658 7.49096)
(31.6285 61.5174 6.95275)
(28.2434 60.5246 6.16508)
(29.8529 61.0566 2.48748)
(23.9418 60.1518 2.81735)
(21.1997 60.0215 4.74739)
(17.9082 59.9403 2.94459)
(24.5724 65.6916 2.47995)
(23.2291 70.0583 2.97832)
(24.7429 60.3146 7.01268)
(24.4885 60.4266 10.9064)
(27.189 68.3369 3.5507)
(28.6152 71.7339 8.22089)
(29.74 64.5888 7.16447)
(29.4527 61.2204 11.2018)
(32.3702 68.935 10.0566)
(33.371 64.0508 10.7786)
(33.3865 60.301 11.4638)
(33.6779 61.5097 14.2423)
(21.5359 60.3171 12.0885)
(16.8297 60.4743 11.8919)
(23.2833 64.4533 9.67624)
(20.0805 60.2491 15.4018)
(27.1735 63.0218 9.45828)
(25.1178 70.1049 10.9461)
(26.2258 65.0766 16.5726)
(24.7186 59.8965 15.1525)
(30.2045 65.3039 11.3599)
(28.5659 71.7185 11.4975)
(29.4327 60.6708 15.0122)
(33.4769 68.73 14.5712)
(33.1081 65.2644 13.9083)
(30.6213 24.1675 18.6885)
(31.7471 24.835 24.4914)
(32.7724 41.9741 22.5405)
(28.8698 24.2476 3.1596)
(33.883 23.0432 6.88196)
(25.5281 24.5579 10.554)
(20.5141 73.3466 4.86329)
(16.8924 73.8305 2.70845)
(21.0455 76.8166 4.32933)
(20.7195 76.452 7.28685)
(20.4678 80.9787 5.54937)
(20.8782 71.5978 11.8525)
(21.457 71.6555 16.6002)
(24.6931 70.2278 15.157)
(29.3041 69.5206 15.0063)
(20.193 77.2365 14.5767)
(15.8747 75.4896 14.4611)
(20.5518 66.4533 4.16922)
(17.2422 67.7939 2.60602)
(23.7318 70.6408 6.94069)
(33.4083 47.4588 20.2116)
(34.2717 25.3327 5.54916)
(25.0773 60.5485 19.3623)
(22.1105 61.3065 19.7514)
(24.9589 64.8927 19.8534)
(33.0749 25.9377 20.9986)
(34.0309 50.2404 20.792)
(33.7239 39.1134 20.1367)
(34.0409 58.8488 8.57178)
(34.1169 59.2001 14.2213)
(33.9298 62.8403 2.6324)
(32.5595 50.0083 34.2152)
(32.7803 71.3264 6.50947)
(32.723 72.1 16.3898)
(25.0938 70.8395 19.0242)
(32.91 71.7914 20.4067)
(33.3158 65.815 1.88216)
(32.2476 72.6196 26.7882)
(25.8598 65.7298 6.28844)
(16.9743 65.3108 7.30049)
(33.8929 36.6157 21.4747)
(33.7454 61.3671 8.69142)
(33.691 58.8702 22.032)
(33.2687 18.106 29.9443)
(32.7676 34.7834 25.0613)
(33.4761 71.6962 12.7417)
(34.1443 15.1569 14.562)
(33.1042 15.0554 17.3034)
(33.4046 21.8645 30.2282)
(33.1137 51.4384 30.4606)
(33.8893 61.5436 30.4142)
(33.4043 63.0186 16.4684)
(33.6802 63.9236 21.4722)
(33.4907 19.4316 12.4644)
(33.5727 42.4489 26.0508)
(32.6675 18.6294 9.27876)
(33.5424 26.288 29.415)
(33.3723 19.462 18.6157)
(33.6782 31.6404 25.5533)
(32.4784 58.612 25.7332)
(33.6875 66.8722 24.3702)
(32.6054 19.1575 22.0402)
(20.9538 73.7698 24.8558)
(20.5052 72.9026 20.6053)
(21.3287 82.0105 2.31802)
(17.0572 77.009 3.05924)
(11.577 75.9469 3.24253)
(12.9421 72.5016 3.04131)
(16.9968 80.9569 3.27532)
(17.9289 78.3743 6.62455)
(18.7466 72.4164 8.17624)
(20.0766 76.2753 10.8254)
(20.1517 70.2005 5.66183)
(17.5216 68.3161 5.96568)
(21.6864 76.86 1.76851)
(13.8099 77.0626 7.81578)
(9.04145 77.1837 10.9947)
(6.33692 75.694 6.41878)
(7.78402 80.2346 6.75837)
(12.3691 80.7014 8.67126)
(11.2206 80.2712 13.403)
(12.6962 72.7194 9.78622)
(14.2473 68.6472 7.82266)
(13.5294 77.1294 11.7606)
(12.3261 77.6032 16.7451)
(16.4171 80.9032 7.4606)
(18.8296 81.0425 12.2699)
(16.8875 73.1458 11.6166)
(16.7963 68.1797 11.8912)
(17.4891 64.135 10.6142)
(17.9831 72.9357 16.1257)
(20.3378 74.273 13.9258)
(7.69259 74.4347 15.3311)
(3.00435 74.2243 15.4576)
(7.8625 69.6218 18.0745)
(7.68477 72.9909 9.32738)
(13.6709 74.4084 19.9515)
(16.5586 64.1753 15.0807)
(21.521 68.0392 18.7494)
(21.167 75.6305 17.5924)
(8.09273 73.9497 23.36)
(8.58616 80.9259 2.94086)
(11.8963 79.1157 2.68575)
(22.0399 79.4254 2.36471)
(21.555 82.1049 8.7087)
(9.14201 81.3484 11.5347)
(21.0099 79.3168 17.0062)
(2.63848 69.215 23.0435)
(4.47121 72.9312 25.9867)
(3.82657 73.1603 19.3169)
(5.49759 78.0185 16.211)
(5.71374 80.8674 11.1083)
(4.02663 80.0372 6.25123)
(8.60791 80.3128 15.6886)
(3.54172 66.0267 15.297)
(3.83782 65.9484 10.6726)
(2.93396 70.8456 11.6642)
(3.55316 77.4967 10.1226)
(5.40291 80.4409 2.60568)
(5.12553 77.6646 4.00549)
(8.28629 76.656 19.4344)
(4.01303 68.4845 19.2336)
(5.68665 64.3302 18.1448)
(8.62315 64.9376 14.5314)
(16.3774 79.6512 15.7748)
(6.73662 68.3198 24.7547)
(7.4798 33.7311 47.0828)
(3.16986 26.0058 47.0395)
(8.07118 47.249 47.5121)
(3.11099 28.8204 47.1503)
(3.07708 45.6009 46.8155)
(2.72967 51.271 48.2048)
(6.9599 29.7204 46.9623)
(6.1563 27.0203 47.7092)
(4.27767 10.2869 15.2608)
(6.1497 15.1102 16.3023)
(3.5336 7.02019 19.4882)
(3.77217 7.92225 11.0822)
(3.85225 3.12813 12.5085)
(4.08098 3.31378 8.07185)
(8.07076 7.74765 12.2492)
(3.41178 11.0096 19.7451)
(2.85539 15.1347 21.688)
(4.05468 10.0872 23.7955)
(11.302 16.531 14.0904)
(10.3251 14.5025 23.5995)
(8.5377 10.1399 25.2381)
(5.72019 15.2912 24.218)
(9.79168 16.7685 18.6066)
(9.31954 21.226 19.2637)
(4.31649 8.32491 3.70298)
(5.17419 12.1559 3.39089)
(4.9325 11.9155 7.49956)
(4.35231 16.8602 11.1155)
(8.32396 18.2709 8.69743)
(10.2848 22.3768 8.1028)
(6.3027 17.5935 3.31292)
(3.86902 22.465 3.33069)
(4.15625 20.5671 7.86708)
(7.85657 22.9088 4.26918)
(4.03574 22.1466 12.1705)
(12.6945 23.43 3.6627)
(16.4767 20.4302 2.87242)
(16.1709 24.3242 3.00785)
(15.7297 21.9178 7.07166)
(15.4683 24.2263 14.6444)
(2.18549 5.57949 2.73417)
(2.50392 17.5367 2.83001)
(2.84382 2.4898 2.2103)
(22.9981 22.3787 2.28018)
(9.08189 21.487 12.9299)
(13.3259 21.159 14.1345)
(26.7019 21.8373 3.06554)
(2.79698 14.192 2.63946)
(34.0611 15.4952 2.02117)
(19.252 9.31947 2.05052)
(21.3146 14.7078 2.22061)
(8.84257 24.1921 15.8344)
(5.86341 20.2956 16.0541)
(5.17991 27.7801 20.4103)
(19.4349 23.4303 15.6721)
(17.7402 24.2183 18.9505)
(12.5547 20.1112 17.2707)
(13.3562 40.8231 22.7854)
(12.0306 27.0179 20.4911)
(22.1598 26.5574 21.0117)
(27.0754 26.8792 20.856)
(2.20897 24.4259 1.95635)
(2.31577 24.4925 10.1248)
(27.9304 24.801 17.4908)
(23.2006 23.9957 16.6176)
(2.95728 24.0732 6.45498)
(32.0992 24.8715 6.69034)
(18.0301 24.123 5.37207)
(26.9835 24.8787 13.2029)
(22.929 23.7906 9.22381)
(4.24754 48.9221 22.3911)
(7.7017 52.326 22.1787)
(3.41263 52.4989 24.3302)
(12.0138 60.0116 16.5277)
(8.05783 60.218 15.9844)
(4.2159 61.3351 15.4249)
(2.95124 60.8791 11.3769)
(4.93069 60.1121 6.83883)
(11.9663 60.2881 9.90957)
(12.9824 59.8759 5.59275)
(6.56815 60.1471 10.1494)
(8.18389 66.0313 8.54124)
(8.87 60.9517 7.00996)
(9.46444 60.0586 3.19412)
(5.81737 59.9351 18.3274)
(4.79164 64.4563 7.05355)
(5.11604 64.6367 3.22787)
(6.25608 60.014 2.94858)
(15.9489 63.7741 18.9679)
(13.2727 69.2114 12.1155)
(11.6356 65.5596 6.09335)
(13.3496 64.8944 3.01002)
(16.8467 60.8384 7.11655)
(21.9871 57.9139 21.3263)
(31.1899 56.7465 20.5951)
(2.71359 33.1914 20.5466)
(9.12118 55.9955 20.4996)
(19.6432 55.0383 20.4117)
(14.4387 29.5597 20.2256)
(19.7029 29.6253 20.6136)
(30.2021 29.193 20.4523)
(7.86966 31.1606 20.4094)
(5.61773 46.4389 20.2068)
(5.57339 36.4972 20.0851)
(17.9381 33.3834 20.133)
(31.721 40.9428 20.1996)
(25.4487 49.0397 20.5209)
(20.9631 35.2107 20.271)
(14.2035 47.1613 21.1449)
(21.14 48.0545 20.7413)
(22.3527 38.3484 20.9586)
(28.9281 39.4285 20.4087)
(13.6237 38.3293 20.1821)
(20.4186 43.2146 21.219)
(17.4089 46.0139 20.9612)
(15.7277 41.8449 20.729)
(10.3936 40.8422 20.0366)
(8.55709 64.457 4.28313)
(4.46501 69.3033 4.02115)
(16.9372 64.2224 3.508)
(14.4035 69.3786 4.09271)
(21.2247 60.3142 7.79381)
(2.27484 59.5252 17.1356)
(34.0048 59.3168 17.1731)
(8.16734 68.7748 3.00605)
(8.93783 72.6542 2.70686)
(8.36712 69.6548 7.80127)
(3.20158 59.4014 3.13996)
(31.5437 59.6402 16.7403)
(31.5382 59.3498 13.1596)
(5.0884 69.128 8.41913)
(3.09302 72.8306 7.13071)
(9.73908 60.0713 13.0809)
(31.1818 59.2862 8.82559)
(27.2998 60.0821 12.5823)
(13.998 59.4243 13.1551)
(27.3875 59.3004 9.56966)
(5.04682 72.6586 3.03299)
(2.45625 81.0232 2.52438)
(1.92264 63.8702 2.47565)
(2.68855 74.9241 3.58608)
(11.1591 81.7575 2.15206)
(13.7598 81.3175 1.98068)
(2.4484 66.4647 3.4041)
(21.8175 73.8394 2.07616)
(26.9035 72.2734 2.26686)
(3.04228 77.3767 1.98184)
(30.035 71.3847 2.86135)
(3.73521 61.9807 2.04361)
(19.4972 75.1512 2.39558)
(19.4777 79.0497 2.2838)
(26.1661 62.5639 3.0372)
(19.2375 71.1874 2.68487)
(11.2267 63.0269 3.09426)
(5.94679 75.4801 2.37252)
(30.2728 67.4464 2.4365)
(7.70371 62.8688 2.03429)
(14.5229 61.8197 2.66904)
(21.5998 62.8146 2.84)
(14.6016 78.1354 2.31193)
(14.1669 74.8452 2.09622)
(10.9361 66.5258 2.59099)
(14.2291 67.3283 2.26551)
(11.7508 69.5738 2.37074)
(1.78187 81.6773 5.74716)
(10.7696 81.5903 5.24827)
(13.5917 81.2188 4.61593)
(14.1216 81.3981 13.4221)
(2.80672 57.5922 20.262)
(2.32761 78.4965 4.06399)
(1.86344 47.3459 20.2591)
(2.2159 23.01 45.7378)
(2.41573 67.6108 34.8072)
(2.34631 49.3203 46.4379)
(3.41491 20.6642 41.8328)
(3.01948 78.0019 18.5293)
(3.3183 80.9705 13.8794)
(2.25167 46.4078 24.5672)
(2.21704 10.0926 5.41733)
(2.79039 15.6489 6.61858)
(3.0996 63.8799 38.8038)
(3.19421 12.7644 27.5015)
(2.51337 19.5374 35.6775)
(2.1234 28.2197 44.3078)
(3.09031 53.3326 45.8118)
(2.8157 37.5291 44.5855)
(2.30377 63.8583 12.7587)
(2.5087 64.2675 18.1865)
(2.17254 43.2955 44.9613)
(2.6426 21.7538 16.0003)
(2.41195 67.9704 6.364)
(2.67009 33.5516 41.3118)
(2.61535 51.9258 42.4845)
(2.38679 68.889 26.9403)
(2.59466 18.1986 14.3837)
(2.83531 17.7024 17.8852)
(1.88534 67.3061 20.1858)
(2.05996 41.8664 28.5181)
(2.00791 25.3839 33.3208)
(3.00679 51.745 35.4001)
(2.38869 29.0458 33.4793)
(2.94321 54.9955 34.4274)
(22.8873 15.5681 34.6706)
(16.5343 65.7971 33.1289)
(19.6105 25.765 34.4111)
(25.0775 25.2022 34.2101)
(23.5193 22.5702 34.4633)
(25.4786 51.9712 34.4051)
(7.18005 21.3088 42.6161)
(7.25101 44.9786 42.6675)
(7.17741 47.8335 41.2291)
(7.47021 47.1997 37.9549)
(33.5474 59.2627 6.2838)
(31.1538 59.4205 4.9187)
(33.7581 61.464 5.50494)
(33.987 14.3623 9.98362)
(31.1176 14.7161 9.74289)
(33.2862 13.8085 12.6882)
(32.911 19.8555 33.291)
(32.7279 69.0894 31.765)
(33.8175 63.1978 28.2394)
(27.3624 72.0827 5.15538)
(20.6191 79.5133 8.80232)
(21.3876 76.6237 20.9578)
(18.7094 76.398 23.0891)
(24.3233 72.3008 22.9697)
(3.90476 76.1635 22.1829)
(17.1092 77.1492 19.3548)
(14.5264 72.985 28.061)
(14.3561 76.0706 23.4085)
(12.015 71.9633 29.382)
(11.2411 76.7957 22.0088)
(1.79259 23.4318 48.2168)
(4.53924 23.7528 48.0666)
(5.22632 2.42076 4.32115)
(8.05601 2.25926 5.12755)
(2.59731 2.90456 5.19442)
(30.9945 16.2467 2.33803)
(4.45968 53.8816 20.7066)
(31.3695 49.8628 20.3155)
(27.153 43.8949 20.9821)
(30.3894 46.0835 20.8047)
(29.628 42.8476 20.1712)
(27.2195 34.8665 20.6239)
(30.3564 36.6259 20.3297)
(25.7895 38.269 20.6849)
(7.87736 39.0516 20.2478)
(24.1937 41.707 20.3562)
(2.17104 59.2649 5.7059)
(3.03244 62.3228 4.89101)
(31.7154 63.6854 2.07303)
(2.77222 81.5957 8.51878)
(2.18453 19.2036 5.31763)
(2.18783 71.4653 28.7771)
(2.39113 70.382 16.1598)
(2.42322 13.622 17.479)
(2.29947 45.0226 36.3646)
(6.10276 21.7878 34.0661)
(14.4729 26.4926 29.2946)
(14.1301 12.4955 22.1532)
(13.5814 15.8202 21.2366)
(13.5395 14.2255 18.0321)
(15.1558 17.798 12.6999)
(26.4228 37.0567 28.2589)
(22.0412 42.5372 28.6063)
(18.842 21.6237 20.6554)
(27.0142 21.6012 12.2193)
(21.7598 20.6401 15.358)
(33.8988 22.314 12.8841)
(31.0557 25.2147 12.6196)
(13.6577 42.9045 28.7507)
(13.2145 37.9037 33.676)
(2.67425 29.4491 29.522)
(18.9666 46.1792 28.5427)
(5.72473 45.1521 32.1533)
(2.95659 37.5763 28.7962)
(4.59117 37.2556 33.666)
(14.0911 50.7243 29.1041)
(7.14792 12.928 27.5932)
(13.9172 10.5312 18.317)
(7.56455 9.99408 18.2648)
(10.9438 9.00853 18.3766)
(11.7514 9.21918 22.31)
(26.7509 61.4576 29.2435)
(18.4633 61.2908 29.3636)
(20.8489 66.0867 30.3965)
(11.598 62.4529 28.2168)
(15.0272 62.4216 26.9526)
(13.2419 61.4909 33.3492)
(7.79951 18.4088 22.4902)
(11.9457 19.1759 21.8508)
(5.88146 17.6814 19.7281)
(16.1407 26.1115 21.1329)
(11.4137 31.5791 21.5657)
(8.64163 34.9713 21.0801)
(6.59797 28.7709 25.0198)
(14.498 66.7506 21.0933)
(6.65235 51.2871 29.1616)
(10.3541 52.1943 30.1399)
(6.80802 55.3247 30.3359)
(6.11052 51.5211 25.7437)
(4.49159 74.5228 12.0459)
(5.24749 71.0585 15.3751)
(7.56517 42.8364 20.5514)
(11.4658 44.0285 20.8745)
(11.2153 53.5664 20.8335)
(14.8966 55.4603 20.6875)
(6.54562 56.6106 38.8301)
(2.93113 62.5588 34.0825)
(7.08422 63.6717 34.4597)
(2.39398 55.7752 26.2413)
(6.65094 54.9796 26.2148)
(2.8449 56.2506 30.7068)
(5.46101 64.8725 30.279)
(11.6398 58.6825 21.5537)
(6.04138 63.1799 24.9929)
(22.8556 12.3387 28.1448)
(26.6599 15.1193 26.0608)
(27.4652 17.9271 22.6441)
(27.6496 23.0667 25.7908)
(27.0552 24.0951 30.0206)
(15.9329 13.2166 26.5079)
(19.2548 14.3437 26.6405)
(16.1434 17.4855 26.545)
(15.9684 12.9319 30.4867)
(27.7051 31.3452 29.5059)
(29.1243 38.8721 26.9625)
(32.3075 40.0281 25.7357)
(24.1561 47.5308 34.3194)
(27.5039 62.9372 25.465)
(29.6389 67.355 25.7429)
(27.153 58.8914 24.9499)
(27.4542 59.0197 20.9903)
(27.5447 67.8554 20.1163)
(32.0052 67.688 21.6688)
(27.717 46.6349 27.4134)
(31.2 47.1121 26.644)
(14.6206 30.6309 25.3874)
(18.8975 30.696 26.6598)
(16.1923 37.122 25.3836)
(26.525 54.8487 25.7307)
(19.4843 14.8461 22.0472)
(19.7843 18.087 22.7602)
(20.18 14.952 16.994)
(27.3124 31.4906 25.5733)
(22.489 23.1172 22.0373)
(15.9504 62.1792 22.2415)
(27.2803 62.2929 21.72)
(23.7637 68.7965 22.295)
(19.9682 63.4491 12.8537)
(20.2779 67.4955 13.9948)
(19.4285 63.4057 18.7526)
(26.9957 30.8383 21.3775)
(23.5078 34.9671 22.3917)
(23.789 29.2259 20.9996)
(23.8642 31.8534 20.2631)
(15.2298 10.9252 5.81508)
(15.6129 6.41547 9.7135)
(16.3323 9.81713 9.4698)
(26.7681 19.0431 6.18529)
(21.8039 16.0059 9.43553)
(25.8383 16.0848 9.4987)
(10.9611 10.8744 4.4829)
(11.6629 19.7544 11.3867)
(14.4697 20.2474 10.2883)
(10.0069 14.6218 6.63304)
(27.1415 16.4366 13.7794)
(31.3943 16.2452 14.1725)
(28.3759 15.2975 17.3857)
(27.1138 69.1592 6.96735)
(30.4152 68.1032 5.93022)
(28.1597 67.4563 9.82699)
(20.4093 63.0386 9.82639)
(20.2008 67.2017 9.23899)
(19.1015 60.6032 9.96438)
(19.642 63.2477 6.62435)
(31.0695 62.4976 9.40826)
(27.0854 64.2895 13.0728)
(17.7265 75.4726 5.51638)
(16.5137 78.5352 10.912)
(16.599 75.3587 8.79396)
(10.3395 74.5475 6.26885)
(14.4787 74.585 5.37667)
(10.7145 78.4172 5.90968)
(2.74063 76.6451 6.44287)
(10.6529 67.765 6.99912)
(14.7295 66.4932 5.22481)
(8.31635 67.1661 5.63473)
(11.2614 70.8757 6.00724)
(12.0502 67.9158 4.62387)
(10.7761 73.1147 13.6809)
(10.7622 68.6332 14.5978)
(11.0419 72.2444 18.1522)
(10.5926 68.0889 21.5891)
(6.9032 66.2693 20.8709)
(2.74284 5.3518 15.4415)
(6.28744 5.11909 16.5508)
(14.1828 64.3199 8.9133)
(8.82525 63.0564 10.6195)
(11.0879 67.2969 10.0555)
(11.0365 63.3356 7.77347)
(2.68326 10.1575 2.12613)
)


// ************************************************************************* //
