/*--------------------------------*- C++ -*----------------------------------*\
  =========                 |
  \\      /  F ield         | OpenFOAM: The Open Source CFD Toolbox
   \\    /   O peration     | Website:  https://openfoam.org
    \\  /    A nd           | Version:  7
     \\/     M anipulation  |
\*---------------------------------------------------------------------------*/
FoamFile
{
    version     2.0;
    format      ascii;
    class       labelList;
    note        "nPoints: 3082 nCells: 2836 nFaces: 10051 nInternalFaces: 4129";
    location    "constant/polyMesh";
    object      neighbour;
}
// * * * * * * * * * * * * * * * * * * * * * * * * * * * * * * * * * * * * * //


4129
(
421
307
421
305
422
423
456
424
457
425
458
426
459
427
460
428
461
429
462
430
463
431
464
432
465
433
466
434
467
435
468
436
469
437
470
438
471
439
472
286
23
514
23
25
919
25
27
517
27
29
518
29
31
520
31
33
522
33
35
524
35
37
526
37
39
528
39
41
530
41
43
532
43
45
534
45
47
536
47
49
538
49
51
540
51
53
542
53
55
544
55
57
546
57
59
548
59
61
550
61
63
552
63
65
554
65
67
556
67
69
558
69
71
560
71
73
562
73
75
564
75
77
566
77
79
568
79
81
570
81
83
572
83
85
574
85
87
576
87
89
578
89
91
580
91
93
582
93
95
584
95
98
586
97
98
120
588
286
331
308
487
312
440
441
489
442
488
443
486
444
473
445
474
446
475
447
476
448
477
449
478
450
479
451
480
452
481
453
482
454
483
455
484
313
485
194
120
122
589
122
124
618
124
126
620
126
128
622
128
130
624
130
132
626
132
134
628
134
136
630
136
138
632
138
140
634
140
142
636
142
144
638
144
146
640
146
148
642
148
150
644
150
152
646
152
154
648
154
156
650
156
158
652
158
160
654
160
162
656
162
164
658
164
166
660
166
168
662
168
170
664
170
172
666
172
174
668
174
176
670
176
178
672
178
180
674
180
182
676
182
184
678
184
186
680
186
188
682
188
190
684
190
192
686
192
195
826
194
195
310
516
330
332
332
333
333
334
334
335
335
336
336
337
337
338
338
339
339
340
340
341
341
342
342
343
343
344
344
345
345
346
346
347
347
348
348
349
349
350
350
351
351
352
352
353
353
354
354
355
355
356
356
357
330
357
358
378
358
359
359
360
360
361
361
362
362
363
363
364
364
365
365
366
366
367
367
368
368
369
369
370
370
371
371
372
372
373
373
374
374
375
375
376
376
377
377
378
379
420
379
380
380
381
381
382
382
383
383
384
384
385
385
386
386
387
387
388
388
389
389
390
390
391
391
392
392
393
393
394
394
395
395
396
396
397
397
398
398
399
399
400
400
401
401
402
402
403
403
404
404
405
405
406
406
407
407
408
408
409
409
410
410
411
411
412
412
413
413
414
414
415
415
416
416
417
417
418
418
419
419
420
511
305
307
422
456
423
457
424
458
425
459
426
460
427
461
428
462
429
463
430
464
431
465
432
466
433
467
434
468
435
469
436
470
437
471
438
472
510
439
511
512
309
490
312
313
331
487
592
515
440
489
441
488
442
486
443
473
444
474
445
475
446
476
447
477
448
478
449
479
450
480
451
481
452
482
453
483
454
484
455
485
616
836
617
688
691
692
693
694
695
696
697
698
699
700
701
702
703
704
705
706
707
708
709
710
711
712
713
714
715
717
718
719
720
721
722
723
724
725
726
727
728
729
730
731
732
733
734
735
736
716
737
738
739
740
741
742
743
744
745
746
747
748
749
750
751
752
753
754
755
756
757
758
759
760
761
762
763
764
765
766
767
768
769
770
771
772
773
774
775
776
777
514
800
492
493
494
495
496
497
498
499
500
501
502
503
504
505
506
507
508
491
689
809
595
811
812
806
814
815
816
817
818
819
820
821
822
612
781
782
783
784
785
786
787
788
789
790
791
792
793
794
795
796
509
599
600
601
602
603
604
605
606
607
608
609
610
614
597
591
808
593
598
594
807
613
804
803
960
799
959
798
958
848
957
847
956
846
955
845
954
844
953
843
952
842
951
841
950
840
949
839
948
838
947
837
946
779
835
596
825
513
945
779
513
778
993
778
516
611
990
519
801
519
521
989
521
523
995
523
525
997
525
527
999
527
529
1001
529
531
1003
531
533
1005
533
535
1007
535
537
1009
537
539
1011
539
541
1013
541
543
1015
543
545
1017
545
547
1019
547
549
1021
549
551
1023
551
553
1025
553
555
1027
555
557
1029
557
559
1031
559
561
1033
561
563
1035
563
565
1037
565
567
1039
567
569
1041
569
571
1043
571
573
1045
573
575
1047
575
577
1049
577
579
1051
579
581
1053
581
583
1055
583
585
1057
585
587
1059
587
590
1061
589
590
619
1063
690
810
593
594
1296
1292
596
615
1067
598
797
1069
964
965
805
962
813
944
943
966
942
961
834
941
833
940
832
939
831
938
830
937
829
936
611
822
1257
613
935
1086
615
963
1088
780
823
780
824
619
621
1064
621
623
1091
623
625
1093
625
627
1095
627
629
1097
629
631
1099
631
633
1101
633
635
1103
635
637
1105
637
639
1107
639
641
1109
641
643
1111
643
645
1113
645
647
1115
647
649
1117
649
651
1119
651
653
1121
653
655
1123
655
657
1125
657
659
1127
659
661
1129
661
663
1131
663
665
1133
665
667
1135
667
669
1137
669
671
1139
671
673
1141
673
675
1143
675
677
1145
677
679
1147
679
681
1149
681
683
1151
683
685
1153
685
687
1155
687
1090
1262
824
827
690
828
1253
802
827
802
934
933
934
932
933
931
932
930
931
929
930
928
929
927
928
926
927
925
926
924
925
923
924
922
923
921
922
920
921
918
920
917
918
916
917
915
916
914
915
913
914
912
913
823
912
909
911
889
910
908
909
907
908
906
907
905
906
904
905
903
904
902
903
901
902
900
901
899
900
898
899
897
898
896
897
895
896
894
895
893
894
892
893
891
1209
890
891
890
911
888
889
887
888
886
887
885
886
884
885
883
884
882
883
881
882
880
881
879
880
878
879
877
878
876
877
875
876
874
875
873
874
872
873
871
872
870
871
869
870
868
869
867
868
866
867
865
866
864
865
863
864
862
863
861
862
860
861
859
860
858
859
857
858
856
857
855
856
854
855
853
854
852
853
851
852
850
851
849
850
849
910
919
836
1258
804
960
799
803
798
959
848
958
847
957
846
956
845
955
844
954
843
953
842
952
841
951
840
950
839
949
838
948
837
947
835
946
836
1160
985
971
935
945
919
991
994
1165
969
806
1255
813
808
1072
828
810
963
1068
825
964
962
965
1071
944
966
943
961
834
942
833
941
832
940
831
939
830
938
829
937
936
1085
1189
1157
990
1090
1159
1437
1066
1082
1081
1080
1079
1078
1161
1163
984
983
982
981
1277
1276
1275
1274
1273
1272
1264
972
1251
1250
1249
1248
1247
1246
1245
1244
1243
1242
1241
1240
1239
1238
1237
1236
1235
1234
1233
1232
1231
1230
1229
1228
1227
1226
1225
1224
1223
1222
1221
1220
1219
1218
1217
1216
1215
1214
1213
1212
1191
1210
1209
1370
1208
1207
1206
1205
1204
1203
1202
1201
1200
1199
1198
1197
1196
1195
1194
1193
1192
1190
1252
1211
1188
1187
1186
1185
1184
1183
987
1182
1181
1180
1179
1178
1177
1176
1175
1174
1173
1172
1171
1170
1169
1167
988
1083
1316
1315
1314
1313
1307
1076
1073
1295
970
1284
1282
1281
1280
980
979
978
977
976
975
974
973
1268
1266
968
1075
1271
967
1301
1070
1158
1309
1077
1306
1087
1303
1164
1299
1166
1294
1267
1484
986
1263
1270
1308
1456
1459
1455
1458
1454
1457
1326
1453
1325
1452
1278
1324
1278
1451
1279
1685
1450
1460
1323
1449
986
1283
1693
1269
1285
1287
1305
992
996
1259
992
993
1843
1405
1289
1311
996
998
1483
998
1000
1485
1000
1002
1487
1002
1004
1489
1004
1006
1491
1006
1008
1493
1008
1010
1495
1010
1012
1497
1012
1014
1499
1014
1016
1501
1016
1018
1503
1018
1020
1505
1020
1022
1507
1022
1024
1509
1024
1026
1511
1026
1028
1513
1028
1030
1515
1030
1032
1517
1032
1034
1519
1034
1036
1521
1036
1038
1523
1038
1040
1736
1040
1042
1525
1042
1044
1714
1044
1046
1526
1046
1048
1527
1048
1050
1529
1050
1052
1531
1052
1054
1533
1054
1056
1535
1056
1058
1537
1058
1060
1539
1060
1062
1541
1062
1065
1543
1064
1065
1092
1545
1084
1287
1089
1291
1254
1688
1162
1448
1074
1312
1256
1310
1293
1438
1074
1310
1861
1300
1304
1077
1312
1686
1447
1462
1446
1466
1445
1465
1444
1464
1317
1463
1084
1317
1636
1288
1318
1087
1168
1634
1089
1265
1653
1260
1092
1094
1545
1094
1096
1561
1096
1098
1563
1098
1100
1565
1100
1102
1567
1102
1104
1569
1104
1106
1571
1106
1108
1573
1108
1110
1575
1110
1112
1577
1112
1114
1579
1114
1116
1581
1116
1118
1583
1118
1120
1585
1120
1122
1587
1122
1124
1589
1124
1126
1591
1126
1128
1593
1128
1130
1595
1130
1132
1597
1132
1134
1599
1134
1136
1601
1136
1138
1603
1138
1140
1605
1140
1142
1607
1142
1144
1609
1144
1146
1611
1146
1148
1613
1148
1150
1615
1150
1152
1617
1152
1154
1619
1154
1156
1621
1156
1290
1763
1158
1291
1997
1311
1321
1161
1162
1299
1469
1164
1302
1554
1166
1298
1628
1168
1461
1637
1289
1320
1320
1436
1434
1435
1432
1433
1430
1431
1428
1429
1426
1427
1424
1425
1422
1423
1420
1421
1418
1419
1416
1417
1414
1415
1286
1413
1269
1439
1412
1439
1412
1441
1410
1440
1409
1410
1367
1408
1322
1406
1267
1442
1327
1404
1401
1402
1399
1400
1397
1398
1395
1396
1394
1395
1393
1394
1391
1392
1389
1390
1387
1388
1385
1386
1383
1384
1381
1382
1379
1380
1377
1378
1375
1376
1373
1374
1371
1372
1369
1368
1404
1319
1366
1364
1365
1363
1364
1362
1363
1361
1362
1360
1361
1359
1360
1358
1359
1357
1358
1356
1357
1356
1653
1626
1627
1355
1626
1354
1355
1353
1354
1352
1353
1351
1352
1350
1351
1349
1350
1348
1349
1347
1348
1346
1347
1345
1346
1344
1345
1343
1344
1342
1343
1341
1342
1340
1341
1339
1340
1338
1339
1337
1338
1336
1337
1335
1336
1334
1335
1333
1334
1332
1333
1331
1332
1330
1331
1329
1330
1328
1329
1328
1678
1327
1403
1254
1443
1720
1256
1300
1680
1259
1305
1288
1407
1261
1261
1262
1684
1290
1264
1623
1270
1271
1356
1298
1303
1451
1283
1294
1471
1630
1688
1308
1459
1456
1458
1455
1457
1326
1454
1325
1453
1324
1452
1484
1280
1442
1451
1460
1685
1323
1450
1481
1302
1449
1286
1730
1765
1642
1683
1625
1641
1627
1293
1297
1733
1550
1405
1461
1297
1448
1740
1739
1468
1624
1304
1309
1745
1482
1698
1549
1307
1691
1462
1556
1732
1552
1687
1689
1447
1466
1446
1465
1445
1464
1444
1463
1750
1319
1866
1756
1647
1322
1859
1758
1721
1480
1712
1478
1477
1717
1719
1677
1676
1675
1674
1673
1672
1671
1670
1669
1668
1667
1666
1665
1664
1663
1662
1661
1695
1660
1659
1658
1657
1656
1655
1654
1731
1696
1724
1652
1651
1650
1649
1718
1844
1442
1648
1367
1757
1774
1369
1840
1776
1371
1777
1778
1373
1779
1780
1375
1781
1782
1377
1783
1784
1379
1785
1786
1381
1787
1788
1383
1789
1790
1385
1791
1792
1387
1793
1794
1389
1795
1796
1391
1797
2004
1393
2021
1798
1646
1842
1397
1751
1706
1399
1728
1801
1401
1802
2005
1403
2014
1856
1679
1843
1407
1759
1805
1409
1775
1807
1411
1808
2008
1645
1414
1766
1810
1416
1811
1812
1418
1813
1814
1420
1815
1816
1422
1817
1818
1424
1819
1820
1426
1821
1822
1428
1823
1824
1430
1825
1826
1432
1827
1828
1434
1829
1830
1436
1831
1832
1438
1443
1640
1862
1441
2037
1837
1723
1632
1754
1753
1705
1553
1548
1700
1699
1711
1710
1475
1707
1472
1474
1473
1703
1479
1470
1467
1560
1559
1558
1633
1749
1469
1555
1553
1692
1727
1715
1735
1476
1747
1557
1746
1708
1752
1476
1708
2059
1659
1660
1702
1729
1638
1854
1678
1717
1551
1760
1635
1857
1486
1872
1678
1486
1488
1874
1488
1490
1875
1490
1492
1877
1492
1494
1879
1494
1496
1881
1496
1498
1883
1498
1500
1885
1500
1502
1887
1502
1504
1889
1504
1506
1891
1506
1508
1893
1508
1510
1895
1510
1512
1897
1512
1514
1899
1514
1516
1901
1516
1518
1903
1518
1520
2047
1520
1522
1905
1522
1524
1743
1524
1851
1834
1713
1734
1528
1726
1528
1530
2043
1530
1532
1908
1532
1534
1909
1534
1536
1911
1536
1538
1913
1538
1540
1915
1540
1542
1917
1542
1544
1919
1544
1547
1921
1547
2517
2583
2820
2162
1725
1761
1644
1738
1551
1629
1871
1682
1863
1741
1555
1748
1931
1557
1631
1932
1704
1751
1755
1850
1697
1934
1564
2162
2583
2834
2835
1564
1566
1936
1566
1568
1937
1568
1570
1939
1570
1572
1941
1572
1574
1943
1574
1576
1945
1576
1578
1947
1578
1580
1949
1580
1582
1951
1582
1584
1953
1584
1586
1955
1586
1588
1957
1588
1590
1959
1590
1592
1961
1592
1594
1963
1594
1596
1965
1596
1598
1967
1598
1600
1969
1600
1602
1971
1602
1604
1973
1604
1606
1975
1606
1608
1977
1608
1610
1979
1610
1612
1981
1612
1614
1983
1614
1616
1985
1616
1618
1987
1618
1620
1989
1620
1622
1991
1622
1935
1993
1694
1744
1681
1722
1764
1860
1997
1653
1629
1762
1999
1631
1744
2002
1633
1697
2108
1635
1639
2009
1643
1853
1638
1639
2127
2081
1701
1852
1684
1835
1643
1644
2063
2150
1743
1834
2024
2280
1764
1833
1685
1844
1725
1845
1716
1845
1716
1841
1701
1841
1722
1848
1846
1848
1839
1846
1838
1839
1838
1855
1856
1679
1709
1737
1709
1836
1809
1836
1804
1809
1803
1804
1800
1803
1799
1800
1773
1799
1772
1773
1771
1772
1770
1771
1769
1770
1768
1769
1768
1847
1767
1847
1767
1849
1702
1849
1695
1681
1682
2309
2142
1806
1865
1738
1690
1867
1858
1860
1696
1690
1864
2038
1692
1867
2040
1694
1760
2041
1737
1720
2138
1722
1731
1712
1717
1703
1718
1723
1711
1844
1705
1706
1727
1868
1746
1752
1869
1924
1729
1747
1719
1719
1714
1715
1726
1730
1930
1721
1724
1725
1724
1870
1868
1868
2040
2016
1870
1732
1997
1742
1852
1735
1736
1862
1851
1840
2027
1762
1857
1741
1742
1931
1930
1837
1906
1748
1761
1929
2099
2400
1750
1927
1853
1753
2017
1850
1755
1934
2024
1757
2161
2076
1759
2159
2078
2061
2022
1995
1835
1935
1996
1766
2045
2266
2011
2035
2034
2033
2032
2031
2030
1775
2077
2084
1777
2406
2086
1779
2087
2088
1781
2136
2089
1783
2135
2090
1785
2134
2091
1787
2128
2092
1789
2133
2093
1791
2146
2095
1793
2137
2096
1795
2132
2097
1797
2130
2098
2138
2280
2012
2029
1802
2156
2052
2015
2028
1806
2079
2101
1808
2085
2103
2013
1811
2292
2104
1813
2105
2106
1815
2107
2109
1817
2110
2111
1819
2112
2113
1821
2114
2115
1823
2116
2117
1825
2118
2119
1827
2120
2121
1829
2122
2123
1831
2124
2125
1833
2126
2278
2020
2066
1923
1905
2044
2026
1926
1852
1850
2024
1854
2022
2036
2025
2309
2016
2020
1907
1872
1856
2019
2006
1859
2295
2158
1998
1863
1864
2020
1873
2069
1866
2102
2160
2023
2018
2055
2045
2001
2163
2046
2060
2149
1876
2046
1876
1878
2315
1878
1880
2168
1880
1882
2169
1882
1884
2171
1884
1886
2173
1886
1888
2175
1888
1890
2177
1890
1892
2179
1892
1894
2181
1894
1896
2183
1896
1898
2185
1898
1900
2187
1900
1902
2189
1902
1904
2190
1904
2165
2080
2157
2042
2065
1928
2062
1910
2155
1910
1912
2308
1912
1914
2194
1914
1916
2195
1916
1918
2197
1918
1920
2199
1920
1922
2201
1922
2206
2203
1925
2057
1925
1926
2443
2406
1928
2277
2286
1933
2068
2094
2400
1933
2003
2210
2280
2048
1938
2075
1938
1940
2212
1940
1942
2215
1942
1944
2216
1944
1946
2218
1946
1948
2220
1948
1950
2222
1950
1952
2224
1952
1954
2226
1954
1956
2228
1956
1958
2230
1958
1960
2232
1960
1962
2234
1962
1964
2236
1964
1966
2238
1966
1968
2240
1968
1970
2242
1970
1972
2244
1972
1974
2246
1974
1976
2248
1976
1978
2250
1978
1980
2252
1980
1982
2254
1982
1984
2256
1984
1986
2257
1986
1988
2330
1988
1990
2258
1990
1992
2259
1992
1994
2260
1994
2049
2261
2000
2007
2211
2265
2267
2291
2000
2001
2352
2349
2003
2065
2262
2021
2129
2014
2051
2007
2010
2328
2037
2050
2010
2082
2209
2054
2074
2067
2139
2056
2140
2019
2083
2141
2054
2018
2068
2299
2044
2277
2094
2039
2164
2074
2147
2058
2145
2066
2150
2140
2141
2067
2083
2139
2144
2143
2154
2152
2153
2071
2151
2070
2073
2072
2148
2060
2145
2157
2039
2100
2301
2164
2042
2131
2312
2045
2155
2053
2127
2157
2165
2049
2064
2167
2080
2165
2052
2053
2214
2058
2099
2059
2276
2057
2321
2362
2311
2099
2142
2131
2163
2063
2305
2166
2066
2191
2193
2323
2402
2100
2149
2071
2334
2331
2073
2391
2445
2276
2204
2206
2077
2339
2337
2079
2403
2340
2103
2082
2279
2341
2366
2085
2386
2297
2087
2601
2356
2136
2290
2135
2268
2134
2269
2128
2270
2133
2271
2146
2272
2400
2137
2208
2132
2273
2130
2274
2129
2275
2303
2102
2333
2360
2190
2105
2346
2365
2107
2384
2367
2138
2277
2110
2368
2364
2112
2383
2369
2114
2382
2370
2116
2381
2371
2118
2380
2372
2120
2379
2373
2122
2378
2374
2124
2377
2375
2126
2376
2329
2279
2314
2286
2207
2389
2318
2284
2285
2287
2288
2289
2412
2282
2283
2309
2144
2398
2387
2293
2310
2148
2300
2390
2293
2166
2152
2332
2395
2154
2396
2397
2294
2164
2214
2159
2347
2404
2161
2357
2405
2206
2213
2338
2192
2261
2170
2316
2170
2172
2596
2172
2174
2418
2174
2176
2419
2176
2178
2421
2178
2180
2423
2180
2182
2425
2182
2184
2427
2184
2186
2429
2186
2188
2431
2188
2324
2522
2297
2324
2297
2192
2338
2434
2263
2313
2196
2320
2196
2198
2490
2198
2200
2438
2200
2202
2439
2202
2205
2441
2204
2205
2212
2686
2275
2363
2296
2310
2327
2343
2264
2411
2267
2335
2336
2350
2410
2301
2217
2336
2217
2219
2602
2219
2221
2453
2221
2223
2454
2223
2225
2456
2225
2227
2458
2227
2229
2460
2229
2231
2462
2231
2233
2464
2233
2235
2466
2235
2237
2468
2237
2239
2470
2239
2241
2472
2241
2243
2474
2243
2245
2476
2245
2247
2478
2247
2249
2480
2249
2251
2482
2251
2253
2484
2253
2255
2527
2255
2344
2485
2296
2344
2296
2330
2259
2273
2302
2302
2345
2345
2263
2264
2536
2559
2278
2326
2292
2294
2351
2288
2355
2287
2408
2285
2385
2314
2399
2284
2394
2289
2318
2361
2348
2298
2281
2317
2329
2511
2325
2512
2325
2713
2388
2359
2305
2392
2358
2330
2356
2393
2295
2306
2307
2303
2308
2304
2299
2300
2407
2415
2311
2318
2311
2319
2347
2348
2319
2323
2320
2346
2320
2401
2313
2409
2436
2322
2316
2317
2571
2342
2412
2512
2530
2385
2413
2351
2519
2433
2335
2511
2328
2435
2353
2433
2332
2544
2556
2340
2444
2445
2543
2708
2539
2386
2451
2447
2405
2449
2450
2342
2343
2571
2551
2401
2361
2490
2594
2447
2350
2354
2563
2366
2353
2354
2538
2644
2392
2499
2494
2360
2496
2393
2493
2408
2492
2497
2363
2443
2494
2434
2383
2526
2384
2501
2708
2368
2437
2503
2382
2502
2381
2505
2380
2506
2379
2507
2378
2508
2377
2550
2376
2509
2578
2452
2523
2486
2487
2488
2491
2504
2500
2498
2519
2446
2579
2399
2510
2409
2410
2391
2417
2580
2516
2414
2401
2485
2396
2557
2584
2398
2585
2546
2518
2407
2411
2404
2513
2515
2514
2601
2416
2495
2524
2489
2448
2579
2518
2589
2531
2586
2416
2417
2448
2656
2420
2600
2420
2422
2606
2422
2424
2608
2424
2426
2610
2426
2428
2612
2428
2430
2614
2430
2432
2616
2432
2533
2682
2657
2447
2537
2552
2525
2535
2500
2534
2440
2529
2440
2442
2652
2442
2686
2685
2601
2497
2573
2581
2546
2547
2561
2451
2532
2513
2565
2521
2509
2548
2455
2604
2455
2457
2622
2457
2459
2664
2459
2461
2625
2461
2463
2728
2463
2465
2626
2465
2467
2627
2467
2469
2693
2469
2471
2628
2471
2473
2691
2473
2475
2629
2475
2477
2630
2477
2479
2632
2479
2481
2634
2481
2483
2636
2483
2528
2637
2510
2528
2527
2508
2570
2507
2554
2506
2555
2564
2597
2529
2505
2593
2498
2562
2499
2566
2530
2567
2595
2514
2568
2569
2545
2572
2542
2529
2575
2504
2574
2526
2577
2541
2576
2558
2598
2599
2639
2527
2713
2659
2587
2549
2547
2590
2592
2595
2827
2831
2553
2520
2521
2522
2669
2533
2550
2618
2525
2597
2715
2540
2553
2531
2740
2549
2670
2671
2577
2668
2536
2683
2560
2538
2717
2645
2603
2686
2541
2661
2684
2575
2619
2544
2712
2696
2588
2641
2620
2594
2566
2582
2623
2582
2552
2591
2667
2637
2558
2638
2576
2624
2557
2697
2687
2660
2560
2561
2747
2656
2567
2647
2564
2646
2699
2573
2642
2586
2621
2569
2648
2650
2598
2651
2591
2582
2592
2653
2593
2643
2652
2655
2640
2607
2657
2594
2581
2710
2711
2833
2585
2688
2675
2639
2590
2658
2589
2704
2679
2620
2596
2618
2663
2718
2600
2662
2672
2618
2718
2665
2603
2604
2673
2605
2673
2674
2609
2666
2639
2740
2609
2611
2750
2611
2613
2721
2613
2615
2722
2615
2617
2724
2617
2707
2726
2668
2746
2675
2651
2676
2640
2674
2649
2733
2660
2703
2661
2728
2643
2684
2643
2663
2690
2706
2631
2709
2631
2633
2745
2633
2635
2738
2635
2694
2735
2679
2694
2679
2672
2705
2664
2647
2695
2658
2680
2645
2646
2779
2771
2678
2649
2702
2742
2654
2701
2718
2746
2654
2681
2743
2692
2706
2710
2659
2689
2740
2698
2664
2700
2714
2693
2666
2667
2736
2716
2674
2670
2671
2729
2682
2677
2685
2689
2677
2678
2773
2739
2681
2766
2757
2707
2719
2748
2728
2746
2688
2756
2730
2730
2691
2692
2709
2703
2706
2704
2732
2739
2697
2761
2755
2705
2734
2700
2772
2759
2702
2744
2763
2731
2732
2762
2729
2713
2731
2749
2712
2765
2764
2715
2720
2719
2717
2737
2787
2767
2760
2775
2723
2751
2723
2725
2806
2725
2727
2783
2727
2753
2777
2733
2766
2734
2735
2753
2745
2741
2737
2752
2778
2741
2754
2774
2774
2753
2776
2744
2758
2785
2754
2748
2749
2768
2765
2751
2752
2808
2794
2762
2756
2798
2788
2758
2796
2799
2760
2805
2801
2764
2780
2773
2776
2786
2784
2770
2788
2769
2775
2769
2770
2792
2784
2772
2789
2804
2774
2781
2777
2782
2790
2795
2787
2789
2793
2798
2802
2811
2783
2803
2807
2791
2786
2800
2803
2790
2796
2797
2797
2792
2793
2811
2821
2795
2810
2813
2822
2812
2817
2800
2824
2818
2802
2820
2827
2815
2805
2814
2819
2807
2809
2816
2809
2810
2830
2832
2826
2813
2814
2834
2835
2816
2818
2828
2822
2823
2825
2820
2835
2823
2826
2824
2831
2829
2829
2833
2827
2830
2833
2831
2832
2834
)


// ************************************************************************* //
