/*--------------------------------*- C++ -*----------------------------------*\
  =========                 |
  \\      /  F ield         | OpenFOAM: The Open Source CFD Toolbox
   \\    /   O peration     | Website:  https://openfoam.org
    \\  /    A nd           | Version:  7
     \\/     M anipulation  |
\*---------------------------------------------------------------------------*/
FoamFile
{
    version     2.0;
    format      ascii;
    class       vectorField;
    location    "constant/polyMesh";
    object      points;
}
// * * * * * * * * * * * * * * * * * * * * * * * * * * * * * * * * * * * * * //


3082
(
(-0.022 0.012 0)
(0.007 0.015 0)
(-0.0005 -0.013 0)
(0.03 0.03 0)
(0.03 -0.03 0)
(-0.03 0.03 0)
(-0.03 -0.03 0)
(-0.03 -0.0285 0)
(-0.03 -0.027 0)
(-0.03 -0.0255 0)
(-0.03 -0.024 0)
(-0.03 -0.0225 0)
(-0.03 -0.021 0)
(-0.03 -0.0195 0)
(-0.03 -0.018 0)
(-0.03 -0.0165 0)
(-0.03 -0.015 0)
(-0.03 -0.0135 0)
(-0.03 -0.012 0)
(-0.03 -0.0105 0)
(-0.03 -0.009 0)
(-0.03 -0.0075 0)
(-0.03 -0.006 0)
(-0.03 -0.0045 0)
(-0.03 -0.003 0)
(-0.03 -0.0015 0)
(-0.03 -5.68434e-17 0)
(-0.03 0.0015 0)
(-0.03 0.003 0)
(-0.03 0.0045 0)
(-0.03 0.006 0)
(-0.03 0.0075 0)
(-0.03 0.009 0)
(-0.03 0.0105 0)
(-0.03 0.012 0)
(-0.03 0.0135 0)
(-0.03 0.015 0)
(-0.03 0.0165 0)
(-0.03 0.018 0)
(-0.03 0.0195 0)
(-0.03 0.021 0)
(-0.03 0.0225 0)
(-0.03 0.024 0)
(-0.03 0.0255 0)
(-0.03 0.027 0)
(-0.03 0.0285 0)
(-0.0285 -0.03 0)
(-0.027 -0.03 0)
(-0.0255 -0.03 0)
(-0.024 -0.03 0)
(-0.0225 -0.03 0)
(-0.021 -0.03 0)
(-0.0195 -0.03 0)
(-0.018 -0.03 0)
(-0.0165 -0.03 0)
(-0.015 -0.03 0)
(-0.0135 -0.03 0)
(-0.012 -0.03 0)
(-0.0105 -0.03 0)
(-0.009 -0.03 0)
(-0.0075 -0.03 0)
(-0.006 -0.03 0)
(-0.0045 -0.03 0)
(-0.003 -0.03 0)
(-0.0015 -0.03 0)
(-5.68434e-17 -0.03 0)
(0.0015 -0.03 0)
(0.003 -0.03 0)
(0.0045 -0.03 0)
(0.006 -0.03 0)
(0.0075 -0.03 0)
(0.009 -0.03 0)
(0.0105 -0.03 0)
(0.012 -0.03 0)
(0.0135 -0.03 0)
(0.015 -0.03 0)
(0.0165 -0.03 0)
(0.018 -0.03 0)
(0.0195 -0.03 0)
(0.021 -0.03 0)
(0.0225 -0.03 0)
(0.024 -0.03 0)
(0.0255 -0.03 0)
(0.027 -0.03 0)
(0.0285 -0.03 0)
(-0.0285 0.03 0)
(-0.027 0.03 0)
(-0.0255 0.03 0)
(-0.024 0.03 0)
(-0.0225 0.03 0)
(-0.021 0.03 0)
(-0.0195 0.03 0)
(-0.018 0.03 0)
(-0.0165 0.03 0)
(-0.015 0.03 0)
(-0.0135 0.03 0)
(-0.012 0.03 0)
(-0.0105 0.03 0)
(-0.009 0.03 0)
(-0.0075 0.03 0)
(-0.006 0.03 0)
(-0.0045 0.03 0)
(-0.003 0.03 0)
(-0.0015 0.03 0)
(-5.68434e-17 0.03 0)
(0.0015 0.03 0)
(0.003 0.03 0)
(0.0045 0.03 0)
(0.006 0.03 0)
(0.0075 0.03 0)
(0.009 0.03 0)
(0.0105 0.03 0)
(0.012 0.03 0)
(0.0135 0.03 0)
(0.015 0.03 0)
(0.0165 0.03 0)
(0.018 0.03 0)
(0.0195 0.03 0)
(0.021 0.03 0)
(0.0225 0.03 0)
(0.024 0.03 0)
(0.0255 0.03 0)
(0.027 0.03 0)
(0.0285 0.03 0)
(0.03 -0.0285 0)
(0.03 -0.027 0)
(0.03 -0.0255 0)
(0.03 -0.024 0)
(0.03 -0.0225 0)
(0.03 -0.021 0)
(0.03 -0.0195 0)
(0.03 -0.018 0)
(0.03 -0.0165 0)
(0.03 -0.015 0)
(0.03 -0.0135 0)
(0.03 -0.012 0)
(0.03 -0.0105 0)
(0.03 -0.009 0)
(0.03 -0.0075 0)
(0.03 -0.006 0)
(0.03 -0.0045 0)
(0.03 -0.003 0)
(0.03 -0.0015 0)
(0.03 -5.68434e-17 0)
(0.03 0.0015 0)
(0.03 0.003 0)
(0.03 0.0045 0)
(0.03 0.006 0)
(0.03 0.0075 0)
(0.03 0.009 0)
(0.03 0.0105 0)
(0.03 0.012 0)
(0.03 0.0135 0)
(0.03 0.015 0)
(0.03 0.0165 0)
(0.03 0.018 0)
(0.03 0.0195 0)
(0.03 0.021 0)
(0.03 0.0225 0)
(0.03 0.024 0)
(0.03 0.0255 0)
(0.03 0.027 0)
(0.03 0.0285 0)
(-0.000324792 -0.011501 0)
(0.000191388 -0.0100828 0)
(0.00102071 -0.00882188 0)
(0.00211847 -0.0077862 0)
(0.00342548 -0.0070316 0)
(0.00487129 -0.00659875 0)
(0.00637794 -0.006511 0)
(0.00786422 -0.00677307 0)
(0.00925 -0.00737083 0)
(0.0104606 -0.00827207 0)
(0.0114307 -0.00942819 0)
(0.012108 -0.0107769 0)
(0.012456 -0.0122454 0)
(0.012456 -0.0137546 0)
(0.012108 -0.0152231 0)
(0.0114307 -0.0165718 0)
(0.0104606 -0.0177279 0)
(0.00925 -0.0186292 0)
(0.00786422 -0.0192269 0)
(0.00637794 -0.019489 0)
(0.00487129 -0.0194013 0)
(0.00342548 -0.0189684 0)
(0.00211847 -0.0182138 0)
(0.00102071 -0.0171781 0)
(0.000191388 -0.0159172 0)
(-0.000324792 -0.014499 0)
(0.00722214 0.0164738 0)
(0.00786881 0.0178166 0)
(0.00888255 0.0189092 0)
(0.0101733 0.0196544 0)
(0.0116263 0.019986 0)
(0.0131126 0.0198746 0)
(0.0145 0.0193301 0)
(0.0156653 0.0184009 0)
(0.0165048 0.0171694 0)
(0.0169442 0.0157452 0)
(0.0169442 0.0142548 0)
(0.0165048 0.0128306 0)
(0.0156653 0.0115991 0)
(0.0145 0.0106699 0)
(0.0131126 0.0101254 0)
(0.0116263 0.010014 0)
(0.0101733 0.0103456 0)
(0.00888255 0.0110908 0)
(0.00786881 0.0121834 0)
(0.00722214 0.0135262 0)
(-0.0218883 0.0134904 0)
(-0.0215557 0.0149476 0)
(-0.0210097 0.0163388 0)
(-0.0202624 0.0176332 0)
(-0.0193305 0.0188017 0)
(-0.0182349 0.0198183 0)
(-0.017 0.0206603 0)
(-0.0156534 0.0213087 0)
(-0.0142252 0.0217493 0)
(-0.0127473 0.021972 0)
(-0.0112527 0.021972 0)
(-0.00977479 0.0217493 0)
(-0.00834659 0.0213087 0)
(-0.007 0.0206603 0)
(-0.0057651 0.0198183 0)
(-0.00466948 0.0188017 0)
(-0.00373761 0.0176332 0)
(-0.00299031 0.0163388 0)
(-0.00244427 0.0149476 0)
(-0.00211169 0.0134904 0)
(-0.002 0.012 0)
(-0.00211169 0.0105096 0)
(-0.00244427 0.00905245 0)
(-0.00299031 0.00766116 0)
(-0.00373761 0.0063668 0)
(-0.00466948 0.00519827 0)
(-0.0057651 0.00418169 0)
(-0.007 0.00333975 0)
(-0.00834659 0.00269126 0)
(-0.00977479 0.00225072 0)
(-0.0112527 0.00202796 0)
(-0.0127473 0.00202796 0)
(-0.0142252 0.00225072 0)
(-0.0156534 0.00269126 0)
(-0.017 0.00333975 0)
(-0.0182349 0.00418169 0)
(-0.0193305 0.00519827 0)
(-0.0202624 0.0063668 0)
(-0.0210097 0.00766116 0)
(-0.0215557 0.00905245 0)
(-0.0218883 0.0105096 0)
(-0.0287015 -0.0279431 0)
(-0.0286838 -0.0247863 0)
(-0.0286799 -0.0217573 0)
(-0.0286792 -0.0187503 0)
(-0.0286814 -0.0157471 0)
(-0.0286816 -0.0127446 0)
(-0.0286786 -0.00975002 0)
(-0.0286788 -0.00674862 0)
(-0.0286801 -0.00374737 0)
(-0.0286693 -0.000749565 0)
(-0.0286128 0.00225697 0)
(-0.0286567 0.00523387 0)
(-0.0287167 0.00823053 0)
(-0.0286468 0.011236 0)
(-0.0286995 0.0142718 0)
(-0.0287155 0.0172702 0)
(-0.028611 0.0202396 0)
(-0.0286488 0.0232168 0)
(-0.0286374 0.0262028 0)
(-0.0275457 -0.0287351 0)
(-0.0262166 -0.0286715 0)
(-0.0247437 -0.0286374 0)
(-0.023256 -0.0286888 0)
(-0.0217488 -0.0286624 0)
(-0.0202512 -0.0287106 0)
(-0.0187481 -0.0286683 0)
(-0.0172529 -0.0287119 0)
(-0.0157499 -0.0286703 0)
(-0.0142536 -0.0287153 0)
(-0.0127498 -0.0286744 0)
(-0.011253 -0.0287186 0)
(-0.00974824 -0.0286748 0)
(-0.0082511 -0.0287146 0)
(-0.00674795 -0.0286687 0)
(-0.00525178 -0.0287133 0)
(-0.0037501 -0.0287185 0)
(-0.00225532 -0.0286811 0)
(-0.000752222 -0.0287242 0)
(0.000742086 -0.0286725 0)
(0.00224038 -0.028707 0)
(0.00373278 -0.0286637 0)
(0.0052411 -0.0287079 0)
(0.00674435 -0.0286529 0)
(0.00825102 -0.0286721 0)
(0.00974635 -0.0286096 0)
(0.0112483 -0.028654 0)
(0.0127439 -0.0286278 0)
(0.0142481 -0.0286927 0)
(0.0157446 -0.0286646 0)
(0.0172442 -0.0287138 0)
(0.01873 -0.0286749 0)
(0.0202187 -0.0287233 0)
(0.0216897 -0.0286902 0)
(0.0231572 -0.0287433 0)
(0.0245887 -0.0287221 0)
(0.0260105 -0.0287865 0)
(0.0273893 -0.0287349 0)
(0.0287433 -0.0286819 0)
(-0.0279048 0.0287171 0)
(-0.0247705 0.0287407 0)
(-0.0217599 0.0286293 0)
(-0.0187639 0.0286394 0)
(-0.0157328 0.0286804 0)
(-0.0127075 0.0286378 0)
(-0.00968727 0.0286798 0)
(-0.0066721 0.0287139 0)
(-0.00375992 0.028692 0)
(-0.000754094 0.0287041 0)
(0.0022433 0.0286634 0)
(0.00523069 0.0286278 0)
(0.00822848 0.0286125 0)
(0.0112215 0.0286325 0)
(0.0142358 0.0286792 0)
(0.0172456 0.0286827 0)
(0.0203377 0.0286782 0)
(0.0234564 0.0286631 0)
(0.0262084 0.0285484 0)
(0.0288641 -0.0272084 0)
(0.0289094 -0.0257747 0)
(0.0288938 -0.0242306 0)
(0.0289302 -0.0227815 0)
(0.0289481 -0.0212152 0)
(0.0289553 -0.0197636 0)
(0.0289501 -0.0182074 0)
(0.0289368 -0.0167542 0)
(0.0289701 -0.0152166 0)
(0.0289367 -0.0137525 0)
(0.0289645 -0.0122128 0)
(0.0289284 -0.0107513 0)
(0.0289643 -0.00922728 0)
(0.0289238 -0.00772103 0)
(0.0289605 -0.00624077 0)
(0.0289228 -0.00471846 0)
(0.0289573 -0.00323558 0)
(0.0289173 -0.00171159 0)
(0.0289586 -0.000234082 0)
(0.0289151 0.0012783 0)
(0.0289466 0.00275636 0)
(0.0289164 0.00431314 0)
(0.0289576 0.00573314 0)
(0.0289183 0.00730552 0)
(0.028956 0.00873191 0)
(0.0289064 0.0103094 0)
(0.0289315 0.0117449 0)
(0.0289179 0.0132928 0)
(0.0289256 0.0147335 0)
(0.0289217 0.0162781 0)
(0.0289378 0.0177161 0)
(0.0289338 0.0192598 0)
(0.0289412 0.0206884 0)
(0.0289371 0.0221928 0)
(0.028993 0.023535 0)
(0.0288628 0.025038 0)
(0.0285579 0.026469 0)
(0.0280572 0.0283028 0)
(-0.00179572 -0.0120726 0)
(-0.00139008 -0.0102757 0)
(-0.000464844 -0.00869959 0)
(0.000748539 -0.00736145 0)
(0.00214797 -0.00637363 0)
(0.00377764 -0.00558762 0)
(0.00549349 -0.00516312 0)
(0.00738035 -0.00529715 0)
(0.00916053 -0.00581773 0)
(0.0107098 -0.00673163 0)
(0.0119781 -0.0079828 0)
(0.0130231 -0.00949737 0)
(0.0136054 -0.0112188 0)
(0.0138822 -0.0130276 0)
(0.0136091 -0.0148484 0)
(0.0129938 -0.0165343 0)
(0.012012 -0.0180611 0)
(0.0106502 -0.0193594 0)
(0.00903705 -0.0201555 0)
(0.00733045 -0.0206094 0)
(0.00559077 -0.0206827 0)
(0.0038763 -0.0204598 0)
(0.00220843 -0.0197655 0)
(0.00066694 -0.018698 0)
(-0.000601721 -0.0173355 0)
(-0.00139736 -0.0156886 0)
(-0.00177458 -0.0138388 0)
(0.00578237 0.0159796 0)
(0.00630183 0.0177356 0)
(0.00737569 0.0193078 0)
(0.00886415 0.0205707 0)
(0.0106351 0.0210786 0)
(0.0124527 0.021161 0)
(0.0142361 0.0207515 0)
(0.0158588 0.0198711 0)
(0.0171059 0.0185481 0)
(0.0180026 0.01681 0)
(0.0182942 0.0149686 0)
(0.0179637 0.0131432 0)
(0.0171701 0.0115471 0)
(0.0158972 0.0101417 0)
(0.0142822 0.00914186 0)
(0.012479 0.00877182 0)
(0.0106497 0.00887637 0)
(0.00896231 0.00949885 0)
(0.00723365 0.0105859 0)
(0.00631989 0.0123675 0)
(0.00582908 0.014111 0)
(-0.0232152 0.0128412 0)
(-0.0229745 0.0145382 0)
(-0.0224272 0.0161381 0)
(-0.0217159 0.0176855 0)
(-0.0207483 0.0190261 0)
(-0.01963 0.0202439 0)
(-0.0183361 0.0212516 0)
(-0.016857 0.0220727 0)
(-0.0153239 0.0226798 0)
(-0.0137663 0.0230777 0)
(-0.0119933 0.0232559 0)
(-0.0103278 0.0231362 0)
(-0.00870047 0.022733 0)
(-0.00714777 0.0220666 0)
(-0.00564338 0.0211955 0)
(-0.00437403 0.0201546 0)
(-0.00325818 0.0189748 0)
(-0.00225226 0.0175737 0)
(-0.00151261 0.0160326 0)
(-0.00104507 0.0144411 0)
(-0.000782289 0.0127818 0)
(-0.000845046 0.0111111 0)
(-0.00107975 0.009438 0)
(-0.00158922 0.00791547 0)
(-0.00233379 0.00635821 0)
(-0.003259 0.00506339 0)
(-0.00441582 0.00377254 0)
(-0.00568788 0.00279933 0)
(-0.00717978 0.00191873 0)
(-0.00871817 0.0012483 0)
(-0.0102945 0.000868098 0)
(-0.0119955 0.000755016 0)
(-0.0137069 0.000827012 0)
(-0.0152903 0.00120629 0)
(-0.016843 0.00184004 0)
(-0.0183421 0.00269399 0)
(-0.0196528 0.00374419 0)
(-0.0207819 0.00492876 0)
(-0.0217426 0.00629922 0)
(-0.022471 0.00784109 0)
(-0.0229392 0.00947144 0)
(-0.0232425 0.0111599 0)
(-0.0286897 -0.0263542 0)
(-0.0287266 -0.0232689 0)
(-0.028722 -0.0202557 0)
(-0.0287226 -0.0172525 0)
(-0.0287242 -0.014249 0)
(-0.0287396 -0.011247 0)
(-0.0287209 -0.00824676 0)
(-0.0287232 -0.00524355 0)
(-0.0287213 -0.00224678 0)
(-0.0286889 0.000759535 0)
(-0.0286502 0.00375398 0)
(-0.0287562 0.00673301 0)
(-0.0287202 0.00973544 0)
(-0.0286911 0.0127571 0)
(-0.0287604 0.0157638 0)
(-0.0287037 0.0187594 0)
(-0.0286629 0.0217206 0)
(-0.0287039 0.0247155 0)
(-0.0287705 0.0275381 0)
(-0.0232984 0.0287321 0)
(-0.0263981 0.0286889 0)
(-0.0203254 0.0286545 0)
(-0.017316 0.0287143 0)
(-0.0142735 0.0286838 0)
(-0.0112501 0.0286963 0)
(-0.00825071 0.028736 0)
(-0.00521527 0.0287205 0)
(-0.00219667 0.0287433 0)
(0.000802818 0.0287234 0)
(0.00379527 0.0286779 0)
(0.00678692 0.0286587 0)
(0.00978337 0.0286502 0)
(0.0127897 0.0286986 0)
(0.015799 0.0287224 0)
(0.0188092 0.0287215 0)
(0.0218355 0.0286995 0)
(0.0247777 0.028851 0)
(-0.0240336 0.0275128 0)
(-0.0211461 0.0272481 0)
(-0.0273814 -0.0210061 0)
(-0.0273816 -0.018002 0)
(-0.0273881 -0.0149923 0)
(-0.0273824 -0.0119886 0)
(-0.0274175 -0.00899939 0)
(-0.0274248 -0.00599199 0)
(-0.0274199 -0.0029981 0)
(-0.0273939 -7.19219e-06 0)
(-0.027248 0.00300806 0)
(-0.0274513 0.00598037 0)
(-0.0274611 0.00893122 0)
(-0.0273346 0.0119644 0)
(-0.0274171 0.0150746 0)
(-0.0274205 0.0180186 0)
(-0.0272122 0.0209644 0)
(-0.027357 0.0239369 0)
(-0.0272178 0.0271868 0)
(-0.0103701 0.02737 0)
(-0.0274493 -0.0255557 0)
(-0.0271979 -0.0272426 0)
(0.0267159 0.0270555 0)
(-0.0255138 -0.0273516 0)
(-0.0240135 -0.0272839 0)
(-0.0224926 -0.0273864 0)
(-0.0209903 -0.0273563 0)
(-0.0194937 -0.0274009 0)
(-0.0179974 -0.0273571 0)
(-0.0164993 -0.0274028 0)
(-0.0149993 -0.0273635 0)
(-0.0134992 -0.0274113 0)
(-0.0119993 -0.0273721 0)
(-0.0104987 -0.0274173 0)
(-0.00899665 -0.0273695 0)
(-0.00749569 -0.0274027 0)
(-0.00599926 -0.0273545 0)
(-0.00449676 -0.0273908 0)
(-0.00300168 -0.027375 0)
(-0.00151205 -0.027434 0)
(-1.52263e-05 -0.0273812 0)
(0.00147707 -0.0273931 0)
(0.00296061 -0.0273411 0)
(0.0044645 -0.0273999 0)
(0.00597703 -0.0273562 0)
(0.00748325 -0.0273502 0)
(0.00898134 -0.0272474 0)
(0.0104896 -0.0272706 0)
(0.0119947 -0.02725 0)
(0.0134974 -0.0273447 0)
(0.0149995 -0.0273427 0)
(0.0164941 -0.0274029 0)
(0.017978 -0.0273623 0)
(0.0194543 -0.0274129 0)
(0.0209206 -0.0273832 0)
(0.0223708 -0.0274417 0)
(0.0237858 -0.0274184 0)
(0.0251552 -0.0274944 0)
(0.0264509 -0.0275163 0)
(0.0277063 -0.0274771 0)
(-0.0165401 0.0274477 0)
(-0.0225542 0.0273114 0)
(-0.0119667 0.0273577 0)
(-0.0256319 0.0274958 0)
(-0.00741992 0.0274604 0)
(-0.00441308 0.0273957 0)
(-0.0014187 0.0274591 0)
(0.00156392 0.0273869 0)
(0.00454971 0.0272902 0)
(0.00754098 0.027277 0)
(0.0105361 0.0272656 0)
(0.0135724 0.0273904 0)
(0.0165652 0.027413 0)
(0.0196078 0.0273646 0)
(0.0228844 0.0273689 0)
(0.0247714 0.0274112 0)
(-0.027428 -0.0225195 0)
(-0.0134589 0.0272672 0)
(-0.00313408 -0.0129013 0)
(-0.00310277 -0.0109036 0)
(0.0278345 -0.0259857 0)
(0.0277683 -0.0245648 0)
(0.0278446 -0.0229905 0)
(0.0279044 -0.0215232 0)
(0.0279016 -0.0199596 0)
(0.0279098 -0.018517 0)
(0.0279006 -0.0169616 0)
(0.0279141 -0.0155169 0)
(0.0279009 -0.0139601 0)
(0.0279047 -0.0125092 0)
(0.027882 -0.0109526 0)
(0.0278856 -0.00950965 0)
(0.0278629 -0.00794574 0)
(0.0279039 -0.00651945 0)
(0.0278629 -0.00494224 0)
(0.0279001 -0.00351109 0)
(0.0278514 -0.001928 0)
(0.0278919 -0.000478097 0)
(0.0278545 0.00103303 0)
(0.0278874 0.00251846 0)
(0.0278549 0.00403814 0)
(0.0278884 0.00551271 0)
(0.0278605 0.00702929 0)
(0.0278884 0.0085072 0)
(0.0278455 0.0100182 0)
(0.0278656 0.0115433 0)
(0.0278304 0.0129975 0)
(0.0278486 0.014523 0)
(0.0278309 0.0159729 0)
(0.0278726 0.0174927 0)
(0.0278616 0.0189373 0)
(0.0278813 0.0204523 0)
(0.0278397 0.0218657 0)
(0.0278688 0.0232683 0)
(0.0279576 0.0244182 0)
(-0.00216644 -0.00858065 0)
(-0.0180925 0.0273434 0)
(-0.00075337 -0.00705691 0)
(0.000734628 -0.0058932 0)
(0.0023889 -0.00485488 0)
(0.00420385 -0.00388969 0)
(0.00649868 -0.00371007 0)
(0.008668 -0.00414001 0)
(0.0107642 -0.00499025 0)
(0.0124409 -0.00626563 0)
(0.0138186 -0.00794808 0)
(0.0147992 -0.00984345 0)
(0.0152989 -0.0119577 0)
(0.0152493 -0.0141274 0)
(0.0147211 -0.0162217 0)
(0.0137628 -0.0181322 0)
(0.0122841 -0.0198682 0)
(0.0104548 -0.0212282 0)
(0.0084418 -0.0217154 0)
(0.00656371 -0.0219165 0)
(0.004713 -0.0218756 0)
(0.0025353 -0.0215326 0)
(0.000681308 -0.0203298 0)
(-0.0010821 -0.0190991 0)
(-0.00231442 -0.017167 0)
(-0.00311748 -0.0150428 0)
(0.00451726 0.0171934 0)
(-0.0244627 0.0139797 0)
(0.00556749 0.0193999 0)
(0.00712392 0.0212992 0)
(0.00929986 0.0224453 0)
(0.0115507 0.022487 0)
(0.0135431 0.0221748 0)
(0.0156688 0.0217593 0)
(0.0175636 0.0202272 0)
(0.0188575 0.0182706 0)
(0.0195996 0.0160642 0)
(0.0195884 0.0138241 0)
(0.018908 0.0117077 0)
(0.017673 0.009794 0)
(0.0158513 0.00837772 0)
(0.0137295 0.00748892 0)
(0.011484 0.00735497 0)
(0.0092836 0.00780346 0)
(0.00762712 0.00872852 0)
(0.00532844 0.0110625 0)
(0.00465635 0.0129657 0)
(0.00439907 0.015074 0)
(-0.0238374 0.0158263 0)
(-0.0233237 0.0175475 0)
(-0.022339 0.0191937 0)
(-0.0211045 0.0205686 0)
(-0.0197619 0.0217295 0)
(-0.0182301 0.022779 0)
(-0.0166544 0.0235397 0)
(-0.0148982 0.0241049 0)
(-0.0131482 0.0244884 0)
(-0.0110797 0.0246635 0)
(-0.00915703 0.0241701 0)
(-0.00738479 0.0235937 0)
(-0.0057113 0.0227571 0)
(-0.00422663 0.0216077 0)
(-0.0028348 0.020355 0)
(-0.0016859 0.0189537 0)
(-0.000621391 0.0173709 0)
(0.000122813 0.0156093 0)
(0.000460858 0.0137316 0)
(0.00052839 0.0118567 0)
(0.000266203 0.0100311 0)
(-0.0001817 0.00822372 0)
(-0.000807629 0.00658538 0)
(-0.00174609 0.00495417 0)
(-0.00292732 0.00356574 0)
(-0.00427005 0.00232657 0)
(-0.00578027 0.0012299 0)
(-0.00745348 0.000358422 0)
(-0.00920516 -0.000227596 0)
(-0.0109859 -0.000550035 0)
(-0.0129799 -0.000545065 0)
(-0.0148046 -0.000289837 0)
(-0.0165557 0.000246481 0)
(-0.0182522 0.00109406 0)
(-0.0197599 0.00215843 0)
(-0.0211475 0.00340426 0)
(-0.0223828 0.00483759 0)
(-0.0233185 0.00646592 0)
(-0.023836 0.00815801 0)
(-0.0244967 0.0100394 0)
(-0.0245313 0.0119969 0)
(-0.0274216 -0.0195024 0)
(-0.0274253 -0.0164953 0)
(-0.0274239 -0.0134911 0)
(-0.027375 -0.0104991 0)
(-0.0273793 -0.00750036 0)
(-0.0273845 -0.004489 0)
(-0.0273784 -0.00151103 0)
(-0.0272779 0.00150011 0)
(-0.0272341 0.00452081 0)
(-0.0275005 0.0074581 0)
(-0.0273335 0.0104392 0)
(-0.0273557 0.0135821 0)
(-0.0275382 0.0165355 0)
(-0.0272824 0.0194727 0)
(-0.0273281 0.0224496 0)
(-0.027398 0.0254702 0)
(-0.0273973 -0.024031 0)
(-0.00296767 0.027446 0)
(-0.0195645 0.0272813 0)
(-0.0150426 0.027381 0)
(-0.00896539 0.0274106 0)
(-0.00591891 0.0273758 0)
(1.79205e-05 0.0274335 0)
(0.00300618 0.0273364 0)
(0.0059804 0.0272864 0)
(0.00899002 0.0272433 0)
(0.011994 0.0273403 0)
(0.0150112 0.0274064 0)
(0.0180159 0.0273972 0)
(0.021134 0.0273982 0)
(0.0274034 0.0255888 0)
(-0.00813334 0.026317 0)
(0.00381607 0.0259358 0)
(-0.0261165 -0.0202569 0)
(-0.026141 0.0245944 0)
(-0.0260933 -0.0157136 0)
(-0.0259286 0.0111367 0)
(-0.0261166 -0.0112541 0)
(-0.0261084 -0.00824516 0)
(-0.0261337 -0.005201 0)
(-0.0261062 -0.00224878 0)
(-0.026052 0.000716446 0)
(-0.0257816 0.0037873 0)
(-0.0263716 0.00676284 0)
(-0.0261189 0.00958871 0)
(-0.0260649 0.0144611 0)
(-0.0263652 0.017262 0)
(-0.0257337 0.0201972 0)
(-0.0260878 -0.0127069 0)
(0.00952277 -0.0229489 0)
(0.0237897 0.0260775 0)
(-0.0247991 -0.0257824 0)
(-0.0262374 -0.026181 0)
(-0.000775085 -0.00535682 0)
(-0.0232105 -0.0260763 0)
(-0.0217214 -0.0260471 0)
(-0.0202344 -0.0260893 0)
(-0.0187456 -0.0260407 0)
(-0.0172498 -0.0260859 0)
(-0.0157498 -0.0260496 0)
(-0.014248 -0.0260998 0)
(-0.012749 -0.0260635 0)
(-0.0112507 -0.0261143 0)
(-0.00975059 -0.0260734 0)
(-0.00824607 -0.026102 0)
(-0.00674667 -0.0260311 0)
(-0.00526338 -0.0260829 0)
(-0.00370684 -0.0260861 0)
(-0.00225865 -0.026091 0)
(-0.000774508 -0.0261616 0)
(0.000717414 -0.0260633 0)
(0.00219384 -0.0260286 0)
(0.00367061 -0.0260331 0)
(0.00521508 -0.0261255 0)
(0.00670263 -0.0260407 0)
(0.0081807 -0.0259442 0)
(0.00970616 -0.0258372 0)
(0.011247 -0.0258775 0)
(0.0127647 -0.0259137 0)
(0.0142672 -0.0260523 0)
(0.0157635 -0.0260514 0)
(0.0172386 -0.0260873 0)
(0.0187084 -0.0260453 0)
(0.0201722 -0.0261077 0)
(0.0216225 -0.0260879 0)
(0.0230462 -0.0261462 0)
(0.0244198 -0.0261259 0)
(0.0257259 -0.026208 0)
(0.0268566 -0.0263723 0)
(0.0220819 0.0260402 0)
(-0.0111261 0.0261763 0)
(-0.0158505 0.0263292 0)
(-0.024748 0.0264967 0)
(0.000828653 0.0261129 0)
(-0.00209686 0.0262036 0)
(-0.02049 0.025872 0)
(-0.000708555 0.0261897 0)
(-0.00513302 0.0259929 0)
(0.00226485 0.0260516 0)
(0.00678425 0.0259503 0)
(0.00981612 0.0257582 0)
(0.0128886 0.0260904 0)
(0.0158426 0.0261193 0)
(0.0187819 0.026041 0)
(0.0203371 0.0260308 0)
(-0.00451235 -0.0137774 0)
(-0.0260926 -0.0217563 0)
(-0.0125484 0.0259449 0)
(0.0267254 -0.0233067 0)
(0.0268607 -0.0217946 0)
(0.0268348 -0.0202733 0)
(0.0268461 -0.0187941 0)
(0.026852 -0.0172944 0)
(0.0268528 -0.0157919 0)
(0.0268526 -0.0142905 0)
(0.0268422 -0.0127851 0)
(0.0268266 -0.011281 0)
(0.0268114 -0.00978619 0)
(0.0268118 -0.00828226 0)
(0.026807 -0.0067855 0)
(0.0268157 -0.00527968 0)
(0.0268046 -0.0037748 0)
(0.0267989 -0.00226837 0)
(0.0267739 -0.000757109 0)
(0.0268105 0.000725752 0)
(0.0267742 0.00224089 0)
(0.0268101 0.00372683 0)
(0.0267744 0.00523902 0)
(0.026816 0.00671687 0)
(0.0267798 0.00822799 0)
(0.0268034 0.00971012 0)
(0.0267577 0.0112109 0)
(0.0267602 0.012727 0)
(0.0267174 0.0141809 0)
(0.0267459 0.0156974 0)
(0.0267509 0.0171416 0)
(0.026803 0.0186462 0)
(0.0267933 0.0200745 0)
(0.0267679 0.0215947 0)
(0.0266773 0.0229549 0)
(-0.00951488 0.0258258 0)
(-0.00231765 -0.00659592 0)
(-0.0260718 0.0261026 0)
(-0.0260135 0.0231944 0)
(-0.0261311 -0.0172647 0)
(-0.0261391 -0.0233164 0)
(0.000852081 -0.00428657 0)
(0.00249023 -0.00328616 0)
(0.00527478 -0.00254573 0)
(0.00777839 -0.00276154 0)
(0.0102684 -0.00347012 0)
(0.0122992 -0.00463765 0)
(0.014016 -0.00634917 0)
(0.0153979 -0.00835803 0)
(0.0161761 -0.0106406 0)
(0.0165091 -0.0130591 0)
(0.0161551 -0.0154199 0)
(0.0154036 -0.0177917 0)
(0.0140014 -0.0198501 0)
(0.0120723 -0.0216715 0)
(0.00774753 -0.0231666 0)
(0.00579198 -0.0233858 0)
(0.00374572 -0.023178 0)
(0.000661634 -0.0219106 0)
(-0.000945088 -0.0209536 0)
(-0.00272011 -0.0187906 0)
(-0.00388308 -0.00931405 0)
(-0.0258646 0.0128459 0)
(0.00314521 0.0138529 0)
(0.00396726 0.0188107 0)
(0.00543651 0.0210848 0)
(0.00740166 0.023228 0)
(0.0107248 0.0241486 0)
(0.0127051 0.0235465 0)
(0.0145931 0.0233544 0)
(0.0174907 0.0220206 0)
(0.0192587 0.0199038 0)
(0.0203886 0.0175149 0)
(0.0208618 0.0149484 0)
(0.0203874 0.0124262 0)
(0.0193375 0.0100379 0)
(0.0175542 0.00810978 0)
(0.0152475 0.00676965 0)
(0.0127536 0.00621262 0)
(0.0100984 0.00643093 0)
(0.00774893 0.00724739 0)
(0.00607236 0.00936062 0)
(0.00339903 0.0114407 0)
(-0.00393044 -0.0164753 0)
(-0.0250713 0.0154619 0)
(-0.0248932 0.0170897 0)
(-0.024163 0.0192141 0)
(-0.022691 0.0208401 0)
(-0.0212572 0.0222514 0)
(-0.0197882 0.0232933 0)
(-0.0181013 0.024471 0)
(-0.0161945 0.0249663 0)
(-0.0144211 0.0257712 0)
(-0.00777858 0.0249936 0)
(-0.00590627 0.0244561 0)
(-0.00412502 0.0231597 0)
(-0.00255884 0.0218831 0)
(-0.0011693 0.0204862 0)
(-2.65426e-05 0.0188938 0)
(0.00117871 0.0170039 0)
(0.00166395 0.0148339 0)
(0.00187864 0.0127416 0)
(0.00176027 0.010755 0)
(0.0012754 0.00872993 0)
(0.000719121 0.00684626 0)
(-8.19201e-05 0.00506208 0)
(-0.0013271 0.00344499 0)
(-0.00274235 0.00197594 0)
(-0.00428929 0.000704863 0)
(-0.00596998 -0.000371028 0)
(-0.00784051 -0.00124272 0)
(-0.00978278 -0.00180935 0)
(-0.0119629 -0.00203508 0)
(-0.014129 -0.00185435 0)
(-0.0160934 -0.00137788 0)
(-0.0180582 -0.000615278 0)
(-0.0198237 0.000471682 0)
(-0.0213497 0.00175781 0)
(-0.0227437 0.00314844 0)
(-0.0241847 0.00473647 0)
(-0.024959 0.00690306 0)
(-0.0250734 0.00853377 0)
(0.00294551 0.015989 0)
(-0.0173275 0.0260511 0)
(-0.00365518 0.0261639 0)
(0.0255816 0.0257443 0)
(-0.0045076 -0.0120778 0)
(0.0267931 0.0243783 0)
(-0.0260712 -0.00974511 0)
(-0.0260795 -0.0187582 0)
(-0.0261301 -0.014268 0)
(-0.0260931 -0.00675314 0)
(-0.0260804 -0.00374382 0)
(-0.0260963 -0.00080337 0)
(-0.0258208 0.00218934 0)
(-0.0258967 0.00541998 0)
(-0.0262348 0.00802958 0)
(-0.0262371 0.0159083 0)
(-0.0259346 0.0185813 0)
(-0.0258722 0.0217452 0)
(0.0112818 -0.0229129 0)
(-0.0219991 0.0257734 0)
(-0.0261063 -0.0247625 0)
(-0.0234556 0.0260216 0)
(-0.00665031 0.0260383 0)
(0.00525611 0.025892 0)
(0.00824847 0.0259062 0)
(0.0112657 0.0259748 0)
(0.0143185 0.0261009 0)
(0.0172696 0.0261369 0)
(-0.00493303 -0.0154204 0)
(-0.00389293 -0.00761111 0)
(-0.00404079 -0.0179312 0)
(0.00431701 0.0095846 0)
(0.00639173 0.00757754 0)
(0.00857373 0.006116 0)
(0.0113484 0.00551802 0)
(0.0142052 0.00570247 0)
(0.0169045 0.00678406 0)
(0.0190617 0.00857844 0)
(0.020532 0.0108706 0)
(0.0214237 0.013547 0)
(0.0214175 0.016332 0)
(0.0205118 0.0190919 0)
(0.0189736 0.0213898 0)
(0.0165844 0.0234936 0)
(0.00889677 0.0243335 0)
(0.00552293 0.0228605 0)
(0.00403854 0.0203512 0)
(0.00280742 0.0178051 0)
(-0.0049207 -0.0104575 0)
(-0.00252171 -0.0203743 0)
(-0.000817127 -0.02246 0)
(0.0136036 -0.0212785 0)
(0.0154251 -0.0192252 0)
(0.0164573 -0.0169053 0)
(0.017106 -0.0143421 0)
(0.0170795 -0.011799 0)
(0.01657 -0.00921669 0)
(0.0153759 -0.00697396 0)
(0.013713 -0.00494886 0)
(0.0117165 -0.00339548 0)
(0.00927825 -0.00236527 0)
(0.00660915 -0.00190379 0)
(0.00387406 -0.00209976 0)
(-0.0188154 0.0259612 0)
(0.00199268 -0.0231539 0)
(0.0179239 0.0246413 0)
(-0.0247031 0.0251603 0)
(0.00608207 0.0244732 0)
(0.00884611 -0.0244768 0)
(-0.0248813 -0.000142693 0)
(-0.0248213 -0.00600788 0)
(-0.0248131 -0.00298557 0)
(-0.0247142 -0.00144005 0)
(-0.0243297 0.00276645 0)
(-0.0248605 -0.0241089 0)
(-0.024817 -0.0134588 0)
(-0.0248059 -0.0194831 0)
(-0.0237615 -0.0247896 0)
(-0.0224268 -0.0247772 0)
(-0.0209654 -0.0247433 0)
(-0.0194897 -0.0247572 0)
(-0.0179987 -0.0247174 0)
(-0.0164963 -0.0247671 0)
(-0.0149896 -0.0247415 0)
(-0.0134888 -0.0247862 0)
(-0.0119924 -0.0247603 0)
(-0.0105003 -0.0248144 0)
(-0.00899925 -0.0247783 0)
(-0.00749141 -0.0247716 0)
(-0.00599031 -0.0246512 0)
(-0.00441094 -0.0246013 0)
(-0.00295853 -0.024696 0)
(-0.00154483 -0.0249158 0)
(-4.69139e-05 -0.0248719 0)
(0.00137886 -0.0246836 0)
(0.00292309 -0.0245603 0)
(0.00450687 -0.0245754 0)
(0.00591379 -0.0249186 0)
(0.0120749 -0.0244462 0)
(0.0135618 -0.0246743 0)
(0.0150523 -0.0247711 0)
(0.0164985 -0.0247676 0)
(0.0179588 -0.0247059 0)
(0.0194283 -0.0247635 0)
(0.020879 -0.0247721 0)
(0.0223164 -0.0248366 0)
(0.0237186 -0.0248055 0)
(0.0250767 -0.0248709 0)
(0.0265512 -0.024924 0)
(-0.0242779 0.0211693 0)
(0.024299 0.0248217 0)
(-0.0248219 -0.0150196 0)
(-0.00138599 0.0248851 0)
(-0.0249284 0.0239102 0)
(-0.0247612 -0.00744704 0)
(0.0122519 0.0249087 0)
(0.0152402 0.0247283 0)
(0.0255959 -0.0235233 0)
(0.0257716 -0.0220882 0)
(0.0257819 -0.0206606 0)
(0.0257474 -0.0191585 0)
(0.0257858 -0.0177127 0)
(0.0257715 -0.0161336 0)
(0.0257865 -0.0147003 0)
(0.0257653 -0.0131445 0)
(0.0257565 -0.0116829 0)
(0.0257024 -0.0101662 0)
(0.0257217 -0.00867666 0)
(0.0256903 -0.00716079 0)
(0.0257295 -0.00566735 0)
(0.0257072 -0.00415115 0)
(0.025696 -0.00264109 0)
(0.0256802 -0.00113671 0)
(0.0256831 0.00036361 0)
(0.0256798 0.00186321 0)
(0.0256891 0.00336631 0)
(0.0256781 0.00486761 0)
(0.0256892 0.00635269 0)
(0.0256983 0.00783527 0)
(0.0256856 0.00933402 0)
(0.025653 0.010814 0)
(0.0256217 0.0123053 0)
(0.0256067 0.0138103 0)
(0.0255445 0.0152808 0)
(0.0256565 0.0167651 0)
(0.0256252 0.0182408 0)
(0.0257451 0.0196513 0)
(0.0256841 0.021095 0)
(-0.0247686 -0.0104605 0)
(-0.00409974 0.0247004 0)
(-0.000775266 -0.00356967 0)
(-0.0248144 -0.0164701 0)
(-0.0247931 -0.00900896 0)
(0.0165525 0.024977 0)
(-0.0247792 -0.0210434 0)
(0.0211741 0.0247064 0)
(-0.0248083 -0.0225267 0)
(-0.0196675 0.0247209 0)
(0.0254811 0.023996 0)
(0.022884 0.0246608 0)
(0.00108972 -0.00282018 0)
(-0.0229065 0.022562 0)
(-0.0213924 0.0240808 0)
(-0.00237893 0.0235239 0)
(-0.000869693 0.0220286 0)
(0.000766702 0.0205737 0)
(0.00144769 0.018778 0)
(0.00279499 0.00932869 0)
(0.00225111 0.00734433 0)
(0.0018016 0.0052655 0)
(0.000462907 0.00339011 0)
(-0.00103638 0.00180475 0)
(-0.00270476 0.000338303 0)
(-0.0044425 -0.000960651 0)
(-0.00623553 -0.00207943 0)
(-0.00839188 -0.00301445 0)
(-0.0107144 -0.00350232 0)
(-0.0131342 -0.00358278 0)
(-0.0154056 -0.00320882 0)
(-0.0175955 -0.00245393 0)
(-0.0198317 -0.00139988 0)
(-0.0215706 5.59125e-05 0)
(-0.022974 0.00140585 0)
(-0.0027282 0.0250614 0)
(-0.00567533 -0.0129161 0)
(0.00297618 0.0246259 0)
(-0.00228693 -0.00485713 0)
(0.00155561 0.0248529 0)
(0.00459231 0.0244634 0)
(-0.0248043 -0.0120109 0)
(0.00752203 0.0247507 0)
(-0.0248453 -0.00444353 0)
(-0.0244914 0.00118178 0)
(0.0104384 -0.0244373 0)
(0.00724546 -0.024614 0)
(-0.0247782 -0.0180376 0)
(-0.023335 0.0242773 0)
(-0.0245294 0.0227109 0)
(0.0195611 0.0247253 0)
(0.0136581 0.0247879 0)
(-0.00529083 -0.0170036 0)
(-0.0053779 -0.00875171 0)
(0.0255109 0.0225334 0)
(0.013077 -0.022961 0)
(-0.004169 -0.0196723 0)
(0.00503823 0.00808438 0)
(0.00684001 0.00599814 0)
(0.00973021 0.00494353 0)
(0.0129129 0.0045915 0)
(0.0158517 0.00536179 0)
(0.0185435 0.00688901 0)
(0.0205619 0.0092239 0)
(0.0218056 0.0118575 0)
(0.0224027 0.01489 0)
(0.0218801 0.0180941 0)
(0.0204865 0.0205819 0)
(0.00421707 0.021894 0)
(-0.00614703 -0.0116065 0)
(-0.00240115 -0.0219239 0)
(0.0152054 -0.0208539 0)
(0.0167448 -0.0184714 0)
(0.0177295 -0.0158348 0)
(0.0180324 -0.0131307 0)
(0.0177913 -0.0102618 0)
(0.0167635 -0.00770244 0)
(0.015189 -0.00541149 0)
(0.0132412 -0.00344123 0)
(0.0109165 -0.00202475 0)
(0.00813772 -0.00120213 0)
(0.00525959 -0.000976391 0)
(0.00230139 -0.00153821 0)
(-0.0038138 -0.00592131 0)
(5.84725e-05 0.0248867 0)
(-0.00614072 -0.0143256 0)
(-0.0233709 -0.00213027 0)
(-0.0235352 -0.0142724 0)
(-0.000566537 0.0235484 0)
(-0.0233797 -0.0234274 0)
(-0.0216974 -0.0234802 0)
(-0.0202772 -0.0234309 0)
(-0.0187329 -0.0233691 0)
(-0.017276 -0.0234303 0)
(-0.0157026 -0.023416 0)
(-0.01425 -0.0234616 0)
(-0.0126931 -0.0234295 0)
(-0.0112636 -0.0234892 0)
(-0.00972934 -0.0234968 0)
(-0.00828301 -0.0235238 0)
(-0.00670737 -0.0233633 0)
(-0.00517098 -0.023193 0)
(-0.00356814 -0.0232197 0)
(-0.00210814 -0.0234629 0)
(-0.000812053 -0.0238029 0)
(-0.0234725 -0.00975002 0)
(0.0203453 0.0235756 0)
(0.0144279 -0.0236135 0)
(0.0157107 -0.0234345 0)
(0.0171974 -0.0233883 0)
(0.0186602 -0.0233509 0)
(0.0201824 -0.0234493 0)
(0.0215538 -0.023507 0)
(0.0230029 -0.023535 0)
(0.0242525 -0.0235239 0)
(0.00327694 0.00625891 0)
(0.00368362 0.00778372 0)
(-0.0235943 -0.0052012 0)
(-0.02347 -0.00671143 0)
(0.024757 -0.0223895 0)
(0.0246644 -0.0211397 0)
(0.024624 -0.0196428 0)
(0.0246217 -0.0181905 0)
(0.02459 -0.0166802 0)
(0.0246306 -0.0151036 0)
(0.0246767 -0.0135981 0)
(0.0246518 -0.0121694 0)
(0.0245994 -0.0106303 0)
(0.0245377 -0.00919072 0)
(0.0245794 -0.00765852 0)
(0.0245517 -0.00614426 0)
(0.0245876 -0.00464129 0)
(0.0245374 -0.00308464 0)
(0.0245594 -0.00164372 0)
(0.0245051 -6.15923e-05 0)
(0.0245413 0.00137105 0)
(0.0245233 0.00294079 0)
(0.0245542 0.00437911 0)
(0.0244895 0.00594906 0)
(0.0245752 0.00731649 0)
(0.0245522 0.00885037 0)
(0.0244937 0.0102773 0)
(0.0244075 0.0118517 0)
(0.0245585 0.0132115 0)
(0.024104 0.0148313 0)
(0.0245502 0.0162392 0)
(0.0244013 0.0177464 0)
(0.024502 0.0192139 0)
(0.0247343 0.0205251 0)
(-0.0235124 -0.017287 0)
(-7.42499e-05 -0.00214913 0)
(-0.00253965 -0.00311481 0)
(-0.0235384 -0.0157171 0)
(-0.0234414 -0.00815842 0)
(0.0186918 0.023101 0)
(0.00260681 0.019734 0)
(-0.0234772 -0.0187453 0)
(0.000474123 -0.023413 0)
(-0.0234672 -0.0202944 0)
(-0.0233486 -0.000362802 0)
(-0.00458143 -0.00294904 0)
(0.00226152 0.00330813 0)
(-0.000921519 0.000126477 0)
(-0.0236052 -0.00373626 0)
(0.00369628 0.0231412 0)
(-0.0217963 -0.00161829 0)
(0.000832143 0.0223503 0)
(0.0239263 0.0233567 0)
(0.000841604 0.00169163 0)
(-0.00274907 -0.00136748 0)
(-0.00649738 -0.0039167 0)
(-0.00937659 -0.00455312 0)
(-0.0119376 -0.00492849 0)
(-0.0144594 -0.00467324 0)
(-0.0168291 -0.00400952 0)
(-0.019235 -0.00301863 0)
(0.00208942 0.0233288 0)
(-0.0235036 -0.0112376 0)
(0.0244279 0.0217479 0)
(0.0025328 0.0216103 0)
(0.00370779 0.00471348 0)
(-0.0235215 -0.012711 0)
(0.0220063 0.0232104 0)
(0.000781335 0.023755 0)
(-0.0157608 -0.0050825 0)
(-0.0182298 -0.00425298 0)
(-0.00549377 -0.0186234 0)
(-0.00660728 -0.0100155 0)
(-0.0235263 -0.0217308 0)
(-0.00425743 -0.0214686 0)
(0.00496907 0.00627914 0)
(0.00793661 0.00460902 0)
(0.0112396 0.0038805 0)
(0.0146547 0.00411722 0)
(0.0178076 0.00539057 0)
(0.0203273 0.00738857 0)
(0.0218862 0.0101986 0)
(0.0231097 0.0131082 0)
(0.0231444 0.0167368 0)
(0.0219269 0.0196958 0)
(0.0203537 0.0221628 0)
(-0.00716472 -0.0129654 0)
(0.0169641 -0.0203181 0)
(0.0180494 -0.0174397 0)
(0.0187643 -0.0146679 0)
(0.0188128 -0.0116438 0)
(0.0181659 -0.00865834 0)
(0.0167564 -0.00614063 0)
(0.0148517 -0.0038211 0)
(0.0125329 -0.00203342 0)
(0.0098395 -0.000853368 0)
(0.00688684 -0.000268238 0)
(0.00361925 -0.000105712 0)
(-0.00782569 -0.00490108 0)
(-0.0207012 -0.00298558 0)
(-0.0132242 -0.00554169 0)
(-0.0105884 -0.00550938 0)
(-0.00557889 -0.00682207 0)
(-0.00659778 -0.0158949 0)
(0.0233811 0.0204744 0)
(-0.0210751 -0.0221049 0)
(-0.0195277 -0.0219988 0)
(-0.0180337 -0.0220509 0)
(-0.0164394 -0.0221003 0)
(-0.0149734 -0.0221168 0)
(-0.0134056 -0.0221083 0)
(-0.011963 -0.0221095 0)
(-0.010437 -0.0221684 0)
(-0.00905356 -0.0222863 0)
(-0.00750747 -0.0222035 0)
(-0.00604363 -0.0218517 0)
(0.0231627 0.0221264 0)
(-0.0221262 -0.00894874 0)
(0.0162851 -0.0219975 0)
(0.0178744 -0.0219035 0)
(0.0194033 -0.0220176 0)
(0.0209619 -0.0221439 0)
(0.0222329 -0.0223439 0)
(0.0235561 -0.0219538 0)
(0.0218661 0.021357 0)
(0.0231649 0.0111857 0)
(-0.0220917 -0.0195178 0)
(-0.022194 -0.00583531 0)
(-0.0013666 -0.00181492 0)
(-0.0222225 -0.0134868 0)
(0.0234306 -0.0203381 0)
(0.0235012 -0.0186996 0)
(0.0233701 -0.0172428 0)
(0.0233553 -0.0156437 0)
(0.0235359 -0.0142253 0)
(0.0235681 -0.0127166 0)
(0.0234065 -0.0113028 0)
(0.0233182 -0.00973085 0)
(0.0233607 -0.00828046 0)
(0.0233545 -0.00670735 0)
(0.0234156 -0.00524766 0)
(0.023353 -0.00366634 0)
(0.0233564 -0.00220972 0)
(0.0233099 -0.000629409 0)
(0.0232994 0.000836794 0)
(0.023312 0.00240182 0)
(0.0233792 0.00382117 0)
(0.0232872 0.00542688 0)
(0.0231997 0.00686801 0)
(0.0234926 0.00820907 0)
(0.0232894 0.0095342 0)
(0.0232188 0.0187068 0)
(-0.0220738 -0.00730119 0)
(0.000988154 -0.00141898 0)
(0.0147553 -0.0223277 0)
(0.0093693 0.00342277 0)
(0.0131023 0.00278845 0)
(0.016579 0.00394685 0)
(0.0196386 0.00563728 0)
(0.0220498 0.00820276 0)
(0.00139108 5.04265e-05 0)
(0.00270381 0.00158328 0)
(0.00581344 0.00433718 0)
(-0.00373966 -0.00436402 0)
(-0.022137 -0.00318071 0)
(-0.0051396 -0.00491371 0)
(-0.0222044 -0.0104564 0)
(-0.0223562 -0.022344 0)
(0.0188877 0.0038261 0)
(-7.42435e-05 -0.0009448 0)
(-0.0222204 -0.0180469 0)
(-0.0146719 -0.00624689 0)
(-0.00783208 -0.0113115 0)
(-0.0056482 -0.0203003 0)
(-0.00687555 -0.0175556 0)
(-0.022149 -0.0210615 0)
(-0.0222803 -0.0150245 0)
(-0.0222539 -0.0164647 0)
(0.0109295 0.00227585 0)
(-0.0077788 -0.0145024 0)
(0.00749354 0.00299218 0)
(0.0153236 0.00254208 0)
(0.0196651 -0.0132083 0)
(0.0181806 -0.0190685 0)
(0.0192256 -0.0163114 0)
(0.0193614 -0.00996133 0)
(0.0182966 -0.00698544 0)
(0.0165239 -0.00440111 0)
(0.0143274 -0.00214124 0)
(0.011617 -0.000612203 0)
(0.00854816 0.000263173 0)
(0.00551303 0.000663246 0)
(-0.00649386 -0.00546108 0)
(0.0216304 0.00620468 0)
(-0.022248 -0.0120358 0)
(-0.0198508 -0.00450084 0)
(-0.0118886 -0.00651696 0)
(-0.00906035 -0.00619191 0)
(-0.0225605 -0.00451896 0)
(-0.00699177 -0.00833317 0)
(0.0207563 0.00437819 0)
(0.00574204 0.00233978 0)
(-0.0212271 -0.00455524 0)
(-0.0187347 -0.0206555 0)
(-0.0172209 -0.0207511 0)
(-0.0156311 -0.0207922 0)
(-0.0141723 -0.020777 0)
(-0.0125975 -0.0207361 0)
(-0.0111231 -0.0207403 0)
(-0.00959943 -0.0208886 0)
(-0.00837299 -0.0211905 0)
(-0.0208074 -0.0187123 0)
(-0.0208576 -0.00973302 0)
(0.0194758 -0.0180224 0)
(0.0186561 -0.020627 0)
(0.0203538 -0.0206956 0)
(0.0220085 -0.0208128 0)
(-0.00899863 -0.0128591 0)
(-0.017241 -0.0054698 0)
(-0.00747987 -0.00663169 0)
(-0.00693534 -0.0192546 0)
(-0.00832251 -0.00961181 0)
(0.0071679 0.00139076 0)
(0.0221873 -0.0178912 0)
(0.022053 -0.0162671 0)
(0.0221536 -0.0147374 0)
(0.0225461 -0.0133722 0)
(0.0222504 -0.0120412 0)
(0.0220818 -0.0105281 0)
(0.0220347 -0.00891653 0)
(0.0220523 -0.00741871 0)
(0.0221927 -0.00588315 0)
(0.0221258 -0.00436095 0)
(0.0220941 -0.00284727 0)
(0.0220045 -0.00132154 0)
(0.022033 0.000252869 0)
(0.0219882 0.00178368 0)
(0.0220158 0.00330996 0)
(0.0221934 0.00466142 0)
(0.0134792 -0.000539168 0)
(0.0162017 -0.00277214 0)
(0.018101 -0.00525888 0)
(-0.0209795 -0.0128048 0)
(0.0201636 -0.00801461 0)
(0.0173513 0.00248119 0)
(0.00896548 0.00187781 0)
(0.0143983 0.00101739 0)
(-0.00835838 -0.0164508 0)
(0.0206037 -0.0114807 0)
(0.0205749 -0.0150804 0)
(0.00406099 0.00302574 0)
(0.0123219 0.000992916 0)
(-0.00706094 -0.0207656 0)
(0.0103646 0.00071634 0)
(-0.020904 -0.0113105 0)
(-0.00837172 -0.0183441 0)
(0.0208001 -0.0170646 0)
(-0.0207178 -0.00806948 0)
(-0.0210204 -0.0172216 0)
(0.0212021 -0.0133458 0)
(0.0196057 -0.0194815 0)
(-0.0160728 -0.0066446 0)
(0.0191117 0.00205303 0)
(-0.0205409 -0.0204807 0)
(0.0178563 -0.00357016 0)
(0.0195944 -0.00607372 0)
(-0.0133391 -0.00745292 0)
(-0.0206422 -0.00626034 0)
(0.0162611 0.000978846 0)
(-0.0209241 -0.0143019 0)
(-0.00960241 -0.0108942 0)
(-0.0094834 -0.0147711 0)
(0.0156263 -0.000764244 0)
(0.0208275 -0.00974809 0)
(0.00432911 0.00156145 0)
(-0.0187839 -0.00580414 0)
(-0.0103722 -0.00738415 0)
(-0.00878944 -0.00793283 0)
(0.0205449 0.0028023 0)
(0.0223719 -0.019375 0)
(0.0209841 -0.0190581 0)
(-0.0178654 -0.01939 0)
(-0.0163133 -0.0194599 0)
(-0.0148774 -0.0194725 0)
(-0.0133215 -0.0193696 0)
(-0.0118423 -0.0193057 0)
(-0.0099418 -0.0192417 0)
(-0.0095765 -0.0176542 0)
(0.0194005 -0.0043964 0)
(0.0209374 -0.00654579 0)
(0.0207523 -0.00356994 0)
(0.020718 -0.00202036 0)
(0.0206217 -0.000471628 0)
(0.0206166 0.00110401 0)
(0.0177015 -0.00192987 0)
(0.0179281 0.00108768 0)
(-0.0100461 -0.00908785 0)
(-0.0210457 -0.0157329 0)
(-0.0102758 -0.0162978 0)
(-0.0104472 -0.0135657 0)
(-0.0108628 -0.0120526 0)
(-0.0197065 -0.0121207 0)
(-0.0193241 -0.0191889 0)
(-0.00845313 -0.0198754 0)
(0.0176982 -0.000308325 0)
(-0.0113594 -0.0103209 0)
(-0.0194254 -0.00908445 0)
(-0.0117502 -0.00843865 0)
(0.0208832 -0.0051041 0)
(0.0192343 0.000324503 0)
(-0.0148323 -0.00794248 0)
(0.0193212 -0.0027744 0)
(-0.0196841 -0.0135761 0)
(-0.0112213 -0.0149197 0)
(-0.017626 -0.00709452 0)
(-0.0195995 -0.0106278 0)
(-0.0197219 -0.0177326 0)
(-0.0184183 -0.0115223 0)
(-0.0155431 -0.0181818 0)
(-0.0141258 -0.018001 0)
(-0.0125915 -0.0178931 0)
(-0.011106 -0.0178057 0)
(-0.0183072 -0.0179967 0)
(0.0191855 -0.00118388 0)
(-0.0120048 -0.013388 0)
(-0.019225 -0.00751923 0)
(-0.0169727 -0.018167 0)
(-0.0133191 -0.00955431 0)
(-0.0125634 -0.0116854 0)
(-0.0184194 -0.0128987 0)
(-0.0164119 -0.00827519 0)
(-0.011951 -0.0163929 0)
(-0.0183314 -0.0100432 0)
(-0.0180087 -0.00857175 0)
(-0.0195479 -0.0151642 0)
(-0.018774 -0.0165269 0)
(-0.0199772 -0.0164819 0)
(-0.0152427 -0.00963747 0)
(-0.0172943 -0.0110089 0)
(-0.0134362 -0.0164574 0)
(-0.0127718 -0.0149047 0)
(-0.0168113 -0.0097268 0)
(-0.0173955 -0.01673 0)
(-0.0135996 -0.0132836 0)
(-0.0170692 -0.0123259 0)
(-0.018504 -0.0141786 0)
(-0.0149465 -0.0166496 0)
(-0.0161947 -0.0169686 0)
(-0.0178666 -0.0153283 0)
(-0.0144879 -0.0149572 0)
(-0.0142821 -0.0113979 0)
(-0.017141 -0.013912 0)
(-0.0159681 -0.0112525 0)
(-0.0155454 -0.0132626 0)
(-0.0161915 -0.0153988 0)
(-0.03 -0.03 0.005)
(-0.03 -0.0285 0.005)
(-0.03 -0.027 0.005)
(-0.03 -0.0255 0.005)
(-0.03 -0.024 0.005)
(-0.03 -0.0225 0.005)
(-0.03 -0.021 0.005)
(-0.03 -0.0195 0.005)
(-0.03 -0.018 0.005)
(-0.03 -0.0165 0.005)
(-0.03 -0.015 0.005)
(-0.03 -0.0135 0.005)
(-0.03 -0.012 0.005)
(-0.03 -0.0105 0.005)
(-0.03 -0.009 0.005)
(-0.03 -0.0075 0.005)
(-0.03 -0.006 0.005)
(-0.03 -0.0045 0.005)
(-0.03 -0.003 0.005)
(-0.03 -0.0015 0.005)
(-0.03 -5.68434e-17 0.005)
(-0.03 0.0015 0.005)
(-0.03 0.003 0.005)
(-0.03 0.0045 0.005)
(-0.03 0.006 0.005)
(-0.03 0.0075 0.005)
(-0.03 0.009 0.005)
(-0.03 0.0105 0.005)
(-0.03 0.012 0.005)
(-0.03 0.0135 0.005)
(-0.03 0.015 0.005)
(-0.03 0.0165 0.005)
(-0.03 0.018 0.005)
(-0.03 0.0195 0.005)
(-0.03 0.021 0.005)
(-0.03 0.0225 0.005)
(-0.03 0.024 0.005)
(-0.03 0.0255 0.005)
(-0.03 0.027 0.005)
(-0.03 0.0285 0.005)
(-0.03 0.03 0.005)
(-0.0285 -0.03 0.005)
(-0.027 -0.03 0.005)
(-0.0255 -0.03 0.005)
(-0.024 -0.03 0.005)
(-0.0225 -0.03 0.005)
(-0.021 -0.03 0.005)
(-0.0195 -0.03 0.005)
(-0.018 -0.03 0.005)
(-0.0165 -0.03 0.005)
(-0.015 -0.03 0.005)
(-0.0135 -0.03 0.005)
(-0.012 -0.03 0.005)
(-0.0105 -0.03 0.005)
(-0.009 -0.03 0.005)
(-0.0075 -0.03 0.005)
(-0.006 -0.03 0.005)
(-0.0045 -0.03 0.005)
(-0.003 -0.03 0.005)
(-0.0015 -0.03 0.005)
(-5.68434e-17 -0.03 0.005)
(0.0015 -0.03 0.005)
(0.003 -0.03 0.005)
(0.0045 -0.03 0.005)
(0.006 -0.03 0.005)
(0.0075 -0.03 0.005)
(0.009 -0.03 0.005)
(0.0105 -0.03 0.005)
(0.012 -0.03 0.005)
(0.0135 -0.03 0.005)
(0.015 -0.03 0.005)
(0.0165 -0.03 0.005)
(0.018 -0.03 0.005)
(0.0195 -0.03 0.005)
(0.021 -0.03 0.005)
(0.0225 -0.03 0.005)
(0.024 -0.03 0.005)
(0.0255 -0.03 0.005)
(0.027 -0.03 0.005)
(0.0285 -0.03 0.005)
(0.03 -0.03 0.005)
(-0.0285 0.03 0.005)
(-0.027 0.03 0.005)
(-0.0255 0.03 0.005)
(-0.024 0.03 0.005)
(-0.0225 0.03 0.005)
(-0.021 0.03 0.005)
(-0.0195 0.03 0.005)
(-0.018 0.03 0.005)
(-0.0165 0.03 0.005)
(-0.015 0.03 0.005)
(-0.0135 0.03 0.005)
(-0.012 0.03 0.005)
(-0.0105 0.03 0.005)
(-0.009 0.03 0.005)
(-0.0075 0.03 0.005)
(-0.006 0.03 0.005)
(-0.0045 0.03 0.005)
(-0.003 0.03 0.005)
(-0.0015 0.03 0.005)
(-5.68434e-17 0.03 0.005)
(0.0015 0.03 0.005)
(0.003 0.03 0.005)
(0.0045 0.03 0.005)
(0.006 0.03 0.005)
(0.0075 0.03 0.005)
(0.009 0.03 0.005)
(0.0105 0.03 0.005)
(0.012 0.03 0.005)
(0.0135 0.03 0.005)
(0.015 0.03 0.005)
(0.0165 0.03 0.005)
(0.018 0.03 0.005)
(0.0195 0.03 0.005)
(0.021 0.03 0.005)
(0.0225 0.03 0.005)
(0.024 0.03 0.005)
(0.0255 0.03 0.005)
(0.027 0.03 0.005)
(0.0285 0.03 0.005)
(0.03 0.03 0.005)
(0.03 -0.0285 0.005)
(0.03 -0.027 0.005)
(0.03 -0.0255 0.005)
(0.03 -0.024 0.005)
(0.03 -0.0225 0.005)
(0.03 -0.021 0.005)
(0.03 -0.0195 0.005)
(0.03 -0.018 0.005)
(0.03 -0.0165 0.005)
(0.03 -0.015 0.005)
(0.03 -0.0135 0.005)
(0.03 -0.012 0.005)
(0.03 -0.0105 0.005)
(0.03 -0.009 0.005)
(0.03 -0.0075 0.005)
(0.03 -0.006 0.005)
(0.03 -0.0045 0.005)
(0.03 -0.003 0.005)
(0.03 -0.0015 0.005)
(0.03 -5.68434e-17 0.005)
(0.03 0.0015 0.005)
(0.03 0.003 0.005)
(0.03 0.0045 0.005)
(0.03 0.006 0.005)
(0.03 0.0075 0.005)
(0.03 0.009 0.005)
(0.03 0.0105 0.005)
(0.03 0.012 0.005)
(0.03 0.0135 0.005)
(0.03 0.015 0.005)
(0.03 0.0165 0.005)
(0.03 0.018 0.005)
(0.03 0.0195 0.005)
(0.03 0.021 0.005)
(0.03 0.0225 0.005)
(0.03 0.024 0.005)
(0.03 0.0255 0.005)
(0.03 0.027 0.005)
(0.03 0.0285 0.005)
(-0.000324792 -0.011501 0.005)
(-0.0005 -0.013 0.005)
(0.000191388 -0.0100828 0.005)
(0.00102071 -0.00882188 0.005)
(0.00211847 -0.0077862 0.005)
(0.00342548 -0.0070316 0.005)
(0.00487129 -0.00659875 0.005)
(0.00637794 -0.006511 0.005)
(0.00786422 -0.00677307 0.005)
(0.00925 -0.00737083 0.005)
(0.0104606 -0.00827207 0.005)
(0.0114307 -0.00942819 0.005)
(0.012108 -0.0107769 0.005)
(0.012456 -0.0122454 0.005)
(0.012456 -0.0137546 0.005)
(0.012108 -0.0152231 0.005)
(0.0114307 -0.0165718 0.005)
(0.0104606 -0.0177279 0.005)
(0.00925 -0.0186292 0.005)
(0.00786422 -0.0192269 0.005)
(0.00637794 -0.019489 0.005)
(0.00487129 -0.0194013 0.005)
(0.00342548 -0.0189684 0.005)
(0.00211847 -0.0182138 0.005)
(0.00102071 -0.0171781 0.005)
(0.000191388 -0.0159172 0.005)
(-0.000324792 -0.014499 0.005)
(0.00722214 0.0164738 0.005)
(0.007 0.015 0.005)
(0.00786881 0.0178166 0.005)
(0.00888255 0.0189092 0.005)
(0.0101733 0.0196544 0.005)
(0.0116263 0.019986 0.005)
(0.0131126 0.0198746 0.005)
(0.0145 0.0193301 0.005)
(0.0156653 0.0184009 0.005)
(0.0165048 0.0171694 0.005)
(0.0169442 0.0157452 0.005)
(0.0169442 0.0142548 0.005)
(0.0165048 0.0128306 0.005)
(0.0156653 0.0115991 0.005)
(0.0145 0.0106699 0.005)
(0.0131126 0.0101254 0.005)
(0.0116263 0.010014 0.005)
(0.0101733 0.0103456 0.005)
(0.00888255 0.0110908 0.005)
(0.00786881 0.0121834 0.005)
(0.00722214 0.0135262 0.005)
(-0.0218883 0.0134904 0.005)
(-0.022 0.012 0.005)
(-0.0215557 0.0149476 0.005)
(-0.0210097 0.0163388 0.005)
(-0.0202624 0.0176332 0.005)
(-0.0193305 0.0188017 0.005)
(-0.0182349 0.0198183 0.005)
(-0.017 0.0206603 0.005)
(-0.0156534 0.0213087 0.005)
(-0.0142252 0.0217493 0.005)
(-0.0127473 0.021972 0.005)
(-0.0112527 0.021972 0.005)
(-0.00977479 0.0217493 0.005)
(-0.00834659 0.0213087 0.005)
(-0.007 0.0206603 0.005)
(-0.0057651 0.0198183 0.005)
(-0.00466948 0.0188017 0.005)
(-0.00373761 0.0176332 0.005)
(-0.00299031 0.0163388 0.005)
(-0.00244427 0.0149476 0.005)
(-0.00211169 0.0134904 0.005)
(-0.002 0.012 0.005)
(-0.00211169 0.0105096 0.005)
(-0.00244427 0.00905245 0.005)
(-0.00299031 0.00766116 0.005)
(-0.00373761 0.0063668 0.005)
(-0.00466948 0.00519827 0.005)
(-0.0057651 0.00418169 0.005)
(-0.007 0.00333975 0.005)
(-0.00834659 0.00269126 0.005)
(-0.00977479 0.00225072 0.005)
(-0.0112527 0.00202796 0.005)
(-0.0127473 0.00202796 0.005)
(-0.0142252 0.00225072 0.005)
(-0.0156534 0.00269126 0.005)
(-0.017 0.00333975 0.005)
(-0.0182349 0.00418169 0.005)
(-0.0193305 0.00519827 0.005)
(-0.0202624 0.0063668 0.005)
(-0.0210097 0.00766116 0.005)
(-0.0215557 0.00905245 0.005)
(-0.0218883 0.0105096 0.005)
(-0.0287015 -0.0279431 0.005)
(-0.0286838 -0.0247863 0.005)
(-0.0286799 -0.0217573 0.005)
(-0.0286792 -0.0187503 0.005)
(-0.0286814 -0.0157471 0.005)
(-0.0286816 -0.0127446 0.005)
(-0.0286786 -0.00975002 0.005)
(-0.0286788 -0.00674862 0.005)
(-0.0286801 -0.00374737 0.005)
(-0.0286693 -0.000749565 0.005)
(-0.0286128 0.00225697 0.005)
(-0.0286567 0.00523387 0.005)
(-0.0287167 0.00823053 0.005)
(-0.0286468 0.011236 0.005)
(-0.0286995 0.0142718 0.005)
(-0.0287155 0.0172702 0.005)
(-0.028611 0.0202396 0.005)
(-0.0286488 0.0232168 0.005)
(-0.0286374 0.0262028 0.005)
(-0.0275457 -0.0287351 0.005)
(-0.0262166 -0.0286715 0.005)
(-0.0247437 -0.0286374 0.005)
(-0.023256 -0.0286888 0.005)
(-0.0217488 -0.0286624 0.005)
(-0.0202512 -0.0287106 0.005)
(-0.0187481 -0.0286683 0.005)
(-0.0172529 -0.0287119 0.005)
(-0.0157499 -0.0286703 0.005)
(-0.0142536 -0.0287153 0.005)
(-0.0127498 -0.0286744 0.005)
(-0.011253 -0.0287186 0.005)
(-0.00974824 -0.0286748 0.005)
(-0.0082511 -0.0287146 0.005)
(-0.00674795 -0.0286687 0.005)
(-0.00525178 -0.0287133 0.005)
(-0.0037501 -0.0287185 0.005)
(-0.00225532 -0.0286811 0.005)
(-0.000752222 -0.0287242 0.005)
(0.000742086 -0.0286725 0.005)
(0.00224038 -0.028707 0.005)
(0.00373278 -0.0286637 0.005)
(0.0052411 -0.0287079 0.005)
(0.00674435 -0.0286529 0.005)
(0.00825102 -0.0286721 0.005)
(0.00974635 -0.0286096 0.005)
(0.0112483 -0.028654 0.005)
(0.0127439 -0.0286278 0.005)
(0.0142481 -0.0286927 0.005)
(0.0157446 -0.0286646 0.005)
(0.0172442 -0.0287138 0.005)
(0.01873 -0.0286749 0.005)
(0.0202187 -0.0287233 0.005)
(0.0216897 -0.0286902 0.005)
(0.0231572 -0.0287433 0.005)
(0.0245887 -0.0287221 0.005)
(0.0260105 -0.0287865 0.005)
(0.0273893 -0.0287349 0.005)
(0.0287433 -0.0286819 0.005)
(-0.0279048 0.0287171 0.005)
(-0.0247705 0.0287407 0.005)
(-0.0217599 0.0286293 0.005)
(-0.0187639 0.0286394 0.005)
(-0.0157328 0.0286804 0.005)
(-0.0127075 0.0286378 0.005)
(-0.00968727 0.0286798 0.005)
(-0.0066721 0.0287139 0.005)
(-0.00375992 0.028692 0.005)
(-0.000754094 0.0287041 0.005)
(0.0022433 0.0286634 0.005)
(0.00523069 0.0286278 0.005)
(0.00822848 0.0286125 0.005)
(0.0112215 0.0286325 0.005)
(0.0142358 0.0286792 0.005)
(0.0172456 0.0286827 0.005)
(0.0203377 0.0286782 0.005)
(0.0234564 0.0286631 0.005)
(0.0262084 0.0285484 0.005)
(0.0288641 -0.0272084 0.005)
(0.0289094 -0.0257747 0.005)
(0.0288938 -0.0242306 0.005)
(0.0289302 -0.0227815 0.005)
(0.0289481 -0.0212152 0.005)
(0.0289553 -0.0197636 0.005)
(0.0289501 -0.0182074 0.005)
(0.0289368 -0.0167542 0.005)
(0.0289701 -0.0152166 0.005)
(0.0289367 -0.0137525 0.005)
(0.0289645 -0.0122128 0.005)
(0.0289284 -0.0107513 0.005)
(0.0289643 -0.00922728 0.005)
(0.0289238 -0.00772103 0.005)
(0.0289605 -0.00624077 0.005)
(0.0289228 -0.00471846 0.005)
(0.0289573 -0.00323558 0.005)
(0.0289173 -0.00171159 0.005)
(0.0289586 -0.000234082 0.005)
(0.0289151 0.0012783 0.005)
(0.0289466 0.00275636 0.005)
(0.0289164 0.00431314 0.005)
(0.0289576 0.00573314 0.005)
(0.0289183 0.00730552 0.005)
(0.028956 0.00873191 0.005)
(0.0289064 0.0103094 0.005)
(0.0289315 0.0117449 0.005)
(0.0289179 0.0132928 0.005)
(0.0289256 0.0147335 0.005)
(0.0289217 0.0162781 0.005)
(0.0289378 0.0177161 0.005)
(0.0289338 0.0192598 0.005)
(0.0289412 0.0206884 0.005)
(0.0289371 0.0221928 0.005)
(0.028993 0.023535 0.005)
(0.0288628 0.025038 0.005)
(0.0285579 0.026469 0.005)
(0.0280572 0.0283028 0.005)
(-0.00179572 -0.0120726 0.005)
(-0.00139008 -0.0102757 0.005)
(-0.000464844 -0.00869959 0.005)
(0.000748539 -0.00736145 0.005)
(0.00214797 -0.00637363 0.005)
(0.00377764 -0.00558762 0.005)
(0.00549349 -0.00516312 0.005)
(0.00738035 -0.00529715 0.005)
(0.00916053 -0.00581773 0.005)
(0.0107098 -0.00673163 0.005)
(0.0119781 -0.0079828 0.005)
(0.0130231 -0.00949737 0.005)
(0.0136054 -0.0112188 0.005)
(0.0138822 -0.0130276 0.005)
(0.0136091 -0.0148484 0.005)
(0.0129938 -0.0165343 0.005)
(0.012012 -0.0180611 0.005)
(0.0106502 -0.0193594 0.005)
(0.00903705 -0.0201555 0.005)
(0.00733045 -0.0206094 0.005)
(0.00559077 -0.0206827 0.005)
(0.0038763 -0.0204598 0.005)
(0.00220843 -0.0197655 0.005)
(0.00066694 -0.018698 0.005)
(-0.000601721 -0.0173355 0.005)
(-0.00139736 -0.0156886 0.005)
(-0.00177458 -0.0138388 0.005)
(0.00578237 0.0159796 0.005)
(0.00630183 0.0177356 0.005)
(0.00737569 0.0193078 0.005)
(0.00886415 0.0205707 0.005)
(0.0106351 0.0210786 0.005)
(0.0124527 0.021161 0.005)
(0.0142361 0.0207515 0.005)
(0.0158588 0.0198711 0.005)
(0.0171059 0.0185481 0.005)
(0.0180026 0.01681 0.005)
(0.0182942 0.0149686 0.005)
(0.0179637 0.0131432 0.005)
(0.0171701 0.0115471 0.005)
(0.0158972 0.0101417 0.005)
(0.0142822 0.00914186 0.005)
(0.012479 0.00877182 0.005)
(0.0106497 0.00887637 0.005)
(0.00896231 0.00949885 0.005)
(0.00723365 0.0105859 0.005)
(0.00631989 0.0123675 0.005)
(0.00582908 0.014111 0.005)
(-0.0232152 0.0128412 0.005)
(-0.0229745 0.0145382 0.005)
(-0.0224272 0.0161381 0.005)
(-0.0217159 0.0176855 0.005)
(-0.0207483 0.0190261 0.005)
(-0.01963 0.0202439 0.005)
(-0.0183361 0.0212516 0.005)
(-0.016857 0.0220727 0.005)
(-0.0153239 0.0226798 0.005)
(-0.0137663 0.0230777 0.005)
(-0.0119933 0.0232559 0.005)
(-0.0103278 0.0231362 0.005)
(-0.00870047 0.022733 0.005)
(-0.00714777 0.0220666 0.005)
(-0.00564338 0.0211955 0.005)
(-0.00437403 0.0201546 0.005)
(-0.00325818 0.0189748 0.005)
(-0.00225226 0.0175737 0.005)
(-0.00151261 0.0160326 0.005)
(-0.00104507 0.0144411 0.005)
(-0.000782289 0.0127818 0.005)
(-0.000845046 0.0111111 0.005)
(-0.00107975 0.009438 0.005)
(-0.00158922 0.00791547 0.005)
(-0.00233379 0.00635821 0.005)
(-0.003259 0.00506339 0.005)
(-0.00441582 0.00377254 0.005)
(-0.00568788 0.00279933 0.005)
(-0.00717978 0.00191873 0.005)
(-0.00871817 0.0012483 0.005)
(-0.0102945 0.000868098 0.005)
(-0.0119955 0.000755016 0.005)
(-0.0137069 0.000827012 0.005)
(-0.0152903 0.00120629 0.005)
(-0.016843 0.00184004 0.005)
(-0.0183421 0.00269399 0.005)
(-0.0196528 0.00374419 0.005)
(-0.0207819 0.00492876 0.005)
(-0.0217426 0.00629922 0.005)
(-0.022471 0.00784109 0.005)
(-0.0229392 0.00947144 0.005)
(-0.0232425 0.0111599 0.005)
(-0.0286897 -0.0263542 0.005)
(-0.0287266 -0.0232689 0.005)
(-0.028722 -0.0202557 0.005)
(-0.0287226 -0.0172525 0.005)
(-0.0287242 -0.014249 0.005)
(-0.0287396 -0.011247 0.005)
(-0.0287209 -0.00824676 0.005)
(-0.0287232 -0.00524355 0.005)
(-0.0287213 -0.00224678 0.005)
(-0.0286889 0.000759535 0.005)
(-0.0286502 0.00375398 0.005)
(-0.0287562 0.00673301 0.005)
(-0.0287202 0.00973544 0.005)
(-0.0286911 0.0127571 0.005)
(-0.0287604 0.0157638 0.005)
(-0.0287037 0.0187594 0.005)
(-0.0286629 0.0217206 0.005)
(-0.0287039 0.0247155 0.005)
(-0.0287705 0.0275381 0.005)
(-0.0232984 0.0287321 0.005)
(-0.0263981 0.0286889 0.005)
(-0.0203254 0.0286545 0.005)
(-0.017316 0.0287143 0.005)
(-0.0142735 0.0286838 0.005)
(-0.0112501 0.0286963 0.005)
(-0.00825071 0.028736 0.005)
(-0.00521527 0.0287205 0.005)
(-0.00219667 0.0287433 0.005)
(0.000802818 0.0287234 0.005)
(0.00379527 0.0286779 0.005)
(0.00678692 0.0286587 0.005)
(0.00978337 0.0286502 0.005)
(0.0127897 0.0286986 0.005)
(0.015799 0.0287224 0.005)
(0.0188092 0.0287215 0.005)
(0.0218355 0.0286995 0.005)
(0.0247777 0.028851 0.005)
(-0.0240336 0.0275128 0.005)
(-0.0211461 0.0272481 0.005)
(-0.0273814 -0.0210061 0.005)
(-0.0273816 -0.018002 0.005)
(-0.0273881 -0.0149923 0.005)
(-0.0273824 -0.0119886 0.005)
(-0.0274175 -0.00899939 0.005)
(-0.0274248 -0.00599199 0.005)
(-0.0274199 -0.0029981 0.005)
(-0.0273939 -7.19219e-06 0.005)
(-0.027248 0.00300806 0.005)
(-0.0274513 0.00598037 0.005)
(-0.0274611 0.00893122 0.005)
(-0.0273346 0.0119644 0.005)
(-0.0274171 0.0150746 0.005)
(-0.0274205 0.0180186 0.005)
(-0.0272122 0.0209644 0.005)
(-0.027357 0.0239369 0.005)
(-0.0272178 0.0271868 0.005)
(-0.0103701 0.02737 0.005)
(-0.0274493 -0.0255557 0.005)
(-0.0271979 -0.0272426 0.005)
(0.0267159 0.0270555 0.005)
(-0.0255138 -0.0273516 0.005)
(-0.0240135 -0.0272839 0.005)
(-0.0224926 -0.0273864 0.005)
(-0.0209903 -0.0273563 0.005)
(-0.0194937 -0.0274009 0.005)
(-0.0179974 -0.0273571 0.005)
(-0.0164993 -0.0274028 0.005)
(-0.0149993 -0.0273635 0.005)
(-0.0134992 -0.0274113 0.005)
(-0.0119993 -0.0273721 0.005)
(-0.0104987 -0.0274173 0.005)
(-0.00899665 -0.0273695 0.005)
(-0.00749569 -0.0274027 0.005)
(-0.00599926 -0.0273545 0.005)
(-0.00449676 -0.0273908 0.005)
(-0.00300168 -0.027375 0.005)
(-0.00151205 -0.027434 0.005)
(-1.52263e-05 -0.0273812 0.005)
(0.00147707 -0.0273931 0.005)
(0.00296061 -0.0273411 0.005)
(0.0044645 -0.0273999 0.005)
(0.00597703 -0.0273562 0.005)
(0.00748325 -0.0273502 0.005)
(0.00898134 -0.0272474 0.005)
(0.0104896 -0.0272706 0.005)
(0.0119947 -0.02725 0.005)
(0.0134974 -0.0273447 0.005)
(0.0149995 -0.0273427 0.005)
(0.0164941 -0.0274029 0.005)
(0.017978 -0.0273623 0.005)
(0.0194543 -0.0274129 0.005)
(0.0209206 -0.0273832 0.005)
(0.0223708 -0.0274417 0.005)
(0.0237858 -0.0274184 0.005)
(0.0251552 -0.0274944 0.005)
(0.0264509 -0.0275163 0.005)
(0.0277063 -0.0274771 0.005)
(-0.0165401 0.0274477 0.005)
(-0.0225542 0.0273114 0.005)
(-0.0119667 0.0273577 0.005)
(-0.0256319 0.0274958 0.005)
(-0.00741992 0.0274604 0.005)
(-0.00441308 0.0273957 0.005)
(-0.0014187 0.0274591 0.005)
(0.00156392 0.0273869 0.005)
(0.00454971 0.0272902 0.005)
(0.00754098 0.027277 0.005)
(0.0105361 0.0272656 0.005)
(0.0135724 0.0273904 0.005)
(0.0165652 0.027413 0.005)
(0.0196078 0.0273646 0.005)
(0.0228844 0.0273689 0.005)
(0.0247714 0.0274112 0.005)
(-0.027428 -0.0225195 0.005)
(-0.0134589 0.0272672 0.005)
(-0.00313408 -0.0129013 0.005)
(-0.00310277 -0.0109036 0.005)
(0.0278345 -0.0259857 0.005)
(0.0277683 -0.0245648 0.005)
(0.0278446 -0.0229905 0.005)
(0.0279044 -0.0215232 0.005)
(0.0279016 -0.0199596 0.005)
(0.0279098 -0.018517 0.005)
(0.0279006 -0.0169616 0.005)
(0.0279141 -0.0155169 0.005)
(0.0279009 -0.0139601 0.005)
(0.0279047 -0.0125092 0.005)
(0.027882 -0.0109526 0.005)
(0.0278856 -0.00950965 0.005)
(0.0278629 -0.00794574 0.005)
(0.0279039 -0.00651945 0.005)
(0.0278629 -0.00494224 0.005)
(0.0279001 -0.00351109 0.005)
(0.0278514 -0.001928 0.005)
(0.0278919 -0.000478097 0.005)
(0.0278545 0.00103303 0.005)
(0.0278874 0.00251846 0.005)
(0.0278549 0.00403814 0.005)
(0.0278884 0.00551271 0.005)
(0.0278605 0.00702929 0.005)
(0.0278884 0.0085072 0.005)
(0.0278455 0.0100182 0.005)
(0.0278656 0.0115433 0.005)
(0.0278304 0.0129975 0.005)
(0.0278486 0.014523 0.005)
(0.0278309 0.0159729 0.005)
(0.0278726 0.0174927 0.005)
(0.0278616 0.0189373 0.005)
(0.0278813 0.0204523 0.005)
(0.0278397 0.0218657 0.005)
(0.0278688 0.0232683 0.005)
(0.0279576 0.0244182 0.005)
(-0.00216644 -0.00858065 0.005)
(-0.0180925 0.0273434 0.005)
(-0.00075337 -0.00705691 0.005)
(0.000734628 -0.0058932 0.005)
(0.0023889 -0.00485488 0.005)
(0.00420385 -0.00388969 0.005)
(0.00649868 -0.00371007 0.005)
(0.008668 -0.00414001 0.005)
(0.0107642 -0.00499025 0.005)
(0.0124409 -0.00626563 0.005)
(0.0138186 -0.00794808 0.005)
(0.0147992 -0.00984345 0.005)
(0.0152989 -0.0119577 0.005)
(0.0152493 -0.0141274 0.005)
(0.0147211 -0.0162217 0.005)
(0.0137628 -0.0181322 0.005)
(0.0122841 -0.0198682 0.005)
(0.0104548 -0.0212282 0.005)
(0.0084418 -0.0217154 0.005)
(0.00656371 -0.0219165 0.005)
(0.004713 -0.0218756 0.005)
(0.0025353 -0.0215326 0.005)
(0.000681308 -0.0203298 0.005)
(-0.0010821 -0.0190991 0.005)
(-0.00231442 -0.017167 0.005)
(-0.00311748 -0.0150428 0.005)
(0.00451726 0.0171934 0.005)
(-0.0244627 0.0139797 0.005)
(0.00556749 0.0193999 0.005)
(0.00712392 0.0212992 0.005)
(0.00929986 0.0224453 0.005)
(0.0115507 0.022487 0.005)
(0.0135431 0.0221748 0.005)
(0.0156688 0.0217593 0.005)
(0.0175636 0.0202272 0.005)
(0.0188575 0.0182706 0.005)
(0.0195996 0.0160642 0.005)
(0.0195884 0.0138241 0.005)
(0.018908 0.0117077 0.005)
(0.017673 0.009794 0.005)
(0.0158513 0.00837772 0.005)
(0.0137295 0.00748892 0.005)
(0.011484 0.00735497 0.005)
(0.0092836 0.00780346 0.005)
(0.00762712 0.00872852 0.005)
(0.00532844 0.0110625 0.005)
(0.00465635 0.0129657 0.005)
(0.00439907 0.015074 0.005)
(-0.0238374 0.0158263 0.005)
(-0.0233237 0.0175475 0.005)
(-0.022339 0.0191937 0.005)
(-0.0211045 0.0205686 0.005)
(-0.0197619 0.0217295 0.005)
(-0.0182301 0.022779 0.005)
(-0.0166544 0.0235397 0.005)
(-0.0148982 0.0241049 0.005)
(-0.0131482 0.0244884 0.005)
(-0.0110797 0.0246635 0.005)
(-0.00915703 0.0241701 0.005)
(-0.00738479 0.0235937 0.005)
(-0.0057113 0.0227571 0.005)
(-0.00422663 0.0216077 0.005)
(-0.0028348 0.020355 0.005)
(-0.0016859 0.0189537 0.005)
(-0.000621391 0.0173709 0.005)
(0.000122813 0.0156093 0.005)
(0.000460858 0.0137316 0.005)
(0.00052839 0.0118567 0.005)
(0.000266203 0.0100311 0.005)
(-0.0001817 0.00822372 0.005)
(-0.000807629 0.00658538 0.005)
(-0.00174609 0.00495417 0.005)
(-0.00292732 0.00356574 0.005)
(-0.00427005 0.00232657 0.005)
(-0.00578027 0.0012299 0.005)
(-0.00745348 0.000358422 0.005)
(-0.00920516 -0.000227596 0.005)
(-0.0109859 -0.000550035 0.005)
(-0.0129799 -0.000545065 0.005)
(-0.0148046 -0.000289837 0.005)
(-0.0165557 0.000246481 0.005)
(-0.0182522 0.00109406 0.005)
(-0.0197599 0.00215843 0.005)
(-0.0211475 0.00340426 0.005)
(-0.0223828 0.00483759 0.005)
(-0.0233185 0.00646592 0.005)
(-0.023836 0.00815801 0.005)
(-0.0244967 0.0100394 0.005)
(-0.0245313 0.0119969 0.005)
(-0.0274216 -0.0195024 0.005)
(-0.0274253 -0.0164953 0.005)
(-0.0274239 -0.0134911 0.005)
(-0.027375 -0.0104991 0.005)
(-0.0273793 -0.00750036 0.005)
(-0.0273845 -0.004489 0.005)
(-0.0273784 -0.00151103 0.005)
(-0.0272779 0.00150011 0.005)
(-0.0272341 0.00452081 0.005)
(-0.0275005 0.0074581 0.005)
(-0.0273335 0.0104392 0.005)
(-0.0273557 0.0135821 0.005)
(-0.0275382 0.0165355 0.005)
(-0.0272824 0.0194727 0.005)
(-0.0273281 0.0224496 0.005)
(-0.027398 0.0254702 0.005)
(-0.0273973 -0.024031 0.005)
(-0.00296767 0.027446 0.005)
(-0.0195645 0.0272813 0.005)
(-0.0150426 0.027381 0.005)
(-0.00896539 0.0274106 0.005)
(-0.00591891 0.0273758 0.005)
(1.79205e-05 0.0274335 0.005)
(0.00300618 0.0273364 0.005)
(0.0059804 0.0272864 0.005)
(0.00899002 0.0272433 0.005)
(0.011994 0.0273403 0.005)
(0.0150112 0.0274064 0.005)
(0.0180159 0.0273972 0.005)
(0.021134 0.0273982 0.005)
(0.0274034 0.0255888 0.005)
(0.00607236 0.00936062 0.005)
(-0.00813334 0.026317 0.005)
(0.00381607 0.0259358 0.005)
(-0.0261165 -0.0202569 0.005)
(-0.026141 0.0245944 0.005)
(-0.0260933 -0.0157136 0.005)
(-0.0259286 0.0111367 0.005)
(-0.0261166 -0.0112541 0.005)
(-0.0261084 -0.00824516 0.005)
(-0.0261337 -0.005201 0.005)
(-0.0261062 -0.00224878 0.005)
(-0.026052 0.000716446 0.005)
(-0.0257816 0.0037873 0.005)
(-0.0263716 0.00676284 0.005)
(-0.0261189 0.00958871 0.005)
(-0.0260649 0.0144611 0.005)
(-0.0263652 0.017262 0.005)
(-0.0257337 0.0201972 0.005)
(-0.0260878 -0.0127069 0.005)
(0.00952277 -0.0229489 0.005)
(0.0237897 0.0260775 0.005)
(-0.0247991 -0.0257824 0.005)
(-0.0262374 -0.026181 0.005)
(-0.000775085 -0.00535682 0.005)
(-0.0232105 -0.0260763 0.005)
(-0.0217214 -0.0260471 0.005)
(-0.0202344 -0.0260893 0.005)
(-0.0187456 -0.0260407 0.005)
(-0.0172498 -0.0260859 0.005)
(-0.0157498 -0.0260496 0.005)
(-0.014248 -0.0260998 0.005)
(-0.012749 -0.0260635 0.005)
(-0.0112507 -0.0261143 0.005)
(-0.00975059 -0.0260734 0.005)
(-0.00824607 -0.026102 0.005)
(-0.00674667 -0.0260311 0.005)
(-0.00526338 -0.0260829 0.005)
(-0.00370684 -0.0260861 0.005)
(-0.00225865 -0.026091 0.005)
(-0.000774508 -0.0261616 0.005)
(0.000717414 -0.0260633 0.005)
(0.00219384 -0.0260286 0.005)
(0.00367061 -0.0260331 0.005)
(0.00521508 -0.0261255 0.005)
(0.00670263 -0.0260407 0.005)
(0.0081807 -0.0259442 0.005)
(0.00970616 -0.0258372 0.005)
(0.011247 -0.0258775 0.005)
(0.0127647 -0.0259137 0.005)
(0.0142672 -0.0260523 0.005)
(0.0157635 -0.0260514 0.005)
(0.0172386 -0.0260873 0.005)
(0.0187084 -0.0260453 0.005)
(0.0201722 -0.0261077 0.005)
(0.0216225 -0.0260879 0.005)
(0.0230462 -0.0261462 0.005)
(0.0244198 -0.0261259 0.005)
(0.0257259 -0.026208 0.005)
(0.0268566 -0.0263723 0.005)
(0.0220819 0.0260402 0.005)
(-0.0111261 0.0261763 0.005)
(-0.0158505 0.0263292 0.005)
(-0.024748 0.0264967 0.005)
(0.000828653 0.0261129 0.005)
(-0.00209686 0.0262036 0.005)
(-0.02049 0.025872 0.005)
(-0.000708555 0.0261897 0.005)
(-0.00513302 0.0259929 0.005)
(0.00226485 0.0260516 0.005)
(0.00678425 0.0259503 0.005)
(0.00981612 0.0257582 0.005)
(0.0128886 0.0260904 0.005)
(0.0158426 0.0261193 0.005)
(0.0187819 0.026041 0.005)
(0.0203371 0.0260308 0.005)
(-0.00451235 -0.0137774 0.005)
(-0.0260926 -0.0217563 0.005)
(-0.0125484 0.0259449 0.005)
(0.0265512 -0.024924 0.005)
(0.0267254 -0.0233067 0.005)
(0.0268607 -0.0217946 0.005)
(0.0268348 -0.0202733 0.005)
(0.0268461 -0.0187941 0.005)
(0.026852 -0.0172944 0.005)
(0.0268528 -0.0157919 0.005)
(0.0268526 -0.0142905 0.005)
(0.0268422 -0.0127851 0.005)
(0.0268266 -0.011281 0.005)
(0.0268114 -0.00978619 0.005)
(0.0268118 -0.00828226 0.005)
(0.026807 -0.0067855 0.005)
(0.0268157 -0.00527968 0.005)
(0.0268046 -0.0037748 0.005)
(0.0267989 -0.00226837 0.005)
(0.0267739 -0.000757109 0.005)
(0.0268105 0.000725752 0.005)
(0.0267742 0.00224089 0.005)
(0.0268101 0.00372683 0.005)
(0.0267744 0.00523902 0.005)
(0.026816 0.00671687 0.005)
(0.0267798 0.00822799 0.005)
(0.0268034 0.00971012 0.005)
(0.0267577 0.0112109 0.005)
(0.0267602 0.012727 0.005)
(0.0267174 0.0141809 0.005)
(0.0267459 0.0156974 0.005)
(0.0267509 0.0171416 0.005)
(0.026803 0.0186462 0.005)
(0.0267933 0.0200745 0.005)
(0.0267679 0.0215947 0.005)
(0.0266773 0.0229549 0.005)
(-0.00951488 0.0258258 0.005)
(-0.00231765 -0.00659592 0.005)
(-0.0260718 0.0261026 0.005)
(-0.0260135 0.0231944 0.005)
(-0.0261311 -0.0172647 0.005)
(-0.0261391 -0.0233164 0.005)
(0.000852081 -0.00428657 0.005)
(0.00249023 -0.00328616 0.005)
(0.00527478 -0.00254573 0.005)
(0.00777839 -0.00276154 0.005)
(0.0102684 -0.00347012 0.005)
(0.0122992 -0.00463765 0.005)
(0.014016 -0.00634917 0.005)
(0.0153979 -0.00835803 0.005)
(0.0161761 -0.0106406 0.005)
(0.0165091 -0.0130591 0.005)
(0.0161551 -0.0154199 0.005)
(0.0154036 -0.0177917 0.005)
(0.0140014 -0.0198501 0.005)
(0.0120723 -0.0216715 0.005)
(0.00774753 -0.0231666 0.005)
(0.00579198 -0.0233858 0.005)
(0.00374572 -0.023178 0.005)
(0.000661634 -0.0219106 0.005)
(-0.000945088 -0.0209536 0.005)
(-0.00272011 -0.0187906 0.005)
(-0.00388308 -0.00931405 0.005)
(-0.0258646 0.0128459 0.005)
(0.00314521 0.0138529 0.005)
(0.00396726 0.0188107 0.005)
(0.00543651 0.0210848 0.005)
(0.00740166 0.023228 0.005)
(0.0107248 0.0241486 0.005)
(0.0127051 0.0235465 0.005)
(0.0145931 0.0233544 0.005)
(0.0174907 0.0220206 0.005)
(0.0192587 0.0199038 0.005)
(0.0203886 0.0175149 0.005)
(0.0208618 0.0149484 0.005)
(0.0203874 0.0124262 0.005)
(0.0193375 0.0100379 0.005)
(0.0175542 0.00810978 0.005)
(0.0152475 0.00676965 0.005)
(0.0127536 0.00621262 0.005)
(0.0100984 0.00643093 0.005)
(0.00774893 0.00724739 0.005)
(0.00339903 0.0114407 0.005)
(-0.00393044 -0.0164753 0.005)
(-0.0250713 0.0154619 0.005)
(-0.0248932 0.0170897 0.005)
(-0.024163 0.0192141 0.005)
(-0.022691 0.0208401 0.005)
(-0.0212572 0.0222514 0.005)
(-0.0197882 0.0232933 0.005)
(-0.0181013 0.024471 0.005)
(-0.0161945 0.0249663 0.005)
(-0.0144211 0.0257712 0.005)
(-0.00777858 0.0249936 0.005)
(-0.00590627 0.0244561 0.005)
(-0.00412502 0.0231597 0.005)
(-0.00255884 0.0218831 0.005)
(-0.0011693 0.0204862 0.005)
(-2.65426e-05 0.0188938 0.005)
(0.00117871 0.0170039 0.005)
(0.00166395 0.0148339 0.005)
(0.00187864 0.0127416 0.005)
(0.00176027 0.010755 0.005)
(0.0012754 0.00872993 0.005)
(0.000719121 0.00684626 0.005)
(-8.19201e-05 0.00506208 0.005)
(-0.0013271 0.00344499 0.005)
(-0.00274235 0.00197594 0.005)
(-0.00428929 0.000704863 0.005)
(-0.00596998 -0.000371028 0.005)
(-0.00784051 -0.00124272 0.005)
(-0.00978278 -0.00180935 0.005)
(-0.0119629 -0.00203508 0.005)
(-0.014129 -0.00185435 0.005)
(-0.0160934 -0.00137788 0.005)
(-0.0180582 -0.000615278 0.005)
(-0.0198237 0.000471682 0.005)
(-0.0213497 0.00175781 0.005)
(-0.0227437 0.00314844 0.005)
(-0.0241847 0.00473647 0.005)
(-0.024959 0.00690306 0.005)
(-0.0250734 0.00853377 0.005)
(0.00294551 0.015989 0.005)
(-0.0173275 0.0260511 0.005)
(-0.00365518 0.0261639 0.005)
(0.0255816 0.0257443 0.005)
(-0.0045076 -0.0120778 0.005)
(0.0267931 0.0243783 0.005)
(-0.0260712 -0.00974511 0.005)
(-0.0260795 -0.0187582 0.005)
(-0.0261301 -0.014268 0.005)
(-0.0260931 -0.00675314 0.005)
(-0.0260804 -0.00374382 0.005)
(-0.0260963 -0.00080337 0.005)
(-0.0258208 0.00218934 0.005)
(-0.0258967 0.00541998 0.005)
(-0.0262348 0.00802958 0.005)
(-0.0262371 0.0159083 0.005)
(-0.0259346 0.0185813 0.005)
(-0.0258722 0.0217452 0.005)
(0.0112818 -0.0229129 0.005)
(-0.0219991 0.0257734 0.005)
(-0.0261063 -0.0247625 0.005)
(-0.0234556 0.0260216 0.005)
(-0.00665031 0.0260383 0.005)
(0.00525611 0.025892 0.005)
(0.00824847 0.0259062 0.005)
(0.0112657 0.0259748 0.005)
(0.0143185 0.0261009 0.005)
(0.0172696 0.0261369 0.005)
(-0.00493303 -0.0154204 0.005)
(-0.00389293 -0.00761111 0.005)
(-0.00404079 -0.0179312 0.005)
(0.00431701 0.0095846 0.005)
(0.00639173 0.00757754 0.005)
(0.00857373 0.006116 0.005)
(0.0113484 0.00551802 0.005)
(0.0142052 0.00570247 0.005)
(0.0169045 0.00678406 0.005)
(0.0190617 0.00857844 0.005)
(0.020532 0.0108706 0.005)
(0.0214237 0.013547 0.005)
(0.0214175 0.016332 0.005)
(0.0205118 0.0190919 0.005)
(0.0189736 0.0213898 0.005)
(0.0165844 0.0234936 0.005)
(0.00889677 0.0243335 0.005)
(0.00552293 0.0228605 0.005)
(0.00403854 0.0203512 0.005)
(0.00280742 0.0178051 0.005)
(-0.0049207 -0.0104575 0.005)
(-0.00252171 -0.0203743 0.005)
(-0.000817127 -0.02246 0.005)
(0.0136036 -0.0212785 0.005)
(0.0154251 -0.0192252 0.005)
(0.0164573 -0.0169053 0.005)
(0.017106 -0.0143421 0.005)
(0.0170795 -0.011799 0.005)
(0.01657 -0.00921669 0.005)
(0.0153759 -0.00697396 0.005)
(0.013713 -0.00494886 0.005)
(0.0117165 -0.00339548 0.005)
(0.00927825 -0.00236527 0.005)
(0.00660915 -0.00190379 0.005)
(0.00387406 -0.00209976 0.005)
(-0.0188154 0.0259612 0.005)
(0.00199268 -0.0231539 0.005)
(0.0179239 0.0246413 0.005)
(-0.0247031 0.0251603 0.005)
(0.00608207 0.0244732 0.005)
(0.00884611 -0.0244768 0.005)
(-0.0248813 -0.000142693 0.005)
(-0.0248213 -0.00600788 0.005)
(-0.0248131 -0.00298557 0.005)
(-0.0247142 -0.00144005 0.005)
(-0.0243297 0.00276645 0.005)
(-0.0248605 -0.0241089 0.005)
(-0.024817 -0.0134588 0.005)
(-0.0248059 -0.0194831 0.005)
(-0.0237615 -0.0247896 0.005)
(-0.0224268 -0.0247772 0.005)
(-0.0209654 -0.0247433 0.005)
(-0.0194897 -0.0247572 0.005)
(-0.0179987 -0.0247174 0.005)
(-0.0164963 -0.0247671 0.005)
(-0.0149896 -0.0247415 0.005)
(-0.0134888 -0.0247862 0.005)
(-0.0119924 -0.0247603 0.005)
(-0.0105003 -0.0248144 0.005)
(-0.00899925 -0.0247783 0.005)
(-0.00749141 -0.0247716 0.005)
(-0.00599031 -0.0246512 0.005)
(-0.00441094 -0.0246013 0.005)
(-0.00295853 -0.024696 0.005)
(-0.00154483 -0.0249158 0.005)
(-4.69139e-05 -0.0248719 0.005)
(0.00137886 -0.0246836 0.005)
(0.00292309 -0.0245603 0.005)
(0.00450687 -0.0245754 0.005)
(0.00591379 -0.0249186 0.005)
(0.0120749 -0.0244462 0.005)
(0.0135618 -0.0246743 0.005)
(0.0150523 -0.0247711 0.005)
(0.0164985 -0.0247676 0.005)
(0.0179588 -0.0247059 0.005)
(0.0194283 -0.0247635 0.005)
(0.020879 -0.0247721 0.005)
(0.0223164 -0.0248366 0.005)
(0.0237186 -0.0248055 0.005)
(0.0250767 -0.0248709 0.005)
(-0.0170692 -0.0123259 0.005)
(-0.0155454 -0.0132626 0.005)
(-0.017141 -0.013912 0.005)
(-0.0242779 0.0211693 0.005)
(0.024299 0.0248217 0.005)
(-0.0248219 -0.0150196 0.005)
(-0.00138599 0.0248851 0.005)
(-0.0249284 0.0239102 0.005)
(-0.0247612 -0.00744704 0.005)
(0.0122519 0.0249087 0.005)
(0.0152402 0.0247283 0.005)
(0.0255959 -0.0235233 0.005)
(-0.0161915 -0.0153988 0.005)
(-0.0178666 -0.0153283 0.005)
(0.0257716 -0.0220882 0.005)
(0.0257819 -0.0206606 0.005)
(0.0257474 -0.0191585 0.005)
(0.0257858 -0.0177127 0.005)
(0.0257715 -0.0161336 0.005)
(0.0257865 -0.0147003 0.005)
(0.0257653 -0.0131445 0.005)
(0.0257565 -0.0116829 0.005)
(0.0257024 -0.0101662 0.005)
(0.0257217 -0.00867666 0.005)
(0.0256903 -0.00716079 0.005)
(0.0257295 -0.00566735 0.005)
(0.0257072 -0.00415115 0.005)
(0.025696 -0.00264109 0.005)
(0.0256802 -0.00113671 0.005)
(0.0256831 0.00036361 0.005)
(0.0256798 0.00186321 0.005)
(0.0256891 0.00336631 0.005)
(0.0256781 0.00486761 0.005)
(0.0256892 0.00635269 0.005)
(0.0256983 0.00783527 0.005)
(0.0256856 0.00933402 0.005)
(0.025653 0.010814 0.005)
(0.0256217 0.0123053 0.005)
(0.0256067 0.0138103 0.005)
(0.0255445 0.0152808 0.005)
(0.0256565 0.0167651 0.005)
(0.0256252 0.0182408 0.005)
(0.0257451 0.0196513 0.005)
(0.0256841 0.021095 0.005)
(-0.0247686 -0.0104605 0.005)
(-0.00409974 0.0247004 0.005)
(-0.000775266 -0.00356967 0.005)
(-0.0248144 -0.0164701 0.005)
(-0.0247931 -0.00900896 0.005)
(0.0165525 0.024977 0.005)
(-0.0247792 -0.0210434 0.005)
(0.0211741 0.0247064 0.005)
(-0.0248083 -0.0225267 0.005)
(-0.0196675 0.0247209 0.005)
(0.0254811 0.023996 0.005)
(0.022884 0.0246608 0.005)
(0.0136581 0.0247879 0.005)
(0.00108972 -0.00282018 0.005)
(-0.0229065 0.022562 0.005)
(-0.0213924 0.0240808 0.005)
(-0.00237893 0.0235239 0.005)
(-0.000869693 0.0220286 0.005)
(0.000766702 0.0205737 0.005)
(0.00144769 0.018778 0.005)
(0.00279499 0.00932869 0.005)
(0.00225111 0.00734433 0.005)
(0.0018016 0.0052655 0.005)
(0.000462907 0.00339011 0.005)
(-0.00103638 0.00180475 0.005)
(-0.00270476 0.000338303 0.005)
(-0.0044425 -0.000960651 0.005)
(-0.00623553 -0.00207943 0.005)
(-0.00839188 -0.00301445 0.005)
(-0.0107144 -0.00350232 0.005)
(-0.0131342 -0.00358278 0.005)
(-0.0154056 -0.00320882 0.005)
(-0.0175955 -0.00245393 0.005)
(-0.0198317 -0.00139988 0.005)
(-0.0215706 5.59125e-05 0.005)
(-0.022974 0.00140585 0.005)
(-0.0027282 0.0250614 0.005)
(-0.00567533 -0.0129161 0.005)
(0.00297618 0.0246259 0.005)
(-0.00228693 -0.00485713 0.005)
(0.00155561 0.0248529 0.005)
(0.00459231 0.0244634 0.005)
(-0.0248043 -0.0120109 0.005)
(0.00752203 0.0247507 0.005)
(-0.0248453 -0.00444353 0.005)
(-0.0244914 0.00118178 0.005)
(0.0104384 -0.0244373 0.005)
(0.00724546 -0.024614 0.005)
(-0.0247782 -0.0180376 0.005)
(-0.023335 0.0242773 0.005)
(-0.0245294 0.0227109 0.005)
(0.0195611 0.0247253 0.005)
(-0.00529083 -0.0170036 0.005)
(-0.0053779 -0.00875171 0.005)
(0.0255109 0.0225334 0.005)
(0.013077 -0.022961 0.005)
(-0.004169 -0.0196723 0.005)
(0.00503823 0.00808438 0.005)
(0.00684001 0.00599814 0.005)
(0.00973021 0.00494353 0.005)
(0.0129129 0.0045915 0.005)
(0.0158517 0.00536179 0.005)
(0.0185435 0.00688901 0.005)
(0.0205619 0.0092239 0.005)
(0.0218056 0.0118575 0.005)
(0.0224027 0.01489 0.005)
(0.0218801 0.0180941 0.005)
(0.0204865 0.0205819 0.005)
(0.00421707 0.021894 0.005)
(-0.00614703 -0.0116065 0.005)
(-0.00240115 -0.0219239 0.005)
(0.0152054 -0.0208539 0.005)
(0.0167448 -0.0184714 0.005)
(0.0177295 -0.0158348 0.005)
(0.0180324 -0.0131307 0.005)
(0.0177913 -0.0102618 0.005)
(0.0167635 -0.00770244 0.005)
(0.015189 -0.00541149 0.005)
(0.0132412 -0.00344123 0.005)
(0.0109165 -0.00202475 0.005)
(0.00813772 -0.00120213 0.005)
(0.00525959 -0.000976391 0.005)
(0.00230139 -0.00153821 0.005)
(-0.0038138 -0.00592131 0.005)
(5.84725e-05 0.0248867 0.005)
(-0.00614072 -0.0143256 0.005)
(-0.0233709 -0.00213027 0.005)
(-0.0235352 -0.0142724 0.005)
(-0.000566537 0.0235484 0.005)
(-0.0233797 -0.0234274 0.005)
(-0.0216974 -0.0234802 0.005)
(-0.0202772 -0.0234309 0.005)
(-0.0187329 -0.0233691 0.005)
(-0.017276 -0.0234303 0.005)
(-0.0157026 -0.023416 0.005)
(-0.01425 -0.0234616 0.005)
(-0.0126931 -0.0234295 0.005)
(-0.0112636 -0.0234892 0.005)
(-0.00972934 -0.0234968 0.005)
(-0.00828301 -0.0235238 0.005)
(-0.00670737 -0.0233633 0.005)
(-0.00517098 -0.023193 0.005)
(-0.00356814 -0.0232197 0.005)
(-0.00210814 -0.0234629 0.005)
(-0.000812053 -0.0238029 0.005)
(-0.0234725 -0.00975002 0.005)
(0.0203453 0.0235756 0.005)
(0.0144279 -0.0236135 0.005)
(0.0157107 -0.0234345 0.005)
(0.0171974 -0.0233883 0.005)
(0.0186602 -0.0233509 0.005)
(0.0201824 -0.0234493 0.005)
(0.0215538 -0.023507 0.005)
(0.0230029 -0.023535 0.005)
(0.0242525 -0.0235239 0.005)
(0.00327694 0.00625891 0.005)
(0.00368362 0.00778372 0.005)
(0.0186918 0.023101 0.005)
(-0.0235943 -0.0052012 0.005)
(-0.02347 -0.00671143 0.005)
(0.024757 -0.0223895 0.005)
(0.0246644 -0.0211397 0.005)
(0.024624 -0.0196428 0.005)
(0.0246217 -0.0181905 0.005)
(0.02459 -0.0166802 0.005)
(0.0246306 -0.0151036 0.005)
(0.0246767 -0.0135981 0.005)
(0.0246518 -0.0121694 0.005)
(0.0245994 -0.0106303 0.005)
(0.0245377 -0.00919072 0.005)
(0.0245794 -0.00765852 0.005)
(0.0245517 -0.00614426 0.005)
(0.0245876 -0.00464129 0.005)
(0.0245374 -0.00308464 0.005)
(0.0245594 -0.00164372 0.005)
(0.0245051 -6.15923e-05 0.005)
(0.0245413 0.00137105 0.005)
(0.0245233 0.00294079 0.005)
(0.0245542 0.00437911 0.005)
(0.0244895 0.00594906 0.005)
(0.0245752 0.00731649 0.005)
(0.0245522 0.00885037 0.005)
(0.0244937 0.0102773 0.005)
(0.0244075 0.0118517 0.005)
(0.0245585 0.0132115 0.005)
(0.024104 0.0148313 0.005)
(0.0245502 0.0162392 0.005)
(0.0244013 0.0177464 0.005)
(0.024502 0.0192139 0.005)
(0.0247343 0.0205251 0.005)
(-0.0235124 -0.017287 0.005)
(-7.42499e-05 -0.00214913 0.005)
(-0.00253965 -0.00311481 0.005)
(-0.0235384 -0.0157171 0.005)
(-0.0234414 -0.00815842 0.005)
(0.00260681 0.019734 0.005)
(-0.0234772 -0.0187453 0.005)
(0.000474123 -0.023413 0.005)
(-0.0234672 -0.0202944 0.005)
(-0.0233486 -0.000362802 0.005)
(-0.00458143 -0.00294904 0.005)
(0.00226152 0.00330813 0.005)
(-0.000921519 0.000126477 0.005)
(-0.0236052 -0.00373626 0.005)
(0.00369628 0.0231412 0.005)
(-0.0217963 -0.00161829 0.005)
(0.000832143 0.0223503 0.005)
(0.0239263 0.0233567 0.005)
(0.000841604 0.00169163 0.005)
(-0.00274907 -0.00136748 0.005)
(-0.00649738 -0.0039167 0.005)
(-0.00937659 -0.00455312 0.005)
(-0.0119376 -0.00492849 0.005)
(-0.0144594 -0.00467324 0.005)
(-0.0168291 -0.00400952 0.005)
(-0.019235 -0.00301863 0.005)
(0.00208942 0.0233288 0.005)
(-0.0235036 -0.0112376 0.005)
(0.0244279 0.0217479 0.005)
(0.0025328 0.0216103 0.005)
(0.00370779 0.00471348 0.005)
(-0.0235215 -0.012711 0.005)
(0.0220063 0.0232104 0.005)
(0.000781335 0.023755 0.005)
(-0.0157608 -0.0050825 0.005)
(-0.0182298 -0.00425298 0.005)
(-0.00549377 -0.0186234 0.005)
(-0.00660728 -0.0100155 0.005)
(-0.0235263 -0.0217308 0.005)
(-0.00425743 -0.0214686 0.005)
(0.00496907 0.00627914 0.005)
(0.00793661 0.00460902 0.005)
(0.0112396 0.0038805 0.005)
(0.0146547 0.00411722 0.005)
(0.0178076 0.00539057 0.005)
(0.0203273 0.00738857 0.005)
(0.0218862 0.0101986 0.005)
(0.0231097 0.0131082 0.005)
(0.0231444 0.0167368 0.005)
(0.0219269 0.0196958 0.005)
(0.0203537 0.0221628 0.005)
(-0.00716472 -0.0129654 0.005)
(0.0169641 -0.0203181 0.005)
(0.0180494 -0.0174397 0.005)
(0.0187643 -0.0146679 0.005)
(0.0188128 -0.0116438 0.005)
(0.0181659 -0.00865834 0.005)
(0.0167564 -0.00614063 0.005)
(0.0148517 -0.0038211 0.005)
(0.0125329 -0.00203342 0.005)
(0.0098395 -0.000853368 0.005)
(0.00688684 -0.000268238 0.005)
(0.00361925 -0.000105712 0.005)
(-0.00782569 -0.00490108 0.005)
(-0.0207012 -0.00298558 0.005)
(-0.0132242 -0.00554169 0.005)
(-0.0105884 -0.00550938 0.005)
(-0.00557889 -0.00682207 0.005)
(-0.00659778 -0.0158949 0.005)
(0.0233811 0.0204744 0.005)
(-0.0210751 -0.0221049 0.005)
(-0.0195277 -0.0219988 0.005)
(-0.0180337 -0.0220509 0.005)
(-0.0164394 -0.0221003 0.005)
(-0.0149734 -0.0221168 0.005)
(-0.0134056 -0.0221083 0.005)
(-0.011963 -0.0221095 0.005)
(-0.010437 -0.0221684 0.005)
(-0.00905356 -0.0222863 0.005)
(-0.00750747 -0.0222035 0.005)
(-0.00604363 -0.0218517 0.005)
(0.0231627 0.0221264 0.005)
(-0.0221262 -0.00894874 0.005)
(0.0162851 -0.0219975 0.005)
(0.0178744 -0.0219035 0.005)
(0.0194033 -0.0220176 0.005)
(0.0209619 -0.0221439 0.005)
(0.0222329 -0.0223439 0.005)
(0.0235561 -0.0219538 0.005)
(0.0218661 0.021357 0.005)
(0.0231649 0.0111857 0.005)
(-0.0220917 -0.0195178 0.005)
(-0.022194 -0.00583531 0.005)
(-0.0013666 -0.00181492 0.005)
(-0.0222225 -0.0134868 0.005)
(0.0234306 -0.0203381 0.005)
(0.0235012 -0.0186996 0.005)
(0.0233701 -0.0172428 0.005)
(0.0233553 -0.0156437 0.005)
(0.0235359 -0.0142253 0.005)
(0.0235681 -0.0127166 0.005)
(0.0234065 -0.0113028 0.005)
(0.0233182 -0.00973085 0.005)
(0.0233607 -0.00828046 0.005)
(0.0233545 -0.00670735 0.005)
(0.0234156 -0.00524766 0.005)
(0.023353 -0.00366634 0.005)
(0.0233564 -0.00220972 0.005)
(0.0233099 -0.000629409 0.005)
(0.0232994 0.000836794 0.005)
(0.023312 0.00240182 0.005)
(0.0233792 0.00382117 0.005)
(0.0232872 0.00542688 0.005)
(0.0231997 0.00686801 0.005)
(0.0234926 0.00820907 0.005)
(0.0232894 0.0095342 0.005)
(0.0232188 0.0187068 0.005)
(-0.0220738 -0.00730119 0.005)
(0.000988154 -0.00141898 0.005)
(0.0147553 -0.0223277 0.005)
(0.0093693 0.00342277 0.005)
(0.0131023 0.00278845 0.005)
(0.016579 0.00394685 0.005)
(0.0196386 0.00563728 0.005)
(0.0220498 0.00820276 0.005)
(0.00139108 5.04265e-05 0.005)
(0.00270381 0.00158328 0.005)
(0.00581344 0.00433718 0.005)
(-0.00373966 -0.00436402 0.005)
(-0.022137 -0.00318071 0.005)
(-0.0051396 -0.00491371 0.005)
(-0.0222044 -0.0104564 0.005)
(-0.0223562 -0.022344 0.005)
(0.00406099 0.00302574 0.005)
(0.0188877 0.0038261 0.005)
(-7.42435e-05 -0.0009448 0.005)
(-0.0222204 -0.0180469 0.005)
(-0.0146719 -0.00624689 0.005)
(-0.00783208 -0.0113115 0.005)
(-0.017241 -0.0054698 0.005)
(-0.0056482 -0.0203003 0.005)
(-0.00687555 -0.0175556 0.005)
(-0.022149 -0.0210615 0.005)
(-0.0222803 -0.0150245 0.005)
(-0.0222539 -0.0164647 0.005)
(0.0109295 0.00227585 0.005)
(-0.0077788 -0.0145024 0.005)
(0.00749354 0.00299218 0.005)
(0.0153236 0.00254208 0.005)
(0.0196651 -0.0132083 0.005)
(0.0181806 -0.0190685 0.005)
(0.0192256 -0.0163114 0.005)
(0.0193614 -0.00996133 0.005)
(0.0182966 -0.00698544 0.005)
(0.0165239 -0.00440111 0.005)
(0.0143274 -0.00214124 0.005)
(0.011617 -0.000612203 0.005)
(0.00854816 0.000263173 0.005)
(0.00551303 0.000663246 0.005)
(-0.00649386 -0.00546108 0.005)
(0.0216304 0.00620468 0.005)
(-0.022248 -0.0120358 0.005)
(-0.0198508 -0.00450084 0.005)
(-0.0118886 -0.00651696 0.005)
(-0.00906035 -0.00619191 0.005)
(-0.0225605 -0.00451896 0.005)
(-0.00699177 -0.00833317 0.005)
(0.0207563 0.00437819 0.005)
(0.00574204 0.00233978 0.005)
(-0.0212271 -0.00455524 0.005)
(-0.0187347 -0.0206555 0.005)
(-0.0172209 -0.0207511 0.005)
(-0.0156311 -0.0207922 0.005)
(-0.0141723 -0.020777 0.005)
(-0.0125975 -0.0207361 0.005)
(-0.0111231 -0.0207403 0.005)
(-0.00959943 -0.0208886 0.005)
(-0.00837299 -0.0211905 0.005)
(-0.0208074 -0.0187123 0.005)
(-0.0208576 -0.00973302 0.005)
(0.0194758 -0.0180224 0.005)
(0.0186561 -0.020627 0.005)
(0.0203538 -0.0206956 0.005)
(0.0220085 -0.0208128 0.005)
(-0.00899863 -0.0128591 0.005)
(-0.00747987 -0.00663169 0.005)
(-0.00693534 -0.0192546 0.005)
(-0.00832251 -0.00961181 0.005)
(0.0071679 0.00139076 0.005)
(0.0221873 -0.0178912 0.005)
(0.022053 -0.0162671 0.005)
(0.0221536 -0.0147374 0.005)
(0.0225461 -0.0133722 0.005)
(0.0222504 -0.0120412 0.005)
(0.0220818 -0.0105281 0.005)
(0.0220347 -0.00891653 0.005)
(0.0220523 -0.00741871 0.005)
(0.0221927 -0.00588315 0.005)
(0.0221258 -0.00436095 0.005)
(0.0220941 -0.00284727 0.005)
(0.0220045 -0.00132154 0.005)
(0.022033 0.000252869 0.005)
(0.0219882 0.00178368 0.005)
(0.0220158 0.00330996 0.005)
(0.0221934 0.00466142 0.005)
(0.0134792 -0.000539168 0.005)
(0.0162017 -0.00277214 0.005)
(0.018101 -0.00525888 0.005)
(-0.0209795 -0.0128048 0.005)
(0.0201636 -0.00801461 0.005)
(0.0173513 0.00248119 0.005)
(0.00896548 0.00187781 0.005)
(0.0143983 0.00101739 0.005)
(-0.00835838 -0.0164508 0.005)
(0.0206037 -0.0114807 0.005)
(0.0205749 -0.0150804 0.005)
(0.0123219 0.000992916 0.005)
(-0.0159681 -0.0112525 0.005)
(-0.00706094 -0.0207656 0.005)
(0.0103646 0.00071634 0.005)
(-0.020904 -0.0113105 0.005)
(-0.00837172 -0.0183441 0.005)
(0.0208001 -0.0170646 0.005)
(-0.0207178 -0.00806948 0.005)
(-0.0210204 -0.0172216 0.005)
(0.0212021 -0.0133458 0.005)
(0.0196057 -0.0194815 0.005)
(-0.0160728 -0.0066446 0.005)
(0.0191117 0.00205303 0.005)
(-0.0205409 -0.0204807 0.005)
(0.0178563 -0.00357016 0.005)
(0.0195944 -0.00607372 0.005)
(-0.0133391 -0.00745292 0.005)
(-0.0206422 -0.00626034 0.005)
(0.0162611 0.000978846 0.005)
(-0.0209241 -0.0143019 0.005)
(-0.00960241 -0.0108942 0.005)
(-0.0094834 -0.0147711 0.005)
(0.0156263 -0.000764244 0.005)
(0.0208275 -0.00974809 0.005)
(0.00432911 0.00156145 0.005)
(-0.0187839 -0.00580414 0.005)
(-0.0103722 -0.00738415 0.005)
(-0.00878944 -0.00793283 0.005)
(0.0205449 0.0028023 0.005)
(0.0223719 -0.019375 0.005)
(0.0209841 -0.0190581 0.005)
(-0.0178654 -0.01939 0.005)
(-0.0163133 -0.0194599 0.005)
(-0.0148774 -0.0194725 0.005)
(-0.0133215 -0.0193696 0.005)
(-0.0118423 -0.0193057 0.005)
(-0.0099418 -0.0192417 0.005)
(-0.0095765 -0.0176542 0.005)
(0.0194005 -0.0043964 0.005)
(0.0209374 -0.00654579 0.005)
(0.0207523 -0.00356994 0.005)
(0.020718 -0.00202036 0.005)
(0.0206217 -0.000471628 0.005)
(0.0206166 0.00110401 0.005)
(0.0177015 -0.00192987 0.005)
(0.0179281 0.00108768 0.005)
(-0.0100461 -0.00908785 0.005)
(-0.0210457 -0.0157329 0.005)
(-0.0102758 -0.0162978 0.005)
(-0.0104472 -0.0135657 0.005)
(-0.0108628 -0.0120526 0.005)
(-0.0197065 -0.0121207 0.005)
(-0.0193241 -0.0191889 0.005)
(-0.00845313 -0.0198754 0.005)
(0.0176982 -0.000308325 0.005)
(-0.0113594 -0.0103209 0.005)
(-0.0194254 -0.00908445 0.005)
(-0.0117502 -0.00843865 0.005)
(0.0208832 -0.0051041 0.005)
(0.0192343 0.000324503 0.005)
(-0.0148323 -0.00794248 0.005)
(0.0193212 -0.0027744 0.005)
(-0.0196841 -0.0135761 0.005)
(-0.0112213 -0.0149197 0.005)
(-0.017626 -0.00709452 0.005)
(-0.0195995 -0.0106278 0.005)
(-0.0197219 -0.0177326 0.005)
(-0.0184183 -0.0115223 0.005)
(-0.0155431 -0.0181818 0.005)
(-0.0141258 -0.018001 0.005)
(-0.0125915 -0.0178931 0.005)
(-0.011106 -0.0178057 0.005)
(-0.0183072 -0.0179967 0.005)
(0.0191855 -0.00118388 0.005)
(-0.0120048 -0.013388 0.005)
(-0.019225 -0.00751923 0.005)
(-0.0169727 -0.018167 0.005)
(-0.0133191 -0.00955431 0.005)
(-0.0125634 -0.0116854 0.005)
(-0.0184194 -0.0128987 0.005)
(-0.0164119 -0.00827519 0.005)
(-0.011951 -0.0163929 0.005)
(-0.0183314 -0.0100432 0.005)
(-0.0180087 -0.00857175 0.005)
(-0.0195479 -0.0151642 0.005)
(-0.018774 -0.0165269 0.005)
(-0.0199772 -0.0164819 0.005)
(-0.0152427 -0.00963747 0.005)
(-0.0172943 -0.0110089 0.005)
(-0.0134362 -0.0164574 0.005)
(-0.0127718 -0.0149047 0.005)
(-0.0168113 -0.0097268 0.005)
(-0.0173955 -0.01673 0.005)
(-0.0135996 -0.0132836 0.005)
(-0.018504 -0.0141786 0.005)
(-0.0149465 -0.0166496 0.005)
(-0.0161947 -0.0169686 0.005)
(-0.0144879 -0.0149572 0.005)
(-0.0142821 -0.0113979 0.005)
)


// ************************************************************************* //
