/*--------------------------------*- C++ -*----------------------------------*\
  =========                 |
  \\      /  F ield         | OpenFOAM: The Open Source CFD Toolbox
   \\    /   O peration     | Website:  https://openfoam.org
    \\  /    A nd           | Version:  7
     \\/     M anipulation  |
\*---------------------------------------------------------------------------*/
FoamFile
{
    version     2.0;
    format      ascii;
    class       volScalarField;
    location    "0.4";
    object      T;
}
// * * * * * * * * * * * * * * * * * * * * * * * * * * * * * * * * * * * * * //

dimensions      [0 0 0 1 0 0 0];

internalField   nonuniform List<scalar> 
5936
(
0.509388
0.913124
0.999003
0.982342
1.00586
1.01594
1.00206
1.00701
1.00021
1.00101
0.999887
0.999757
0.999949
0.999843
0.999998
0.999979
1
1
0.999999
0.999998
0.999999
0.999996
0.999999
0.999998
1
1
1
1
1
1
1
1
1
1
1
1
1
1
1
1
1
1
1
1
1
1
1
1
1
1
1
1
1
1
1
1
1
1
1
1
1
1
1
1
1
1
1
1
1
1
1
1
1
1
1
1
1
1
1
1
1
1
1
1
1
1
1
1
1
1
1
1
1
1
1
1
1
1
1
0.116255
-0.00308428
-0.000220689
4.0889e-05
-2.9476e-07
4.19243e-07
-1.90448e-09
-1.27567e-08
2.05802e-09
3.86408e-10
1.68219e-12
-5.05683e-12
-5.47426e-13
-1.18052e-14
2.0368e-15
2.21332e-16
4.55182e-18
-4.68778e-19
-3.4415e-20
-7.6574e-22
2.77808e-23
2.61393e-24
7.958e-26
2.06221e-28
5.01826e-45
-2.21635e-28
-2.61605e-27
-4.80151e-25
-4.09396e-24
1.64505e-22
-8.11815e-22
4.93377e-20
5.74973e-19
-1.50424e-18
9.4089e-17
1.58155e-15
1.99675e-15
-4.29057e-14
-2.83394e-13
-7.69014e-13
2.32292e-12
-5.66015e-13
5.9421e-12
-1.08563e-10
2.13249e-10
1.53853e-10
1.77368e-10
1.63446e-09
1.87612e-09
2.67792e-09
0.999997
1
0.999998
0.999997
1.00002
1.00001
0.999964
0.999998
0.999977
0.999963
0.999977
0.999988
1.0003
1.00016
1.00017
1.00029
0.998498
0.999141
0.998442
0.998243
1.00281
1.00102
1.00934
1.00712
1.01002
1.01017
0.991941
0.998227
0.944442
0.960121
0.863089
0.88893
0.757712
0.791237
0.636135
0.674822
0.511588
0.548751
0.397427
0.430378
0.291738
0.321549
0.206567
0.23013
0.140393
0.158676
0.0916308
0.104815
0.0595465
0.0682654
0.0369176
0.0429824
0.0222994
0.0261879
0.0132342
0.0156087
0.0075684
0.0090346
0.00426368
0.00511984
0.00236442
0.00284437
0.00127809
0.00154963
0.000671441
0.000821626
0.000350109
0.00042969
0.000174867
0.000216894
8.81906e-05
0.000109245
4.35287e-05
5.43231e-05
2.06677e-05
2.60452e-05
9.96934e-06
1.25367e-05
4.63215e-06
5.89504e-06
2.10816e-06
2.6956e-06
9.85628e-07
1.25559e-06
4.41876e-07
5.70347e-07
2.01617e-07
2.61097e-07
8.80953e-08
1.17065e-07
4.00411e-08
5.41544e-08
1.89474e-08
2.60125e-08
7.27734e-09
3.72491e-09
1.02897e-08
-1.94527e-28
2.23627e-09
0.0134562
-0.00159041
6.85847e-05
7.16862e-06
1.22683e-07
1.77956e-07
-3.13193e-08
-4.81176e-10
1.22925e-09
7.47096e-11
-7.86384e-12
-2.01188e-12
-1.06253e-13
2.15259e-15
8.15599e-16
4.3163e-17
-6.69878e-19
-1.44912e-19
-6.25343e-21
-1.1861e-23
1.03905e-23
5.10793e-25
8.9068e-27
-0.000922493
-2.53528e-28
3.22751e-09
1.71963e-27
8.87162e-26
7.37816e-25
-4.2614e-24
-1.95406e-22
-4.24078e-21
-2.42854e-19
2.99842e-20
-9.70436e-18
-4.90742e-16
-3.09901e-15
9.8673e-15
1.11369e-13
5.56771e-13
3.30182e-13
-5.22112e-12
6.52563e-12
1.71762e-11
-4.74978e-11
2.38137e-10
-1.83669e-10
9.86987e-10
2.11157e-09
0.000131158
0.0664675
2.03786e-06
0.457247
0.000144038
3.04458e-05
7.01031e-07
5.32104e-07
-8.9628e-08
-2.34137e-09
4.09399e-09
2.9664e-10
-2.5715e-11
-7.16913e-12
-4.40684e-13
4.67001e-15
2.91582e-15
1.78532e-16
-7.27962e-19
-5.55683e-19
-2.73474e-20
-2.13439e-22
3.80283e-23
2.19915e-24
4.58072e-26
-5.29717e-28
7.14311e-26
2.49738e-25
-5.37468e-24
-3.22009e-22
-5.43249e-21
-2.78681e-19
-1.67612e-19
-9.17753e-18
-4.96322e-16
-3.31388e-15
7.79568e-15
1.03009e-13
5.95832e-13
4.42133e-13
-6.23915e-12
8.32023e-12
1.33583e-11
-4.9739e-11
3.24707e-10
-1.91161e-10
1.39669e-09
2.89155e-09
1.88025e-27
1.15937e-06
1.12833e-08
-4.00628e-08
5.83247e-09
1.42409e-09
1.25984e-11
-1.64972e-11
-2.11703e-12
-5.54771e-14
6.62279e-15
8.50657e-16
2.33997e-17
-1.66517e-18
-1.3753e-19
-3.79522e-21
8.16648e-23
1.04642e-23
3.62222e-25
2.7643e-27
-4.63908e-25
-2.57795e-24
2.05841e-22
-7.59559e-22
5.71092e-20
7.21656e-19
-1.54131e-18
9.18894e-17
1.65132e-15
2.81796e-15
-3.89138e-14
-2.9204e-13
-8.44848e-13
2.60069e-12
-6.19807e-13
8.62108e-12
-1.35585e-10
2.82373e-10
1.9767e-10
3.06211e-10
2.30565e-09
2.70285e-09
-0.00556435
-0.00532451
4.88133e-28
0.596807
-0.00118071
0.957427
1.0026
0.985737
1.00456
1.0082
1.00136
1.00401
0.999968
1.00053
0.99987
0.999795
0.999989
0.999959
1.00002
1.00005
1.00001
1.00003
1
1.00001
0.999999
0.999998
0.999999
0.999998
1
1
1
1
1
1
1
1
1
1
1
1
1
1
1
1
1
1
1
1
1
1
1
1
1
1
1
1
1
1
1
1
1
1
1
1
1
1
1
1
1
1
1
1
1
1
1
1
1
1
1
1
1
1
1
1
1
1
1
1
1
1
1
1
1
1
1
1
1
0.999999
1
5.82171e-27
0.00151932
6.25099e-05
0.260823
-5.74924e-06
3.92436e-08
2.69469e-07
-5.43758e-08
-4.80157e-09
1.19232e-09
1.76306e-10
5.90464e-12
-1.16538e-12
-1.21503e-13
-4.11984e-15
3.04969e-16
3.78062e-17
9.73133e-19
-3.92537e-20
-4.28126e-21
-1.2716e-22
9.26748e-25
2.22122e-25
7.4488e-27
-6.87258e-25
-0.00316848
-0.00458945
-0.00327828
4.78373e-29
5.59972e-09
9.92752e-09
-3.6785e-06
-9.01959e-06
-1.35462e-06
0.532986
-1.54225e-24
2.9739e-22
-1.27506e-21
6.947e-20
1.26554e-18
-2.60615e-18
1.03107e-16
2.41318e-15
6.63701e-15
-4.76984e-14
-4.36972e-13
-1.51075e-12
3.24823e-12
2.37841e-12
1.21992e-11
-2.36676e-10
5.4211e-10
2.14716e-10
8.76632e-10
4.13702e-09
4.06833e-09
7.19624e-09
0.0517235
0.189634
0.0225262
-9.53713e-05
-0.00069006
4.41154e-05
1.58499e-05
-7.0419e-06
1
0.999997
1.00001
1.00001
0.99998
1
0.999986
0.999968
1.00001
0.999989
1.00025
1.00016
1.00009
1.00035
0.99866
0.999177
0.99873
0.998025
1.00275
1.00046
1.0088
1.00699
1.00887
1.0116
0.99035
1.00253
0.942685
0.966597
0.863687
0.90058
0.760489
0.804702
0.643157
0.691172
0.517699
0.567671
0.398254
0.441828
0.29461
0.332553
0.208731
0.238521
0.142836
0.16525
0.0940014
0.110552
0.06066
0.0714529
0.0379269
0.0451858
0.0232364
0.0279587
0.0136723
0.0166407
0.0078241
0.00957241
0.00448113
0.00549759
0.00244626
0.00304523
0.00131103
0.001638
0.000704626
0.000884283
0.000363246
0.000458735
0.000182844
0.00023346
9.21971e-05
0.000117199
4.54827e-05
5.81979e-05
2.19335e-05
2.8428e-05
1.05407e-05
1.36146e-05
4.92855e-06
6.40819e-06
2.28008e-06
2.98918e-06
1.04565e-06
1.36369e-06
4.75915e-07
6.24126e-07
2.24127e-07
2.9181e-07
1.04445e-07
1.36649e-07
5.45466e-08
7.20058e-08
0.780431
4.02206e-27
0.830481
8.68999e-27
-5.17929e-19
-3.75935e-19
4.14971e-05
3.82245e-26
3.04631e-27
1.59211e-18
7.1999e-07
-1.41892e-08
-2.58528e-08
1.11169e-09
5.28489e-10
4.49265e-11
-1.3998e-12
-4.31371e-13
-2.73106e-14
8.50765e-17
1.29754e-16
7.45425e-18
2.28415e-20
-1.61955e-20
-8.42387e-22
-1.16838e-23
7.78482e-25
4.67483e-26
-7.99676e-25
-8.92614e-21
-4.25982e-21
-1.55178e-24
1.04682e-23
-2.43199e-26
4.15868e-22
-5.7123e-25
-7.29446e-22
1.02682e-19
1.34779e-06
-8.88277e-19
-6.73511e-18
-6.3437e-16
-5.29458e-15
5.36362e-15
1.39168e-13
9.78815e-13
1.325e-12
-1.10709e-11
1.48367e-11
-2.10909e-12
7.55058e-12
4.90639e-10
-3.10126e-10
2.70751e-09
4.89358e-09
-1.08784e-07
-1.77212e-14
-3.76259e-13
7.71782e-26
-2.64463e-12
2.70474e-08
2.88912e-11
5.29552e-09
1.0405e-09
3.11139e-10
6.57014e-10
-2.95346e-10
1.73103e-11
1.50619e-12
4.46049e-12
-1.75892e-12
-5.12583e-13
-5.44846e-14
7.14354e-15
3.28363e-26
7.33994e-25
-1.91506e-24
-5.35559e-22
-1.40835e-20
-7.28913e-20
4.40939e-18
1.17658e-16
6.47822e-16
6.26601e-09
3.3668e-09
-3.89561e-10
6.51812e-10
-2.55203e-11
3.26421e-12
1.79777e-11
-1.358e-11
1.37893e-12
1.19804e-12
1.65173e-13
7.15809e-15
-6.18308e-15
-8.27834e-16
-1.41309e-17
-8.38707e-22
1.736e-25
1.86178e-24
-6.64002e-23
-3.16971e-21
-4.53036e-20
3.94194e-19
2.87985e-17
3.53696e-16
-1.38002e-15
-9.53162e-14
-1.2501e-12
-9.37091e-14
1.49425e-10
1.46744e-09
9.21116e-11
-7.05511e-08
7.03709e-08
-9.83911e-19
5.19193e-10
2.64398e-09
-1.98618e-08
7.92826e-07
-1.03122e-24
2.98536e-15
-1.49752e-21
1.45881e-16
-2.54108e-18
8.02109e-05
-6.46683e-19
0.994133
1.00615
1.00363
1.00319
1.00652
1.00017
1.00137
0.999567
0.999318
0.999809
0.999464
0.999985
0.999883
1.00002
1.00002
1.00001
1.00002
0.999999
1
0.999998
0.999996
0.999999
0.999996
0.999999
0.999998
0.999999
0.999998
0.999999
0.999998
0.999999
0.999998
0.999999
0.999998
0.999999
0.999998
0.999999
0.999998
0.999999
0.999998
0.999999
0.999998
0.999999
0.999998
0.999999
0.999998
0.999999
0.999998
0.999999
0.999998
0.999999
0.999998
0.999999
0.999998
0.999999
0.999998
0.999999
0.999998
0.999999
0.999998
0.999999
0.999998
0.999999
0.999998
0.999999
0.999998
0.999999
0.999998
0.999999
0.999998
0.999999
0.999998
0.999999
0.999998
0.999999
0.999998
0.999999
0.999998
0.999999
0.999997
0.999999
0.999997
0.999999
0.999997
0.999999
0.999997
0.999997
0.999997
0.999997
0.999998
0.999997
-5.87901e-21
8.23596e-12
4.00579e-15
3.81981e-08
5.27629e-24
-2.66978e-18
-6.35711e-14
7.78482e-07
4.62986e-07
1.55283e-06
-2.04423e-08
-2.68271e-08
-8.68639e-10
8.86874e-09
2.83486e-10
1.59879e-08
3.86691e-11
3.00011e-11
-9.78805e-27
-3.00379e-13
-1.79538e-13
-4.22248e-13
-1.75197e-13
1.04405e-08
-3.36779e-15
2.31895e-17
1.40952e-17
7.00179e-19
2.60571e-21
-1.3875e-21
-6.52228e-23
-8.85293e-25
-3.61305e-06
-8.15001e-07
3.34034e-10
5.89788e-10
-1.24733e-24
6.70473e-24
2.46464e-18
3.04604e-18
-2.89013e-18
5.48823e-22
1.40816e-16
1.11039e-19
1.62187e-19
-9.03172e-19
3.43151e-23
7.68784e-22
0.000171161
0.000192894
-1.07686e-17
2.04923e-16
-2.253e-21
-1.24063e-20
-9.41554e-16
-1.23795e-15
4.9202e-15
1.38792e-14
-5.68145e-14
-6.43443e-13
-2.85888e-12
4.73734e-12
9.75101e-12
1.88795e-11
-4.76582e-10
1.17364e-09
2.8941e-10
2.53924e-09
6.38562e-09
1.13137e-08
2.53129e-07
8.36162e-08
1.00001
1
1
1.00001
0.999984
0.999971
1
0.999985
1.00017
1.00009
1.00017
1.00038
0.998943
0.999421
0.998628
0.998115
1.00164
0.999815
1.00758
1.00581
1.0092
1.01128
0.994404
1.00491
0.951582
0.974547
0.878619
0.913184
0.78144
0.8249
0.66514
0.71479
0.539801
0.588867
0.419113
0.463339
0.31172
0.351043
0.221612
0.252859
0.153099
0.176477
0.102072
0.119556
0.0658379
0.0774558
0.0413259
0.0493602
0.0253591
0.0304295
0.0151436
0.0183514
0.00869862
0.010688
0.00490398
0.00600705
0.00272471
0.00336996
0.00147636
0.00184241
0.000784088
0.000981484
0.000407603
0.000513823
0.000206843
0.00026386
0.000102358
0.000130607
5.09245e-05
6.50823e-05
2.51125e-05
3.2388e-05
1.19848e-05
1.55117e-05
5.65423e-06
7.38021e-06
2.60362e-06
3.41554e-06
1.2017e-06
1.57284e-06
5.43203e-07
7.16744e-07
2.52562e-07
3.27934e-07
1.2419e-07
1.59235e-07
1.22721e-10
3.16126e-10
1.1331e-10
1.15404e-08
1.91146e-08
1.91136e-23
1.74259e-26
4.48889e-12
7.39908e-13
-0.00209086
4.36533e-26
0.92558
7.79291e-07
4.49127e-08
2.77941e-26
-5.34139e-14
-1.70769e-14
1.38574e-08
1.55443e-10
-9.83277e-08
-5.46977e-08
-7.02894e-08
-7.38967e-09
-1.85051e-13
-1.24705e-14
-4.26331e-16
3.94272e-17
3.64703e-18
9.38039e-20
-3.58137e-21
-3.33078e-22
-9.89443e-24
-1.14218e-24
0.00947279
1.56229e-08
-1.08859e-05
-1.12583e-05
-1.08822e-14
-9.2161e-15
0.959572
-1.7435e-21
-3.60827e-18
2.15727e-13
1.9588e-13
-7.93471e-16
-7.96524e-13
1.33795e-15
1.88089e-12
3.30094e-12
-2.28564e-11
2.98924e-11
-4.91562e-11
1.68193e-10
9.06491e-10
-4.71317e-10
7.9863e-09
0.076734
0.0425135
7.16682e-08
-2.38438e-22
6.53125e-07
2.91796e-05
-1.96834e-05
2.98174e-09
4.47768e-10
1.43338e-09
-6.00319e-10
2.83602e-11
9.03625e-12
-2.8455e-24
-5.04332e-24
-5.91199e-10
1.20926e-09
1.32184e-10
-0.00337826
0.000562657
-0.00375695
-4.71006e-11
0.684452
3.6998e-11
-2.8025e-11
3.54129e-12
-4.20886e-23
-1.15666e-21
-5.50606e-21
4.20517e-19
1.17122e-17
7.70123e-17
-2.43105e-08
6.85765e-26
-0.00022091
-0.000991332
0.000204862
-2.0242e-21
0.786931
8.05875e-26
-1.98338e-15
-3.86825e-21
3.89203e-20
-1.6448e-25
2.63775e-18
-4.71133e-09
4.10472e-17
-1.27889e-16
-1.34352e-24
1.48365e-14
2.23469e-12
-2.08529e-17
-2.92251e-21
-3.54858e-18
-6.13775e-14
6.92481e-12
-3.39248e-12
0.322933
2.12759e-11
1.0091
1.00853
1.01706
1.00223
1.00742
0.999794
1.00081
0.999653
0.999394
0.999896
0.999686
1.00001
0.999965
1.00002
1.00003
1
1.00002
0.999998
1
0.999998
1
0.999999
1
0.999999
1
1
1
0.999999
1
0.999999
1
1
1
0.999999
1
0.999999
1
0.999999
1
0.999999
1
0.999999
1
0.999999
1
0.999999
1
0.999999
1
0.999999
1
0.999999
1
0.999999
1
0.999999
1
0.999999
1
0.999999
1
0.999999
1
0.999999
1
0.999999
1
0.999999
1
0.999999
1
0.999999
1
0.999999
1
1
1
1
1
1
1
1
1
1
1.00001
1
-2.32354e-06
-1.37299e-25
3.235e-12
-2.03925e-22
-5.14745e-14
-3.90746e-21
9.74855e-09
-5.06658e-17
3.2892e-08
-2.49952e-23
5.16598e-11
5.25295e-11
2.51208e-14
-2.41394e-14
-1.84646e-10
8.6527e-21
2.13477e-08
-2.05436e-24
-2.08576e-15
-4.18002e-16
-2.53436e-16
-1.80698e-08
1.23832e-18
6.10623e-20
3.89811e-20
4.41253e-22
-1.7458e-22
-3.03475e-10
-1.60757e-14
2.61729e-14
-1.48519e-09
2.60085e-08
2.62474e-23
-4.35181e-18
0.000166531
1.93146e-16
-5.59973e-21
-4.0643e-14
-5.19358e-14
0.873027
5.4436e-12
-1.01016e-12
3.8315e-12
0.211792
-8.80339e-23
-7.67396e-23
7.3384e-12
8.74166e-12
-3.55038e-24
-7.25438e-24
3.43994e-23
2.99815e-11
1.75143e-11
-2.12042e-10
6.56391e-10
1.58267e-09
3.64815e-10
-4.70064e-10
1.46234e-08
7.85698e-07
8.80168e-22
-4.58747e-21
1.00001
1.00001
0.99997
0.999968
0.999989
0.99997
1.00011
1.00003
1.00027
1.00039
0.999232
0.999729
0.998479
0.998244
1.0007
0.999057
1.00665
1.00449
1.00981
1.01072
0.998403
1.00748
0.961024
0.982668
0.895449
0.928053
0.804358
0.848029
0.689876
0.740577
0.563547
0.614777
0.440261
0.488567
0.329281
0.37119
0.236966
0.270398
0.16506
0.191031
0.110264
0.12938
0.0718554
0.084731
0.0454835
0.0544254
0.0279559
0.0335806
0.0169077
0.0205072
0.00968901
0.0120201
0.0053735
0.00666405
0.00304751
0.0037837
0.00165036
0.00207605
0.000876082
0.00110321
0.0004609
0.000585981
0.000231725
0.000298081
0.000116011
0.000148836
5.82132e-05
7.48826e-05
2.85544e-05
3.69966e-05
1.39123e-05
1.80648e-05
6.60764e-06
8.66768e-06
3.04588e-06
4.02366e-06
1.41619e-06
1.86411e-06
6.42217e-07
8.54619e-07
2.91197e-07
3.83937e-07
1.33245e-07
1.71883e-07
-1.43847e-14
-1.40411e-14
-4.96153e-14
1.89476e-08
2.49488e-08
2.7211e-08
5.78936e-11
3.22953e-11
-1.01859e-05
-8.81814e-06
3.55739e-18
3.58703e-18
6.83864e-09
1.86762e-08
9.05978e-23
8.5234e-23
1.2484e-21
-6.30265e-09
-1.77924e-08
-5.07901e-09
2.5471e-07
7.92694e-07
1.52624e-07
-7.91448e-15
-2.22852e-14
-6.39364e-15
-2.84347e-24
-2.36935e-22
0.000386773
0.000200629
8.41841e-07
5.44797e-08
1.00005e-18
3.09195e-19
8.90156e-08
-1.53322e-15
7.37428e-11
6.14603e-12
2.98965e-08
4.10781e-21
1.84204e-11
-4.80427e-24
-3.07038e-08
8.2804e-09
2.18136e-18
-3.75174e-08
2.22395e-19
1.60335e-06
4.48422e-12
1.15571e-12
-4.05771e-08
6.73229e-18
9.28236e-08
9.39303e-08
-1.65844e-17
-9.64099e-10
-1.60491e-10
-7.93006e-06
-1.92102e-05
-6.39545e-18
-4.62113e-18
0.975009
-1.85045e-17
0.658389
2.73392e-16
-4.24562e-21
-6.02882e-21
2.22452e-13
6.47349e-15
-1.83491e-14
2.21327e-13
0.739487
-1.21525e-12
5.80996e-10
1.00093
-5.50368e-12
-4.50373e-11
0.0211093
-9.12602e-10
2.47605e-09
7.01706e-11
1.10313e-11
9.93703e-11
4.34555e-18
-7.21245e-18
8.22863e-12
-1.85117e-23
-1.07662e-18
5.35356e-18
-5.57396e-11
-0.00115477
-0.000198669
9.35543e-14
-1.87896e-14
-0.00506846
-0.00384008
-1.81617e-15
-1.32647e-15
-6.4978e-12
0.917649
-3.39809e-17
-1.46878e-20
2.14782e-09
6.63729e-10
3.14029e-11
-1.16518e-09
3.05572e-09
-1.18697e-21
-7.99399e-06
-1.06074e-11
1.00927
1.00429
1.00997
1.0005
1.00289
0.99963
0.999825
0.999776
0.999524
0.999966
0.999832
1.00003
1.00001
1.00002
1.00004
1.00001
1.00002
1.00001
1.00001
1.00001
1.00001
1.00001
1.00001
1.00001
1.00001
1.00001
1.00001
1.00001
1.00001
1.00001
1.00001
1.00001
1.00001
1.00001
1.00001
1.00001
1.00001
1.00001
1.00001
1.00001
1.00001
1.00001
1.00001
1.00001
1.00001
1.00001
1.00001
1.00001
1.00001
1.00001
1.00001
1.00001
1.00001
1.00001
1.00001
1.00001
1.00001
1.00001
1.00001
1.00001
1.00001
1.00001
1.00001
1.00001
1.00001
1.00001
1.00001
1.00001
1.00001
1.00001
1.00001
1.00001
1.00001
1.00001
1.00001
1.00001
1.00002
1.00001
1.00002
0.705216
8.46587e-08
9.18759e-20
4.15351e-14
9.00691e-20
-7.67133e-16
-3.66702e-17
4.4914e-08
8.68399e-08
-8.71004e-11
-3.70381e-17
2.57685e-08
1.65323e-11
6.75461e-22
1.75974e-08
1.07024e-10
2.06146e-07
1.3861e-07
0.32326
4.59192e-21
2.86823e-21
1.47133e-13
5.07213e-09
-2.36689e-15
-2.12262e-15
2.3541e-20
1.69372e-20
-1.68194e-09
-5.8105e-12
2.03812e-11
2.47356e-19
2.43268e-19
1.77707e-19
-8.36199e-21
-1.43813e-20
4.11266e-10
-0.00929624
0.00117444
-8.69906e-24
5.44706e-23
3.53384e-22
1.05381e-23
3.05665e-12
-1.07477e-10
-5.4108e-10
-2.13061e-09
0.0676587
1.62139e-11
8.92576e-12
2.48939e-19
-0.00541613
0.000585312
-1.37606e-18
0.0712042
0.0315687
0.109768
2.01909e-09
6.34154e-09
0.882952
0.720368
-1.93359e-11
-6.26791e-10
-1.90931e-16
-1.35236e-16
0.99996
0.999981
0.999964
1.00006
0.999988
1.00034
1.00041
0.999547
1.00004
0.998486
0.998509
0.999828
0.998448
1.00549
1.00313
1.00964
1.00971
1.00221
1.00972
0.971831
0.991219
0.914069
0.944963
0.829813
0.871743
0.720077
0.771291
0.592587
0.647373
0.466493
0.518313
0.353704
0.398019
0.256797
0.293611
0.179811
0.208331
0.121978
0.143278
0.0795416
0.0944859
0.0506498
0.060816
0.0314266
0.0379533
0.0189766
0.023182
0.0110769
0.0137359
0.00622448
0.00776784
0.00348888
0.00435389
0.0019041
0.00240168
0.00101577
0.00128467
0.000533267
0.000679468
0.000272395
0.000351302
0.000136192
0.000176621
6.7933e-05
8.82551e-05
3.39661e-05
4.41136e-05
1.66683e-05
2.1812e-05
7.88937e-06
1.0421e-05
3.74743e-06
4.96602e-06
1.73161e-06
2.31794e-06
7.88743e-07
1.06779e-06
3.64617e-07
4.99468e-07
1.52484e-07
5.2789e-05
0.0001749
1.29678e-05
-1.4536e-05
-1.92938e-05
-8.6906e-21
-1.2706e-20
-4.47053e-18
-1.66974e-18
9.11863e-10
2.08241e-08
5.43908e-12
-1.26354e-11
1.31018e-13
4.44567e-12
6.22438e-13
-5.97701e-16
-9.48484e-09
2.22332e-22
6.79196e-10
4.17307e-08
7.14862e-20
-0.0110095
-0.00772741
-1.48706e-18
2.21427e-07
4.39998e-08
4.80698e-08
8.7094e-11
8.12555e-11
0.18927
4.19652e-19
1.96814e-11
8.68301e-12
1.37506e-10
6.36683e-07
5.93111e-07
-2.63869e-14
4.35291e-14
3.64202e-09
2.62031e-09
-1.70847e-12
-1.46008e-12
-1.44487e-17
1.72757e-05
-1.26373e-05
2.19993e-09
-5.69484e-18
-6.88835e-18
-6.46271e-17
-9.59852e-07
-4.15893e-14
-4.32116e-14
-2.25021e-17
2.68688e-16
7.92491e-15
-1.97193e-10
-9.48141e-11
1.00727
0.992244
-5.39956e-24
2.5778e-19
1.80588e-11
8.71141e-23
1.11527e-22
2.44305e-22
0.239596
7.1549e-10
-5.53016e-06
3.6105e-19
-1.18507e-08
-2.93382e-09
-1.82299e-08
0.999971
1.00001
-2.00371e-14
-1.32348e-14
1.10418e-13
4.17476e-16
9.12275e-07
7.09488e-07
1.28821e-06
-0.000320848
7.65559e-18
9.585e-18
-1.52018e-17
-4.44756e-15
-5.26965e-15
3.30926e-08
-0.00301053
-0.00762247
-0.00187462
7.54738e-13
5.16004e-13
-2.03006e-18
1.21482e-21
1.92882e-21
-1.01743e-20
-9.40666e-09
-3.85467e-09
6.52814e-12
4.12247e-08
-2.55202e-15
-1.92184e-15
0.926393
5.38021e-08
-1.90247e-18
5.45786e-09
1.00653
1.0016
1.0051
0.99979
1.00057
0.999641
0.999484
0.999867
0.999643
0.999996
0.999914
1.00002
1.00001
1
1
0.999996
0.999983
0.999995
0.999976
0.999994
0.999974
0.999995
0.999974
0.999996
0.999976
0.999995
0.999976
0.999995
0.999976
0.999995
0.999975
0.999995
0.999976
0.999994
0.999976
0.999994
0.999974
0.999994
0.999975
0.999994
0.999974
0.999994
0.999975
0.999995
0.999975
0.999995
0.999976
0.999995
0.999975
0.999995
0.999976
0.999996
0.999977
0.999995
0.999976
0.999994
0.999974
0.999994
0.999974
0.999994
0.999975
0.999994
0.999975
0.999995
0.999975
0.999995
0.999976
0.999994
0.999974
0.999991
0.999971
0.999994
0.999968
0.999996
0.999974
0.99997
0.461912
1.00001
-5.6011e-06
1.96775e-10
5.64101e-09
5.84186e-08
2.39848e-20
4.10652e-09
-6.25614e-17
7.61159e-15
1.10121e-20
-1.52386e-10
2.2321e-10
0.441637
-2.34594e-18
3.80924e-19
4.95186e-19
-2.3942e-18
-1.59901e-10
8.23218e-10
6.10085e-09
3.35138e-16
4.80271e-07
4.71762e-16
6.98311e-08
2.97491e-12
7.82712e-12
2.38671e-12
7.03488e-21
0.00019462
0.000257551
0.480209
2.02911e-20
1.87402e-20
0.980049
-2.37714e-19
-6.03933e-20
8.76844e-12
0.145563
9.95438e-15
1.23714e-14
-2.94048e-14
6.52222e-14
-3.51804e-15
0.380169
9.48674e-08
3.34412e-13
-1.62539e-12
1.05171e-11
0.999974
1.00921
1.01154
1.00152
3.18366e-11
-6.91594e-12
-1.89227e-10
-2.67488e-09
6.2631e-09
0.811424
0.898624
0.516608
1.01544e-08
5.8761e-09
-1.06279e-09
-3.14571e-09
-7.24634e-10
-1.32172e-09
-3.48915e-09
-2.14112e-16
-1.82591e-16
1.00001
1.00034
1.00028
0.999859
1.00026
0.998664
0.998921
0.999164
0.998256
1.00417
1.00176
1.00897
1.00809
1.00553
1.01062
0.982534
0.998433
0.932694
0.961829
0.856656
0.895711
0.752787
0.803296
0.626709
0.681997
0.500736
0.552782
0.383152
0.431453
0.28013
0.320144
0.199414
0.230223
0.136742
0.160386
0.0899146
0.10655
0.0581355
0.0695875
0.0359944
0.0437047
0.0218768
0.0265874
0.0130816
0.0161218
0.0073283
0.00921236
0.00409153
0.00510491
0.00226037
0.00285941
0.00119543
0.00152912
0.000630542
0.00080593
0.000329187
0.000425763
0.000164911
0.000214341
8.37851e-05
0.00010863
4.1933e-05
5.46946e-05
2.04053e-05
2.6629e-05
9.93934e-06
1.31663e-05
4.68427e-06
6.24732e-06
2.24953e-06
2.99437e-06
1.07548e-06
1.45716e-06
5.15603e-07
7.13659e-07
1.32452e-07
1.50454e-07
2.2892e-07
-1.68003e-20
-1.38822e-21
-1.37945e-17
-9.14362e-18
4.14578e-08
8.78826e-08
-1.91619e-11
3.60196e-11
-1.69287e-10
-1.62202e-09
-3.56413e-09
4.00334e-20
-2.1509e-05
-1.4177e-05
2.45143e-13
6.92927e-14
1.24481e-09
2.29989e-10
1.6735e-10
-1.04637e-10
-2.36082e-11
5.01879e-08
1.15511e-12
9.90442e-13
-4.64935e-17
1.01923e-14
4.95253e-15
-1.34367e-18
0.227186
5.49048e-21
1.64503e-21
-2.22617e-11
7.93919e-05
3.32932e-05
8.11725e-07
1.02284e-06
6.51149e-14
-0.0012589
8.55874e-08
-7.06039e-17
6.29137e-16
1.09953e-07
1.23221e-07
-4.46525e-16
-5.79118e-13
1.2879e-08
-6.82521e-10
-5.24149e-10
1.30518e-21
4.32276e-22
2.1802e-21
2.47348e-08
5.38869e-09
0.999926
-8.28027e-18
-1.20046e-16
0.0898469
0.0176251
-1.58174e-13
-1.79262e-12
3.28783e-07
0.000143144
0.000315417
9.14775e-05
-2.57889e-17
-1.26237e-17
1.24767e-17
1.507e-17
-2.72043e-17
-0.00493042
-0.0038197
-3.06225e-15
-2.23372e-15
4.34068e-07
1.54246e-07
-1.80169e-20
-2.14634e-20
-2.69277e-20
-1.42438e-05
-5.17781e-06
-1.6167e-10
-4.93092e-16
-7.71656e-14
-8.13019e-14
-4.82347e-16
-2.01271e-19
5.6298e-15
1.00312
1.00029
1.00203
0.999576
0.999749
0.999716
0.999481
0.999902
0.99976
0.999971
0.999939
0.999969
0.999978
0.999955
0.999963
0.999949
0.999946
0.999946
0.999939
0.999946
0.999937
0.999945
0.999936
0.999946
0.999937
0.999945
0.999935
0.999946
0.999935
0.999947
0.999939
0.999945
0.999938
0.999949
0.999936
0.999948
0.99994
0.999949
0.999937
0.999945
0.999938
0.999947
0.999938
0.999946
0.999937
0.999946
0.999938
0.999945
0.999937
0.999945
0.999936
0.999945
0.999937
0.999946
0.999937
0.999947
0.999936
0.999947
0.999939
0.999944
0.999934
0.999943
0.999933
0.999941
0.999936
0.999936
0.999934
0.999931
0.999929
5.86511e-20
-3.96928e-09
-4.77519e-18
-4.38359e-17
2.27282e-05
2.33091e-07
1.40566e-11
2.01529e-08
2.33603e-10
-0.000374506
0.00016879
1.75133e-07
3.70154e-07
1.9356e-07
2.48082e-07
2.87744e-07
-1.07894e-18
-7.33368e-19
6.09537e-09
-3.96456e-11
2.00008e-08
9.16443e-09
1.39801e-08
2.52936e-08
2.56891e-22
1.0002
-1.30321e-18
-5.83399e-17
1.00008
1.00035
0.998965
0.99938
0.998808
0.998159
1.00276
1.00051
1.00739
1.00578
1.00774
1.01074
0.992116
1.00444
0.952447
0.97722
0.883289
0.919947
0.786955
0.833429
0.664373
0.720379
0.53529
0.590444
0.417207
0.466434
0.308933
0.352657
0.221271
0.254731
0.154421
0.179596
0.102332
0.121585
0.0663614
0.0792059
0.0420033
0.0508531
0.025278
0.0309233
0.0153181
0.0187123
0.00876613
0.0110014
0.00482239
0.00607867
0.00269237
0.00337963
0.00145785
0.00185986
0.000762239
0.00097585
0.00040703
0.000519533
0.000205242
0.000267976
0.000103093
0.00013428
5.20303e-05
6.7951e-05
2.50584e-05
3.30586e-05
1.2394e-05
1.61743e-05
6.02745e-06
7.9403e-06
2.91937e-06
3.84349e-06
1.50635e-06
1.97807e-06
7.97609e-07
5.43272e-07
1.11461e-06
3.9954e-14
-3.33424e-13
-1.24446e-07
-2.7618e-06
1.00661e-06
-1.74108e-17
-1.39634e-17
1.47102e-07
2.22691e-07
6.27392e-11
-3.13183e-11
-0.00742254
-0.00937779
-3.07814e-09
-5.58208e-09
2.4356e-09
2.19915e-08
-7.88071e-09
-4.80102e-09
4.68729e-10
3.48908e-10
3.61179e-22
1.16752e-21
5.28712e-22
0.800146
4.3386e-14
1.00667
8.43699e-19
6.23573e-19
0.999933
1.00739
1.00818
-7.87663e-12
1.71038e-12
3.17805e-09
6.6223e-14
1.00012
3.4036e-13
-3.51747e-18
2.74827e-08
2.93972e-14
2.05743e-14
1.59478e-08
0.999916
1.01121
5.50891e-13
3.10399e-13
-0.00306901
-1.33119e-13
6.48854e-14
0.000166249
0.000111617
-1.37585e-07
-2.7023e-15
-2.14177e-17
-3.32971e-10
-2.58821e-10
-2.52469e-20
-0.0016188
7.5263e-16
-3.94712e-15
-3.76824e-11
-3.29393e-11
7.41514e-16
-1.21919e-19
6.83986e-22
9.61882e-08
-6.23698e-22
-8.59238e-10
1.02521e-07
0.967016
0.989996
0.880749
1.10213e-07
8.7175e-08
3.41762e-15
0.406816
0.525807
0.186208
-2.19476e-09
-1.90744e-09
-3.99769e-14
3.39336e-16
-1.4447e-16
-2.30096e-16
1.00937e-15
-9.25051e-13
1.68522e-11
-4.25295e-17
-1.00679e-05
-1.71438e-05
1.94884e-17
0.000254366
0.000231789
7.20558e-11
2.69327e-12
2.77327e-12
1.14702e-07
1.86436e-14
1.5251e-14
-0.00715037
-0.00703396
-6.34988e-10
-3.59567e-20
4.20798e-20
-7.93802e-10
-3.19703e-10
-3.86426e-20
-4.7126e-20
-5.83739e-20
5.28662e-10
9.25847e-14
-1.13456e-13
5.39664e-07
5.20396e-07
-6.6472e-10
-8.99575e-21
1.83339e-07
-3.71828e-09
3.12311e-08
1.15269e-13
2.92474e-13
9.19415e-14
1.00542
1.70515e-13
1.26352e-13
1.00132
1.00413
0.999742
1.00048
0.999656
0.999566
0.999887
0.999751
1.00002
1.00001
1.00005
1.00012
1.00005
1.00014
1.00003
1.00012
1.00002
1.0001
1.00002
1.0001
1.00002
1.00009
1.00002
1.0001
1.00002
1.00009
1.00002
1.00009
1.00002
1.00009
1.00002
1.00009
1.00002
1.00009
1.00002
1.00009
1.00002
1.0001
1.00002
1.00009
1.00002
1.00009
1.00002
1.00009
1.00003
1.0001
1.00003
1.0001
1.00002
1.0001
1.00002
1.00009
1.00002
1.0001
1.00002
1.00009
1.00002
1.00009
1.00002
1.00009
1.00003
1.00009
1.00003
1.00011
1.00005
1.00016
1.00012
4.31231e-16
-6.37881e-09
1.00183
-3.3129e-18
8.33113e-09
0.000425265
2.31331e-17
2.71158e-14
2.3087e-14
-1.89372e-18
-1.18538e-19
2.31324e-15
1.61631e-15
-9.54858e-13
-1.1215e-12
-5.00648e-11
1.43922e-21
-4.09002e-10
-1.83112e-09
-7.92495e-09
2.99913e-07
-2.35992e-18
-4.25046e-19
-3.19104e-19
1.3709e-21
3.15635e-07
6.57653e-07
2.994e-07
-2.00369e-18
-5.43648e-18
-4.35607e-14
3.71013e-08
1.31785e-08
2.11095e-07
3.79234e-07
1.00024
1.00034
-4.9371e-17
-4.82088e-17
0.999351
0.999766
0.998681
0.998465
1.00137
0.99963
1.00541
1.00366
1.00851
1.00963
0.998932
1.00775
0.967945
0.986887
0.907629
0.939915
0.816072
0.859079
0.700919
0.752336
0.574537
0.62759
0.45178
0.500392
0.341113
0.384883
0.246033
0.281972
0.172149
0.199258
0.116654
0.13699
0.076482
0.0904821
0.0486176
0.0581234
0.0297814
0.0361976
0.0178354
0.0217448
0.0103653
0.0127978
0.00587786
0.00733264
0.00321226
0.00403828
0.00175771
0.00220924
0.000940989
0.00119887
0.00049012
0.000624955
0.000254694
0.000327116
0.000130412
0.000168425
6.48436e-05
8.37968e-05
3.19579e-05
4.18169e-05
1.55525e-05
2.04113e-05
7.56086e-06
9.92452e-06
3.73214e-06
4.85328e-06
1.93413e-06
2.41644e-06
9.61004e-15
7.24556e-15
-1.15954e-10
-5.27087e-10
-0.005102
-0.00953992
-4.35637e-09
3.69746e-08
5.96049e-08
2.58485e-07
-5.28648e-09
1.70816e-10
-2.07807e-09
1.00991
1.0101
2.5957e-17
-1.34852e-12
1.6975e-13
1.47502e-07
1.25629e-18
-5.68644e-11
-6.22732e-09
-1.68037e-13
2.04322e-13
1.01006
1.30868e-06
4.53629e-12
3.0525e-14
2.62242e-14
-0.00202159
-5.87836e-14
-6.50682e-14
8.58382e-14
-7.21742e-13
-2.28928e-06
1.76751e-08
-2.20778e-12
4.81092e-17
-0.000346233
2.06109e-11
-5.71308e-11
3.01342e-14
-8.44479e-20
-3.10521e-06
2.52718e-16
-1.36895e-18
0.977323
0.948319
9.95461e-09
0.415639
4.51359e-07
6.73041e-07
-3.59008e-17
1.12923e-09
9.68027e-10
4.48053e-07
3.48169e-07
-6.67794e-19
-8.95504e-19
3.00412e-17
0.0315324
7.18328e-08
3.17341e-10
-3.13818e-15
3.80658e-14
-2.47666e-16
1.16138e-10
-3.1398e-18
-1.75691e-09
0.00942931
0.775518
0.856424
0.520645
1.78716e-17
0.120648
-1.32428e-09
-6.62091e-17
-3.68453e-16
3.87833e-07
5.03077e-07
5.81592e-07
0.0002895
0.000343126
-2.57187e-05
-1.27119e-05
-8.88115e-12
0.000102877
1.95982e-19
1.5827e-18
-3.94914e-06
-0.0052174
4.74878e-08
-0.00841514
-0.00933233
1.40227e-07
6.12759e-08
1.25047e-08
-2.64016e-10
-8.97243e-11
0.000301967
0.00028176
2.73911e-09
-9.87547e-06
-8.92653e-06
-1.11163e-18
-1.15101e-10
1.35301e-10
2.8678e-09
1.24928e-09
-6.16681e-12
-1.65907e-12
-3.34719e-12
-2.4872e-12
1.00845
-1.16857e-05
-1.56795e-10
1.00299
1.00708
1.00022
1.00166
0.999707
0.999761
0.999931
0.999725
1.00014
1.00006
1.00023
1.00026
1.00023
1.00032
1.00023
1.00032
1.00023
1.00031
1.00022
1.00032
1.00022
1.0003
1.00022
1.00031
1.00022
1.0003
1.00022
1.0003
1.00021
1.0003
1.00022
1.0003
1.00022
1.0003
1.00022
1.0003
1.00022
1.0003
1.00021
1.00029
1.00022
1.0003
1.00022
1.0003
1.00022
1.0003
1.00022
1.00031
1.00022
1.0003
1.00022
1.0003
1.00022
1.00031
1.00022
1.00029
1.00022
1.0003
1.00023
1.0003
1.00027
1.00029
1.0003
1.00028
1.0003
-3.6896e-10
3.68387e-08
0.203938
0.000164875
-9.76312e-14
-9.29804e-14
-1.20533e-19
-7.39577e-20
2.46787e-15
-2.07555e-06
-3.38407e-07
2.17652e-10
2.65251e-17
1.72722e-12
2.38917e-11
-3.89935e-10
1.54566e-16
1.04493e-16
1.04729e-06
-8.41982e-17
-8.33331e-17
-1.11393e-16
1.89154e-15
1.41346e-15
-2.0741e-19
-1.5079e-19
-2.66463e-11
-3.22599e-10
-2.51099e-10
9.90794e-09
4.12666e-08
6.21657e-07
5.58893e-05
1.68287e-06
1.99819e-09
-1.57559e-10
-1.25756e-08
-3.11774e-09
-1.98381e-20
-1.02166e-19
0.999637
1.00002
0.998636
0.998674
1.00028
0.999002
1.00361
1.00184
1.0091
1.00876
1.00422
1.00987
0.979778
0.99562
0.926851
0.955617
0.843119
0.882333
0.732071
0.782255
0.607475
0.660034
0.484201
0.534139
0.368677
0.414183
0.269644
0.306913
0.191123
0.219544
0.130602
0.152487
0.0855703
0.1009
0.0549148
0.0654385
0.0338952
0.0409774
0.0204335
0.0247504
0.0119977
0.0147585
0.00680824
0.00843803
0.00378307
0.00472695
0.00206934
0.00260048
0.00110744
0.00140246
0.000584524
0.000741256
0.000306984
0.000391914
0.00015598
0.000200072
7.78165e-05
0.000100535
3.84655e-05
5.00322e-05
1.89254e-05
2.45317e-05
9.50099e-06
1.2426e-05
4.60422e-06
6.10551e-06
2.1979e-06
2.90772e-06
6.21547e-15
5.97238e-15
-1.85502e-11
-6.55802e-11
-1.17085e-11
-0.00382896
-0.00121318
6.69816e-08
1.71971e-08
-6.15856e-10
2.31109e-09
0.00343076
-0.00547992
7.15305e-08
8.64075e-08
4.7657e-07
7.80178e-07
-4.81723e-09
-1.57286e-08
0.988939
1.70955e-08
5.09571e-08
1.18834e-08
2.73146e-07
-1.71143e-05
-2.03196e-05
-2.10987e-05
8.37308e-08
-1.35533e-11
-4.81984e-14
-1.14089e-05
1.09446e-13
8.76825e-14
-1.08132e-13
-4.00454e-16
7.20668e-15
-3.52965e-11
2.07273e-07
1.70901e-07
5.9614e-08
0.141507
-0.00862798
-7.92204e-11
2.49925e-10
1.01099
2.00222e-19
1.34312e-06
1.98165e-15
6.94995e-16
-3.01978e-10
-2.97364e-10
2.65537e-12
-5.45667e-09
0.0278273
1.99866e-07
5.04413e-16
-6.66272e-12
-5.03496e-12
-1.31367e-13
-3.86936e-15
0.00024777
-0.000273788
0.000517841
2.81107e-17
4.601e-14
-1.33075e-13
-3.49237e-11
-3.20212e-11
1.76321e-09
8.47028e-09
6.04392e-09
3.26552e-18
-9.04963e-13
-1.14515e-13
5.65174e-14
2.98052e-14
6.67666e-14
5.80155e-07
0.044006
0.398472
0.201111
8.92682e-07
7.04656e-07
1.01342
0.000222601
2.61225e-18
-3.17198e-16
1.5912e-17
1.66539e-18
-0.00830987
-0.0137629
-2.7959e-07
-7.58634e-08
1.43257e-18
1.37211e-18
3.19827e-17
0.943263
0.905764
-1.3892e-16
-1.44408e-16
0.000347893
0.000435028
-8.60164e-10
-1.27136e-05
-6.26516e-06
1.00554
3.95835e-15
3.23005e-15
9.90036e-07
7.86486e-07
-8.81429e-10
-1.08451e-11
-3.75118e-12
1.00561
1.00109
1.00379
0.99965
0.999981
0.999675
0.999237
0.999944
0.999512
1.00009
0.999802
1.00013
0.999919
1.00013
0.999956
1.00015
0.999962
1.00015
0.999977
1.00015
0.999957
1.00016
0.999978
1.00015
0.999972
1.00015
0.99997
1.00015
0.999962
1.00015
0.999959
1.00015
0.999977
1.00015
0.999978
1.00015
0.999978
1.00014
0.999971
1.00014
0.999966
1.00015
0.999964
1.00015
0.999975
1.00015
0.999972
1.00014
0.999975
1.00016
0.999971
1.00015
0.999992
1.00016
0.999992
1.00018
1.00002
1.00013
1
1.00013
0.999865
0.999929
2.79482e-11
-9.41364e-11
-0.00797815
-0.00317527
9.92432e-08
6.17481e-08
1.38663e-06
1.48338e-07
7.92398e-08
6.18481e-19
7.32441e-19
3.22183e-18
0.960675
6.3834e-16
9.85202e-12
1.19945e-11
3.30022e-11
-6.66149e-10
-1.23115e-09
1.6664e-16
0.108714
6.37901e-14
1.06137e-13
5.03856e-16
4.30418e-16
-8.99899e-16
5.8046e-14
-2.05599e-16
-5.66196e-16
-2.627e-10
-1.13634e-10
1.03375e-09
1.79118e-10
1.03763e-06
1.12121e-07
0.722894
0.786176
0.474109
0.000195594
6.02232e-05
9.41856e-07
-2.23465e-09
-9.65641e-11
1.61055e-08
1.743e-07
2.77376e-18
2.09398e-18
0.998683
0.998878
0.999605
0.998769
1.00221
1.00066
1.00918
1.0079
1.00683
1.01075
0.98801
1.00038
0.943152
0.967909
0.865325
0.902747
0.759585
0.806879
0.639622
0.689471
0.515718
0.565526
0.395879
0.441529
0.293544
0.331076
0.209634
0.239726
0.143417
0.166397
0.095003
0.111373
0.0616971
0.0729343
0.0383093
0.0459296
0.0231789
0.0279511
0.0136615
0.016691
0.00783209
0.00961438
0.00441676
0.00547117
0.00240965
0.00301321
0.00129885
0.00162554
0.000695258
0.000875243
0.000359448
0.000456425
0.000183937
0.000233914
9.30151e-05
0.000119295
4.6022e-05
5.93652e-05
2.28091e-05
2.93091e-05
1.17035e-05
1.49592e-05
6.01271e-06
7.77404e-06
-4.97658e-15
-1.44225e-15
4.35399e-07
5.1212e-07
1.26347e-06
1.45339e-08
1.26795e-07
3.61072e-09
-1.95726e-09
0.0222929
0.0024329
1.12862e-07
2.62253e-08
9.85415e-18
7.02408e-18
1.00766
0.987451
1.24553e-06
1.76951e-06
-2.17449e-08
1.33979e-08
1.20867e-06
-1.89735e-06
-5.5503e-06
-1.28835e-06
-8.61878e-12
-1.46593e-13
-3.45055e-06
3.18793e-05
-1.3126e-05
1.47299e-07
9.18717e-16
0.000311548
6.62294e-15
1.93135e-06
1.52111e-06
-1.25207e-13
-1.21122e-12
-0.00970588
-4.98397e-14
-2.8737e-14
-2.15837e-15
-3.81858e-06
0.138461
0.335962
0.0776365
-2.49328e-16
1.13178e-08
-2.08734e-16
7.84755e-15
-0.000275174
0.000235286
-1.81404e-13
-3.15448e-16
3.03993e-18
1.01199
2.79196e-12
-8.76791e-12
0.872129
0.820786
1.57486e-06
4.26325e-09
-1.11651e-13
-5.08932e-14
1.01531
4.11269e-17
-4.56015e-11
3.00778e-11
-6.15287e-11
0.00113892
-0.00828942
-1.10678e-08
2.96125e-06
2.81169e-08
6.00342e-08
2.38754e-08
-1.02742e-06
1.22542e-17
2.01969e-17
-2.37208e-16
2.92663e-05
1.22085e-05
0.000218721
0.000425895
-2.82631e-08
3.45391e-10
-7.01617e-10
-7.27014e-07
-1.8946e-07
-1.18692e-11
-8.62764e-12
1.24126e-16
-1.28517e-08
9.74882e-09
3.71383e-09
-6.44556e-14
5.47503e-14
1.0117
2.95933e-17
-7.89765e-13
-5.05115e-13
-1.65279e-12
-2.67499e-12
2.48298e-17
0.000137007
0.0001021
1.00235
0.999324
1.00039
0.998792
0.998374
0.999047
0.998342
0.999246
0.998709
0.999321
0.99887
0.999356
0.998928
0.999382
0.998959
0.999349
0.998977
0.999363
0.998938
0.99937
0.998966
0.999367
0.99897
0.99936
0.998973
0.999361
0.998962
0.999386
0.998971
0.999356
0.998959
0.999355
0.998928
0.999382
0.998975
0.999375
0.998982
0.999361
0.998975
0.99939
0.998974
0.999388
0.99901
0.999382
0.998997
0.999387
0.998995
0.999406
0.998997
0.999394
0.999004
0.999383
0.998999
0.999509
0.999094
0.999111
0.998759
0.99907
2.2427e-15
2.68518e-15
-0.00200307
1.81564e-07
0.000302546
-0.00995321
-0.00520338
5.33921e-18
-8.89748e-06
-6.6351e-06
-3.4503e-08
8.33866e-17
7.36638e-17
3.26453e-07
-2.33776e-08
-4.51416e-08
2.76811e-14
6.64702e-18
-1.03835e-09
-4.43852e-17
9.08878e-17
6.49453e-14
7.86313e-14
-1.86786e-13
-5.33508e-16
-8.01262e-16
-5.01371e-16
2.51085e-06
1.84081e-06
-2.17754e-15
-1.02396e-15
4.18711e-06
0.992628
7.33479e-14
2.96687e-07
2.41065e-07
-1.15942e-10
4.09457e-10
0.999321
0.998725
1.01268
1.00703
1.00127
0.999969
1.00912
1.00714
1.00812
1.0106
0.993909
1.00405
0.956455
0.979031
0.885072
0.920611
0.785139
0.830194
0.668151
0.717644
0.542708
0.593445
0.420984
0.467255
0.31508
0.353851
0.225517
0.257561
0.155506
0.179887
0.104457
0.122126
0.0679022
0.0801711
0.0424843
0.0509188
0.0257043
0.0309877
0.0153324
0.0186148
0.00885118
0.0108646
0.00497972
0.00615628
0.00275656
0.00343002
0.00148871
0.00186811
0.000787888
0.000992439
0.000410979
0.000519742
0.00021189
0.000269563
0.000107057
0.000137124
5.4076e-05
6.92896e-05
2.67226e-05
3.43636e-05
1.34625e-05
1.7044e-05
-1.66517e-14
-1.00472e-14
-7.13501e-09
-2.80314e-08
0.0718931
0.0410228
3.59406e-08
3.90055e-07
6.35723e-08
3.55458e-07
4.35607e-18
1.00876
1.01532
-8.76338e-12
-4.13716e-12
3.97832e-18
-4.39001e-12
1.18546e-17
-3.3047e-06
-6.96999e-06
-2.81905e-06
-0.0105273
1.00676
-8.72387e-14
-6.03225e-14
-1.73188e-06
1.11225e-14
5.52456e-08
0.000336383
3.19568e-11
2.72386e-11
3.0425e-06
2.79423e-09
8.86867e-10
0.708963
1.6689e-05
6.58991e-08
1.25925e-06
1.04244e-06
3.89678e-13
7.50049e-09
6.30647e-09
2.35575e-08
-2.91581e-13
-0.00117823
-0.000404927
2.21049e-06
8.19561e-05
6.10219e-05
0.0104548
-0.00485724
2.21949e-08
-2.78502e-13
-1.84066e-13
1.37767e-10
5.67442e-10
6.55501e-11
0.595401
0.642176
0.359054
7.02288e-11
5.49707e-09
3.3692e-06
4.59566e-06
-7.29302e-09
-1.27032e-15
6.83017e-06
4.5256e-09
2.52208e-08
2.18102e-06
2.69699e-06
3.1912e-06
1.37473e-14
1.32675e-14
-4.31777e-16
-1.87551e-15
-2.68002e-17
-4.30144e-16
3.20805e-11
3.87928e-11
-1.29447e-10
1.35346e-17
0.911533
2.79342e-06
-1.67955e-11
-1.26282e-11
-0.000164439
0.00025779
-1.33953e-09
-1.56788e-09
-9.08884e-08
-6.29763e-18
0.766482
-3.3491e-06
-3.53539e-06
0.946277
-3.95811e-13
-1.62117e-13
-1.11581e-08
2.72073e-10
4.13101e-11
8.02007e-12
8.44753e-06
3.88976e-06
3.57452e-06
1.12969e-13
8.33904e-14
1.01241
-1.50915e-06
-5.33465e-07
1.15559e-07
1.00007
0.998348
0.999101
0.998245
0.997999
0.998348
0.998076
0.998473
0.998222
0.998552
0.998339
0.998607
0.998426
0.998562
0.998444
0.998595
0.99842
0.998594
0.998477
0.998582
0.998435
0.99859
0.998439
0.998612
0.998441
0.99862
0.99847
0.998579
0.998493
0.998582
0.998441
0.998601
0.998446
0.998594
0.998471
0.998571
0.998454
0.998593
0.99843
0.998539
0.99844
0.99853
0.998392
0.998577
0.998421
0.998626
0.99844
0.998621
0.998362
0.998372
0.998246
0.999018
0.0121518
0.998577
-2.79164e-17
-0.00385559
4.2446e-06
-4.61245e-08
0.448504
0.20698
4.7803e-13
1.08e-12
-5.89485e-12
5.60738e-06
0.18137
0.655165
-5.98865e-16
-2.83252e-13
-1.94059e-08
6.69981e-06
7.29022e-06
-1.86072e-06
1.0052
1.00359
1.01278
-4.34625e-15
-2.80561e-15
0.000223149
0.000398418
0.000201339
1.03209e-08
-2.04917e-08
2.82867e-07
1.55292e-07
7.04548e-09
3.77208e-09
-1.22737e-12
-8.94936e-13
6.36599e-06
8.17999e-06
8.65964e-06
5.43939e-10
-1.44356e-09
8.2218e-16
1.63948e-14
0.84278
0.699335
9.41082e-16
0.958591
0.8774
1.0007
0.00819142
1.00895
1.00663
1.00826
1.00992
0.998947
1.0073
0.969248
0.988927
0.904785
0.939014
0.809384
0.854075
0.695035
0.744205
0.571056
0.621824
0.446577
0.496324
0.334382
0.376854
0.242585
0.276756
0.169349
0.195962
0.114091
0.133496
0.0749943
0.0884535
0.0471277
0.0565477
0.0285385
0.034567
0.0171112
0.0207635
0.00994617
0.0122473
0.00560089
0.00694975
0.0031446
0.00391942
0.00169669
0.00213916
0.00089829
0.00113472
0.000469972
0.000597157
0.000242178
0.0003088
0.000124626
0.000159477
6.34936e-05
8.19317e-05
3.13538e-05
4.10767e-05
1.49964e-05
-2.26891e-14
-1.56139e-14
-1.19392e-07
-7.44689e-08
-4.70068e-08
-6.53511e-08
5.83374e-07
3.86726e-07
1.00763
1.01708
0.984259
-3.4958e-12
-2.81239e-16
0.323053
0.408289
0.115628
-1.07178e-07
-8.6926e-14
-6.82264e-14
1.04952e-06
9.05408e-07
0.0564926
-0.0125324
0.408356
7.01014e-11
5.9271e-11
-1.1442e-15
-8.41891e-16
5.48027e-15
-0.00867686
1.86823e-07
-1.22363e-11
2.99515e-14
-3.85631e-07
-6.26318e-08
2.51672e-10
-1.15309e-06
-1.31386e-06
-0.00259842
-0.00146763
0.000130892
-4.55397e-13
2.7528e-12
-9.90783e-13
-5.64968e-08
-4.3227e-06
0.00013504
0.0353833
0.0082398
-3.34056e-13
-2.5702e-13
3.57316e-10
-0.00776949
1.31172e-10
6.94495e-07
1.15755e-13
1.64166e-13
-4.32375e-13
-1.0372e-12
-6.28798e-13
5.03671e-06
6.99174e-06
-2.8865e-15
-3.93994e-15
6.91165e-15
-1.39518e-10
6.52822e-10
-0.00118896
-0.000514754
-8.7265e-10
1.26227e-08
4.46898e-10
3.62518e-10
2.94498e-06
2.47525e-06
-1.95011e-11
-1.31119e-11
1.98219e-07
-4.29607e-08
-1.02003e-08
0.000116815
4.63619e-05
-2.56952e-09
-1.74379e-09
2.60701e-11
3.1457e-11
-1.50642e-10
1.00052
0.999674
1.0009
0.999522
1.00041
0.999597
1.00034
0.999702
1.00044
0.99969
1.00051
0.999634
1.00045
0.999696
1.00042
0.999695
1.00051
0.99969
1.00048
0.999663
1.00046
0.99966
1.00042
0.999708
1.00045
0.99966
1.00047
0.999668
1.00044
0.999724
1.00049
0.999712
1.00051
0.999703
1.00051
0.99973
1.0005
0.999701
1.00062
0.999744
1.0006
0.999796
1.00067
0.999791
1.00062
0.999768
1.00013
-4.56858e-08
-0.015684
1.3394e-09
1.0406e-09
-0.00640404
0.337205
0.513616
0.163019
0.00030112
0.000252206
1.13592e-12
2.18141e-12
-1.55461e-11
4.61211e-06
5.61365e-06
6.30252e-06
9.44529e-11
2.98057e-11
4.0799e-07
3.40463e-09
-9.49476e-13
-1.63633e-12
-8.45131e-13
1.08184e-06
1.24661e-05
0.000256002
3.02302e-14
3.53814e-14
3.84456e-14
0.700457
-2.86452e-15
1.00901
1.0077
1.00864
1.00406
1.0102
0.982043
0.999511
0.924876
0.957526
0.835081
0.879992
0.72393
0.774868
0.599213
0.652294
0.474591
0.526082
0.360926
0.405879
0.26337
0.300546
0.185967
0.21494
0.126569
0.148466
0.0829602
0.0983561
0.0527871
0.0631804
0.0323777
0.0393133
0.0191862
0.0234863
0.0113442
0.0139509
0.00648657
0.00806596
0.00363264
0.00454111
0.00198192
0.00251193
0.00103932
0.00132553
0.000546043
0.000697587
0.000284874
0.000365825
0.000146239
0.000188202
7.59471e-05
9.73323e-05
-1.57337e-14
-2.45916e-07
-1.8871e-07
-3.29758e-08
4.30807e-07
4.95998e-07
4.60304e-07
5.18806e-07
1.30541e-06
1.00238e-05
3.48833e-05
5.86755e-06
-8.63071e-08
-1.06951e-07
-5.74603e-08
0.504687
1.41409e-10
1.21446e-10
-0.0112421
1.96652e-05
5.48112e-06
1.56704e-13
0.00399981
-1.00339e-07
8.35342e-10
-2.7801e-09
1.94799e-05
-2.29701e-14
-3.62473e-14
-4.69828e-09
5.03707e-10
-7.08822e-07
0.111734
5.24997e-06
-0.00508408
-0.00381418
-2.68281e-11
-1.65948e-12
0.0841523
0.0492875
1.01365
-1.91745e-13
-1.91832e-13
1.00344
1.00362
-2.68292e-07
-2.31939e-07
1.30627e-10
-1.37636e-06
2.30443e-06
0.000161053
6.70152e-14
2.25149e-13
-7.80137e-13
-2.41638e-12
6.37637e-14
9.19057e-14
6.05878e-07
-1.22098e-14
1.0011
1.00528
3.9536e-05
1.07238e-05
1.49389e-05
-6.13548e-07
2.32783e-05
1.71074e-05
2.26118e-14
7.52414e-14
1.01418e-09
1.35608e-09
9.53037e-10
1.00986
1.01749
2.75637e-05
-0.000388791
-5.18533e-05
0.898045
0.742697
-0.00277403
-0.00176217
0.990471
1.00752
0.934682
1.48174e-08
-5.04811e-08
2.49851e-10
2.61873e-10
2.69584e-06
0.000218775
0.000150634
-7.18057e-12
-2.25267e-13
1.00971
6.55665e-06
5.10397e-05
1.01015
1.92756e-11
4.49983e-12
-0.00791904
-7.53421e-13
1.00598
1.01138
1.12409e-05
9.19883e-06
1.00422
1.00756
1.00372
1.00621
1.00368
1.00591
1.00373
1.00589
1.00368
1.00589
1.00351
1.00573
1.0036
1.00562
1.0036
1.00574
1.00353
1.00569
1.00355
1.0057
1.00363
1.00576
1.00356
1.00573
1.00352
1.00562
1.00355
1.00561
1.0036
1.00567
1.00365
1.00567
1.00365
1.00571
1.00376
1.00568
1.00383
1.00585
1.00393
1.00602
1.00371
1.00619
1.00313
1.00546
1.00614
-7.94059e-08
-2.85447e-08
0.999194
3.06237e-05
2.30004e-05
4.58432e-05
5.6388e-06
1.0118
6.96731e-05
5.65768e-05
0.290199
3.02222e-06
2.24657e-07
-0.0108557
-1.88082e-10
1.79541e-08
1.3003e-06
6.70573e-06
1.50089e-12
2.87227e-12
-3.4416e-11
1.08202e-10
4.09175e-11
-6.14372e-15
-1.67002e-15
3.67808e-14
-4.73995e-07
-4.99447e-07
6.74372e-07
1.54504e-06
1.0151
1.01729
1.01854
1.00589
1.00828
0.993689
1.00829
0.945152
0.973158
0.864154
0.904898
0.756665
0.807112
0.632755
0.687025
0.507642
0.561629
0.390344
0.438057
0.288458
0.328237
0.20572
0.237798
0.141547
0.165645
0.0940763
0.111058
0.0598451
0.0719583
0.0366732
0.0445572
0.0222418
0.0271608
0.013237
0.0163088
0.00757642
0.00946565
0.00428514
0.00536112
0.00237516
0.00300487
0.00124442
0.0015969
0.000654862
0.000837551
0.000347171
0.000447437
0.0001772
0.000229667
9.13115e-05
0.000117008
-0.0012867
0.238445
-0.0117899
-1.3618e-10
9.89558e-10
7.89949e-12
-2.92663e-12
-1.52477e-12
5.70333e-05
0.992988
0.971518
1.01095
0.0249829
-0.00801867
-0.00674888
7.78617e-14
2.21872e-14
0.000139082
2.60218e-10
2.22954e-10
-9.32865e-08
-3.2811e-07
5.67095e-08
2.10175e-13
5.11755e-14
-1.04184e-07
3.79323e-13
3.32622e-11
-1.28928e-07
-1.42522e-07
9.93399e-14
2.01971e-12
-1.75702e-13
1.18409e-05
-4.03785e-12
1.93048e-12
1.49458e-13
1.70833e-13
3.08976e-13
-1.48157e-12
4.38309e-11
1.42773e-05
-0.000732705
-9.28274e-05
3.38093e-05
1.30186e-13
2.07209e-13
2.00206e-06
9.62627e-07
-1.90212e-10
1.93796e-10
-1.48571e-07
-1.88299e-07
1.44099e-08
-0.00480031
-0.00362699
0.130745
0.0889311
-2.38424e-10
-8.54881e-11
9.59413e-06
1.21715e-05
1.34905e-05
-4.6247e-09
-1.24464e-09
2.19841e-05
1.80327e-05
2.70506e-05
1.08095e-05
-5.44349e-12
4.84505e-05
1.01731
1.01285
1.01849
1.01023
1.01394
1.00929
1.01168
1.00913
1.01113
1.00917
1.01113
1.00899
1.01107
1.00892
1.01094
1.00895
1.01089
1.00889
1.01085
1.00884
1.01078
1.00892
1.01076
1.00895
1.01085
1.00894
1.01095
1.00883
1.01083
1.00884
1.01065
1.00886
1.01075
1.00909
1.01081
1.0092
1.011
1.00931
1.01085
1.00938
1.0107
1.00971
1.01071
7.72933e-05
6.84152e-05
0.00544779
-8.122e-08
1.19463e-06
1.08109e-06
2.27543e-06
2.40186e-06
1.72419e-08
-1.15431e-07
-4.8472e-09
-2.37605e-09
-0.0133377
1.35348e-05
-5.50968e-11
1.48893e-13
3.86367e-06
1.62802e-05
4.64823e-11
4.41879e-10
3.88441e-10
2.9212e-05
-1.95174e-08
1.00201
0.961948
0.985746
0.88961
0.927445
0.789837
0.837407
0.66921
0.724381
0.545252
0.598138
0.425714
0.475558
0.316598
0.360753
0.228672
0.262669
0.160266
0.18684
0.10596
0.125633
0.0680555
0.081298
0.042513
0.0514818
0.0258977
0.0317117
0.0155546
0.0191315
0.00905874
0.0113005
0.00513316
0.00641978
0.00285314
0.00359216
0.00152723
0.00196333
0.000796253
0.0010254
0.000431547
0.000553426
0.000220915
0.000289687
0.000108345
0.000141967
2.03408e-07
1.0674e-08
0.346979
0.623501
0.835072
0.88307
0.686277
3.02719e-11
2.91916e-11
9.55646e-12
3.45497e-11
1.53881e-10
-6.96353e-11
0.267672
-9.74213e-11
1.65751e-10
0.000109481
1.02354e-09
-5.15742e-09
-1.45485e-10
6.45498e-05
0.000121093
1.64701e-09
2.25159e-08
5.67345e-05
1.0087
-0.00914164
-0.0104158
-0.00982842
-2.91447e-08
-1.03934e-10
2.08985e-13
6.91503e-13
4.21267e-13
-4.98454e-11
-6.29014e-11
0.477913
2.40809e-06
1.48085e-06
-2.14907e-07
4.22007e-06
3.46049e-06
3.52229e-05
-0.00661717
5.15085e-05
3.16093e-05
2.56942e-05
-3.20286e-12
1.81272e-12
6.30762e-12
1.09643e-12
0.066563
7.83139e-06
-5.51216e-12
-1.22443e-10
1.2773e-07
4.20567e-08
-3.64539e-08
1.00736
6.06949e-14
-3.40545e-12
2.81185e-13
2.82863e-13
1.01152
1.02321
1.01965
1.18574e-06
1.68828e-06
4.58899e-06
-2.09285e-09
-1.27645e-09
3.49936e-07
2.62001e-06
-2.15708e-07
-2.86982e-07
3.33101e-07
0.22033
0.17417
-9.27272e-12
-1.21148e-11
-5.46641e-12
-6.9873e-10
-4.38593e-10
2.13691e-05
7.12441e-10
6.1782e-10
1.01097
-0.00553776
-0.0024142
5.92516e-05
3.55485e-05
4.37162e-05
0.980139
0.953563
1.01466
0.0376865
1.01176
1.01364
1.01051
1.01093
1.01031
1.01004
1.01024
1.00984
1.01004
1.00987
1.01002
1.00955
1.00994
1.00943
1.00996
1.00968
1.00987
1.00957
1.01
1.00948
1.01008
1.00963
1.01008
1.00965
1.00988
1.00953
1.00995
1.00952
1.01008
1.00953
1.01023
1.0093
1.01045
1.00936
1.01062
1.00874
1.01037
1.0057
1.00751
-5.17862e-11
-3.89478e-08
2.70154e-05
6.71755e-13
9.09426e-13
3.7994e-13
0.437477
-1.30272e-10
-1.6584e-10
4.56357e-06
4.11228e-05
-1.024e-08
-2.84631e-08
-7.41716e-09
1.82986e-05
0.805343
0.879
0.561236
3.12792e-05
1.45266e-05
3.04257e-05
1.13182e-05
-7.74205e-06
4.58195e-05
-7.58457e-12
0.974931
0.993658
7.1622e-05
0.911454
0.944503
0.82104
0.864179
0.706223
0.758313
0.581812
0.634876
0.461174
0.511047
0.349418
0.393936
0.255
0.291521
0.179745
0.207397
0.120577
0.14187
0.0772501
0.0921859
0.0490309
0.0588314
0.0305922
0.0370494
0.0184885
0.0225219
0.0109273
0.0134994
0.00614393
0.00767099
0.00343249
0.00429473
0.00188578
0.00238863
0.00100736
0.00129048
0.000544219
0.000694322
0.000283778
0.000373557
0.000131682
0.000175345
1.05464e-06
3.23138e-06
6.49686e-07
-0.0141323
-5.33925e-11
-9.37552e-13
1.22737e-09
2.26072e-05
3.28735e-05
4.3378e-10
1.01738
1.21652e-09
1.01959e-09
3.06659e-12
2.22768e-12
-0.000213462
1.06365e-08
-2.45614e-07
0.00210147
0.127471
-2.62676e-08
6.4437e-08
-0.0106713
-0.0116646
-3.18044e-09
-2.26317e-09
6.63096e-05
5.5168e-05
0.339112
0.532931
0.286537
6.07439e-06
-0.000512115
-0.00168138
-0.000256771
0.906782
-9.59829e-10
-2.5705e-07
-8.45324e-09
3.94504e-11
5.9969e-05
-1.55223e-10
4.52111e-10
4.2209e-07
2.75082e-07
-2.77685e-11
-2.19647e-11
1.01778
1.01781
3.9254e-05
-3.32929e-13
-8.12974e-12
-0.0073953
7.49208e-05
5.92177e-05
8.20003e-05
1.04405e-05
3.61821e-05
-4.30212e-07
-3.94832e-07
0.980201
0.924685
4.75405e-06
7.3733e-06
2.6139e-11
-1.50909e-12
1.05883e-11
-1.57152e-10
-2.57511e-10
4.44823e-05
-0.000113108
-1.22138e-06
-0.00656103
-0.00991934
8.89461e-05
-6.98462e-10
-2.21354e-10
0.0894221
-2.33808e-08
-1.08031e-08
1.00198
1.00084
0.995706
1.00044
0.995031
1.00051
0.994726
1.00023
0.99455
1.00004
0.994224
0.999936
0.99408
1.00022
0.994249
1.00011
0.994472
1.00045
0.994597
1.00036
0.994492
1.00038
0.994598
1.00043
0.994482
1.0007
0.995027
1.00129
0.995279
1.00115
0.994284
1.00046
0.992995
0.99842
0.984303
0.990159
3.08876e-08
-2.99176e-09
-0.00850003
3.66467e-10
2.51341e-10
1.1025e-06
1.13504e-06
6.60361e-05
1.00253
0.000137008
3.20477e-06
2.39974e-06
0.930581
0.957511
1.01705
-0.00682684
-0.00343498
1.0122
0.84736
0.885474
0.737785
0.78601
0.617759
0.668807
0.494289
0.543121
0.380265
0.425043
0.280298
0.318265
0.198378
0.227945
0.133683
0.156305
0.0872215
0.103228
0.0561009
0.066886
0.0352762
0.0423923
0.0214833
0.0261004
0.0127547
0.0156194
0.00721021
0.00895007
0.00406479
0.00505781
0.00227382
0.00285392
0.00124237
0.00158049
0.000681096
0.000870134
0.000356175
0.000461585
7.99533e-05
0.000108331
0.000166199
-2.162e-11
-2.53074e-11
-1.99666e-10
0.0238718
0.991766
2.97226e-12
2.50636e-12
0.0015691
1.49642e-08
-8.42986e-09
0.762534
-2.57093e-08
-4.8933e-07
5.24203e-12
-7.90409e-10
0.983613
1.15766e-05
1.00382
-3.12436e-09
-2.4547e-09
1.52036e-07
5.37153e-06
4.63367e-13
0.000186976
-1.4691e-10
-4.15434e-11
9.735e-10
0.987448
-0.00105214
-0.00266561
-0.000723879
-4.88833e-11
0.696429
0.451908
5.49514e-06
1.46174e-05
0.998165
0.00725365
2.84103e-06
2.48255e-05
1.94065e-05
2.47035e-05
6.39239e-07
4.53558e-07
1.22897e-09
8.87411e-10
-1.88293e-11
-6.16351e-11
-1.80246e-09
-1.57203e-09
0.999041
6.46885e-05
0.000128679
0.929158
0.90979
0.00016739
1.79875e-06
1.28246e-06
-1.33423e-07
2.95603e-06
1.08657e-09
1.43948e-09
-9.33449e-09
4.19591e-09
0.812312
1.02186e-05
7.08161e-06
8.15185e-12
-5.25565e-11
-2.7235e-10
-0.000473364
-0.00471752
-0.00646438
1.96473e-09
1.65964e-09
-0.00158725
-0.00119895
0.375482
0.196223
0.807755
-7.09123e-09
-7.77741e-09
-6.31176e-09
0.728287
5.88942e-12
0.0520204
0.144161
0.0277953
0.969929
-0.00402402
-0.00336621
2.46326e-05
2.74808e-05
7.41431e-05
0.970887
0.970648
0.958321
0.970611
0.958574
0.970056
0.957943
0.969699
0.956966
0.969522
0.957086
0.969946
0.957136
0.970429
0.957823
0.970552
0.958254
0.970631
0.957952
0.970592
0.957942
0.971579
0.958789
0.973344
0.960006
0.972601
0.960292
0.970771
0.957439
0.96607
0.943503
0.951814
-6.5477e-11
-5.6343e-11
9.39452e-08
2.32054e-08
9.05527e-06
1.03515e-05
1.24999e-05
4.42396e-13
0.000110702
0.973853
0.959732
0.000221836
5.79699e-06
0.000116884
5.70549e-12
0.86561
0.901472
0.762425
0.806469
0.648955
0.697604
0.52348
0.572887
0.406453
0.451533
0.304445
0.343801
0.215784
0.247662
0.146099
0.169906
0.097312
0.114218
0.063193
0.0747484
0.040115
0.0477184
0.0246563
0.0297534
0.0145146
0.017666
0.00831396
0.010248
0.00474964
0.00586476
0.00268135
0.00332447
0.00151743
0.0018965
0.000873937
0.00110706
1.2284e-05
9.83268e-06
4.4733e-06
0.000248368
-0.00031807
-9.32664e-05
-6.10873e-10
-2.54306e-10
0.972068
0.961096
0.000277898
7.69737e-10
1.9276e-10
-5.37696e-10
-1.80668e-09
-1.80319e-08
0.0860534
-0.00675519
-1.06862e-10
0.959384
-0.00191604
0.943109
0.943474
0.875424
0.831483
2.05718e-07
-3.19695e-12
-5.99911e-12
-2.49438e-11
1.88823e-09
0.0563674
0.0139023
4.43239e-07
-4.49999e-05
8.38058e-06
5.49352e-09
0.000317152
0.575873
5.72469e-05
-4.26328e-10
5.24404e-10
3.41654e-10
-7.64921e-07
-3.49887e-07
2.70155e-09
-1.23267e-10
-3.99914e-10
2.09748e-06
1.57826e-06
0.000203452
0.000302912
1.0198e-09
-1.41963e-08
1.71752e-05
0.000461061
9.40896e-06
5.45934e-06
-2.10009e-10
6.73378e-06
1.99311e-05
1.40746e-05
6.59569e-05
2.73351e-09
2.09153e-09
6.95631e-07
5.24724e-07
-0.00155512
-0.000715053
-2.59612e-11
1.9885e-09
3.31164e-09
-1.19545e-07
-8.92542e-07
-0.003769
-0.00344714
-3.29462e-10
0.000129936
0.000151284
0.000242357
0.919856
0.919415
0.896621
0.918716
0.896586
0.917449
0.895357
0.917286
0.894548
0.917827
0.894738
0.917922
0.89502
0.919117
0.895733
0.918729
0.895917
0.918491
0.895547
0.920082
0.896413
0.921977
0.89939
0.92458
0.902421
0.922484
0.900964
0.913873
0.880972
0.893195
1.03472e-08
1.7595e-05
2.1692e-05
1.72139e-05
0.888367
0.269168
0.211777
1.42494e-07
4.49615e-08
0.000478089
0.912735
0.8763
-2.87873e-10
-2.92518e-10
2.92937e-09
1.58665e-09
0.512451
-1.28055e-10
-1.60542e-08
0.78366
0.824317
0.676136
0.722218
0.549213
0.599275
0.43277
0.479475
0.327815
0.369022
0.23335
0.267203
0.159339
0.185266
0.106722
0.124751
0.0700357
0.0826321
0.0446
0.053077
0.0274098
0.0330564
0.0161439
0.0195993
0.00944543
0.0115497
0.00542226
0.00668279
0.00308541
0.00380613
0.00180089
0.00221575
-1.93273e-10
-8.56469e-11
-1.87148e-10
-6.43397e-11
0.918959
0.892341
7.84869e-11
1.64251e-10
6.19662e-09
2.66571e-08
2.83961e-09
-0.00260494
2.0336e-07
-0.00323247
0.000259709
0.000635514
0.919659
0.897681
0.897066
0.298614
2.1371e-09
-1.17982e-07
0.000155859
-1.48031e-10
0.613947
-0.00276197
-0.00191462
0.000704112
6.80482e-10
4.87623e-09
0.0044228
-3.35342e-05
0.232117
0.109336
4.45809e-06
-0.00475291
5.46501e-07
7.44792e-06
0.00107522
1.8528e-06
1.50311e-06
0.000444898
0.000583289
5.19724e-09
3.81655e-09
0.81419
0.783002
3.26593e-05
0.000128758
0.000298086
-1.93194e-09
-2.46829e-09
-2.49596e-08
-2.79635e-08
1.72641e-09
5.70301e-07
4.52837e-07
-0.000196055
-0.000526977
-0.000124964
8.10253e-09
5.2272e-09
-1.57295e-05
4.62068e-07
3.69934e-05
3.08222e-05
-2.20693e-09
1.47301e-07
5.51201e-08
5.45285e-09
0.840245
0.83886
0.811333
0.83913
0.810538
0.839202
0.811589
0.838777
0.811539
0.83925
0.811265
0.83987
0.81134
0.838318
0.810948
0.839628
0.809855
0.840069
0.811439
0.844286
0.813247
0.848606
0.819052
0.85697
0.827892
0.839839
0.800397
0.819012
3.48775e-05
4.0705e-05
0.000144205
3.93053e-09
4.6e-09
6.22874e-09
-3.39404e-07
0.000376648
0.00044226
0.000533841
7.56488e-09
5.57612e-09
-2.25859e-10
3.51103e-06
3.35044e-06
0.512306
-1.27113e-06
-1.53302e-06
3.16139e-07
0.803499
0.699373
0.743087
0.575587
0.626386
0.461848
0.510754
0.353613
0.397532
0.253193
0.290599
0.173579
0.203092
0.116586
0.136779
0.0779443
0.0920445
0.0494617
0.0591972
0.0304305
0.036633
0.0180987
0.0221915
0.0104167
0.0128071
0.00623337
0.00765907
0.00354638
0.00441088
0.583678
0.00175673
-0.000981639
0.830086
0.787124
1.38477e-08
9.66038e-09
1.31585e-08
0.838662
0.805182
3.28135e-06
0.000666318
3.76109e-05
-0.00164737
-0.000871525
0.0760368
0.0267466
1.0422e-08
1.43707e-08
1.91389e-08
1.09372e-08
0.00130929
0.00135912
5.88363e-05
1.53207e-05
0.0154917
6.60566e-05
5.41602e-05
0.00202057
1.63886e-07
-7.77441e-05
-4.13209e-08
-9.75455e-09
0.000494579
0.000796777
9.80348e-07
9.31046e-07
0.000871811
-8.89788e-09
-9.05222e-09
0.490066
0.302923
0.811447
0.840522
0.725533
0.738883
0.542943
0.00848967
2.9306e-07
2.9006e-07
-0.000293156
-0.000680311
-0.000210007
0.00405371
-0.000461044
1.02387e-08
5.2755e-09
-4.32988e-08
-3.80997e-07
1.09345e-08
1.0118e-09
-4.73843e-07
4.88708e-07
0.746931
0.746547
0.712678
0.74698
0.712727
0.747367
0.713856
0.746195
0.713591
0.746488
0.713342
0.746257
0.71365
0.746851
0.712863
0.746794
0.71255
0.751841
0.715671
0.760462
0.728171
0.00076751
0.000919173
0.00104237
-5.16975e-05
-1.41923e-05
1.29804e-07
6.77364e-05
-4.69753e-08
0.0409986
0.0275142
0.604161
0.49837
0.550519
0.385878
0.43544
0.276536
0.320281
0.192794
0.225555
0.131317
0.15456
0.0879
0.104022
0.0557903
0.0672534
0.0340742
0.0413768
0.0206135
0.0252953
0.0120064
0.0148751
0.0072737
0.00897363
0.00420782
0.00528886
-2.44872e-08
-2.42374e-08
0.686505
3.61716e-08
5.34667e-08
0.129041
0.810843
0.71297
0.746036
0.00244321
1.65862e-05
3.14173e-05
0.00130984
0.00010262
-7.64305e-06
0.00010058
8.59756e-05
3.41898e-08
0.242406
-0.00143627
-0.00154329
-7.31513e-08
-8.30734e-08
-6.1346e-08
2.68447e-06
0.0198019
0.0640293
0.0490967
0.0012007
0.00155607
0.655764
-2.81309e-07
1.61652e-07
8.12292e-08
0.0960855
0.720359
0.00027636
0.000322619
0.000589409
-1.27123e-07
3.11144e-09
0.728623
0.669436
0.584483
0.594836
-6.69246e-09
-0.000354183
-2.0253e-06
2.29073e-06
3.91759e-08
-5.71519e-08
-5.62657e-08
-8.23674e-07
-2.52356e-06
0.00234654
0.00149027
0.00315305
0.712512
0.745668
0.000122693
0.000102336
-0.000264251
-0.000113562
-5.15671e-06
-2.59555e-06
0.741484
0.701271
0.00164087
0.000118003
0.640372
0.640699
0.602612
0.640053
0.601733
0.640974
0.602333
0.642047
0.603378
0.640729
0.603765
0.638856
0.601156
0.6397
0.598053
0.655542
0.625577
0.605545
0.764063
-2.84499e-05
-7.88445e-05
-1.78928e-05
-1.15789e-07
-1.16927e-07
3.74569e-08
6.97582e-08
2.72914e-08
0.0131326
0.00334633
0.147458
0.122344
0.550923
0.640148
-2.0094e-07
0.430129
0.310538
0.361645
0.21901
0.256318
0.150298
0.177214
0.100703
0.119398
0.0639853
0.0771759
0.0392622
0.0478531
0.024109
0.029531
0.014292
0.0177876
0.00883927
0.010915
0.00499256
0.00610479
-0.000887938
-0.000723127
7.7903e-06
3.38999e-05
0.638454
0.601386
0.600892
0.000237128
0.000207476
3.76385e-08
0.000181082
0.710427
-7.16759e-07
0.32233
0.0322135
-0.00148477
0.495533
-1.65722e-07
-8.98086e-07
-1.90155e-06
-1.02268e-06
0.00214391
-2.23057e-07
0.601497
0.639791
0.275554
-0.000373115
0.000982445
0.00142867
-3.57626e-07
0.00338489
0.55314
-0.000712305
-0.000640506
0.0997487
0.0786477
6.09117e-05
0.0023515
0.00275124
0.442814
0.437089
0.284639
-2.62099e-06
7.23773e-06
0.000244641
0.000203975
-6.44553e-07
0.612322
0.536379
-2.94539e-07
-3.03507e-07
0.63391
0.599122
0.583811
0.528229
0.529311
0.530357
0.494541
0.531063
0.495856
0.531548
0.496596
0.529684
0.496085
0.523181
0.489766
0.356058
0.000208957
-1.34502e-07
6.6901e-05
0.00011752
-0.000538668
0.00135258
-0.000818102
-1.75214e-06
0.193046
-5.72221e-07
0.000597881
0.000671313
0.00115298
-2.17202e-06
-3.16234e-06
-3.04139e-06
-0.000298014
-0.000138077
-1.05222e-06
-1.87637e-06
-1.02486e-06
0.00370782
0.00575014
0.472167
0.251965
0.290978
0.173874
0.204502
0.116498
0.1388
0.0737087
0.0892468
0.0460568
0.0563755
0.0282937
0.0345148
0.017478
0.0214403
0.0111485
0.00772925
0.0139979
-1.98367e-07
-1.00412e-05
-6.58989e-06
-1.51157e-07
0.0231386
0.00796521
0.00254665
0.0021475
0.00368666
0.528972
0.4934
2.76234e-08
-2.61651e-07
0.1763
0.494574
0.403609
0.518572
0.035327
1.95543e-05
0.000426051
-4.02834e-05
-0.000100089
-2.79632e-05
-0.000289576
-1.63852e-06
-3.34538e-06
-0.000355632
-0.000286019
0.297887
-5.25855e-07
0.491554
0.526881
0.298497
0.106402
0.224719
0.0727994
-4.71066e-07
-5.67754e-07
-1.89802e-06
0.000321924
0.000495696
0.430378
0.000525036
0.000471191
0.476824
0.490521
0.526162
-1.36012e-06
0.429338
0.42903
0.394783
0.429989
0.396259
0.422555
0.378481
0.393897
0.0259986
0.000130294
0.277948
0.317743
1.98547e-05
4.49087e-05
0.00114252
0.00101583
0.000995159
0.00478115
0.00030253
0.428436
0.420566
0.199966
0.232882
0.136323
0.161851
0.0867694
0.105207
0.0552031
0.0672864
0.033726
0.0413623
0.0203402
0.024408
-1.29651e-05
0.428004
0.394896
0.422387
0.0347064
-8.60347e-06
-4.61229e-05
-3.26063e-05
0.000393853
0.497857
0.00765936
0.487019
0.520718
-2.23843e-06
0.000222141
0.000369703
0.39444
0.00209175
0.0150506
0.00261438
0.00282847
0.00179477
-0.000137901
-0.000247456
-0.000105043
0.342186
0.237731
0.00182713
-8.99859e-06
0.0879794
0.18069
0.0635199
0.0047445
-1.17402e-06
0.00120057
0.0013803
0.00218102
0.42663
-2.95399e-06
-8.84727e-06
0.394179
0.390467
0.386643
0.419357
-5.67538e-06
0.010948
-2.53735e-06
0.000888285
0.00234739
-1.29398e-05
0.000102732
-0.000122411
0.471199
0.0104403
0.33329
-4.99156e-06
0.336535
0.304307
0.339588
0.303716
0.312517
0.00456102
0.00410888
4.6853e-05
0.00257821
0.00417932
0.00231377
0.00770793
-3.13239e-06
-3.82442e-06
0.15997
0.102989
0.125421
0.0663059
0.0812012
0.0405886
0.0506911
0.0234608
0.0304539
0.332663
-2.07547e-05
0.028157
0.0154
-3.2415e-05
0.335489
0.304859
0.228801
0.188972
0.26317
-3.66243e-06
0.0117878
-6.36934e-06
-1.13966e-05
-7.58855e-06
0.00507023
0.00346471
0.00752283
0.305244
0.335745
0.000585787
0.00103071
-5.17368e-06
9.77624e-05
0.000247376
-1.81668e-05
0.0677681
6.71618e-07
0.307111
0.324163
0.00736872
0.00147859
-4.44572e-05
0.394605
0.330424
-2.99755e-05
0.0440008
0.330646
0.0164375
0.00426982
0.00843921
0.301928
0.297411
-0.000158555
-0.000109482
-5.13357e-05
0.254352
0.012213
0.00558537
0.247609
0.411
0.264288
0.000939425
0.000208243
-1.59935e-06
-3.28402e-05
0.0102015
0.185833
0.128738
0.00416658
-8.89165e-05
0.0822154
0.0510577
0.0633565
0.0307662
0.0388384
0.242833
0.365363
0.0406336
1.11696e-05
9.96577e-06
0.000102953
0.379755
0.0168886
0.00753272
0.257239
0.231523
0.0217622
1.07407e-05
0.0159843
0.223703
0.254239
0.00193087
0.00493915
0.229144
0.00404016
0.000409168
0.000676069
0.00667225
0.00918078
0.00597068
-4.78589e-05
7.72483e-05
5.06562e-05
0.0147819
0.264164
0.286128
0.249077
0.309348
0.100136
0.12397
0.158098
0.107988
0.189563
0.219983
0.208938
0.228894
0.278759
0.0221899
0.00568587
0.0024527
0.0134902
0.0173912
0.231457
0.22604
0.257346
0.152157
0.183564
0.00851368
0.011648
4.03605e-05
0.0123366
0.187768
0.177441
0.109131
0.015721
0.233019
0.102845
0.000211865
0.000247509
0.000465167
0.0280535
0.0640038
0.0786924
0.154718
0.123522
0.181713
0.0219013
0.0393638
0.0276098
0.0491254
0.000216486
0.189923
0.165856
0.000656264
0.00183033
0.000497538
0.0087953
0.0155593
0.00112356
0.00228632
0.0761578
0.165541
0.0175849
0.0250805
0.193896
0.171114
0.00870911
0.000440461
0.000314912
0.177357
0.174007
0.150675
0.159737
0.0259158
0.0811789
0.135447
0.060588
0.0299897
0.078379
0.00647696
0.00330867
0.0510657
0.0406279
0.0658335
0.133067
0.121803
0.0951441
0.143231
0.116695
0.124368
0.11193
0.103582
0.142889
0.00424398
0.0100063
0.00100215
0.129675
0.12222
0.000798154
0.00131377
0.000500937
0.000617259
0.000927383
0.0013124
0.0236365
0.0190507
0.0102917
0.0972001
0.0906216
0.0616819
0.00159814
0.00258506
0.027008
0.00394893
0.00745384
0.003042
0.0997149
0.00123737
0.00217756
0.00474465
0.0671347
0.0778344
0.0895955
0.0743221
0.0586317
0.0399517
0.0853881
0.0387642
0.0166897
0.07153
0.0382165
0.00153435
0.00183588
0.00238143
0.0268418
0.012295
0.0475637
0.0461244
0.0183662
0.0043062
0.00832606
0.00335296
0.0366863
0.0650123
0.0281089
0.00367088
0.00816593
0.0287651
0.0647896
)
;

boundaryField
{
    frontAndBack
    {
        type            empty;
    }
    hot
    {
        type            fixedValue;
        value           uniform 1;
    }
    cold
    {
        type            fixedValue;
        value           uniform 0;
    }
    defaultFaces
    {
        type            zeroGradient;
    }
}


// ************************************************************************* //
