/*--------------------------------*- C++ -*----------------------------------*\
  =========                 |
  \\      /  F ield         | OpenFOAM: The Open Source CFD Toolbox
   \\    /   O peration     | Website:  https://openfoam.org
    \\  /    A nd           | Version:  7
     \\/     M anipulation  |
\*---------------------------------------------------------------------------*/
FoamFile
{
    version     2.0;
    format      ascii;
    class       volScalarField;
    location    "0.65";
    object      T;
}
// * * * * * * * * * * * * * * * * * * * * * * * * * * * * * * * * * * * * * //

dimensions      [0 0 0 1 0 0 0];

internalField   nonuniform List<scalar> 
5936
(
0.509388
0.913124
0.999003
0.982342
1.00586
1.01594
1.00206
1.00701
1.00021
1.00101
0.999887
0.999757
0.99995
0.999843
0.999998
0.999979
1
1
0.999999
0.999998
0.999999
0.999996
0.999999
0.999998
1
1
1
1
1
1
1
1
1
1
1
1
1
1
1
1
1
1
1
1
1
1
1
1
1
1
1
1
1
1
1
1
1
1
1
1
1
1
1
1
1
1
1
1
1
1
1
1
1
1
1
1
1
1
1
1
1
1
1
1
1
1
1
1
1
1
1
1
1
1
1
1
1
1
1
0.116255
-0.00308433
-0.000220626
4.08817e-05
-3.12605e-07
4.17005e-07
-4.24523e-09
-1.40024e-08
2.9043e-09
-9.12127e-12
-6.915e-11
1.12313e-11
-2.96007e-13
-2.18296e-13
6.23193e-14
8.91064e-15
-1.61703e-15
-3.02007e-16
3.93193e-18
3.04663e-18
2.88749e-19
-1.00348e-21
-1.94137e-21
-1.48805e-22
3.43181e-39
-1.01479e-23
2.06491e-22
3.10167e-20
3.69557e-19
8.71375e-18
-5.88147e-18
2.26483e-15
9.13937e-15
-3.05249e-13
-2.61949e-12
-6.90141e-12
-3.33526e-11
-1.96176e-10
1.68825e-09
2.14869e-08
2.67936e-09
7.49567e-08
-6.25963e-07
1.31984e-06
-4.54185e-06
1.55304e-05
-2.54017e-05
5.09875e-05
0.000178489
0.000345039
1
1
1
1
1
1
1
1
1
1
1
1
1
1
1
1
0.999998
0.999999
1
0.999999
1
1
1
1.00001
0.999975
0.999986
0.999988
0.99998
1.00005
1.00003
1.00005
1.00006
0.999976
1.00002
0.999812
0.999884
0.999583
0.999644
0.999865
0.999717
1.00128
1.00077
1.00356
1.00287
1.0044
1.00429
0.999292
1.00106
0.983023
0.988403
0.951451
0.962055
0.901137
0.917358
0.833428
0.854703
0.750064
0.776276
0.656354
0.685145
0.558899
0.58781
0.462166
0.490731
0.370158
0.396891
0.289164
0.312533
0.218296
0.238405
0.161916
0.177772
0.117011
0.129695
0.0819902
0.0917619
0.0568175
0.0638329
0.0381424
0.0433236
0.0249792
0.028567
0.0163415
0.0187159
0.0103254
0.0119725
0.00650157
0.00758936
0.00391578
0.00467738
0.0024011
0.0029069
0.00146537
0.00178932
0.000741138
0.000436067
0.000927942
-1.12329e-23
0.000255228
0.0134562
-0.00159039
6.86186e-05
7.16028e-06
1.01475e-07
1.83362e-07
-3.61385e-08
7.30955e-10
1.14035e-09
-1.83646e-10
1.64522e-12
3.921e-12
-6.8493e-13
2.41211e-14
3.43595e-14
-4.84029e-16
-9.02354e-16
-5.31537e-17
6.76605e-18
1.06349e-18
4.79702e-20
-4.18556e-21
-6.24973e-22
-0.000922382
-2.62075e-23
0.000336845
-1.84238e-22
2.26612e-22
-1.19839e-19
-3.164e-18
6.22424e-18
-3.95588e-16
-8.10101e-15
5.43804e-14
8.95839e-13
5.65853e-12
1.01882e-11
1.11377e-10
-2.22542e-10
-5.62069e-09
-4.09145e-08
8.3318e-08
-4.96494e-07
3.03072e-06
-6.91533e-06
4.57045e-06
-8.82986e-06
-4.95476e-06
0.000149249
0.000131136
0.0664675
1.98392e-06
0.457247
0.0001441
3.03963e-05
6.547e-07
5.36412e-07
-9.96501e-08
7.00923e-10
3.44848e-09
-4.91145e-10
-5.78386e-12
1.19681e-11
-1.95224e-12
8.42429e-14
1.09974e-13
-7.99252e-16
-2.92408e-15
-2.14921e-16
2.28917e-17
3.8287e-18
2.02935e-19
-1.35184e-20
-2.32033e-21
-1.09669e-22
4.22496e-22
-1.29981e-19
-2.74646e-18
3.16608e-18
-4.35022e-16
-8.6687e-15
3.47721e-14
5.60725e-13
2.85951e-12
9.98553e-13
1.31893e-10
-1.46776e-10
-4.44872e-09
-3.59873e-08
9.22792e-08
-5.39732e-07
3.10632e-06
-7.42051e-06
5.67664e-06
-1.05481e-05
7.05255e-07
0.000184018
-1.88143e-22
1.14992e-06
4.3482e-09
-4.18411e-08
7.51985e-09
1.23693e-10
-2.1428e-10
2.85976e-11
-3.45088e-13
-6.41378e-13
1.9591e-13
3.02142e-14
-5.24782e-15
-1.09982e-15
2.89458e-18
1.11213e-17
1.07763e-18
6.0659e-21
-6.81191e-21
-5.71586e-22
3.20619e-20
2.79759e-19
8.87835e-18
3.55829e-18
2.3548e-15
1.41226e-14
-2.24667e-13
-1.56294e-12
-9.74791e-13
-2.92124e-11
-2.6703e-10
1.64249e-09
1.76949e-08
-1.16881e-09
4.83234e-08
-4.1402e-07
1.02072e-06
-4.9306e-06
1.54417e-05
-2.73249e-05
7.3608e-05
0.0002321
-0.0055644
-0.00532448
4.69028e-22
0.596807
-0.00118086
0.957427
1.0026
0.985737
1.00456
1.0082
1.00136
1.00401
0.999967
1.00053
0.999869
0.999794
0.999989
0.999958
1.00002
1.00005
1.00001
1.00003
1
1.00001
0.999998
0.999998
0.999999
0.999998
1
1
1
1
1
1
1
1
1
1
1
1
1
1
1
1
1
1
1
1
1
1
1
1
1
1
1
1
1
1
1
1
1
1
1
1
1
1
1
1
1
1
1
1
1
1
1
1
1
1
1
1
1
1
1
1
1
1
1
1
1
1
1
1
1
1
1
1
1
1
1
1.10211e-21
0.00151943
6.23972e-05
0.260823
-5.70127e-06
5.20663e-08
2.91981e-07
-5.97932e-08
1.72566e-09
1.46663e-09
-2.63433e-10
1.24064e-11
4.27691e-12
-1.31027e-12
4.39841e-15
5.5794e-14
2.77352e-15
-9.65031e-16
-1.19191e-16
-1.00248e-18
1.00679e-18
9.46102e-20
1.2083e-21
-4.35153e-22
3.17725e-20
-0.00316853
-0.00458952
-0.0032785
-3.36451e-23
0.00052254
0.000827339
-3.68933e-06
-8.98207e-06
-1.32071e-06
0.532986
1.80208e-19
1.42159e-17
-3.12325e-17
2.69549e-15
2.83237e-14
-2.57078e-13
-2.08289e-12
-1.80765e-12
-3.17814e-11
-4.73944e-10
2.12016e-09
2.32804e-08
2.5794e-08
-3.67614e-08
5.37583e-08
-9.03959e-07
-3.39777e-06
1.9213e-05
-3.67285e-05
0.000152838
0.00032736
0.000566335
0.0517236
0.189634
0.0225263
-9.55505e-05
-0.000690296
4.39732e-05
1.58815e-05
-6.93593e-06
1
1
1
1
1
1
1
1
1
1
1
1
1
1
0.999999
0.999999
1
0.999999
1
1
1
1.00001
0.99998
0.999987
0.999995
0.999981
1.00005
1.00003
1.00004
1.00006
0.999988
1.00003
0.999837
0.999911
0.999602
0.999609
0.999877
0.999582
1.00132
1.00059
1.00355
1.00286
1.00417
1.00473
0.998642
1.00256
0.982254
0.991138
0.951452
0.966716
0.902289
0.925495
0.834939
0.86526
0.752464
0.786704
0.660356
0.697995
0.561318
0.600762
0.463985
0.501065
0.373748
0.408291
0.291544
0.321417
0.220967
0.24644
0.16384
0.183837
0.118863
0.134514
0.0839683
0.0961905
0.0581037
0.0668674
0.0391959
0.0454514
0.0258466
0.0302916
0.016761
0.0196573
0.010686
0.0126186
0.00684482
0.00808118
0.00427656
0.00509162
0.00283728
0.00341539
0.780431
-2.83377e-22
0.830481
1.06078e-21
-1.41152e-14
-1.15157e-14
4.15286e-05
3.82414e-21
-1.54458e-22
3.04567e-14
7.6829e-07
-1.9652e-08
-2.11959e-08
4.29508e-09
-1.0892e-10
-8.13516e-11
1.73079e-11
-1.27739e-12
-4.51738e-13
9.40171e-14
1.82573e-14
-9.21497e-16
-4.26442e-16
-2.17188e-17
1.62104e-18
3.66099e-19
1.7499e-20
-8.23237e-22
4.66125e-20
-6.16619e-16
-4.06247e-16
-3.67369e-18
-2.88388e-18
-1.93976e-19
1.44306e-17
-2.25636e-19
-1.03728e-18
3.52935e-15
1.42724e-06
2.13484e-14
7.04981e-13
4.2982e-12
-2.06234e-12
1.75237e-10
6.66125e-11
-5.38932e-09
-6.07228e-08
1.36005e-07
-8.38463e-07
4.89608e-06
-1.22883e-05
1.23828e-05
-2.72061e-05
2.72335e-05
0.000317004
-1.15562e-07
-1.65022e-13
-2.96527e-12
2.85151e-21
1.39517e-11
0.00174913
-8.1698e-12
0.00016737
-4.21985e-05
2.17977e-05
-5.48136e-06
9.9296e-08
-1.82617e-07
3.54294e-09
8.10802e-09
2.55032e-08
2.52184e-09
-5.65649e-10
-3.204e-11
-1.23489e-21
8.17721e-21
3.10387e-19
2.44745e-18
-9.39181e-18
-3.91488e-16
-2.03388e-15
1.20967e-14
1.45316e-13
0.000361957
2.10821e-05
-2.64771e-05
1.19897e-05
-1.29123e-05
5.16474e-06
-8.98844e-07
1.57388e-07
-5.92734e-08
-6.73233e-09
-1.56166e-11
2.16758e-10
-1.05946e-11
2.42651e-12
7.11418e-13
4.40378e-18
-1.34194e-21
6.57702e-20
1.07309e-18
2.77119e-18
-8.39869e-17
-1.14288e-15
-6.67711e-16
5.51839e-14
1.74189e-13
-1.35472e-12
-1.11114e-12
3.54533e-11
-2.41788e-10
3.91775e-10
8.39632e-09
-6.17281e-08
7.19803e-08
2.91493e-14
-4.98141e-10
4.3325e-09
-5.17879e-09
8.47509e-07
2.68271e-19
4.01635e-12
-8.22059e-18
-1.75686e-12
-2.75304e-13
8.05141e-05
-1.68423e-14
0.994132
1.00615
1.00363
1.00319
1.00652
1.00017
1.00137
0.999567
0.999319
0.99981
0.999466
0.999986
0.999885
1.00002
1.00003
1.00001
1.00003
1
1
0.999999
0.999998
0.999999
0.999998
1
1
1
1
1
1
1
1
1
1
1
1
1
1
1
1
1
1
1
1
1
1
1
1
1
1
1
1
1
1
1
1
1
1
1
1
1
1
1
1
1
1
1
1
1
1
1
1
1
1
1
1
1
1
1
1
1
1
1
1
1
1
1
1
1
1
1
-5.29008e-16
2.72762e-11
6.35127e-12
0.00222948
1.00983e-19
-1.02964e-14
-1.76512e-12
8.40362e-07
5.41158e-07
1.65137e-06
-5.1626e-08
-1.60426e-08
4.02594e-09
0.000305132
-3.4973e-10
0.0011907
-4.86272e-11
2.9125e-11
6.71824e-21
2.69838e-12
-2.16343e-12
-2.61292e-12
-3.94771e-12
0.000598024
-5.3614e-14
5.36861e-14
5.78205e-15
-3.62133e-16
-9.15325e-17
-5.80589e-18
3.05222e-19
6.47543e-20
-3.64595e-06
-7.59854e-07
8.33387e-10
-2.01244e-10
-3.28387e-19
1.70045e-19
5.04629e-14
5.33183e-14
3.66095e-15
2.10712e-17
-1.77319e-12
3.46717e-15
4.45503e-15
-2.0707e-14
-2.98644e-18
2.12061e-17
0.000171361
0.000193265
7.48912e-13
-1.40676e-12
-5.59927e-17
-7.64233e-16
3.02537e-12
5.80149e-13
1.4574e-11
-1.48742e-11
-9.14622e-10
2.75384e-09
2.79154e-08
5.68706e-08
-1.89512e-07
9.69712e-07
-4.20953e-06
-3.47671e-07
2.01872e-05
-4.21599e-05
8.52158e-05
0.00031544
2.42582e-07
2.53536e-08
1
1
1
1
1
1
1
1
1
1
1
1
0.999999
0.999999
1
0.999999
1
1
1
1.00001
0.999985
0.999992
0.999993
0.999983
1.00003
1.00002
1.00004
1.00004
1.00002
1.00005
0.999878
0.999956
0.999597
0.999635
0.999761
0.999518
1.00107
1.00036
1.00323
1.00251
1.00415
1.00454
0.999743
1.00337
0.985789
0.99394
0.957553
0.972487
0.911868
0.933627
0.848929
0.877152
0.767127
0.802905
0.675502
0.712514
0.579578
0.618035
0.481502
0.519551
0.388621
0.423231
0.305345
0.335805
0.232656
0.259408
0.1725
0.193465
0.12613
0.142276
0.0900319
0.102831
0.0623986
0.071702
0.0422666
0.0491357
0.0279237
0.0326896
0.0182051
0.021379
0.0115503
0.013677
0.00736316
0.0086223
0.0047128
0.00553085
-2.73157e-10
-5.99756e-10
-1.91509e-10
0.000821721
0.00125872
-4.04133e-18
2.44609e-21
4.32686e-11
1.80561e-11
-0.00209076
6.69605e-21
0.92558
7.76738e-07
0.00239217
3.25893e-21
-1.82848e-12
-6.29993e-13
0.000656892
3.09983e-09
-1.24413e-07
-6.16089e-08
-5.54702e-08
3.8612e-09
1.19495e-11
-3.68903e-13
7.55722e-14
2.18082e-14
5.28899e-16
-2.46646e-16
-2.65968e-17
-4.56181e-19
1.83277e-19
2.93848e-20
0.00947254
0.000945107
-1.09e-05
-1.13249e-05
-3.72532e-11
-2.38528e-11
0.959572
-5.54283e-18
-2.77848e-13
5.0759e-10
5.47785e-10
2.52419e-10
3.43445e-09
3.10228e-10
-7.69763e-09
-8.87973e-08
2.05077e-07
-1.21545e-06
7.13063e-06
-1.86554e-05
2.18916e-05
-5.43551e-05
7.90272e-05
0.0767339
0.0425133
0.00330499
3.56245e-19
8.82879e-07
2.95551e-05
-1.96097e-05
-5.4034e-05
2.50958e-05
-3.74044e-06
-2.76895e-06
6.50654e-07
-1.39183e-07
-3.67142e-19
1.82535e-19
-5.43091e-05
2.19053e-05
-1.99881e-05
-0.00337853
0.000562474
-0.00375685
7.78342e-06
0.684452
-1.35387e-06
2.43927e-07
-8.90753e-08
4.55128e-19
-3.16345e-18
-8.09985e-17
-5.67088e-16
3.38787e-15
6.03477e-14
-1.50983e-09
1.61578e-20
-0.000220651
-0.000990867
0.000205258
5.42081e-18
0.78693
1.25624e-20
9.97785e-14
-2.06888e-17
-2.61825e-16
5.36163e-20
-3.83282e-16
8.03925e-09
1.93657e-14
1.24893e-13
4.63093e-20
-9.14901e-12
-9.06849e-09
6.84517e-13
-3.7661e-17
-3.02942e-13
-1.04298e-09
2.97145e-08
3.25836e-08
0.322933
-1.46602e-11
1.0091
1.00853
1.01706
1.00223
1.00742
0.999796
1.00081
0.999654
0.999394
0.999897
0.999686
1.00001
0.999964
1.00002
1.00003
1.00001
1.00002
0.999999
1
0.999999
0.999998
1
0.999999
1
1
1
1
1
1
1
1
1
1
1
1
1
1
1
1
1
1
1
1
1
1
1
1
1
1
1
1
1
1
1
1
1
1
1
1
1
1
1
1
1
1
1
1
1
1
1
1
1
1
1
1
1
1
1
1
1
1
1
1
1
1
1
-2.37713e-06
1.07714e-20
-1.00789e-08
-5.15024e-18
-1.51597e-09
-1.02368e-17
-6.88109e-08
2.63568e-14
0.00189418
-8.28794e-20
-2.37962e-10
-1.33882e-10
4.34436e-11
-1.94575e-12
9.69467e-06
-4.249e-17
0.000967641
-6.4242e-22
-1.77188e-13
1.89859e-15
3.99014e-14
-5.80424e-09
1.1724e-15
-6.52562e-17
-9.04639e-17
-1.70981e-17
-1.52662e-17
-9.34601e-05
-6.46097e-11
6.12526e-11
3.35793e-09
0.00138894
5.30997e-20
-2.82368e-13
0.000166277
-1.42073e-12
-6.42198e-16
-2.27767e-12
-3.98712e-12
0.873027
1.0665e-07
3.73585e-09
-1.13648e-08
0.211792
-1.04027e-18
-5.6743e-19
-1.25296e-07
7.12827e-08
-5.44787e-19
-5.87144e-19
-8.22259e-20
-4.85902e-07
2.72048e-06
1.07815e-05
-2.66093e-05
3.37766e-05
1.49538e-05
-9.81566e-05
0.000209564
7.49137e-07
2.9103e-17
8.95537e-18
1
1
1
1
1
1
1
1
1
1
0.999999
1
1
0.999999
1
1
1
1.00001
0.99999
0.999996
0.999992
0.999984
1.00002
1.00001
1.00003
1.00003
1.00004
1.00006
0.99992
1
0.999599
0.999671
0.99965
0.999433
1.00076
1.0001
1.00283
1.00204
1.00413
1.00429
1.0011
1.00401
0.989644
0.996894
0.964389
0.978471
0.922322
0.942735
0.863055
0.891159
0.784055
0.820864
0.692888
0.731143
0.598348
0.63827
0.498899
0.539226
0.404903
0.441119
0.320262
0.353458
0.244847
0.273454
0.183121
0.205659
0.134473
0.152337
0.0962782
0.110028
0.0674523
0.0776742
0.0459624
0.0535624
0.0304958
0.035833
0.0199641
0.0235277
0.0126606
0.0151071
0.00792203
0.00940285
0.00482689
0.00563662
3.0523e-10
3.58941e-10
-1.71087e-09
0.000563884
0.000620274
0.00104313
-1.60542e-06
2.47548e-06
-1.06103e-05
-9.12765e-06
5.26045e-15
4.36993e-15
-3.16381e-05
0.000212321
-2.11814e-18
-3.43522e-18
2.96064e-17
6.13782e-09
6.47351e-09
7.98864e-09
1.39511e-07
6.02282e-07
-2.46059e-08
-7.93356e-13
-2.18654e-12
-6.68691e-13
4.36759e-20
-3.93898e-18
0.000386236
0.000200572
9.16594e-07
0.00243569
6.92741e-16
8.99186e-17
0.00378321
-9.20464e-14
-1.84321e-06
3.78366e-11
0.00138479
-4.34897e-17
5.38292e-11
5.40727e-20
-4.74323e-08
-4.94983e-05
1.49986e-14
-1.03844e-07
-5.01449e-17
1.57944e-06
5.05762e-11
1.95806e-11
-3.20943e-08
1.52226e-14
0.00374174
1.45753e-07
3.51079e-14
2.10293e-09
3.09485e-10
-8.35067e-06
-1.99219e-05
-5.91288e-14
-2.93714e-13
0.97501
7.15545e-13
0.658389
-8.63606e-13
-1.15368e-16
-1.02739e-16
1.70262e-09
1.95311e-11
-8.54267e-11
1.72763e-09
0.739487
4.47849e-09
1.97519e-05
1.00093
3.49211e-08
2.8477e-07
0.0211096
-1.03887e-05
6.68319e-06
-4.67038e-10
-5.70137e-10
-5.88913e-10
7.71159e-14
-4.81896e-14
-1.27384e-07
4.9438e-20
-2.29504e-14
8.14392e-14
3.49218e-07
-0.00115442
-0.000199005
2.78492e-12
-1.88777e-12
-0.00506771
-0.00383963
-1.96565e-12
1.24796e-12
4.00756e-08
0.91765
5.83073e-13
-9.23516e-16
3.50257e-05
-2.94174e-05
-4.4431e-07
-8.85759e-06
2.30605e-06
-7.91629e-16
-8.09017e-06
4.37588e-08
1.00927
1.00429
1.00996
1.0005
1.00288
0.999622
0.999815
0.999768
0.999512
0.999959
0.999821
1.00002
1
1.00001
1.00003
1
1.00001
0.999999
0.999999
0.999999
0.999998
1
0.999999
1
1
1
1
1
1
1
1
1
1
1
1
1
1
1
1
1
1
1
1
1
1
1
1
1
1
1
1
1
1
1
1
1
1
1
1
1
1
1
1
1
1
1
1
1
1
1
1
1
1
1
1
1
1
1
1
0.705216
0.00332048
3.11616e-15
1.69261e-10
1.86304e-16
-1.87015e-13
6.53027e-15
0.00188533
0.00311913
3.70993e-07
6.23702e-13
-8.6107e-08
-1.78702e-10
-8.1271e-18
1.70849e-05
-1.85175e-06
6.3206e-09
-1.1468e-07
0.323259
-1.28738e-17
-1.70918e-17
3.96979e-09
2.05134e-05
-6.24884e-13
-5.7217e-13
1.15241e-17
-1.33088e-17
-2.19035e-05
-5.0796e-10
-5.21912e-10
9.26849e-16
6.95518e-16
4.30973e-15
-2.32623e-16
-1.15144e-15
-6.07591e-06
-0.0092957
0.00117501
-1.04265e-18
-2.97003e-18
-8.01602e-18
-2.60315e-18
1.90021e-07
4.75853e-07
1.24341e-05
-1.9582e-05
0.0676589
-1.78939e-07
1.37615e-07
5.18456e-15
-0.00541554
0.000585025
-2.54942e-14
0.0712045
0.0315684
0.109768
-3.66715e-05
1.43043e-05
0.882953
0.720368
5.98247e-06
1.45382e-05
-2.92916e-14
-7.44499e-15
1
1
1
1
1
1
1
1
1
0.999999
0.999999
1
1
1.00001
1.00001
0.999993
0.999999
0.999989
0.999984
1.00001
1
1.00002
1.00002
1.00006
1.00007
0.99996
1.00004
0.99962
0.999731
0.999541
0.999396
1.00042
0.999833
1.00237
1.0015
1.00405
1.00387
1.00244
1.00465
0.993572
1.00003
0.971712
0.984668
0.933545
0.953347
0.878113
0.905841
0.804922
0.840707
0.716224
0.756108
0.620213
0.661336
0.521222
0.563088
0.425918
0.464191
0.339001
0.373733
0.262047
0.292576
0.196743
0.221933
0.144885
0.164695
0.10476
0.119774
0.0738426
0.0853198
0.0505388
0.0590207
0.0340779
0.0401305
0.0223027
0.0265774
0.0141969
0.0171341
0.00888084
0.0108604
0.00498542
5.27704e-05
0.000174644
1.24346e-05
-1.54548e-05
-1.96928e-05
-1.44046e-17
-2.2715e-16
7.03985e-15
7.728e-15
-0.00015552
-1.62692e-05
-1.27281e-08
5.29341e-08
4.46567e-12
5.64655e-06
1.3809e-11
-1.35885e-13
2.00166e-09
-1.74329e-19
-0.000165809
0.00105787
1.02293e-16
-0.0110106
-0.00772794
-2.51861e-14
0.00638632
0.00161271
0.0024084
-9.48688e-07
-1.0022e-06
0.18927
2.77984e-15
-6.33849e-11
1.6586e-11
-2.21275e-06
4.95297e-07
2.64389e-07
-1.32033e-10
1.89343e-10
5.11598e-05
4.79473e-05
5.326e-09
4.38265e-09
-1.49212e-13
1.6621e-05
-1.37103e-05
-4.13039e-05
-2.75722e-13
-3.28547e-13
4.04934e-13
-5.90457e-07
3.23709e-10
2.56185e-10
1.27377e-14
-8.9753e-13
3.12768e-11
-1.67148e-10
-8.6181e-10
1.00726
0.992244
-8.40132e-19
4.55003e-15
-1.80871e-07
-1.20966e-19
-4.8535e-19
-1.92556e-18
0.239597
1.7471e-06
-5.03871e-06
5.50073e-15
-3.44072e-08
-9.40052e-08
-1.42438e-08
1
1
-2.32744e-09
-2.64623e-09
3.91201e-09
-1.74948e-13
1.07605e-06
1.15005e-06
1.21518e-06
-0.000322717
1.1428e-13
1.22241e-13
-1.23946e-13
-1.3398e-12
-1.51686e-12
0.000455962
-0.00301171
-0.00762379
-0.00187655
2.15113e-11
1.75418e-11
-3.0219e-14
3.97152e-17
4.19561e-17
1.90404e-17
1.05936e-08
6.6747e-09
-1.4704e-08
0.000445983
-5.30591e-12
-9.34593e-13
0.926392
0.0011592
-2.50079e-14
-4.54131e-05
1.00652
1.0016
1.0051
0.999788
1.00058
0.99964
0.999493
0.999871
0.999658
1
0.999934
1.00002
1.00003
1.00001
1.00002
1
1
0.999999
0.999998
0.999999
0.999998
1
1
1
1
1
1
1
1
1
1
1
1
1
1
1
1
1
1
1
1
1
1
1
1
1
1
1
1
1
1
1
1
1
1
1
1
1
1
1
1
1
1
1
1
1
1
1
1
1
1
1
1
1
1
1
0.461913
1
-6.69873e-06
-1.77592e-06
-0.000225687
0.00187433
6.13733e-16
5.86057e-05
-3.39311e-14
-1.12763e-12
-1.06491e-15
4.01302e-07
-1.80243e-06
0.441637
2.51948e-15
4.7373e-15
5.0158e-15
-2.72677e-14
-4.73155e-10
-5.04726e-05
-0.000249174
-7.20214e-13
2.81404e-07
1.67378e-13
0.00086759
4.3592e-11
7.19066e-11
5.3815e-11
3.64885e-17
0.000193266
0.000256987
0.480209
1.81789e-16
1.34767e-16
0.980044
1.49831e-15
1.4961e-15
-1.61754e-08
0.145562
3.77908e-11
5.42861e-11
-1.59284e-10
7.02767e-13
-2.43175e-12
0.380168
0.00282473
1.89818e-11
3.78017e-09
-1.78101e-08
1
1.0092
1.01154
1.00152
-2.32911e-07
3.11367e-07
5.43437e-07
-3.932e-05
-5.28712e-05
0.811422
0.898621
0.516607
4.36233e-05
6.2912e-05
2.39658e-09
6.83576e-09
9.29777e-10
1.37001e-05
-3.75151e-05
-1.46746e-13
-1.18938e-13
1
1
1
1
1
0.999999
0.999999
1
0.999999
1
1
0.999996
1
0.999987
0.999986
1
0.999994
1.00002
1.00001
1.00007
1.00007
1
1.00007
0.999685
0.999813
0.999498
0.99944
1.00012
0.999603
1.00182
1.00095
1.00373
1.00326
1.00346
1.00488
0.997228
1.00225
0.979147
0.99028
0.944969
0.96384
0.895177
0.920241
0.82833
0.861388
0.74107
0.781999
0.645852
0.686783
0.548041
0.591004
0.449772
0.491356
0.361342
0.397654
0.282724
0.31549
0.213789
0.240763
0.159127
0.180123
0.115273
0.13199
0.08159
0.0938295
0.0568325
0.0662501
0.0383852
0.045256
0.0257253
0.0304776
0.0167916
0.0202776
0.0106652
0.013177
0.00417466
0.00421635
0.00614955
-4.44178e-16
-1.42682e-15
-2.39577e-15
2.58485e-15
0.000145012
0.000878922
5.41414e-08
-2.35831e-07
1.10596e-05
1.63552e-05
-1.71851e-08
5.51685e-16
-2.20227e-05
-1.43006e-05
1.63196e-11
4.56605e-12
-4.52162e-05
-2.1574e-06
-1.42079e-06
-9.32738e-10
-4.64883e-10
9.7784e-05
3.93584e-11
4.73525e-11
-1.93882e-14
-1.69183e-13
-1.05439e-12
3.41284e-15
0.227186
1.98709e-17
1.4119e-18
6.15441e-08
8.02079e-05
3.26384e-05
1.05717e-06
9.20274e-07
3.70815e-10
-0.00126084
0.0018328
3.80078e-13
1.18632e-12
0.00195191
0.00305003
-4.02753e-13
2.53853e-07
3.60204e-05
1.38475e-09
3.0226e-11
5.36518e-17
3.48497e-18
5.73203e-17
-7.6733e-08
-6.61256e-08
1
-2.89668e-13
9.30191e-14
0.0898452
0.017623
7.26003e-09
4.87003e-09
0.00787445
0.000143364
0.000315526
9.11756e-05
-2.53979e-13
-3.41349e-13
1.50873e-13
1.54559e-13
-2.12877e-13
-0.00493101
-0.00382035
-7.45999e-12
-2.48761e-12
3.68127e-08
-7.32709e-08
-2.2376e-17
2.73375e-17
-4.76664e-16
-1.27369e-05
-4.03901e-06
1.09684e-05
-8.99238e-13
3.24394e-11
-3.29358e-11
-3.89209e-13
4.58226e-16
6.00869e-13
1.00315
1.00032
1.00206
0.999611
0.999788
0.999759
0.999525
0.999949
0.99981
1.00002
0.999991
1.00002
1.00003
1
1.00001
0.999999
1
0.999999
0.999998
1
0.999999
1
1
1
1
1
1
1
1
1
1
1
1
1
1
1
1
1
1
1
1
1
1
1
1
1
1
1
1
1
1
1
1
1
1
1
1
1
1
1
1
1
1
1
1
1
1
1
1
-1.3499e-15
-6.81126e-05
-5.75985e-15
-9.19977e-14
2.09617e-05
0.00576803
-1.99625e-08
-0.000304787
-3.27249e-07
-0.000373861
0.000169748
0.00304895
0.00800101
0.0043969
0.00481941
0.00619176
-3.2394e-16
3.0125e-16
5.23333e-05
5.12856e-07
8.04209e-05
6.29069e-05
-5.09372e-05
7.08417e-05
-4.42523e-19
1
-2.03134e-13
-2.16483e-13
1
1
0.999999
0.999999
1
0.999999
1
1
0.999999
1
0.999988
0.99999
0.999997
0.999992
1.00001
0.999996
1.00007
1.00005
1.00004
1.00009
0.99977
0.999909
0.999489
0.999509
0.999819
0.999464
1.00122
1.00041
1.00329
1.0026
1.00414
1.00472
1.00016
1.004
0.985755
0.9949
0.957188
0.973653
0.911498
0.935277
0.850102
0.880124
0.768795
0.808535
0.673135
0.715761
0.576893
0.618533
0.480011
0.522142
0.387229
0.425255
0.307035
0.339769
0.234131
0.263487
0.174091
0.197471
0.127387
0.145598
0.0903234
0.104338
0.0636309
0.0735704
0.0438857
0.0511555
0.0295732
0.0346558
0.0201552
0.0237974
0.0135227
0.010413
0.0167493
-3.14852e-09
7.2138e-09
8.59246e-07
-8.21855e-07
1.87846e-06
-2.88812e-14
-2.22306e-14
0.00158325
0.00323419
-3.05944e-07
4.29393e-07
-0.00742323
-0.00937783
1.11701e-05
-6.53622e-05
-0.000141075
-0.0003534
-9.74085e-10
5.96825e-09
-3.00961e-06
-1.43182e-06
-1.13594e-18
-1.93158e-19
1.51423e-18
0.800147
2.04469e-12
1.00668
5.6942e-15
5.17009e-15
1
1.00742
1.0082
-4.36293e-10
-1.3105e-10
-0.000136836
-3.5879e-09
1
1.10306e-11
-3.36656e-15
-5.7131e-08
4.54737e-12
3.1841e-12
-6.32171e-05
1
1.01123
4.17671e-11
2.79256e-11
-0.00306924
-6.78723e-10
4.09641e-10
0.000170292
0.000111066
1.32561e-06
-3.8676e-12
-3.08806e-13
5.99797e-07
3.34349e-07
2.91016e-16
-0.00162016
1.90024e-12
-1.06002e-11
7.04769e-08
6.06808e-08
-2.33567e-13
5.69903e-16
9.59736e-18
0.000424466
7.18541e-17
4.22113e-09
-1.52512e-07
0.967021
0.990011
0.880757
-8.75184e-08
-1.22292e-07
2.5668e-14
0.406815
0.52581
0.186207
5.81824e-09
5.0591e-09
-2.20766e-10
-3.8029e-13
9.62281e-14
-3.5575e-13
2.97172e-12
1.04651e-09
-2.16191e-08
-8.44625e-14
-1.33141e-05
-1.85803e-05
1.861e-13
0.000257582
0.000234591
-3.2359e-07
2.45994e-11
6.69002e-11
0.000350408
8.28854e-11
6.17346e-11
-0.00714446
-0.00703087
1.81957e-05
-8.72502e-16
-1.90558e-15
3.02378e-09
5.11053e-10
-4.99172e-17
2.95859e-17
-9.56233e-16
-3.07222e-06
6.76502e-10
-6.41477e-10
1.80766e-06
8.23373e-07
1.81806e-05
2.91028e-16
0.00158858
1.65983e-05
-4.50315e-05
1.49745e-11
3.46662e-11
1.41291e-11
1.00543
-4.34803e-09
-3.82485e-09
1.00132
1.00409
0.999727
1.00042
0.999636
0.999493
0.999871
0.999672
1
0.999931
1.00002
1.00002
1.00001
1.00002
1
1.00001
0.999999
0.999999
0.999999
0.999998
1
1
1
1
1
1
1
1
1
1
1
1
1
1
1
1
1
1
1
1
1
1
1
1
1
1
1
1
1
1
1
1
1
1
1
1
1
1
1
1
1
1
1
1
1
1
1
3.46282e-14
2.78159e-06
1.00185
-1.54575e-14
1.38939e-05
0.000429478
1.87663e-13
1.13881e-10
9.23193e-11
-1.82917e-14
-1.1711e-16
7.51075e-13
4.38635e-13
1.20008e-08
3.10642e-09
5.57526e-08
1.20062e-16
1.15431e-07
2.6669e-05
8.6586e-06
0.00275925
-2.01475e-14
-1.06487e-15
-7.54843e-16
8.80496e-17
1.15649e-07
6.25494e-07
-5.2662e-08
-4.20407e-14
-3.99481e-14
-2.53119e-10
0.000128072
2.70294e-05
0.000979091
0.00288439
1
1
-3.26278e-13
-4.02388e-13
0.999999
1
1
0.999999
1
1
1
1
0.999992
0.999995
0.999996
0.999993
0.999999
0.999991
1.00006
1.00004
1.00006
1.0001
0.999862
0.999979
0.999558
0.999623
0.999658
0.999447
1.00072
1.00006
1.00273
1.00193
1.00429
1.00429
1.00201
1.00457
0.990776
0.997842
0.966972
0.980238
0.927046
0.948168
0.869123
0.897059
0.793949
0.828952
0.703588
0.743692
0.604845
0.646785
0.508943
0.548891
0.415624
0.454311
0.329398
0.363141
0.255209
0.284305
0.191923
0.215915
0.140604
0.15926
0.101214
0.116033
0.0711005
0.0821335
0.0491033
0.0570804
0.0333052
0.0386256
0.0227962
0.025806
3.29649e-12
2.68941e-12
7.47194e-07
4.31951e-07
-0.00509821
-0.00953309
-0.000104548
-6.46359e-05
-0.000341022
0.000917971
1.1502e-08
2.61087e-06
2.7863e-05
1.00993
1.0101
1.9708e-13
1.18011e-08
-3.85629e-09
-2.083e-08
7.50533e-15
7.05978e-09
-0.000103653
-1.87567e-09
-4.54822e-09
1.01004
0.017814
-3.58744e-11
9.02693e-12
8.88975e-12
-0.00202113
-3.31069e-10
-3.80539e-10
7.21406e-10
-5.58583e-11
1.0056e-06
-4.28755e-08
-1.15811e-10
-7.10697e-14
-0.000344295
-2.25299e-08
6.50447e-08
1.07995e-10
-1.40011e-16
2.42634e-07
-6.46295e-14
-4.64635e-15
0.97733
0.948336
-0.000277627
0.415644
0.00855153
0.011291
-4.05729e-13
-4.60028e-06
-4.29238e-06
0.00529432
0.00489467
-2.17773e-15
-4.12908e-15
1.9485e-13
0.0315322
-0.000399689
1.71033e-06
-6.08784e-12
1.43887e-10
-2.56888e-13
-3.97487e-07
-1.29963e-14
9.87887e-09
0.00943255
0.775529
0.856433
0.520652
-8.78002e-14
0.120649
7.07371e-09
-3.93556e-13
-8.20824e-13
0.00686151
0.00765788
0.00961983
0.000297383
0.000351134
-2.47049e-05
-1.10651e-05
-3.59229e-10
9.66892e-05
-1.69469e-15
7.12676e-15
-1.41754e-06
-0.0052235
0.000117201
-0.00840622
-0.00933471
-1.17972e-07
-9.0033e-08
-0.000287173
-5.45779e-10
-6.05702e-10
0.000307754
0.000276422
-7.13371e-09
-6.81102e-06
-3.43447e-06
-3.62918e-15
6.45923e-07
-4.25775e-07
1.23433e-09
9.89786e-09
-3.41604e-10
-1.11129e-10
1.77922e-08
1.82391e-08
1.00836
-7.69386e-06
-0.000157778
1.00287
1.00695
1.00006
1.00149
0.999541
0.999561
0.999767
0.999516
0.999963
0.999843
1.00002
1
1.00002
1.00003
1
1.00001
0.999999
1
0.999999
0.999998
1
0.999999
1
1
1
1
1
1
1
1
1
1
1
1
1
1
1
1
1
1
1
1
1
1
1
1
1
1
1
1
1
1
1
1
1
1
1
1
1
1
1
1
1
1
1
5.45765e-09
-0.000471133
0.203942
0.000173191
-5.52012e-10
-5.07609e-10
-1.86176e-15
-1.63649e-15
1.95333e-12
1.72884e-06
1.26809e-06
-5.38914e-07
-1.01009e-14
-4.45441e-09
-2.15607e-08
9.17632e-06
8.16314e-14
3.58831e-14
0.015169
-5.55433e-13
-4.35179e-13
-5.83853e-13
5.79169e-12
4.46421e-12
-3.79971e-15
-3.27779e-15
-7.76335e-10
8.02385e-09
3.03699e-09
-8.93444e-05
-0.000494223
0.00481533
4.13321e-05
-6.56379e-06
-5.88885e-06
7.45755e-06
-1.76476e-05
-0.000158101
-8.08847e-15
-7.29454e-15
1
1
1
0.999999
1
1
1
1
0.999995
0.999998
0.999995
0.999994
0.999993
0.999986
1.00005
1.00002
1.00008
1.00009
0.999935
1.00004
0.999616
0.999719
0.999556
0.999445
1.00033
0.99978
1.00215
1.00132
1.0041
1.00371
1.00311
1.00483
0.994585
1.00026
0.974927
0.986108
0.939878
0.958371
0.886881
0.911848
0.815466
0.848665
0.728034
0.766385
0.632933
0.673468
0.535575
0.576067
0.440223
0.479062
0.35236
0.386315
0.274292
0.304395
0.206931
0.231875
0.15302
0.172981
0.1109
0.126544
0.0786244
0.0900427
0.0549888
0.0637629
0.0366002
0.0431163
0.0235663
0.0276628
4.79401e-12
4.98914e-12
-4.16571e-10
-9.04629e-10
-3.93371e-10
-0.00384498
-0.00122037
0.000177524
-6.64992e-05
-3.83691e-07
-6.46205e-06
0.00343602
-0.00547394
-2.47755e-05
0.0001663
0.00211528
0.00501702
3.88445e-05
-5.89486e-06
0.988895
-3.44006e-08
-9.45191e-08
-1.80798e-08
2.24466e-07
-1.86905e-05
-2.79437e-05
-1.88453e-05
-5.67416e-05
-4.5981e-10
-2.59163e-09
-1.33795e-05
1.01365e-09
1.06721e-09
-1.86471e-09
5.47061e-12
8.24875e-12
-5.89138e-10
-0.000316834
-0.000226036
1.8987e-07
0.141512
-0.00865425
4.49648e-08
-5.69734e-07
1.01093
-2.40061e-15
0.0172219
1.64932e-12
5.35921e-13
9.09883e-07
1.04797e-06
-1.96929e-09
4.18281e-05
0.0278305
4.70388e-07
3.84261e-13
2.4872e-08
2.53108e-08
-6.65427e-10
-1.07116e-11
0.000255702
-0.000274378
0.000526553
1.761e-13
1.46506e-10
-7.04643e-10
-4.78002e-11
-5.35875e-10
6.33479e-09
-1.5909e-08
-1.17171e-09
-1.47768e-14
-6.77797e-11
-4.05328e-12
1.47653e-11
1.70542e-11
1.93968e-11
0.00202541
0.0440114
0.398475
0.201112
0.00850005
0.0079234
1.01332
0.000210736
1.14609e-14
-4.47778e-13
-2.00667e-14
-1.51536e-14
-0.0083109
-0.0137785
9.08897e-07
7.25542e-07
1.47426e-14
1.16328e-14
1.74508e-13
0.943215
0.905741
-5.28711e-13
-7.17594e-13
0.000357636
0.000429957
1.5077e-07
-1.07572e-05
-2.77455e-06
1.00546
1.07981e-11
9.55181e-12
0.0116768
0.0107403
-1.09702e-06
-5.84028e-10
-2.71091e-10
1.00554
1.00098
1.00383
0.999559
1.00004
0.999625
0.999374
0.99989
0.999693
1.00001
0.999959
1.00002
1.00003
1.00001
1.00002
1
1
0.999998
0.999998
0.999999
0.999998
1
1
1
1
1
1
1
1
1
1
1
1
1
1
1
1
1
1
1
1
1
1
1
1
1
1
1
1
1
1
1
1
1
1
1
1
1
1
1
1
1
-1.95532e-08
6.69788e-08
-0.00802306
-0.00320817
7.83695e-09
-8.1518e-08
0.012433
1.37811e-05
1.29034e-06
-1.71609e-15
-2.67841e-15
1.04462e-14
0.960607
1.93834e-12
-1.40219e-08
-9.06257e-09
-1.832e-08
1.39276e-06
-4.86955e-07
2.7824e-13
0.108714
1.50509e-09
1.39956e-09
9.03859e-13
7.88906e-13
-3.36704e-14
1.92254e-10
-7.00104e-13
-1.4164e-12
1.75623e-09
4.32864e-11
1.19693e-08
6.51072e-09
0.00415783
-0.000664422
0.722887
0.786149
0.474099
0.00016145
3.70044e-05
0.0134377
1.96585e-05
-7.73084e-10
-0.000215124
-3.1117e-05
-1.30077e-15
-7.95173e-16
0.999999
0.999999
1
1
1
1
0.999997
1
0.999995
0.999994
0.999988
0.999985
1.00003
1.00001
1.00008
1.00009
0.999993
1.00007
0.999696
0.999804
0.999539
0.99949
1.00005
0.999634
1.00162
1.00087
1.00373
1.00318
1.0037
1.00479
0.99728
1.00173
0.9809
0.990301
0.949958
0.966232
0.901025
0.924254
0.833478
0.86451
0.750327
0.785884
0.6579
0.697055
0.560084
0.599998
0.463885
0.501323
0.373638
0.408116
0.290908
0.321597
0.221818
0.246994
0.165817
0.186463
0.12072
0.136915
0.0857562
0.097578
0.0604015
0.0687924
0.0413313
0.048039
1.05597e-12
2.76823e-12
0.000253072
8.64184e-05
0.00414951
-0.000280386
-0.000732603
-6.69731e-06
1.71326e-05
0.0222844
0.00242452
0.000203774
-0.000259903
6.65499e-15
5.05275e-15
1.00759
0.987439
0.00803795
0.0135617
-5.05293e-05
-0.000219326
0.0151074
1.14606e-06
-1.46849e-07
1.74232e-06
-9.93327e-13
-3.43386e-09
-1.78084e-05
3.46435e-07
-2.5271e-05
0.000192424
2.04925e-12
0.000315933
1.6517e-11
0.0175464
0.0160135
-3.69568e-09
1.16284e-09
-0.00973819
-1.13336e-11
-5.34878e-12
-6.37679e-12
-1.99553e-05
0.138454
0.335944
0.0776274
-8.66211e-13
-4.85855e-08
-3.72639e-13
1.75717e-11
-0.000273621
0.000249322
-8.06919e-10
-1.06101e-12
3.01224e-14
1.01194
1.65631e-09
9.80525e-10
0.872111
0.820733
0.00858396
-7.85198e-06
-1.1774e-11
-4.14238e-13
1.01534
5.59731e-14
2.1518e-09
6.57384e-09
1.25553e-09
0.00114671
-0.00828851
5.13945e-05
0.0266803
-7.02186e-08
-1.27386e-07
-5.98025e-08
1.29245e-06
1.08865e-13
1.44459e-13
-5.88025e-13
-6.32512e-06
-2.59094e-05
0.000262845
0.000466917
-3.27549e-05
-6.45527e-07
1.24747e-06
1.35379e-06
5.55687e-07
3.28838e-08
3.28483e-08
2.10389e-13
5.58597e-05
-3.3959e-08
-4.52486e-09
1.82342e-09
1.8157e-09
1.01175
3.97022e-14
-8.80578e-11
-6.43458e-11
-3.36288e-10
-2.59107e-10
7.01434e-14
0.000102343
4.55596e-05
1.00272
0.999805
1.00106
0.999435
0.99927
0.999748
0.99943
0.999976
0.99985
1.00003
1.00002
1.00002
1.00004
1
1.00001
0.999998
0.999999
0.999998
0.999997
0.999999
0.999998
1
0.999999
1
1
1
1
1
0.999999
1
0.999999
1
0.999999
1
0.999999
1
0.999999
1
0.999999
1
0.999999
1
0.999999
1
0.999999
1
0.999999
1
0.999999
1
0.999999
1
0.999999
1
0.999999
0.999999
0.999999
0.999999
1.99533e-12
6.25894e-12
-0.00202083
0.000174825
0.000272814
-0.0100082
-0.00525976
1.80763e-14
-1.94516e-05
-7.58382e-06
-0.000105387
3.20047e-13
2.6101e-13
-0.000791705
5.8334e-05
-8.72199e-05
-3.60874e-09
1.64193e-14
-2.13074e-06
6.14356e-13
6.93711e-13
1.75813e-10
2.13467e-10
-8.87072e-10
-1.3918e-12
-2.05335e-12
-1.52936e-12
0.0135266
0.0198916
-1.44213e-13
6.40028e-13
0.0332283
0.992798
-5.68855e-09
7.18341e-05
0.000157857
1.82091e-08
-7.20941e-07
1
1
1.01298
1.00739
1
1
0.999998
1
0.999994
0.999995
0.999986
0.999985
1.00002
1
1.00008
1.00007
1.00003
1.00009
0.99976
0.999873
0.999539
0.999544
0.999853
0.999541
1.00121
1.00051
1.00339
1.0027
1.00402
1.00462
0.99918
1.00276
0.985525
0.993624
0.958235
0.973196
0.91286
0.934582
0.849512
0.878299
0.769425
0.804408
0.678824
0.717148
0.582811
0.622245
0.48452
0.52336
0.390539
0.426217
0.306852
0.337955
0.235929
0.262257
0.177314
0.198902
0.130168
0.147098
0.0916329
0.104274
0.0633858
0.0717617
-7.38953e-12
-4.02029e-12
3.50334e-05
6.60611e-05
0.0718793
0.0410178
-0.000600773
-0.000890424
-0.000275544
1.01585e-05
3.17998e-14
1.00914
1.01584
-3.07113e-10
-2.86224e-10
4.77615e-14
7.65203e-09
3.10747e-14
1.20524e-07
-3.83918e-06
1.58545e-06
-0.0105195
1.00733
-3.36771e-11
-2.69925e-11
1.22665e-06
1.90135e-11
-0.000592182
0.00041599
-1.6357e-08
-2.51919e-08
0.024279
7.00903e-09
7.9737e-09
0.708988
-2.16648e-05
-0.000291485
0.00126178
0.00142192
-5.625e-09
-8.25206e-06
-6.45964e-06
-1.12903e-07
-1.12781e-09
-0.00116948
-0.00034481
0.0210274
2.99825e-05
-8.85745e-06
0.0105287
-0.00477829
-9.74696e-08
-5.85642e-11
-4.45746e-11
5.383e-09
1.11043e-08
4.97917e-09
0.595367
0.642154
0.359034
4.07284e-09
-8.90277e-08
0.0277126
0.0336751
3.28868e-05
-2.79772e-12
0.0432317
1.06063e-08
-1.09378e-07
0.00776466
0.00795546
0.0146506
2.78713e-11
1.94454e-11
-9.98516e-13
-3.9343e-12
5.78825e-14
-6.88586e-13
-1.07443e-08
-8.3433e-09
3.44839e-08
3.20537e-14
0.911601
0.0198988
3.94935e-08
4.00183e-08
-3.2901e-05
0.000436693
1.70472e-06
-1.47038e-06
3.19376e-07
1.54847e-13
0.766558
-2.76074e-06
-8.13963e-08
0.946465
1.72377e-09
1.87698e-09
-7.94135e-08
-1.48121e-07
3.75393e-09
1.28555e-09
0.0482449
0.0271922
0.0219741
2.41921e-10
1.6947e-10
1.01314
1.94805e-06
1.02169e-06
-0.00108194
1.00086
0.999446
0.999896
0.999557
0.999219
0.999874
0.999617
1.00001
0.999943
1.00003
1.00004
1.00001
1.00003
0.999999
1.00001
0.999998
0.999997
0.999998
0.999998
0.999999
0.999999
1
1
0.999999
1
0.999999
1
0.999999
1
0.999999
0.999999
0.999999
0.999999
0.999999
0.999999
0.999999
0.999999
0.999999
0.999999
0.999999
0.999999
0.999999
0.999999
0.999999
0.999999
0.999999
1
0.999999
1
0.999999
0.999999
1
0.170542
1
1.66371e-13
-0.00387182
0.0306884
-0.000195941
0.448532
0.206969
-8.07926e-09
-8.02843e-09
5.55469e-09
0.031419
0.181363
0.655316
-3.36551e-13
-1.17031e-09
5.82997e-05
0.040995
-2.87784e-05
-1.42232e-05
1.00585
1.00404
1.01324
-3.63096e-12
-2.48304e-12
0.000210019
0.000445606
0.000144233
-4.12401e-06
5.5524e-05
2.75472e-05
-0.00107918
-8.80791e-08
-3.1202e-08
-1.72432e-10
-1.62827e-10
0.0381721
0.0430074
0.0469838
-8.22828e-07
1.53283e-06
1.06163e-12
2.9369e-11
0.842991
0.699429
3.68881e-13
0.958931
0.877531
1
0.119148
0.999999
1
0.999995
0.999997
0.999987
0.999987
1.00001
0.999991
1.00007
1.00006
1.00006
1.0001
0.999816
0.999931
0.999568
0.999612
0.999719
0.999464
1.00087
1.00018
1.00301
1.00222
1.00408
1.00433
1.00065
1.00354
0.989814
0.996876
0.966172
0.97971
0.92392
0.945038
0.864262
0.892242
0.78816
0.823082
0.699805
0.738163
0.604768
0.645253
0.504589
0.545211
0.40884
0.446119
0.323299
0.356481
0.250215
0.277899
0.190053
0.212987
0.139753
0.158587
0.0973192
0.112701
0.0647392
-1.64755e-11
-1.30725e-11
2.52182e-07
4.76644e-08
5.67087e-05
-0.000167341
0.000132194
2.23712e-05
1.00822
1.01758
0.984551
-3.72606e-10
-1.77702e-14
0.323115
0.408394
0.115642
-8.61148e-06
-4.49787e-11
-4.38285e-11
-0.000816103
-0.000601341
0.0565513
-0.0125687
0.408364
-2.1102e-08
-3.48091e-08
-1.67616e-12
-1.45485e-12
7.02665e-12
-0.00860766
-0.000353598
1.7588e-08
4.10752e-11
8.39477e-07
5.16952e-08
8.85931e-09
-5.11106e-06
-2.30515e-07
-0.00255743
-0.00130012
0.000393425
-1.46832e-09
8.98192e-10
1.06646e-10
7.52481e-05
-1.07099e-05
0.000105053
0.0355906
0.00841864
-9.03613e-11
-8.66814e-11
7.1799e-09
-0.00783294
4.91901e-09
4.53239e-05
1.62609e-10
2.51649e-10
-1.48592e-09
1.38655e-09
1.45326e-09
0.0222304
0.0338854
-5.51489e-12
-7.08661e-12
7.08654e-12
-6.24034e-08
-9.27018e-07
-0.000920135
-7.57222e-05
-3.49983e-06
-7.46868e-06
1.91938e-09
6.24653e-09
0.00352527
0.00389712
4.60523e-08
4.5572e-08
-0.000382734
-8.70413e-08
-1.0752e-07
4.7711e-05
-8.74044e-06
1.99472e-06
-2.71612e-06
1.0115e-09
5.39126e-09
-5.13977e-08
0.999869
0.999424
0.99934
0.999729
0.999415
0.999966
0.999818
1.00003
1.00002
1.00002
1.00004
1
1.00002
0.999999
1
0.999999
0.999999
1
1
1
1
1
1
1
1
1
1
1
1
1
1
1
1
1
1
1
1
1
1
1
1
1
1
1
1
1
1
8.59195e-05
-0.0157691
1.59289e-09
9.14752e-09
-0.00640067
0.337296
0.513698
0.163072
0.000577045
0.000349499
-1.04569e-08
-1.04703e-08
1.34656e-08
0.013794
0.0137319
0.0236627
5.74038e-09
2.78587e-09
-0.00158856
-1.65314e-08
-1.4058e-10
-1.00086e-10
-1.79648e-10
0.000163062
0.0559381
0.000297672
4.86789e-11
5.03301e-11
4.86787e-11
0.700363
-4.09278e-12
1
0.999997
1
0.999988
0.99999
0.999998
0.999981
1.00006
1.00004
1.00007
1.0001
0.999876
0.999991
0.999618
0.999694
0.999605
0.999436
1.00048
0.999871
1.00254
1.0017
1.004
1.00394
1.00196
1.00418
0.99373
0.999675
0.973598
0.985478
0.935672
0.956165
0.879559
0.907251
0.808495
0.842158
0.723391
0.762469
0.628462
0.669783
0.528259
0.571264
0.430032
0.46994
0.342924
0.378095
0.267693
0.297979
0.203933
0.228475
0.150481
0.169688
-1.61457e-11
6.70816e-07
4.41607e-07
-0.000311341
-0.000294879
-0.00164253
-0.000427763
-0.000478351
5.13894e-05
-2.16121e-05
-2.87137e-05
-2.14647e-05
4.18635e-05
6.48129e-05
-0.000284046
0.504595
-1.94173e-08
-4.15283e-08
-0.0113647
0.0749887
0.00829005
1.09849e-10
0.00405659
3.67582e-07
-1.08024e-06
1.79843e-06
0.0717904
-1.75706e-11
-3.17513e-11
-1.45501e-07
-7.15713e-08
1.41451e-06
0.111869
-1.62256e-05
-0.00504321
-0.0035471
2.98679e-08
8.13566e-10
0.0844745
0.0494764
1.01342
-5.77654e-11
-8.01893e-11
1.0014
1.00275
1.20868e-06
1.08598e-06
1.25018e-09
1.52397e-06
0.000309116
0.000476072
6.70278e-11
1.89401e-10
-1.98107e-09
4.39599e-10
8.1411e-11
8.86902e-11
-0.000304824
-1.48498e-11
1
1
0.107314
0.0467541
0.0590046
1.57963e-06
-2.41806e-05
-3.04037e-05
2.50709e-11
8.47617e-11
-1.97787e-08
-6.55708e-08
-1.06246e-08
1.00914
1.01603
0.0882223
0.000112995
0.000550301
0.897912
0.742282
-0.00246462
-0.00113383
0.990406
1.00669
0.934043
1.94697e-06
8.5268e-05
-1.27496e-08
-6.35533e-09
4.43808e-06
0.00048025
0.000217619
5.08124e-08
4.8056e-08
1.00765
0.00787011
0.123621
1.00522
2.57179e-09
8.56302e-10
-0.0083313
-1.95026e-09
1.00076
1.00364
0.022975
0.0225861
0.999435
0.999879
0.999556
0.999252
0.999875
0.999626
1.00002
0.999949
1.00003
1.00004
1.00001
1.00003
1
1.00001
1
1
1
1
1
1
1
1
1
1
1
1
1
1
1
1
1
1
1
1
1
1
1
1
1
1
1
1
1
1
1
1.70768e-07
-3.85303e-08
1
0.0899148
0.0766344
0.113302
0.00278151
1.00953
2.62131e-05
-1.26361e-05
0.290108
-1.2472e-05
-3.38633e-06
-0.0109346
-4.57862e-06
-1.45161e-06
-0.00197448
0.00241508
-1.13349e-08
-1.15317e-08
2.41597e-08
3.63497e-09
2.91398e-09
-1.02594e-11
-5.1089e-12
3.5676e-11
1.28819e-06
2.06979e-06
-0.000845034
-0.00207433
1.01142
1.01082
1.01432
1
0.999991
0.999988
0.999977
1.00004
1.00002
1.00008
1.00008
0.999944
1.00005
0.999691
0.999787
0.999528
0.999445
1.00014
0.999642
1.00202
1.00118
1.00372
1.00337
1.0029
1.00432
0.99724
1.00181
0.980404
0.991349
0.947411
0.965749
0.897274
0.922761
0.830311
0.863392
0.748245
0.787249
0.655079
0.696451
0.5563
0.599945
0.456561
0.498654
0.36703
0.403706
0.289407
0.321752
0.21987
0.246549
0.160146
0.180365
-0.000643106
0.238522
-0.0121964
-2.18819e-07
-1.20233e-06
1.90133e-08
1.14528e-08
-2.79074e-09
0.125693
0.990509
0.969979
0.999996
0.0248766
-0.00825173
-0.00669614
4.98499e-11
1.34109e-11
0.000139943
-4.78187e-09
-3.57424e-08
9.09101e-07
-3.41503e-07
-0.0004866
9.26093e-11
2.41113e-11
0.000124524
-1.09271e-08
-8.70848e-09
1.60965e-06
1.88792e-06
8.41161e-11
5.59424e-10
-1.08704e-11
0.0160326
-2.25353e-10
-1.14981e-08
9.74919e-11
-8.21237e-11
5.69126e-11
-2.75299e-09
5.15172e-08
0.0157596
0.000169603
0.000485689
-1.30565e-05
1.29488e-10
1.37644e-10
0.000132717
-0.000825088
-5.10863e-08
-4.39812e-08
-1.27589e-06
4.10568e-05
-0.000445797
-0.00482622
-0.00314752
0.131047
0.0890693
-3.34672e-08
-2.86401e-08
0.0341738
0.0366333
0.0505131
2.27843e-06
-3.81055e-06
0.0364159
0.0358044
-3.19391e-05
-2.30743e-05
-7.68209e-10
0.112253
1.00874
1.00243
1.00692
0.999701
1.00095
0.999386
0.999216
0.999723
0.999386
0.999968
0.999813
1.00003
1.00001
1.00002
1.00004
1
1.00001
0.999997
0.999997
0.999997
0.999993
0.999999
0.999994
1
0.999996
1
0.999997
1
0.999997
1
0.999997
1
0.999997
1
0.999997
1
0.999997
0.999999
0.999996
0.999999
0.999996
0.999999
0.999996
9.55291e-05
3.85214e-05
0.00435731
7.72149e-07
-0.000616876
-0.000528438
-0.000657572
-1.56051e-05
1.53121e-05
0.000125791
-9.94686e-08
-1.11958e-07
-0.0139241
0.0084398
4.51592e-08
1.2991e-10
-0.00151015
0.00814551
-5.15072e-09
2.63119e-08
-1.82047e-08
0.0848549
-1.3971e-07
0.999985
1.00003
1
1.00007
1.00007
1.00001
1.00009
0.99977
0.999881
0.999495
0.999506
0.99987
0.999491
1.00151
1.00066
1.00325
1.00267
1.00345
1.00411
1.00006
1.0036
0.987169
0.995772
0.959431
0.975377
0.914128
0.938403
0.853173
0.883671
0.775502
0.813518
0.683552
0.725067
0.586327
0.628991
0.487832
0.532182
0.394231
0.433551
0.314178
0.347781
0.237758
0.268423
0.168169
0.192127
-1.24766e-07
1.64978e-06
0.346474
0.622718
0.833725
0.88118
0.684939
3.36674e-09
1.35999e-10
1.55201e-09
5.90981e-08
5.8886e-08
3.66814e-08
0.267512
6.20552e-08
7.35561e-08
0.000350792
-1.28908e-06
2.08297e-06
-1.92112e-07
0.129226
0.000287884
-4.70663e-06
9.62851e-06
0.0002044
0.999999
-0.0103094
-0.011471
-0.0106715
1.46444e-06
-2.0548e-08
1.59205e-10
3.10288e-10
2.3128e-10
1.26563e-08
4.25418e-09
0.47685
-8.72797e-06
-5.00638e-06
0.000162577
-0.000255816
-7.02677e-05
0.0556963
-0.00767231
0.000620941
0.0306105
0.0298017
-3.96701e-09
5.20804e-10
1.39572e-09
3.92606e-10
0.0664725
-2.21025e-05
-7.20109e-09
5.13894e-08
1.31172e-06
2.1908e-06
2.03033e-07
1.00402
-4.42693e-10
-3.87018e-09
8.58306e-11
-2.67905e-10
0.999982
1.01541
1.01414
-0.00155787
-0.00158978
-0.00175724
-7.23702e-08
-7.61651e-08
-0.000704124
-0.00078341
-8.80694e-05
-3.87498e-05
-0.000675998
0.22091
0.174747
-1.48162e-09
-2.66992e-09
-8.8409e-09
-4.64961e-08
-4.67191e-08
0.0699917
6.39376e-08
8.79791e-09
0.999995
-0.00592709
-0.00198172
0.000127117
1.84471e-05
0.0585509
0.97847
0.951112
1.00491
0.0358868
1.00052
1.00326
0.999379
0.999714
0.999568
0.999239
0.99988
0.999647
1.00001
0.99995
1.00002
1.00003
1
1.00002
0.99999
0.999994
0.999988
0.999983
0.999988
0.999982
0.999989
0.999984
0.99999
0.999985
0.99999
0.999986
0.99999
0.999986
0.99999
0.999986
0.99999
0.999986
0.999989
0.999986
0.999988
0.999986
0.999987
0.999983
0.999985
-1.74019e-08
1.45334e-06
0.0759054
4.18954e-10
4.26421e-10
8.90746e-11
0.437174
-6.15418e-08
-6.22859e-08
-1.66436e-05
0.0763621
-6.57277e-08
5.32269e-08
-1.11282e-07
0.0513121
0.803209
0.877272
0.559652
0.0190089
-2.64797e-05
-1.8714e-05
-3.19876e-05
0.000479249
0.000457893
-5.65796e-09
1.00001
0.999992
0.0896006
1.00006
1.00005
1.00006
1.0001
0.999844
0.999946
0.999527
0.9996
0.999708
0.999452
1.00098
1.0003
1.00262
1.00196
1.00356
1.00369
1.00211
1.00441
0.992227
0.999268
0.969264
0.98253
0.930322
0.950917
0.874511
0.901745
0.801755
0.836637
0.711577
0.752108
0.616472
0.657903
0.521048
0.563048
0.425892
0.466107
0.339883
0.374341
0.257985
0.291275
0.177793
0.203686
-3.58765e-06
-1.28666e-05
-6.17501e-07
-0.0159639
-4.6811e-07
-4.68632e-07
-1.46034e-06
0.0532984
0.0722605
8.32197e-08
1.01371
1.27594e-07
3.42236e-08
8.57453e-10
8.06712e-10
0.000526
3.67408e-05
0.000167515
-0.000286853
0.128616
5.91977e-07
1.53549e-06
-0.0134721
-0.0144676
-5.47258e-08
-7.7271e-08
0.0526951
0.0529007
0.341204
0.533558
0.289265
-0.000478215
0.000289463
-0.000740828
0.000639797
0.906246
-3.258e-08
-0.000251028
2.81413e-06
-4.06331e-06
0.120246
8.16953e-08
1.10098e-07
-4.6723e-07
1.18214e-06
-5.05977e-09
-3.05592e-09
1.01161
1.01238
0.0959863
-9.98608e-10
-5.46007e-09
-0.0105655
0.110793
0.101272
0.142576
0.000294869
0.0172096
0.000198987
-0.000161047
0.981158
0.928949
-0.000866343
-0.000680442
1.62862e-09
-5.34856e-09
1.43665e-09
-2.38293e-07
-2.59483e-07
0.0968989
0.000618229
0.000337718
-0.011937
-0.0160648
0.0962335
-4.17357e-08
-2.53017e-08
0.0876914
4.02413e-07
7.12404e-08
1.00173
0.9996
1.00064
0.999425
0.999252
0.999751
0.999439
0.999968
0.999834
1.00003
1.00002
1.00001
1.00004
0.999995
1.00002
0.999987
0.999995
0.999985
0.999989
0.999986
0.999989
0.999986
0.999989
0.999987
0.99999
0.999987
0.99999
0.999987
0.99999
0.999986
0.999991
0.999985
0.99999
0.999987
1
0.999993
1.88667e-06
9.83414e-07
-0.0124205
-8.72669e-07
-8.95038e-07
-0.000995002
-0.00102913
0.125517
1.01328
0.13502
-0.00251558
-0.00244226
1.00005
1.00003
1.01787
-0.00932741
-0.00389138
1.01195
1.00008
1.0001
0.999898
0.999992
0.999606
0.999711
0.999638
0.999493
1.0006
1.00003
1.00203
1.00136
1.00345
1.00319
1.00353
1.00484
0.996378
1.00162
0.977199
0.988219
0.943123
0.960826
0.892066
0.916959
0.823542
0.855892
0.738101
0.776044
0.645097
0.685017
0.551402
0.592297
0.455641
0.497112
0.365125
0.402609
0.275162
0.307152
0.133582
0.0828026
0.136027
-1.48533e-09
-4.71679e-09
6.83258e-08
0.0202865
0.997622
6.58176e-10
8.47264e-10
-0.00652589
3.12077e-05
-1.34939e-08
0.763881
6.99943e-05
0.000213761
-3.38301e-09
8.51734e-09
1.00161
-0.000678664
1.00725
3.32112e-08
-7.2939e-09
6.43112e-07
-0.00105483
-4.75141e-10
0.190168
-2.48569e-08
-1.1329e-08
1.31366e-07
1.01144
-0.000265243
-0.00233324
0.00035828
-5.36208e-09
0.704649
0.460538
-0.00305939
-1.74957e-05
1.00559
0.000591683
-0.00141065
8.42864e-05
0.000269984
2.83516e-05
-4.28365e-06
-1.87177e-06
-1.51921e-06
-1.51486e-06
-7.62406e-09
-7.98926e-09
1.67679e-07
1.07335e-07
1.01361
0.034
0.0804996
0.957663
0.927759
0.191579
-9.47299e-06
-5.89656e-06
-0.000488329
-0.00138726
-1.60841e-06
-1.89086e-06
2.40033e-06
-2.5874e-06
0.820436
-0.00113124
-0.00320405
1.63808e-09
-5.96629e-07
-6.36565e-07
0.00038802
-0.0147575
-0.0127709
1.49131e-07
4.41492e-08
-0.00132137
-0.000366201
0.387794
0.20309
0.827453
3.16727e-07
8.76552e-07
2.24898e-07
0.728687
-2.51217e-10
0.0492093
0.147492
0.0201099
1.0133
-0.00632487
-0.00459174
0.00413632
0.00248234
0.0301759
1.00021
0.999409
0.999609
0.999625
0.999334
0.999917
0.999718
1.00004
1
1.00005
1.00008
1.00003
1.00007
1.00002
1.00005
1.00001
1.00003
1.00001
1.00003
1.00001
1.00003
1.00001
1.00003
1.00001
1.00003
1.00001
1.00003
1.00002
1.00003
1.00002
1.00004
1.00003
-1.58955e-09
7.45678e-09
1.49228e-06
1.13825e-06
-0.00119237
-0.00145216
-0.00138737
-7.00769e-10
0.161371
1.00967
1.01501
0.219788
-2.4013e-05
0.15706
4.18653e-10
1.00009
1.00009
0.999939
1.00002
0.999702
0.999806
0.999623
0.999528
1.0003
0.999852
1.00149
1.00086
1.00319
1.00267
1.00425
1.00481
0.998829
1.00294
0.982813
0.991964
0.953063
0.968086
0.906467
0.929395
0.842114
0.871551
0.761114
0.797084
0.670778
0.709105
0.5786
0.617354
0.484701
0.523689
0.394877
0.434492
-3.45976e-05
1.10149e-05
-2.32678e-05
0.183665
0.000657349
0.000470382
-5.31779e-09
-1.68878e-08
1.00357
1.00842
0.238605
-1.12964e-06
-1.24361e-06
5.80133e-07
4.88041e-07
6.05157e-05
0.0875571
-0.0125934
1.37723e-08
1.00223
-0.00288458
0.993518
1.00752
0.940195
0.87848
-1.44021e-06
-3.32817e-09
-4.04636e-09
-8.16984e-09
-2.6503e-06
0.0507077
0.00423983
0.00018006
0.00043444
0.000109502
2.87972e-06
0.237677
0.599717
0.0120132
3.8577e-08
-2.19602e-06
-1.8358e-06
0.000211244
-0.000367878
-6.1899e-08
2.89875e-07
2.00183e-07
-1.69193e-05
-1.37844e-05
0.119754
0.185533
1.75239e-07
3.3634e-06
-0.00172824
0.296065
-2.08066e-05
-2.72152e-05
1.06958e-07
-0.00193272
-0.00207673
-0.00272659
0.0100754
-2.32943e-06
-2.3335e-06
-9.62435e-06
-6.8176e-06
-0.00164922
-5.32768e-05
-1.00921e-08
2.05583e-07
6.74701e-08
0.000112653
0.000247888
-0.00879765
-0.00727814
1.11451e-07
0.0556017
0.051213
0.116543
1.00115
0.999578
1.00032
0.999519
0.999326
0.999829
0.999547
1.00004
0.99991
1.0001
1.00009
1.00009
1.00013
1.00008
1.00011
1.00007
1.00009
1.00006
1.00009
1.00006
1.00008
1.00006
1.00008
1.00006
1.00008
1.00007
1.00007
1.00008
1.00009
1.00008
1.18685e-06
-0.00206416
-0.00243486
-0.00330536
0.985429
0.288062
0.225982
-7.26831e-09
7.86273e-07
0.298293
1.01145
0.9996
8.94556e-08
8.80678e-09
-2.01919e-06
-2.1622e-06
0.541504
-7.98349e-09
2.80293e-06
0.999972
1.00004
0.999786
0.999876
0.999595
0.999552
1.00005
0.999698
1.00102
1.00046
1.00284
1.00217
1.00451
1.00471
1.00058
1.00386
0.987286
0.995108
0.960778
0.97452
0.91833
0.939623
0.857962
0.885296
0.781623
0.815698
0.692954
0.730722
0.601608
0.639242
0.508469
0.545525
1.34598e-07
-1.35538e-08
-1.62392e-08
-1.31529e-08
1.01177
1.01456
1.65472e-07
1.62628e-07
7.11847e-07
1.12561e-06
6.70662e-07
-0.0112174
-5.0812e-06
-0.0132104
0.087494
0.344549
1.00572
1.00422
1.011
0.338377
2.71587e-07
0.000102357
0.182643
-6.00985e-09
0.665985
-0.0103494
-0.00502567
0.346877
2.94133e-07
-3.69863e-07
-0.00880734
0.00029694
0.264645
0.120575
-3.21379e-05
-0.014781
-0.000845893
-0.00194944
0.417495
-2.35453e-05
-2.25149e-05
0.242112
0.309803
-3.31655e-06
-3.28473e-06
0.927362
0.869077
-0.00255393
0.0257886
0.0799976
-2.64807e-06
-1.94861e-06
4.68552e-06
3.69414e-06
1.77488e-06
-1.63606e-05
-1.41784e-05
0.000526713
0.000453544
0.000576347
-3.29861e-06
-3.52296e-06
0.000226218
6.63469e-05
-0.00355704
-0.00316764
1.42523e-05
-2.96237e-06
-2.9706e-07
6.89942e-07
1.00273
0.999989
1.0015
0.999409
0.999456
0.99965
0.999323
0.99993
0.999693
1.00006
0.999969
1.00009
1.00007
1.00008
1.00008
1.00007
1.00006
1.00006
1.00005
1.00006
1.00005
1.00007
1.00005
1.00008
1.00006
1.00006
0.999996
1.00003
-0.00110785
-0.00219396
0.021419
2.88771e-07
3.57343e-07
-2.08178e-07
0.000165869
0.167125
0.161517
0.243528
-4.40291e-06
-4.26852e-06
1.46376e-08
-2.00736e-05
-3.47281e-05
0.570566
0.000187788
0.000241403
-0.000715114
0.967899
0.999843
0.999919
0.999562
0.999573
0.999848
0.999593
1.00062
1.0001
1.00246
1.00163
1.00464
1.00447
1.00197
1.00454
0.991031
0.997954
0.967579
0.980554
0.929919
0.94952
0.873218
0.901666
0.799009
0.832724
0.715546
0.753276
0.622552
0.663055
0.671144
-0.0111862
-0.0151032
1.00821
0.989852
1.59338e-07
2.84985e-07
-5.29865e-06
1.0144
1.01542
1.71343e-05
0.222704
-0.00298731
-0.00357777
-0.000902643
0.0776637
0.0181786
-1.19901e-06
-1.45506e-06
-5.19996e-06
5.937e-07
0.448081
0.442636
-0.00360331
-0.00268331
0.00155282
-0.004245
-0.00357434
0.520103
-9.60528e-06
0.000438363
6.96811e-06
1.2241e-05
0.129173
0.218957
-2.50925e-05
-2.98673e-05
0.37877
-2.91425e-06
-1.89732e-06
0.586385
0.370006
1.00689
1.00857
0.857595
0.910344
0.668478
-0.00598567
-2.07172e-05
-2.07443e-05
0.000450975
-9.90566e-05
0.000652843
-0.0137355
-0.0133637
-5.65867e-06
-5.23795e-06
3.53311e-05
0.000159704
-7.01149e-06
-6.1174e-06
7.71362e-06
-1.92353e-05
1.00061
0.99933
0.999755
0.999346
0.999028
0.999661
0.999284
0.999866
0.999644
0.999941
0.99983
0.999945
0.999877
0.999938
0.999871
0.999934
0.999861
0.999932
0.999859
0.99995
0.99989
0.308012
0.308047
0.386795
0.000398447
0.000160125
-7.33164e-06
-0.00414875
5.34213e-06
0.0383756
0.0165535
0.999545
0.999705
0.999535
1.00024
0.999768
1.00196
1.00097
1.00445
1.00391
1.00297
1.00495
0.994554
1.00035
0.975069
0.987122
0.942206
0.96086
0.890653
0.917933
0.82082
0.855177
0.739062
0.776807
0.649747
0.694398
-2.92744e-06
-1.35452e-06
0.920012
4.79144e-07
-2.14602e-06
0.156878
1.01462
1.00308
1.00468
0.550433
-0.00272741
-0.00361793
0.381113
-0.00472053
9.80315e-05
0.00371164
0.00455128
-9.05749e-06
0.301633
-0.0138446
-0.00794922
1.18078e-05
9.24229e-06
3.24897e-05
-0.00141317
0.00941074
0.0806465
0.0546335
0.29371
0.381053
0.999617
-1.44964e-05
-2.84371e-05
-1.37196e-05
0.112262
0.999879
0.0482734
0.0441771
0.123663
-1.71954e-05
-2.17028e-05
0.994324
0.949413
0.803952
0.772306
-7.35283e-06
0.000149156
0.000107243
-0.0012128
-1.0016e-06
-2.66319e-06
-2.29869e-07
0.000230207
0.000209397
0.531553
0.454728
0.592706
1.00995
1.01139
-0.00380895
-0.00276465
0.000595803
0.000550862
6.71411e-05
2.03794e-05
1.01443
1.00794
0.449249
-0.00537562
0.999483
0.999017
0.998959
0.999232
0.998821
0.999501
0.999147
0.999642
0.999427
0.99967
0.999539
0.999666
0.999559
0.999685
0.999555
0.99971
0.999588
0.999552
0.999945
0.000294023
0.000580957
0.000222835
-2.2041e-06
2.02124e-06
-4.75269e-06
-1.24569e-05
-3.6832e-06
-0.00500913
-0.0131023
0.199713
0.171006
0.999631
1.00734
-3.50829e-06
0.999872
1.00125
1.00029
1.00388
1.00306
1.00358
1.0048
0.997787
1.00229
0.982877
0.993013
0.955353
0.971972
0.90926
0.934634
0.845363
0.879654
0.764676
0.802352
0.674844
0.706374
-0.00230288
-0.00107465
-0.0021465
-0.0037059
1.00191
1.00576
1.00074
0.0133075
0.0169486
-8.72666e-06
-0.00545535
1.01706
7.73808e-07
0.43572
0.0371956
-0.00629626
0.999475
6.87844e-05
0.000225001
1.97313e-05
-5.4405e-06
0.454589
4.65503e-06
1.0136
1.01379
0.384241
-0.000705101
0.191411
0.289168
5.57716e-06
0.589282
0.851486
-0.00444151
-0.00314917
0.167515
0.129207
-0.0047713
0.525516
0.533
0.647937
0.699429
0.435295
-8.59353e-05
-0.00189462
-0.00061351
0.000869608
6.94167e-06
0.969643
0.893559
2.8168e-05
-6.72255e-06
1.01023
1.01663
0.990575
1.004
0.999031
0.998995
0.998843
0.999243
0.998995
0.999429
0.999272
0.999478
0.999434
0.999479
0.999496
1.00056
-0.00629856
2.0308e-05
-0.00493909
-0.00613442
-0.0110509
-0.0165421
-0.0100755
6.4264e-05
0.299925
4.31704e-05
0.0852652
0.0762911
0.185298
4.73548e-05
7.43921e-05
0.000114866
4.91516e-05
0.000499752
5.63196e-05
0.00010023
7.96754e-05
0.598806
0.688645
0.622842
1.00309
1.00215
1.00382
1.00425
1.00063
1.0038
0.990358
0.998273
0.968138
0.983081
0.927743
0.949526
0.873251
0.903914
0.793908
0.743102
0.835266
6.15048e-05
0.00016251
0.000110505
1.57709e-05
0.0161831
-0.00751988
0.459997
0.383595
0.561051
1.00027
1.00263
-1.26537e-05
3.49089e-05
0.300522
0.999578
0.999871
0.999572
0.0572827
-0.00324206
0.0094231
0.000432254
0.000691896
0.000396029
-0.00737354
0.000278434
3.96703e-05
-0.00602823
-0.00221237
0.505841
5.64085e-05
1.00927
1.01064
0.563316
0.220825
0.446857
0.151662
0.000114997
0.000107332
0.000288583
-0.00507199
0.00669222
0.778874
0.0298194
0.0367476
0.999541
1.01651
1.01487
0.000161257
0.999353
0.9995
0.999586
0.999705
0.999782
0.99977
1.00022
0.999987
0.0328296
-0.00641553
1.00238
1.00141
-0.00294473
-0.00460973
0.0570083
0.0660234
-0.0128816
-0.0142408
-0.013011
1.00199
0.831305
1.00357
1.00343
1.00257
1.00435
0.996502
1.00254
0.979656
0.992071
0.94305
0.963553
0.890756
0.909527
0.000273371
0.999819
1.00129
1.01414
0.0723958
0.000293558
0.000523853
0.000542827
-0.0106201
0.936614
0.722583
1.01149
1.00039
-0.000472714
-0.00751902
-0.0062824
0.999732
0.108062
0.83263
0.392113
-0.0131346
-0.0152995
0.00015405
-0.00109559
0.000574535
0.735644
0.536042
0.272631
0.000327141
0.22256
0.42994
0.164797
0.60056
0.000173823
0.136144
0.126379
0.268936
1.00709
0.000218408
0.000221301
1.00582
1.01374
1.01859
1.01344
0.000272826
2.67683e-05
0.00023059
0.0254698
0.0974048
0.000349423
-0.00983989
-0.00460675
0.96427
0.775532
1.00074
0.000270808
1.00063
1.00127
1.00083
1.00172
1.00122
0.236934
0.521675
-0.00427329
0.179772
0.27118
0.201956
-0.00876342
0.000310065
-0.000246571
1.00387
1.00199
1.00589
0.990486
1.00062
0.959249
0.979564
0.901433
0.936099
1.01133
0.000391133
0.0574297
0.0186671
0.000581305
1.00513
1.01057
1.00305
1.00436
1.00253
0.000327108
0.770864
0.000313404
0.000231516
7.76844e-05
0.537445
0.380781
0.649087
1.00185
1.00183
-0.00217737
0.0216082
0.000252492
-0.00636329
-0.00789519
8.56595e-05
0.212402
-0.00107932
1.0045
1.00649
0.354972
-0.0131436
0.000464617
0.900922
0.787034
0.000211002
0.133301
1.01656
0.845655
0.173805
0.33691
1.01813
1.0165
-0.00316883
-0.000631016
-0.000874538
1.01501
0.00699129
-0.00888897
1.00304
0.983008
1.00223
-0.0135762
-0.00760015
-0.000781217
-0.000854359
0.495371
0.500352
0.366702
-0.0145181
7.17345e-05
0.999564
0.975137
0.991775
0.924887
0.951737
0.992716
0.931236
0.146946
-0.00201443
-0.0016838
-0.00597252
1.00023
0.815092
0.00441225
1.00911
1.01507
0.0693401
-0.00270677
0.0463821
1.00504
1.00502
0.055696
0.163868
1.00361
0.363669
-0.00824681
-0.00358822
0.434182
0.531943
0.474675
-0.00188846
-0.00409971
-0.00371336
0.63335
0.693365
0.97561
1.01619
0.948218
1.00712
1.00596
0.506657
0.370729
1.00433
1.00685
0.9426
0.909362
0.809039
0.870316
-0.00555216
-0.012424
0.481998
0.640459
1.00869
1.01998
0.849265
1.008
1.01187
0.620001
0.708482
-0.005955
0.661763
0.702546
0.768171
0.441845
0.725666
0.689918
1.00634
-0.00859308
-0.0083916
-0.008773
0.130357
0.986551
1.00105
1.00849
1.01136
1.00924
0.827745
0.93389
0.858063
0.955814
-0.00786453
1.01689
1.018
-0.0101775
-0.014644
-0.0101366
0.268836
0.466005
0.00662646
0.0516837
0.330491
0.87261
0.0840324
0.785712
1.01265
1.01223
0.0245806
-0.0101
-0.00963545
0.974408
1.0176
0.910792
0.992606
0.157296
0.426227
0.657704
0.342438
0.779003
0.996875
0.0105089
-0.00691756
0.941038
0.875023
0.977632
1.00205
1.01177
1.00827
1.01452
0.826102
0.945151
0.968697
0.863404
1.01543
0.105216
0.249533
-0.0128846
0.733089
1.01249
-0.00717866
0.00553054
-0.011432
-0.0111008
-0.00761601
-0.0120375
0.616022
0.137847
0.0657423
0.619871
0.6793
0.420612
-0.00920992
-0.0113724
0.573451
0.008181
0.0450744
-0.00020913
0.99095
-0.011252
0.0236579
0.0924937
0.565561
0.932756
0.998366
0.73686
0.587566
0.724167
0.913929
0.285577
0.37295
0.967524
0.337317
-0.00191008
-0.00133086
0.0176797
0.258515
0.124451
0.844329
0.668749
0.331261
0.0286599
0.0857597
0.017398
0.412091
0.784964
0.445516
0.0395987
0.157926
0.357302
0.930998
)
;

boundaryField
{
    frontAndBack
    {
        type            empty;
    }
    hot
    {
        type            fixedValue;
        value           uniform 1;
    }
    cold
    {
        type            fixedValue;
        value           uniform 0;
    }
    defaultFaces
    {
        type            zeroGradient;
    }
}


// ************************************************************************* //
