/*--------------------------------*- C++ -*----------------------------------*\
  =========                 |
  \\      /  F ield         | OpenFOAM: The Open Source CFD Toolbox
   \\    /   O peration     | Website:  https://openfoam.org
    \\  /    A nd           | Version:  7
     \\/     M anipulation  |
\*---------------------------------------------------------------------------*/
FoamFile
{
    version     2.0;
    format      ascii;
    class       volScalarField;
    location    "0.6";
    object      T;
}
// * * * * * * * * * * * * * * * * * * * * * * * * * * * * * * * * * * * * * //

dimensions      [0 0 0 1 0 0 0];

internalField   nonuniform List<scalar> 
10000
(
0.5
0.0669146
-0.0353169
-0.0277115
-0.00789976
0.00112931
0.00220711
0.000963794
3.88563e-05
-0.000206219
-0.000130475
-2.60559e-05
1.76156e-05
1.74837e-05
6.08561e-06
-9.06071e-07
-2.20759e-06
-1.13469e-06
-1.06163e-07
2.47859e-07
1.87024e-07
4.9395e-08
-2.13888e-08
-2.77866e-08
-1.17495e-08
4.1507e-10
3.66279e-09
2.2529e-09
3.9643e-10
-4.00052e-10
-3.76434e-10
-1.27637e-10
2.76709e-11
5.53471e-11
2.68859e-11
-4.58344e-13
-9.9929e-12
-7.67514e-12
-2.54986e-12
9.24399e-13
2.25465e-12
2.31661e-12
1.85077e-12
1.20414e-12
5.37993e-13
-2.1329e-14
-3.77121e-13
-5.02607e-13
-4.46453e-13
-2.97125e-13
-1.37858e-13
-1.92847e-14
4.40131e-14
6.17365e-14
5.27346e-14
3.41268e-14
1.66615e-14
4.74501e-15
-1.40708e-15
-3.43739e-15
-3.24799e-15
-2.25571e-15
-1.24819e-15
-5.27957e-16
-1.21551e-16
5.47698e-17
9.92776e-17
8.55549e-17
5.62181e-17
3.03179e-17
1.31645e-17
3.88664e-18
-1.49212e-19
-1.34859e-18
-1.31565e-18
-9.16646e-19
-5.26331e-19
-2.55246e-19
-1.00443e-19
-2.5953e-20
3.00154e-21
1.02495e-20
9.1831e-21
6.11636e-21
3.42636e-21
1.65752e-21
6.77976e-22
2.10192e-22
2.22729e-23
-3.3859e-23
-3.80929e-23
-2.74801e-23
-1.62938e-23
-8.41535e-24
-3.81965e-24
-1.48114e-24
-4.37453e-25
-4.22774e-26
6.67948e-26
8.13971e-26
0.933085
0.5
0.14482
-0.0139075
-0.0411718
-0.0230289
-0.00507433
0.00215701
0.00250723
0.00101071
-9.38734e-08
-0.000255324
-0.000158213
-3.18213e-05
2.20241e-05
2.24005e-05
8.17946e-06
-9.48178e-07
-2.86443e-06
-1.56602e-06
-2.00131e-07
3.13491e-07
2.58847e-07
7.77036e-08
-2.39624e-08
-3.79441e-08
-1.77301e-08
-5.20268e-10
4.83156e-09
3.30892e-09
7.47051e-10
-4.8307e-10
-5.33781e-10
-2.0226e-10
3.09716e-11
8.44594e-11
4.72081e-11
3.21982e-12
-1.72798e-11
-1.85655e-11
-1.24296e-11
-5.97036e-12
-1.213e-12
1.87792e-12
3.53324e-12
3.88416e-12
3.20473e-12
1.9815e-12
7.40557e-13
-1.57519e-13
-5.98419e-13
-6.61772e-13
-5.10738e-13
-2.97438e-13
-1.1681e-13
-4.01334e-15
4.56457e-14
5.35608e-14
4.16605e-14
2.51417e-14
1.16019e-14
3.16968e-15
-8.61115e-16
-2.078e-15
-1.9141e-15
-1.30502e-15
-7.18534e-16
-3.12141e-16
-8.63453e-17
1.27003e-17
4.09076e-17
3.78723e-17
2.57837e-17
1.44425e-17
6.70976e-18
2.38873e-18
3.91107e-19
-3.13899e-19
-4.25496e-19
-3.30212e-19
-2.03883e-19
-1.06844e-19
-4.74725e-20
-1.667e-20
-3.16271e-21
1.47261e-21
2.27431e-21
1.79467e-21
1.11858e-21
5.97837e-22
2.78242e-22
1.09778e-22
3.25796e-23
2.79098e-24
-5.63056e-24
-6.00619e-24
-4.23362e-24
-2.47447e-24
-1.27307e-24
-4.8993e-25
1.03532
0.85518
0.5
0.182448
0.00830364
-0.0419281
-0.032441
-0.0120093
3.84408e-05
0.00307766
0.00201936
0.000522644
-0.000189734
-0.000261936
-0.000118925
-6.07707e-06
2.86043e-05
2.02421e-05
5.19525e-06
-2.29056e-06
-2.95623e-06
-1.27806e-06
8.46548e-09
3.71768e-07
2.40891e-07
5.03702e-08
-3.68806e-08
-3.89006e-08
-1.47965e-08
1.66843e-09
5.44705e-09
3.09229e-09
4.22762e-10
-6.39869e-10
-5.42697e-10
-1.54101e-10
7.93431e-11
1.17553e-10
6.7281e-11
1.37262e-11
-1.52574e-11
-2.40965e-11
-2.30072e-11
-1.79471e-11
-1.12873e-11
-4.466e-12
1.07776e-12
4.33038e-12
5.17051e-12
4.27335e-12
2.62436e-12
1.04497e-12
-3.26727e-14
-5.40922e-13
-6.25015e-13
-4.87269e-13
-2.90297e-13
-1.25287e-13
-2.21223e-14
2.54016e-14
3.67102e-14
3.05383e-14
1.94893e-14
9.8534e-15
3.56187e-15
3.19908e-16
-8.93058e-16
-1.04579e-15
-7.92305e-16
-4.77558e-16
-2.35724e-16
-8.92649e-17
-1.68474e-17
1.06365e-17
1.5923e-17
1.2801e-17
8.05839e-18
4.25142e-18
1.86607e-18
6.16106e-19
7.28354e-20
-1.03205e-19
-1.21503e-19
-8.98362e-20
-5.3867e-20
-2.767e-20
-1.21475e-20
-4.27106e-21
-8.66664e-22
2.98568e-22
5.12382e-22
4.10323e-22
2.57422e-22
1.38666e-22
6.54916e-23
2.6668e-23
8.62555e-24
1.43276e-24
-7.71346e-25
-1.24279e-24
1.02771
1.01391
0.817552
0.5
0.206389
0.0268058
-0.0388677
-0.0384381
-0.0184166
-0.00302402
0.00284105
0.00282245
0.00118552
4.2633e-05
-0.000296282
-0.000211922
-6.02234e-05
1.88442e-05
2.95095e-05
1.43558e-05
1.17969e-06
-3.31264e-06
-2.541e-06
-7.3481e-07
2.46587e-07
3.77208e-07
1.78827e-07
8.57214e-09
-4.67524e-08
-3.36085e-08
-8.56189e-09
4.23672e-09
5.33743e-09
2.26027e-09
-1.22935e-10
-7.86151e-10
-4.96429e-10
-8.01008e-11
1.30646e-10
1.54695e-10
1.02932e-10
4.73708e-11
8.94205e-12
-1.42519e-11
-2.64052e-11
-2.93133e-11
-2.46547e-11
-1.55984e-11
-6.01168e-12
1.16768e-12
4.81823e-12
5.4154e-12
4.2123e-12
2.45153e-12
9.40152e-13
-7.69472e-15
-4.20558e-13
-4.76962e-13
-3.64843e-13
-2.15799e-13
-9.56072e-14
-2.2076e-14
1.18926e-14
2.09753e-14
1.8204e-14
1.19591e-14
6.32007e-15
2.55523e-15
5.44513e-16
-2.80156e-16
-4.66939e-16
-3.89794e-16
-2.50555e-16
-1.33049e-16
-5.74054e-17
-1.7319e-17
-9.77603e-20
5.05598e-18
5.06082e-18
3.54555e-18
2.04408e-18
1.00058e-18
4.04071e-19
1.15084e-19
1.53444e-22
-3.14396e-20
-3.04624e-20
-2.09033e-20
-1.19538e-20
-5.91556e-21
-2.5091e-21
-8.46892e-22
-1.54625e-22
7.14229e-23
1.07128e-22
8.29817e-23
5.11134e-23
2.72155e-23
1.28593e-23
4.18539e-24
1.0079
1.04117
0.991696
0.793611
0.5
0.223365
0.042154
-0.0343031
-0.0421139
-0.0239644
-0.00647534
0.00197761
0.00332499
0.00186777
0.000400612
-0.000245072
-0.000285991
-0.000129611
-8.12739e-06
3.15022e-05
2.39228e-05
7.25577e-06
-1.97863e-06
-3.44893e-06
-1.76137e-06
-1.84537e-07
3.91241e-07
3.18271e-07
9.93709e-08
-2.70306e-08
-4.7599e-08
-2.39778e-08
-1.93922e-09
5.85215e-09
4.47927e-09
1.17955e-09
-6.57145e-10
-8.98292e-10
-4.73553e-10
-6.39154e-11
1.32358e-10
1.71738e-10
1.46157e-10
1.04082e-10
5.97803e-11
1.83896e-11
-1.3838e-11
-3.16564e-11
-3.46123e-11
-2.71098e-11
-1.55028e-11
-5.01525e-12
1.74162e-12
4.56716e-12
4.61574e-12
3.33388e-12
1.82308e-12
6.57528e-13
-1.56117e-14
-2.84543e-13
-3.0973e-13
-2.30706e-13
-1.34511e-13
-6.01156e-14
-1.57284e-14
4.64809e-15
1.04334e-14
9.38943e-15
6.29835e-15
3.4277e-15
1.48156e-15
4.17225e-16
-4.48749e-17
-1.76911e-16
-1.65517e-16
-1.1291e-16
-6.33981e-17
-2.96805e-17
-1.08352e-17
-2.07521e-18
1.08385e-18
1.66276e-18
1.32537e-18
8.29846e-19
4.40467e-19
1.9931e-19
7.27241e-20
1.62336e-20
-3.91227e-21
-8.0857e-21
-6.70854e-21
-4.28432e-21
-2.33277e-21
-1.1079e-21
-4.50671e-22
-1.43392e-22
-2.10312e-23
1.63304e-23
2.0439e-23
1.53467e-23
0.998871
1.02303
1.04193
0.973194
0.776635
0.5
0.236308
0.0551561
-0.0291433
-0.0442026
-0.0286476
-0.0100134
0.000663016
0.00351519
0.00249279
0.000838178
-0.000110139
-0.000325109
-0.00020245
-4.98925e-05
2.37007e-05
3.12705e-05
1.49634e-05
1.26022e-06
-3.52123e-06
-2.80622e-06
-8.96003e-07
2.13502e-07
4.11952e-07
2.18704e-07
2.6958e-08
-4.67506e-08
-3.98224e-08
-1.29755e-08
3.27445e-09
6.23521e-09
3.26009e-09
2.26581e-10
-1.02498e-09
-9.84628e-10
-5.4023e-10
-1.70089e-10
3.59226e-11
1.32487e-10
1.69109e-10
1.63819e-10
1.25621e-10
7.00605e-11
1.67686e-11
-1.97291e-11
-3.50974e-11
-3.36726e-11
-2.35079e-11
-1.18491e-11
-2.93649e-12
2.00163e-12
3.63475e-12
3.30635e-12
2.2251e-12
1.14645e-12
3.87416e-13
-1.97607e-14
-1.69347e-13
-1.76376e-13
-1.2799e-13
-7.35588e-14
-3.30244e-14
-9.37806e-15
1.41029e-15
4.61368e-15
4.31876e-15
2.95406e-15
1.64655e-15
7.46967e-16
2.45148e-16
1.77807e-17
-5.67207e-17
-6.22276e-17
-4.52749e-17
-2.6731e-17
-1.33117e-17
-5.44238e-18
-1.55774e-18
9.86885e-21
4.45382e-19
4.30939e-19
2.95918e-19
1.68964e-19
8.30784e-20
3.46489e-20
1.11541e-20
1.53119e-21
-1.45891e-21
-1.78591e-21
-1.31845e-21
-7.90541e-22
-4.11035e-22
-1.87335e-22
-7.36527e-23
-1.34867e-23
0.997793
1.00507
1.03244
1.03887
0.957846
0.763692
0.5
0.246668
0.0663827
-0.0238073
-0.0451887
-0.0325522
-0.0134733
-0.000959178
0.00341734
0.00301639
0.00131432
9.733e-05
-0.000320961
-0.000268331
-0.000102053
5.40097e-06
3.42592e-05
2.29965e-05
6.21789e-06
-2.43293e-06
-3.56994e-06
-1.78397e-06
-1.83395e-07
4.05313e-07
3.36866e-07
1.12166e-07
-2.35658e-08
-4.99871e-08
-2.71763e-08
-3.26047e-09
6.42327e-09
5.7911e-09
2.23218e-09
-2.62613e-10
-1.0983e-09
-1.01729e-09
-6.97114e-10
-4.06509e-10
-1.74894e-10
1.09922e-11
1.40354e-10
1.96405e-10
1.82747e-10
1.25521e-10
5.79757e-11
4.75323e-12
-2.44399e-11
-3.21694e-11
-2.67717e-11
-1.66491e-11
-7.35165e-12
-1.19757e-12
1.75343e-12
2.46902e-12
2.04868e-12
1.29481e-12
6.32443e-13
2.00949e-13
-1.61162e-14
-8.98868e-14
-8.9959e-14
-6.38056e-14
-3.62315e-14
-1.634e-14
-4.94664e-15
2.33777e-16
1.83573e-15
1.80361e-15
1.26003e-15
7.1798e-16
3.38675e-16
1.23054e-16
2.18356e-17
-1.46321e-17
-2.09131e-17
-1.64458e-17
-1.02112e-17
-5.35898e-18
-2.37344e-18
-8.22165e-19
-1.44084e-19
8.53705e-20
1.21598e-19
9.41767e-20
5.80075e-20
3.06211e-20
1.40035e-20
5.35148e-21
1.4574e-21
4.56086e-24
-3.68182e-22
-3.48631e-22
-2.35346e-22
-1.24013e-22
0.999036
0.997843
1.01201
1.03844
1.0343
0.944844
0.753332
0.5
0.255249
0.0762288
-0.0184971
-0.0453946
-0.0357829
-0.0167686
-0.00277966
0.00306919
0.00341666
0.00179625
0.000362307
-0.000271062
-0.000319196
-0.000159502
-2.26983e-05
3.14482e-05
3.00039e-05
1.24139e-05
-5.02061e-08
-3.78029e-06
-2.69444e-06
-7.81381e-07
2.58333e-07
4.1857e-07
2.16595e-07
2.50339e-08
-4.85642e-08
-4.17805e-08
-1.42017e-08
3.45355e-09
7.62758e-09
5.13087e-09
1.84867e-09
-6.90532e-11
-7.73771e-10
-9.16887e-10
-8.6656e-10
-7.10154e-10
-4.64777e-10
-1.85926e-10
4.66977e-11
1.7941e-10
2.07974e-10
1.65645e-10
9.643e-11
3.39641e-11
-6.13114e-12
-2.32073e-11
-2.43277e-11
-1.78604e-11
-9.9803e-12
-3.84036e-12
-2.48153e-13
1.24484e-12
1.46367e-12
1.12397e-12
6.7287e-13
3.13765e-13
9.44138e-14
-1.00143e-14
-4.31133e-14
-4.1745e-14
-2.90597e-14
-1.63529e-14
-7.41834e-15
-2.37161e-15
-7.71089e-17
6.60947e-16
6.91902e-16
4.95395e-16
2.88535e-16
1.40767e-16
5.51259e-17
1.3645e-17
-2.41293e-18
-6.26656e-18
-5.46161e-18
-3.5821e-18
-1.97345e-18
-9.30819e-19
-3.62816e-19
-9.83993e-20
2.65133e-21
2.87398e-20
2.6805e-20
1.8049e-20
1.02048e-20
5.02497e-21
2.14018e-21
7.40525e-22
1.61182e-22
-7.90519e-23
0.999961
0.997493
0.999962
1.01842
1.04211
1.02914
0.933617
0.744751
0.5
0.262537
0.0849758
-0.0133115
-0.0450396
-0.0384394
-0.0198576
-0.00471768
0.00251112
0.00368607
0.00225945
0.000669094
-0.000176905
-0.000349474
-0.000217239
-5.89605e-05
2.2113e-05
3.47796e-05
1.91931e-05
3.57785e-06
-3.23186e-06
-3.45341e-06
-1.5229e-06
-4.73593e-08
4.30337e-07
3.22284e-07
9.76692e-08
-3.04096e-08
-5.29342e-08
-2.9188e-08
-4.5795e-09
6.44892e-09
7.30093e-09
4.66643e-09
2.25843e-09
8.22569e-10
-2.44043e-11
-5.99935e-10
-9.33481e-10
-9.73084e-10
-7.55953e-10
-4.1479e-10
-9.58482e-11
1.11278e-10
1.9085e-10
1.7722e-10
1.19847e-10
5.83441e-11
1.34595e-11
-1.03131e-11
-1.75927e-11
-1.55884e-11
-1.02859e-11
-5.20991e-12
-1.72981e-12
9.65299e-14
7.50653e-13
7.72626e-13
5.56166e-13
3.17923e-13
1.42541e-13
4.10106e-14
-5.1264e-15
-1.88999e-14
-1.78378e-14
-1.22393e-14
-6.84649e-15
-3.12931e-15
-1.05011e-15
-1.01878e-16
2.1518e-16
2.45709e-16
1.812e-16
1.07974e-16
5.43099e-17
2.25602e-17
6.73195e-18
2.41465e-19
-1.64169e-18
-1.6636e-18
-1.16329e-18
-6.72553e-19
-3.34747e-19
-1.41905e-19
-4.71883e-20
-7.73163e-21
4.96911e-21
6.73485e-21
5.10905e-21
3.11067e-21
1.64523e-21
6.42503e-22
1.00021
0.998989
0.996922
1.00302
1.02396
1.0442
1.02381
0.923771
0.737463
0.5
0.268847
0.0928295
-0.00829713
-0.0442768
-0.0406094
-0.0227243
-0.00671456
0.00178129
0.00382595
0.00268654
0.001003
-4.24486e-05
-0.000355818
-0.000270828
-0.000101219
6.15723e-06
3.63678e-05
2.58328e-05
8.25177e-06
-1.80537e-06
-3.89324e-06
-2.32249e-06
-5.06957e-07
3.45797e-07
4.08696e-07
1.89526e-07
9.25817e-09
-5.46861e-08
-4.54311e-08
-1.83202e-08
-3.05041e-10
5.80704e-09
5.81254e-09
4.42952e-09
3.24782e-09
2.19282e-09
1.05005e-09
-4.66741e-11
-8.12391e-10
-1.09517e-09
-9.62617e-10
-6.13903e-10
-2.49001e-10
1.15874e-11
1.37773e-10
1.58537e-10
1.22551e-10
7.12148e-11
2.84429e-11
2.19718e-12
-9.23283e-12
-1.11598e-11
-8.69517e-12
-5.23665e-12
-2.42109e-12
-6.81558e-13
1.45579e-13
3.97129e-13
3.69263e-13
2.51875e-13
1.38485e-13
6.0113e-14
1.67223e-14
-2.24847e-15
-7.64451e-15
-7.08544e-15
-4.81177e-15
-2.68343e-15
-1.23774e-15
-4.34004e-16
-6.53103e-17
6.27165e-17
8.11683e-17
6.20712e-17
3.79078e-17
1.96226e-17
8.55815e-18
2.88866e-18
4.49233e-19
-3.53848e-19
-4.63452e-19
-3.51233e-19
-2.13725e-19
-1.1174e-19
-5.05871e-20
-1.90505e-20
-5.00127e-21
1.62834e-22
1.41362e-21
1.37319e-21
1.00013
1
0.997981
0.997159
1.00648
1.02865
1.04519
1.0185
0.915024
0.731153
0.5
0.274394
0.0999444
-0.00347339
-0.0432147
-0.0423674
-0.025367
-0.00872811
0.000913719
0.00384278
0.00306586
0.00135109
0.000126998
-0.000336704
-0.000316604
-0.000147094
-1.60179e-05
3.41029e-05
3.16254e-05
1.3664e-05
5.2903e-07
-3.87251e-06
-3.0806e-06
-1.096e-06
1.47161e-07
4.54e-07
2.92094e-07
7.42756e-08
-3.84818e-08
-5.57503e-08
-3.43041e-08
-1.26099e-08
-1.51414e-09
2.20582e-09
3.41719e-09
4.15619e-09
4.35809e-09
3.65614e-09
2.2297e-09
6.65416e-10
-4.95516e-10
-1.03063e-09
-1.02895e-09
-7.3131e-10
-3.70841e-10
-8.98377e-11
6.69678e-11
1.18355e-10
1.06716e-10
7.10031e-11
3.57321e-11
1.11648e-11
-1.76199e-12
-6.24734e-12
-6.13677e-12
-4.31746e-12
-2.40214e-12
-1.01905e-12
-2.36245e-13
1.03273e-13
1.88605e-13
1.61962e-13
1.05632e-13
5.62258e-14
2.3785e-14
6.47476e-15
-8.61316e-16
-2.87506e-15
-2.63619e-15
-1.77886e-15
-9.9165e-16
-4.62229e-16
-1.68717e-16
-3.29834e-17
1.58984e-17
2.50005e-17
2.00092e-17
1.25564e-17
6.68351e-18
3.03955e-18
1.12159e-18
2.6127e-19
-4.91861e-20
-1.16691e-19
-9.86967e-20
-6.36303e-20
-3.49007e-20
-1.66969e-20
-6.9324e-21
-1.5065e-21
1.00003
1.00026
0.999477
0.997178
0.998022
1.01001
1.03255
1.04539
1.01331
0.90717
0.725606
0.5
0.279329
0.106439
0.00115474
-0.041932
-0.0437761
-0.0277924
-0.0107283
-6.2262e-05
0.00374582
0.00339021
0.00170247
0.000325544
-0.000292008
-0.000351728
-0.000194215
-4.3651e-05
2.76079e-05
3.59352e-05
1.9442e-05
3.72026e-06
-3.28723e-06
-3.69588e-06
-1.77618e-06
-1.76408e-07
4.33339e-07
3.89669e-07
1.63305e-07
3.75332e-09
-4.93331e-08
-4.33752e-08
-2.47357e-08
-1.24713e-08
-6.81017e-09
-3.24897e-09
3.69325e-10
3.52855e-09
5.10799e-09
4.80622e-09
3.24705e-09
1.38605e-09
-5.47144e-11
-8.02728e-10
-9.48917e-10
-7.4506e-10
-4.33653e-10
-1.66785e-10
-9.95641e-13
7.0315e-11
7.97685e-11
6.0585e-11
3.54575e-11
1.54359e-11
3.34462e-12
-2.13833e-12
-3.52661e-12
-3.00159e-12
-1.94262e-12
-1.00816e-12
-3.93954e-13
-7.16663e-14
5.63958e-14
8.17761e-14
6.59115e-14
4.14167e-14
2.14658e-14
8.9041e-15
2.40073e-15
-2.89437e-16
-1.01171e-15
-9.24376e-16
-6.22085e-16
-3.47495e-16
-1.63871e-16
-6.20606e-17
-1.45108e-17
3.21911e-18
7.17636e-18
6.08999e-18
3.94091e-18
2.15697e-18
1.01815e-18
4.02425e-19
1.15785e-19
4.75107e-21
-2.57463e-20
-2.57408e-20
-1.78073e-20
-9.48993e-21
0.999982
1.00016
1.00019
0.998814
0.996675
0.999337
1.01347
1.03578
1.04504
1.0083
0.900056
0.720671
0.5
0.283765
0.112406
0.00559006
-0.0404869
-0.0448875
-0.0300111
-0.0126941
-0.0011218
0.00354557
0.00365566
0.00204819
0.000547226
-0.000222631
-0.000374149
-0.000240369
-7.57445e-05
1.6767e-05
3.82346e-05
2.51887e-05
7.65347e-06
-2.07211e-06
-4.07078e-06
-2.49774e-06
-6.28662e-07
3.17715e-07
4.54709e-07
2.62262e-07
7.14123e-08
-1.82414e-08
-3.41697e-08
-2.55698e-08
-1.8419e-08
-1.60863e-08
-1.39384e-08
-9.23018e-09
-2.95901e-09
2.39852e-09
5.19705e-09
5.36341e-09
3.88522e-09
1.95537e-09
3.96735e-10
-4.8436e-10
-7.60715e-10
-6.66638e-10
-4.31885e-10
-2.05726e-10
-5.12795e-11
2.68102e-11
5.03134e-11
4.49692e-11
2.99137e-11
1.55973e-11
5.79976e-12
5.70351e-13
-1.45557e-12
-1.74057e-12
-1.33113e-12
-8.03441e-13
-3.91991e-13
-1.41514e-13
-1.85473e-14
2.63462e-14
3.2789e-14
2.51118e-14
1.53008e-14
7.76154e-15
3.17488e-15
8.57498e-16
-8.41596e-17
-3.3474e-16
-3.07021e-16
-2.06798e-16
-1.16006e-16
-5.5398e-17
-2.17048e-17
-5.78971e-18
3.43146e-19
1.91142e-18
1.75345e-18
1.1758e-18
6.62256e-19
3.23464e-19
1.35168e-19
4.44351e-20
7.58305e-21
-7.02988e-21
0.999983
1.00003
1.00026
0.999957
0.998132
0.996485
1.00096
1.01677
1.03844
1.04428
1.00347
0.893561
0.716235
0.5
0.287787
0.11792
0.00983944
-0.0389223
-0.0457452
-0.0320359
-0.0146108
-0.00224409
0.00325288
0.00386074
0.00238115
0.000786327
-0.00013018
-0.00038252
-0.000283583
-0.00011117
1.68472e-06
3.81193e-05
3.0513e-05
1.21703e-05
-1.93725e-07
-4.10866e-06
-3.1936e-06
-1.19756e-06
8.11587e-08
4.49619e-07
3.39729e-07
1.4596e-07
3.16582e-08
-2.89544e-09
-5.40176e-09
-7.42969e-09
-1.46436e-08
-2.07422e-08
-2.05859e-08
-1.44659e-08
-6.08023e-09
8.70883e-10
4.59428e-09
5.25321e-09
4.04812e-09
2.26578e-09
7.54557e-10
-1.6168e-10
-5.24267e-10
-5.29882e-10
-3.78977e-10
-2.0721e-10
-7.8161e-11
-4.74888e-12
2.49326e-11
2.89377e-11
2.20429e-11
1.31419e-11
6.14193e-12
1.89303e-12
-1.29643e-13
-7.81636e-13
-7.72344e-13
-5.43182e-13
-3.08992e-13
-1.42671e-13
-4.77077e-14
-3.76675e-15
1.10025e-14
1.22806e-14
9.02356e-15
5.36071e-15
2.67359e-15
1.084e-15
2.96209e-16
-2.00778e-17
-1.04521e-16
-9.69896e-17
-6.56127e-17
-3.70372e-17
-1.79242e-17
-7.24652e-18
-2.13981e-18
-1.09989e-19
4.67218e-19
4.77833e-19
3.34272e-19
1.94024e-19
9.84938e-20
3.51818e-20
0.999994
0.999978
1.00012
1.0003
0.999599
0.997507
0.996583
1.00278
1.01986
1.04061
1.04321
0.998845
0.887594
0.712213
0.5
0.291459
0.123039
0.0139117
-0.0372711
-0.0463857
-0.0338802
-0.0164687
-0.00341188
0.00287833
0.00400571
0.00269582
0.00103756
-1.67167e-05
-0.000376095
-0.000322171
-0.000148752
-1.73634e-05
3.53049e-05
3.5047e-05
1.70815e-05
2.35442e-06
-3.70933e-06
-3.76829e-06
-1.8371e-06
-2.78884e-07
3.43201e-07
3.55379e-07
1.905e-07
7.32789e-08
3.55237e-08
3.2553e-08
2.6336e-08
8.40537e-09
-1.18569e-08
-2.40811e-08
-2.5047e-08
-1.80207e-08
-8.51157e-09
-7.65377e-10
3.49591e-09
4.59225e-09
3.77308e-09
2.29181e-09
9.58911e-10
9.82135e-11
-2.96406e-10
-3.74411e-10
-2.97824e-10
-1.8144e-10
-8.38687e-11
-2.25278e-11
6.86958e-12
1.56478e-11
1.42714e-11
9.64189e-12
5.22656e-12
2.19042e-12
5.25526e-13
-1.827e-13
-3.61963e-13
-3.13951e-13
-2.06335e-13
-1.11559e-13
-4.90348e-14
-1.52284e-14
-3.92118e-16
4.20701e-15
4.33096e-15
3.07703e-15
1.79078e-15
8.81652e-16
3.55919e-16
9.9197e-17
-3.16824e-18
-3.08765e-17
-2.92399e-17
-1.99358e-17
-1.13456e-17
-5.56795e-18
-2.31754e-18
-7.42151e-19
-9.74672e-20
1.02302e-19
1.22559e-19
8.98405e-20
1
0.999978
1.00001
1.00021
1.00025
0.999162
0.996984
0.996931
1.00472
1.02272
1.04237
1.04193
0.99441
0.88208
0.708541
0.5
0.294834
0.127814
0.0178165
-0.035558
-0.0468395
-0.0355575
-0.0182615
-0.00461091
0.00243195
0.00409206
0.00298801
0.00129614
0.000115432
-0.000354622
-0.000354745
-0.000187335
-3.99823e-05
2.96067e-05
3.84409e-05
2.21605e-05
5.53917e-06
-2.78007e-06
-4.09783e-06
-2.45246e-06
-7.1535e-07
1.407e-07
2.86268e-07
1.67222e-07
6.52077e-08
4.50789e-08
6.36535e-08
7.16745e-08
5.35825e-08
2.07883e-08
-8.8577e-09
-2.48266e-08
-2.65593e-08
-1.94734e-08
-9.92507e-09
-2.18258e-09
2.20445e-09
3.60847e-09
3.19215e-09
2.08173e-09
1.00322e-09
2.62909e-10
-1.14786e-10
-2.3218e-10
-2.10965e-10
-1.4194e-10
-7.50396e-11
-2.87006e-11
-3.62007e-12
6.35727e-12
8.0081e-12
6.25071e-12
3.83429e-12
1.90688e-12
7.13039e-13
1.15103e-13
-1.11141e-13
-1.50437e-13
-1.18512e-13
-7.36502e-14
-3.8112e-14
-1.60329e-14
-4.63987e-15
1.29021e-16
1.49537e-15
1.44765e-15
1.00088e-15
5.72982e-16
2.79457e-16
1.12767e-16
3.22522e-17
2.23251e-19
-8.6397e-18
-8.43498e-18
-5.81712e-18
-3.34385e-18
-1.66508e-18
-7.11768e-19
-2.47352e-19
-1.28824e-20
1
0.999992
0.999971
1.00006
1.00029
1.00011
0.998686
0.996583
0.997489
1.00671
1.02537
1.04378
1.04049
0.990161
0.876961
0.705166
0.5
0.297951
0.132283
0.0215636
-0.0338022
-0.0471324
-0.0370806
-0.0199854
-0.00582946
0.00192307
0.00412207
0.0032547
0.00155786
0.000263822
-0.000318241
-0.000380199
-0.000225816
-6.5696e-05
2.09183e-05
4.0348e-05
2.71191e-05
9.24986e-06
-1.27761e-06
-4.06184e-06
-2.91225e-06
-1.12199e-06
-8.97914e-08
1.6129e-07
7.08803e-08
-2.2461e-08
-1.63519e-08
4.61165e-08
9.65193e-08
1.02764e-07
7.22371e-08
2.93168e-08
-5.27268e-09
-2.28864e-08
-2.52709e-08
-1.89255e-08
-1.02361e-08
-3.14482e-09
1.00278e-09
2.54529e-09
2.47118e-09
1.72517e-09
9.21114e-10
3.33049e-10
6.22466e-12
-1.21276e-10
-1.34407e-10
-1.00483e-10
-5.91095e-11
-2.7206e-11
-8.09009e-12
8.86601e-13
3.69723e-12
3.56892e-12
2.48653e-12
1.40589e-12
6.44972e-13
2.12738e-13
1.37487e-14
-5.24285e-14
-5.74096e-14
-4.19777e-14
-2.48934e-14
-1.24028e-14
-5.0192e-15
-1.35961e-15
1.09135e-16
4.99319e-16
4.61095e-16
3.11906e-16
1.76271e-16
8.54311e-17
3.45725e-17
1.01895e-17
4.756e-19
-2.28906e-18
-2.33314e-18
-1.63376e-18
-9.54377e-19
-4.19389e-19
1
1
0.99998
0.999981
1.00013
1.00033
0.999903
0.998204
0.996314
0.998219
1.00873
1.02779
1.04489
1.03892
0.986088
0.872186
0.702049
0.5
0.300845
0.136483
0.0251626
-0.0320184
-0.0472861
-0.0384617
-0.0216386
-0.00705794
0.00136019
0.00409856
0.00349378
0.00181904
0.000426003
-0.00026738
-0.000397666
-0.000263147
-9.39503e-05
9.2181e-06
4.04294e-05
3.15905e-05
1.32531e-05
7.25121e-07
-3.61473e-06
-3.10633e-06
-1.36622e-06
-2.22457e-07
7.90627e-08
-3.94708e-08
-1.72733e-07
-1.66282e-07
-5.78176e-08
5.83647e-08
1.20553e-07
1.20031e-07
8.10979e-08
3.39933e-08
-1.42763e-09
-1.90042e-08
-2.19439e-08
-1.68599e-08
-9.59442e-09
-3.56878e-09
7.45952e-11
1.59062e-09
1.75631e-09
1.31685e-09
7.64173e-10
3.30416e-10
7.07044e-11
-4.64182e-11
-7.59186e-11
-6.46378e-11
-4.19731e-11
-2.19285e-11
-8.68874e-12
-1.68281e-12
1.14714e-12
1.74632e-12
1.43212e-12
9.12714e-13
4.8057e-13
2.03956e-13
5.81532e-14
-3.73679e-15
-2.14354e-14
-2.0419e-14
-1.40669e-14
-8.01821e-15
-3.86661e-15
-1.51276e-15
-3.85899e-16
4.99552e-17
1.57841e-16
1.40577e-16
9.34667e-17
5.23091e-17
2.52604e-17
1.02797e-17
3.13005e-18
2.66986e-19
-5.63894e-19
-6.60134e-19
1
1
0.999995
0.99997
1.00001
1.0002
1.00032
0.999638
0.997741
0.996174
0.999086
1.01073
1.03001
1.04575
1.03727
0.982184
0.867717
0.699155
0.5
0.303542
0.14044
0.0286225
-0.0302183
-0.0473191
-0.0397121
-0.0232206
-0.00828852
0.000751036
0.00402469
0.00370389
0.00207652
0.000599586
-0.00020267
-0.000406467
-0.000298297
-0.000124068
-5.36866e-06
3.84181e-05
3.51698e-05
1.71882e-05
2.9881e-06
-2.86874e-06
-3.03903e-06
-1.37122e-06
-1.30035e-07
1.82875e-07
-3.73552e-08
-2.99082e-07
-3.66175e-07
-2.51121e-07
-7.19065e-08
6.86847e-08
1.29827e-07
1.22847e-07
8.10898e-08
3.51482e-08
2.05932e-09
-1.42533e-08
-1.75707e-08
-1.39271e-08
-8.29929e-09
-3.51159e-09
-5.15046e-10
8.47439e-10
1.14431e-09
9.30911e-10
5.82035e-10
2.84084e-10
9.27225e-11
-3.23185e-12
-3.64825e-11
-3.76239e-11
-2.71525e-11
-1.57316e-11
-7.33674e-12
-2.42436e-12
-1.11791e-13
6.68245e-13
7.22323e-13
5.28175e-13
3.12833e-13
1.5452e-13
6.07141e-14
1.44628e-14
-3.64966e-15
-7.93679e-15
-6.84122e-15
-4.48935e-15
-2.47447e-15
-1.16033e-15
-4.4105e-16
-1.068e-16
1.84269e-17
4.75152e-17
4.11781e-17
2.7018e-17
1.50155e-17
7.2388e-18
3.00257e-18
6.08277e-19
1
1
1
0.999986
0.999968
1.00005
1.00027
1.00027
0.999331
0.997313
0.996157
1.00006
1.01269
1.03204
1.04639
1.03556
0.978436
0.863517
0.696458
0.5
0.306067
0.144179
0.0319521
-0.0284107
-0.0472471
-0.0408424
-0.0247318
-0.00951481
0.000102552
0.00390374
0.00388426
0.00232761
0.000782264
-0.000124908
-0.000406076
-0.00033022
-0.000155186
-2.24587e-05
3.4259e-05
3.75457e-05
2.0657e-05
5.13196e-06
-2.1286e-06
-2.9098e-06
-1.21754e-06
2.18459e-07
5.85329e-07
2.27023e-07
-2.58831e-07
-5.11397e-07
-4.78814e-07
-2.83552e-07
-7.12036e-08
7.10043e-08
1.24707e-07
1.13996e-07
7.43931e-08
3.34164e-08
4.65839e-09
-9.60863e-09
-1.30535e-08
-1.07482e-08
-6.6911e-09
-3.11519e-09
-7.94936e-10
3.40043e-10
6.77876e-10
6.10798e-10
4.10823e-10
2.20155e-10
8.86318e-11
1.67612e-11
-1.30377e-11
-1.94853e-11
-1.60361e-11
-1.02472e-11
-5.37261e-12
-2.22857e-12
-5.70812e-13
1.21629e-13
3.03365e-13
2.70986e-13
1.81582e-13
1.0106e-13
4.70814e-14
1.71102e-14
3.20777e-15
-1.80703e-15
-2.72353e-15
-2.17655e-15
-1.37198e-15
-7.34967e-16
-3.36553e-16
-1.24897e-16
-2.89954e-17
5.98471e-18
1.36842e-17
1.16258e-17
7.57681e-18
3.76092e-18
1
1
1
0.999999
0.999976
0.999976
1.0001
1.00032
1.00018
0.998997
0.996934
0.996254
1.00112
1.01461
1.03388
1.04684
1.0338
0.974837
0.85956
0.693933
0.5
0.308436
0.147722
0.0351593
-0.0266028
-0.0470838
-0.0418621
-0.0261733
-0.0107317
-0.000579033
0.00373904
0.00403458
0.00256995
0.000971752
-3.51056e-05
-0.000396187
-0.000357905
-0.000186246
-4.13211e-05
2.82761e-05
3.87098e-05
2.34256e-05
6.78891e-06
-1.8149e-06
-3.11277e-06
-1.20296e-06
6.63833e-07
1.26807e-06
8.42021e-07
8.98188e-08
-4.58298e-07
-6.30384e-07
-5.12757e-07
-2.77967e-07
-6.4367e-08
6.49867e-08
1.0921e-07
9.77658e-08
6.36313e-08
2.96507e-08
6.12802e-09
-5.71433e-09
-9.02405e-09
-7.78875e-09
-5.06268e-09
-2.54324e-09
-8.44829e-10
3.96683e-11
3.57424e-10
3.71452e-10
2.70159e-10
1.56814e-10
7.22171e-11
2.23301e-11
-1.04126e-12
-8.57397e-12
-8.58994e-12
-6.10976e-12
-3.53797e-12
-1.68982e-12
-6.15035e-13
-1.00357e-13
8.78327e-14
1.19599e-13
9.41105e-14
5.88042e-14
3.10042e-14
1.36796e-14
4.58639e-15
6.01457e-16
-7.17814e-16
-8.78565e-16
-6.61719e-16
-4.03341e-16
-2.10915e-16
-9.46818e-17
-3.44727e-17
-7.75096e-18
1.68229e-18
4.32634e-18
1
1
1
1
0.999993
0.999969
0.999995
1.00016
1.00035
1.00004
0.998649
0.99661
0.996454
1.00224
1.01647
1.03556
1.04713
1.03202
0.971377
0.855821
0.691564
0.5
0.310668
0.151087
0.0382517
-0.0248001
-0.0468407
-0.0427801
-0.0275468
-0.0119349
-0.00128814
0.00353393
0.00415487
0.00280145
0.00116569
6.53663e-05
-0.000376907
-0.000380583
-0.000216152
-6.09246e-05
2.12535e-05
3.91469e-05
2.56756e-05
7.85759e-06
-2.25662e-06
-4.10739e-06
-1.79809e-06
8.296e-07
2.00891e-06
1.7447e-06
8.0486e-07
-8.5592e-08
-5.74932e-07
-6.54575e-07
-4.86841e-07
-2.49306e-07
-5.59325e-08
5.34066e-08
8.84521e-08
7.8426e-08
5.12446e-08
2.4769e-08
6.52717e-09
-2.84237e-09
-5.80355e-09
-5.317e-09
-3.61286e-09
-1.93489e-09
-7.55927e-10
-1.06744e-10
1.58723e-10
2.0803e-10
1.65868e-10
1.03779e-10
5.28168e-11
2.0474e-11
3.8245e-12
-2.74737e-12
-4.0868e-12
-3.33379e-12
-2.1283e-12
-1.1318e-12
-4.93044e-13
-1.53029e-13
-4.91985e-15
4.11071e-14
4.27609e-14
3.06674e-14
1.80846e-14
9.08983e-15
3.81069e-15
1.17395e-15
7.87959e-17
-2.52112e-16
-2.69021e-16
-1.9322e-16
-1.14507e-16
-5.865e-17
-2.61669e-17
-6.68209e-18
1
1
1
1
1
0.999985
0.999966
1.00002
1.00022
1.00036
0.999873
0.998298
0.996344
0.996747
1.00341
1.01826
1.03708
1.04729
1.03022
0.968048
0.852278
0.689332
0.5
0.312776
0.154289
0.0412361
-0.0230069
-0.0465279
-0.0436045
-0.0288542
-0.0131211
-0.0020197
0.00329172
0.00424548
0.00302023
0.00136157
0.000174617
-0.000349035
-0.000398093
-0.00024414
-8.02266e-05
1.42944e-05
3.98616e-05
2.81742e-05
8.76101e-06
-3.41069e-06
-6.1737e-06
-3.4751e-06
2.07048e-07
2.39013e-06
2.67584e-06
1.79e-06
6.33727e-07
-2.1886e-07
-5.9994e-07
-6.06681e-07
-4.24469e-07
-2.09717e-07
-4.76434e-08
3.97844e-08
6.68953e-08
5.93203e-08
3.91141e-08
1.95947e-08
6.11404e-09
-9.73404e-10
-3.45661e-09
-3.42482e-09
-2.44043e-09
-1.3833e-09
-6.05439e-10
-1.54443e-10
4.87938e-11
1.05625e-10
9.4968e-11
6.41886e-11
3.54993e-11
1.58314e-11
4.85963e-12
-7.93891e-14
-1.6312e-12
-1.64842e-12
-1.17571e-12
-6.88051e-13
-3.38612e-13
-1.34029e-13
-3.35034e-14
6.16837e-15
1.60301e-14
1.41872e-14
9.46871e-15
5.31631e-15
2.56029e-15
1.0226e-15
2.87903e-16
-2.03964e-18
-8.13847e-17
-7.87508e-17
-5.45571e-17
-2.86639e-17
1
1
1
1
1
0.999999
0.999977
0.999969
1.00006
1.00027
1.00034
0.999674
0.997952
0.996139
0.997122
1.00461
1.01999
1.03846
1.04732
1.02841
0.964841
0.848913
0.687224
0.5
0.314771
0.157342
0.0441189
-0.0212266
-0.0461541
-0.0443428
-0.0300978
-0.0142875
-0.002769
0.00301594
0.00430727
0.00322485
0.00155687
0.00029022
-0.00031428
-0.00041129
-0.000270307
-9.87063e-05
8.38757e-06
4.21178e-05
3.22111e-05
1.05572e-05
-4.63507e-06
-9.13952e-06
-6.45312e-06
-1.65199e-06
1.9114e-06
3.21786e-06
2.77728e-06
1.58463e-06
4.38372e-07
-2.84128e-07
-5.5384e-07
-5.16672e-07
-3.46398e-07
-1.67711e-07
-3.98942e-08
2.69431e-08
4.75483e-08
4.25478e-08
2.84307e-08
1.47452e-08
5.21669e-09
7.87936e-11
-1.88472e-09
-2.08133e-09
-1.56416e-09
-9.34741e-10
-4.4622e-10
-1.48545e-10
-3.55189e-12
4.68434e-11
5.042e-11
3.71924e-11
2.21991e-11
1.09662e-11
4.21143e-12
8.56213e-13
-4.43388e-13
-7.18403e-13
-5.94498e-13
-3.83972e-13
-2.08667e-13
-9.54097e-14
-3.39894e-14
-6.01432e-15
3.88436e-15
5.59322e-15
4.43078e-15
2.79057e-15
1.50192e-15
6.95986e-16
2.65483e-16
6.77647e-17
-5.74321e-18
-2.89584e-17
1
1
1
1
1
1
0.999994
0.99997
0.999978
1.0001
1.00032
1.00029
0.999453
0.997619
0.995994
0.997568
1.00583
1.02164
1.03971
1.04725
1.0266
0.961748
0.845711
0.685229
0.5
0.316664
0.160259
0.0469063
-0.0194619
-0.0457271
-0.0450019
-0.0312798
-0.0154318
-0.0035315
0.00271055
0.00434199
0.00341474
0.00174954
0.000409552
-0.000275166
-0.000422245
-0.000296073
-0.000116992
3.75133e-06
4.68792e-05
3.92205e-05
1.47755e-05
-4.65797e-06
-1.22112e-05
-1.04618e-05
-4.89782e-06
1.81365e-07
2.91878e-06
3.38386e-06
2.51475e-06
1.27758e-06
2.74578e-07
-2.89024e-07
-4.66682e-07
-4.1126e-07
-2.67699e-07
-1.28511e-07
-3.26852e-08
1.64931e-08
3.18962e-08
2.90575e-08
1.97498e-08
1.05921e-08
4.13236e-09
5.55655e-10
-9.1601e-10
-1.19062e-09
-9.52489e-10
-5.99462e-10
-3.07251e-10
-1.20067e-10
-2.26852e-11
1.62803e-11
2.4489e-11
2.01671e-11
1.29995e-11
6.98477e-12
3.07962e-12
9.73539e-13
4.18368e-14
-2.55212e-13
-2.7114e-13
-1.97077e-13
-1.17621e-13
-5.98503e-14
-2.54526e-14
-8.02076e-15
-6.54131e-16
1.63819e-15
1.80269e-15
1.31542e-15
7.89645e-16
4.09454e-16
1.85139e-16
4.84543e-17
1
1
1
1
1
1
1
0.999988
0.999965
0.999994
1.00015
1.00035
1.00022
0.999214
0.997304
0.995908
0.998077
1.00706
1.02322
1.04084
1.04708
1.0248
0.958764
0.842658
0.683335
0.5
0.318465
0.16305
0.0496036
-0.0177149
-0.0452537
-0.0455884
-0.0324031
-0.0165522
-0.00430272
0.00238018
0.00435271
0.00359091
0.00193878
0.0005306
-0.000234429
-0.000433979
-0.000324293
-0.000137301
-8.16847e-07
5.40952e-05
5.01428e-05
2.2951e-05
-1.8285e-06
-1.40227e-05
-1.46406e-05
-9.20013e-06
-2.88202e-06
1.46391e-06
3.23145e-06
3.09826e-06
2.07865e-06
9.64635e-07
1.5902e-07
-2.54724e-07
-3.65605e-07
-3.09346e-07
-1.97428e-07
-9.48127e-08
-2.60403e-08
8.93521e-09
2.02388e-08
1.89507e-08
1.31482e-08
7.2849e-09
3.07539e-09
6.80114e-10
-3.70142e-10
-6.3745e-10
-5.51114e-10
-3.65873e-10
-1.9949e-10
-8.7144e-11
-2.51599e-11
2.3084e-12
1.05501e-11
1.01776e-11
7.14608e-12
4.14493e-12
2.02118e-12
7.85732e-13
1.8258e-13
-5.22187e-14
-1.07246e-13
-9.23567e-14
-6.10626e-14
-3.41105e-14
-1.63393e-14
-6.4536e-15
-1.74591e-15
9.64249e-17
5.83648e-16
5.46263e-16
3.75113e-16
1.94999e-16
1
1
1
1
1
1
1
1
0.999981
0.999964
1.00002
1.00019
1.00037
1.00013
0.998962
0.997012
0.995878
0.99864
1.00829
1.02473
1.04186
1.04684
1.02301
0.955881
0.839741
0.681535
0.5
0.320181
0.165726
0.0522164
-0.0159872
-0.0447401
-0.046109
-0.0334709
-0.0176476
-0.00507856
0.00203006
0.00434413
0.0037566
0.00212611
0.000653163
-0.000193858
-0.00044956
-0.00035875
-0.000163378
-8.27352e-06
6.2105e-05
6.47251e-05
3.59698e-05
5.37865e-06
-1.29412e-05
-1.76508e-05
-1.37113e-05
-6.92674e-06
-1.16993e-06
2.08693e-06
3.03976e-06
2.58194e-06
1.60641e-06
6.94014e-07
8.71837e-08
-2.02789e-07
-2.69476e-07
-2.21564e-07
-1.39699e-07
-6.75579e-08
-2.00779e-08
4.03224e-09
1.21514e-08
1.18264e-08
8.40691e-09
4.80903e-09
2.16786e-09
6.22272e-10
-9.41307e-11
-3.15628e-10
-3.02534e-10
-2.12863e-10
-1.22864e-10
-5.84447e-11
-2.08869e-11
-2.85134e-12
3.70867e-12
4.71857e-12
3.68344e-12
2.30691e-12
1.22225e-12
5.41097e-13
1.80127e-13
2.04792e-14
-3.25928e-14
-3.86465e-14
-2.91365e-14
-1.78843e-14
-9.43215e-15
-4.26768e-15
-1.55936e-15
-3.42709e-16
9.13925e-17
2.1134e-16
1
1
1
1
1
1
1
1
0.999996
0.999974
0.999966
1.00004
1.00024
1.00038
1.00002
0.998704
0.996745
0.995901
0.999249
1.00951
1.02617
1.04278
1.04653
1.02123
0.953094
0.83695
0.679819
0.499999
0.321819
0.168295
0.0547498
-0.0142798
-0.0441924
-0.0465705
-0.0344878
-0.0187189
-0.00585609
0.00166538
0.00432227
0.00391754
0.00231616
0.000780092
-0.00015282
-0.000470657
-0.000402991
-0.000199765
-2.30786e-05
6.74567e-05
8.10375e-05
5.34453e-05
1.77501e-05
-7.56117e-06
-1.7998e-05
-1.72161e-05
-1.11796e-05
-4.64174e-06
-2.93935e-08
2.18051e-06
2.57118e-06
2.00492e-06
1.17776e-06
4.81418e-07
4.69541e-08
-1.49053e-07
-1.88406e-07
-1.51939e-07
-9.5215e-08
-4.65888e-08
-1.49416e-08
1.19797e-09
6.89009e-09
7.07064e-09
5.17125e-09
3.05352e-09
1.45595e-09
4.93677e-10
2.50781e-11
-1.40911e-10
-1.56967e-10
-1.18103e-10
-7.20588e-11
-3.67714e-11
-1.50438e-11
-3.8813e-12
7.27124e-13
1.95155e-12
1.76996e-12
1.20696e-12
6.89899e-13
3.36295e-13
1.34216e-13
3.58962e-14
-3.2106e-15
-1.35949e-14
-1.26125e-14
-8.64649e-15
-4.99242e-15
-2.49994e-15
-1.08296e-15
-2.43536e-16
1
1
1
1
1
1
1
1
1
0.999992
0.999968
0.999972
1.00008
1.00028
1.00038
0.999885
0.998442
0.996506
0.995975
0.999898
1.01073
1.02755
1.0436
1.04615
1.01946
0.950397
0.834275
0.67818
0.499999
0.323386
0.170766
0.0572092
-0.0125933
-0.0436161
-0.0469808
-0.0354605
-0.0197694
-0.00663496
0.00128986
0.00429328
0.00408129
0.00251668
0.00091806
-0.000106936
-0.000495922
-0.000458703
-0.00025044
-5.02748e-05
6.53327e-05
9.54526e-05
7.33756e-05
3.4826e-05
2.7678e-06
-1.44754e-05
-1.84375e-05
-1.46078e-05
-8.29039e-06
-2.8111e-06
5.67353e-07
1.94782e-06
2.01127e-06
1.47166e-06
8.27214e-07
3.24665e-07
2.62893e-08
-1.02457e-07
-1.25684e-07
-1.0017e-07
-6.26933e-08
-3.11423e-08
-1.07218e-08
-2.16655e-10
3.67008e-09
4.05115e-09
3.06383e-09
1.86817e-09
9.3579e-10
3.57041e-10
6.23201e-11
-5.32722e-11
-7.63856e-11
-6.24314e-11
-4.03378e-11
-2.18969e-11
-9.8758e-12
-3.31612e-12
-3.4273e-13
6.66313e-13
7.82093e-13
5.92645e-13
3.65756e-13
1.93246e-13
8.68238e-14
3.07217e-14
5.61278e-15
-3.21073e-15
-4.78204e-15
-3.827e-15
-2.45006e-15
-1.18207e-15
1
1
1
1
1
1
1
1
1
1
0.999986
0.999964
0.999983
1.00011
1.00032
1.00035
0.999736
0.998181
0.996296
0.996096
1.00058
1.01194
1.02885
1.04434
1.04573
1.01772
0.947786
0.831706
0.676611
0.499997
0.324888
0.173148
0.0596009
-0.0109272
-0.0430167
-0.0473489
-0.0363986
-0.0208067
-0.00741925
0.000903559
0.00426135
0.0042555
0.00273754
0.00107731
-4.75008e-05
-0.000519755
-0.000524111
-0.000317165
-9.40575e-05
5.05708e-05
0.000103193
9.22581e-05
5.46962e-05
1.7562e-05
-6.58526e-06
-1.64048e-05
-1.61845e-05
-1.12874e-05
-5.72385e-06
-1.54132e-06
7.70097e-07
1.57077e-06
1.47914e-06
1.03098e-06
5.60417e-07
2.14096e-07
1.62418e-08
-6.63877e-08
-8.03421e-08
-6.36903e-08
-3.997e-08
-2.0203e-08
-7.42074e-09
-7.65623e-10
1.81601e-09
2.22282e-09
1.7497e-09
1.10287e-09
5.77588e-10
2.41005e-10
6.23676e-11
-1.35515e-11
-3.43404e-11
-3.13532e-11
-2.1573e-11
-1.24086e-11
-6.04466e-12
-2.36804e-12
-5.7177e-13
1.34784e-13
3.0811e-13
2.7129e-13
1.82447e-13
1.03889e-13
5.10874e-14
2.10947e-14
6.40422e-15
3.72751e-16
-1.41477e-15
-1.5805e-15
1
1
1
1
1
1
1
1
1
1
0.999999
0.999981
0.999962
0.999998
1.00015
1.00035
1.00032
0.999574
0.997923
0.996116
0.996261
1.00129
1.01312
1.0301
1.045
1.04525
1.01599
0.945254
0.829236
0.675106
0.499994
0.326331
0.175449
0.0619326
-0.00927887
-0.0423983
-0.0476843
-0.0373146
-0.0218435
-0.00821916
0.0005005
0.00422586
0.0044451
0.00298828
0.00127011
3.79034e-05
-0.000531999
-0.000592949
-0.000398024
-0.000156215
1.90498e-05
9.9357e-05
0.000105691
7.42083e-05
3.51168e-05
5.20377e-06
-1.0767e-05
-1.51746e-05
-1.28512e-05
-8.13656e-06
-3.73484e-06
-7.55836e-07
7.4188e-07
1.17449e-06
1.03377e-06
6.94044e-07
3.68034e-07
1.38568e-07
1.12764e-08
-4.07434e-08
-4.93696e-08
-3.91509e-08
-2.47192e-08
-1.27331e-08
-4.95857e-09
-8.51905e-10
8.15232e-10
1.16556e-09
9.63362e-10
6.28913e-10
3.43265e-10
1.53848e-10
4.93049e-11
1.84668e-12
-1.38061e-11
-1.48715e-11
-1.10172e-11
-6.71307e-12
-3.49198e-12
-1.52133e-12
-4.94376e-13
-4.64079e-14
9.96327e-14
1.13994e-13
8.54132e-14
5.253e-14
2.7914e-14
1.28076e-14
4.89257e-15
5.55486e-16
1
1
1
1
1
1
1
1
1
1
1
0.999996
0.999975
0.999962
1.00002
1.00019
1.00038
1.00027
0.9994
0.997672
0.995965
0.996466
1.00202
1.01429
1.03128
1.04559
1.04474
1.01428
0.942799
0.826855
0.673658
0.499988
0.327721
0.177682
0.0642151
-0.00764234
-0.041762
-0.0479959
-0.038223
-0.0228972
-0.00905201
6.66799e-05
0.00417858
0.00464905
0.00327496
0.00150794
0.000163438
-0.000518919
-0.000654469
-0.000486676
-0.000234909
-3.09448e-05
8.01679e-05
0.000109326
8.95578e-05
5.27595e-05
1.94532e-05
-1.95005e-06
-1.13521e-05
-1.24557e-05
-9.48355e-06
-5.55456e-06
-2.32846e-06
-3.18898e-07
6.0955e-07
8.27047e-07
6.9179e-07
4.51229e-07
2.35139e-07
8.82101e-08
8.4669e-09
-2.37397e-08
-2.92302e-08
-2.33116e-08
-1.48511e-08
-7.8039e-09
-3.20317e-09
-7.33178e-10
3.13515e-10
5.81643e-10
5.11167e-10
3.46684e-10
1.96841e-10
9.3647e-11
3.44861e-11
6.07751e-12
-4.55494e-12
-6.58742e-12
-5.36041e-12
-3.47242e-12
-1.91761e-12
-9.06346e-13
-3.47205e-13
-8.29456e-14
1.82365e-14
4.24344e-14
3.72206e-14
2.49939e-14
1.43974e-14
6.06005e-15
1
1
1
1
1
1
1
1
1
1
1
1
0.999992
0.99997
0.999965
1.00004
1.00023
1.0004
1.0002
0.999218
0.99743
0.995845
0.996709
1.00277
1.01543
1.0324
1.0461
1.04419
1.0126
0.940414
0.824554
0.672256
0.499976
0.329064
0.179858
0.0664641
-0.00600549
-0.0411038
-0.0482891
-0.0391382
-0.0239887
-0.00994158
-0.000420597
0.00410176
0.0048574
0.00359662
0.00179802
0.000341964
-0.000465429
-0.000694694
-0.000572645
-0.000324209
-9.77786e-05
4.40888e-05
9.99141e-05
9.711e-05
6.7381e-05
3.40123e-05
8.88992e-06
-5.08345e-06
-9.97034e-06
-9.40774e-06
-6.60963e-06
-3.62859e-06
-1.39931e-06
-1.02131e-07
4.52956e-07
5.54041e-07
4.45711e-07
2.84406e-07
1.46548e-07
5.52805e-08
6.50479e-09
-1.31335e-08
-1.67013e-08
-1.3465e-08
-8.67819e-09
-4.6551e-09
-2.00339e-09
-5.54491e-10
8.46655e-11
2.74109e-10
2.61063e-10
1.84795e-10
1.09084e-10
5.46541e-11
2.22437e-11
5.89013e-12
-8.30676e-13
-2.6635e-12
-2.47248e-12
-1.71717e-12
-1.00511e-12
-5.08452e-13
-2.17473e-13
-7.03814e-14
-7.58567e-15
1.26773e-14
1.48007e-14
1.07996e-14
1
1
1
1
1
1
1
1
1
1
1
1
1
0.999988
0.999965
0.99997
1.00007
1.00026
1.00041
1.00012
0.999028
0.997198
0.995755
0.996986
1.00353
1.01655
1.03346
1.04656
1.04362
1.01095
0.938095
0.822322
0.670892
0.499956
0.330367
0.181997
0.0687024
-0.00434748
-0.0404104
-0.0485619
-0.0400704
-0.0251386
-0.0109156
-0.000991413
0.00396794
0.00504967
0.00394252
0.00213986
0.000581554
-0.000358165
-0.000698717
-0.000642704
-0.000414584
-0.00017625
-7.50386e-06
7.61687e-05
9.42312e-05
7.6103e-05
4.64644e-05
2.01009e-05
2.7418e-06
-5.69547e-06
-7.8449e-06
-6.6699e-06
-4.39765e-06
-2.28599e-06
-8.16859e-07
-9.47131e-09
3.12801e-07
3.55577e-07
2.77635e-07
1.74298e-07
8.92707e-08
3.41082e-08
4.92038e-09
-6.88075e-09
-9.21743e-09
-7.55322e-09
-4.93709e-09
-2.70479e-09
-1.21497e-09
-3.85579e-10
-5.73822e-12
1.2023e-10
1.2802e-10
9.52321e-11
5.84844e-11
3.07006e-11
1.34984e-11
4.41749e-12
4.00327e-13
-9.31832e-13
-1.07081e-12
-8.10239e-13
-5.03852e-13
-2.7089e-13
-1.25912e-13
-4.80052e-14
-1.2252e-14
4.27922e-15
1
1
1
1
1
1
1
1
1
1
1
1
1
1
0.999983
0.999961
0.999979
1.00009
1.0003
1.00041
1.00003
0.998833
0.996979
0.995695
0.997295
1.00431
1.01764
1.03447
1.04697
1.04303
1.00932
0.935832
0.820143
0.669548
0.499921
0.331641
0.184121
0.0709616
-0.002636
-0.0396564
-0.048801
-0.0410206
-0.0263624
-0.0120009
-0.0016797
0.00374198
0.00519529
0.00429104
0.00252297
0.000882427
-0.00018871
-0.000653596
-0.000683087
-0.000494289
-0.000258185
-7.02866e-05
3.92031e-05
7.99099e-05
7.69e-05
5.46377e-05
2.9887e-05
1.09069e-05
-2.88907e-07
-5.03015e-06
-5.71238e-06
-4.4947e-06
-2.81476e-06
-1.39728e-06
-4.66448e-07
2.09994e-08
2.03807e-07
2.19751e-07
1.67743e-07
1.04103e-07
5.32278e-08
2.07116e-08
3.59807e-09
-3.39122e-09
-4.91494e-09
-4.118e-09
-2.7367e-09
-1.53196e-09
-7.15497e-10
-2.51958e-10
-3.21097e-11
4.76204e-11
6.00186e-11
4.74089e-11
3.03553e-11
1.66435e-11
7.79425e-12
2.91951e-12
6.27508e-13
-2.36534e-13
-4.27292e-13
-3.63121e-13
-2.41606e-13
-1.37666e-13
-6.9186e-14
-2.28507e-14
1
1
1
1
1
1
1
1
1
1
1
1
1
1
0.999998
0.999978
0.999959
0.999991
1.00012
1.00033
1.0004
0.999933
0.998635
0.996775
0.995665
0.99763
1.00508
1.0187
1.03543
1.04734
1.04243
1.00773
0.933616
0.817997
0.668207
0.499863
0.332895
0.186258
0.073283
-0.000825463
-0.0388008
-0.0489771
-0.0419757
-0.0276642
-0.0132179
-0.00251774
0.00338545
0.00525627
0.00461063
0.00292616
0.00123507
4.37973e-05
-0.00055116
-0.000682042
-0.000551357
-0.00033373
-0.000137607
-7.55325e-06
5.50185e-05
6.90243e-05
5.70488e-05
3.66805e-05
1.81308e-05
5.38696e-06
-1.43255e-06
-3.91368e-06
-3.91936e-06
-2.90373e-06
-1.74322e-06
-8.32665e-07
-2.62222e-07
2.4598e-08
1.26475e-07
1.31283e-07
9.85553e-08
6.07073e-08
3.10979e-08
1.23703e-08
2.52808e-09
-1.55056e-09
-2.53069e-09
-2.18306e-09
-1.47898e-09
-8.46372e-10
-4.09703e-10
-1.56646e-10
-3.26209e-11
1.57717e-11
2.66988e-11
2.27608e-11
1.52548e-11
8.72439e-12
4.31242e-12
1.77879e-12
5.23028e-13
3.44097e-15
-1.50628e-13
-1.53181e-13
-1.11048e-13
-6.06995e-14
1
1
1
1
1
1
1
1
1
1
1
1
1
1
1
0.999995
0.999973
0.999959
1.00001
1.00016
1.00036
1.00038
0.99982
0.998439
0.99659
0.995663
0.997984
1.00585
1.01973
1.03635
1.04768
1.04184
1.00616
0.931428
0.815854
0.666838
0.499768
0.334138
0.188443
0.0757174
0.00114308
-0.0377864
-0.0490426
-0.0429039
-0.0290315
-0.0145735
-0.00352963
0.00286253
0.00519205
0.004863
0.00331908
0.00162011
0.000331312
-0.000390088
-0.000632141
-0.000575719
-0.000393021
-0.000201596
-5.89286e-05
2.2168e-05
5.31411e-05
5.31759e-05
3.94425e-05
2.3327e-05
1.04522e-05
2.35794e-06
-1.59707e-06
-2.79928e-06
-2.56278e-06
-1.80969e-06
-1.04932e-06
-4.85663e-07
-1.45957e-07
1.91685e-08
7.52227e-08
7.60429e-08
5.64244e-08
3.46149e-08
1.7817e-08
7.26275e-09
1.70606e-09
-6.38078e-10
-1.25634e-09
-1.12543e-09
-7.79591e-10
-4.56379e-10
-2.28388e-10
-9.33887e-11
-2.51397e-11
3.1722e-12
1.11152e-11
1.05067e-11
7.4192e-12
4.42727e-12
2.29669e-12
1.0205e-12
3.57205e-13
6.19304e-14
-4.06463e-14
-6.43029e-14
1
1
1
1
1
1
1
1
1
1
1
1
1
1
1
1
0.99999
0.999968
0.999961
1.00002
1.00019
1.00038
1.00034
0.999701
0.998249
0.996425
0.995684
0.998347
1.0066
1.02073
1.03724
1.04802
1.04127
1.00461
0.929237
0.81367
0.665401
0.499615
0.335376
0.190708
0.0783218
0.00333965
-0.0365402
-0.0489313
-0.0437528
-0.030431
-0.0160563
-0.00472479
0.00214676
0.00496558
0.0050081
0.00366552
0.00201007
0.000657143
-0.000176788
-0.000531838
-0.00056101
-0.000427876
-0.000254514
-0.000108918
-1.47842e-05
3.11664e-05
4.35139e-05
3.78288e-05
2.57977e-05
1.41814e-05
5.75761e-06
8.46913e-07
-1.35023e-06
-1.88084e-06
-1.60948e-06
-1.09322e-06
-6.16102e-07
-2.78126e-07
-8.08184e-08
1.24873e-08
4.30657e-08
4.2804e-08
3.153e-08
1.93214e-08
1.00165e-08
4.1895e-09
1.10793e-09
-2.18361e-10
-5.99565e-10
-5.64042e-10
-4.0091e-10
-2.40299e-10
-1.24075e-10
-5.36754e-11
-1.70149e-11
-9.88749e-13
4.21227e-12
4.63954e-12
3.48787e-12
2.17617e-12
1.18099e-12
5.57418e-13
2.22139e-13
3.17612e-14
1
1
1
1
1
1
1
1
1
1
1
1
0.999999
1
1
1
1
0.999986
0.999964
0.999967
1.00004
1.00022
1.00039
1.0003
0.999581
0.998071
0.996279
0.995716
0.998704
1.00733
1.02171
1.03814
1.04839
1.04073
1.00307
0.926998
0.811383
0.66384
0.499369
0.336608
0.193086
0.0811548
0.00584026
-0.0349785
-0.0485609
-0.04445
-0.0318072
-0.0176325
-0.00609296
0.00122693
0.00454955
0.00500983
0.0039282
0.00237265
0.000997769
7.5099e-05
-0.00038598
-0.000505681
-0.000433129
-0.000290018
-0.000151706
-5.14377e-05
5.87162e-06
2.94228e-05
3.21993e-05
2.53281e-05
1.61241e-05
8.299e-06
3.0435e-06
1.77076e-07
-9.97718e-07
-1.20249e-06
-9.76329e-07
-6.42499e-07
-3.53853e-07
-1.56767e-07
-4.46673e-08
7.21142e-09
2.38043e-08
2.34568e-08
1.72198e-08
1.05678e-08
5.52814e-09
2.37364e-09
6.94218e-10
-4.42165e-11
-2.73623e-10
-2.74601e-10
-2.01148e-10
-1.23596e-10
-6.57513e-11
-2.98558e-11
-1.06205e-11
-1.81817e-12
1.35793e-12
1.94258e-12
1.58133e-12
1.03566e-12
5.9185e-13
2.45449e-13
1
1
1
1
1
1
1
1
1
1
1
1
1
0.999999
1
1
1
0.999999
0.999981
0.999962
0.999975
1.00007
1.00024
1.0004
1.00026
0.999467
0.997907
0.996143
0.995743
0.999041
1.00805
1.0227
1.03908
1.04881
1.04023
1.0015
0.924637
0.808906
0.662076
0.498979
0.337819
0.1956
0.0842686
0.00871927
-0.0330138
-0.047839
-0.0449073
-0.0330844
-0.0192459
-0.00760173
0.000111387
0.00393168
0.00484165
0.0040739
0.00267502
0.00132587
0.000346444
-0.00020519
-0.000413229
-0.00040738
-0.000304119
-0.000182589
-8.3597e-05
-1.9637e-05
1.28267e-05
2.34903e-05
2.21741e-05
1.61539e-05
9.70178e-06
4.70119e-06
1.54928e-06
-6.97439e-08
-6.76782e-07
-7.37742e-07
-5.74519e-07
-3.68452e-07
-1.99255e-07
-8.71337e-08
-2.46861e-08
3.75279e-09
1.27289e-08
1.2532e-08
9.20126e-09
5.66803e-09
2.9964e-09
1.32061e-09
4.20843e-10
1.63875e-11
-1.18318e-10
-1.29672e-10
-9.84413e-11
-6.21129e-11
-3.40148e-11
-1.61173e-11
-6.25368e-12
-1.55219e-12
2.88426e-13
7.58802e-13
6.9006e-13
4.47978e-13
1
1
1
1
1
1
1
1
1
1
1
1
1
1
1
1
1
1
0.999995
0.999978
0.999964
0.999985
1.00008
1.00026
1.0004
1.00022
0.999366
0.997752
0.995998
0.995742
0.999351
1.00877
1.02375
1.04012
1.04933
1.03974
0.999821
0.922049
0.806122
0.660005
0.498373
0.338976
0.198252
0.0877006
0.0120399
-0.0305638
-0.0466723
-0.0450282
-0.0341724
-0.020821
-0.00919709
-0.00117042
0.003118
0.00449092
0.00407821
0.00288819
0.00161398
0.000615238
-4.32757e-06
-0.000291582
-0.000353054
-0.000295649
-0.000198619
-0.000107909
-4.24417e-05
-4.15555e-06
1.29959e-05
1.69622e-05
1.44485e-05
9.89621e-06
5.6517e-06
2.59019e-06
7.61901e-07
-1.27193e-07
-4.3144e-07
-4.36915e-07
-3.29048e-07
-2.06664e-07
-1.10204e-07
-4.78206e-08
-1.36464e-08
1.74643e-09
6.59233e-09
6.53416e-09
4.8145e-09
2.98305e-09
1.5956e-09
7.21482e-10
2.47445e-10
2.95583e-11
-4.76455e-11
-5.92481e-11
-4.69668e-11
-3.05015e-11
-1.71888e-11
-8.46273e-12
-3.51738e-12
-1.06996e-12
-5.71906e-14
3.27379e-13
1
1
1
1
1
1
1
1
1
1
1
1
1
1
1
1
1
1
1
0.999993
0.999977
0.999967
0.999993
1.0001
1.00028
1.00041
1.00019
0.999277
0.997589
0.995817
0.995695
0.999643
1.00954
1.02492
1.04131
1.04995
1.03922
0.997931
0.919086
0.802875
0.657491
0.497452
0.34002
0.201024
0.091464
0.015844
-0.0275629
-0.0449764
-0.0447174
-0.0349739
-0.0222692
-0.0108073
-0.00256937
0.00213361
0.00396134
0.00392891
0.00299083
0.00183801
0.000859539
0.000199648
-0.000151805
-0.000275841
-0.000266234
-0.000198889
-0.000122285
-6.02395e-05
-1.9563e-05
2.11659e-06
1.05379e-05
1.14162e-05
9.00286e-06
5.85938e-06
3.20223e-06
1.39385e-06
3.63171e-07
-1.13493e-07
-2.61949e-07
-2.50878e-07
-1.83915e-07
-1.13595e-07
-5.99541e-08
-2.59376e-08
-7.53796e-09
6.97038e-10
3.30801e-09
3.32734e-09
2.46849e-09
1.54132e-09
8.34987e-10
3.87076e-10
1.41433e-10
2.59931e-11
-1.7225e-11
-2.6089e-11
-2.18238e-11
-1.46341e-11
-8.48874e-12
-4.32679e-12
-1.9271e-12
-4.52475e-13
1
1
1
1
1
1
1
1
1
1
1
1
1
1
1
1
1
1
1
1
0.999993
0.999979
0.999969
0.999995
1.0001
1.00029
1.00043
1.00019
0.999191
0.997392
0.995573
0.995596
0.999953
1.01044
1.02629
1.0427
1.05064
1.03857
0.995665
0.915551
0.798971
0.654367
0.496085
0.340862
0.203864
0.0955402
0.0201427
-0.0239718
-0.0426873
-0.0438915
-0.0353954
-0.0234967
-0.0123493
-0.00402081
0.00102078
0.00327299
0.00362762
0.00297179
0.00198021
0.00106025
0.000389965
-6.44413e-06
-0.000183671
-0.000219815
-0.000184455
-0.000126059
-7.16059e-05
-3.1867e-05
-7.87091e-06
3.79987e-06
7.59456e-06
7.28151e-06
5.4042e-06
3.36898e-06
1.77144e-06
7.35375e-07
1.68448e-07
-8.19533e-08
-1.52758e-07
-1.40139e-07
-1.00532e-07
-6.12836e-08
-3.21188e-08
-1.3911e-08
-4.15292e-09
2.04658e-10
1.60754e-09
1.65551e-09
1.24081e-09
7.82175e-10
4.29517e-10
2.03965e-10
7.8739e-11
1.85881e-11
-5.06187e-12
-1.09987e-11
-9.8609e-12
-6.85481e-12
-4.12727e-12
-1.84666e-12
1
1
1
1
1
1
1
1
1
1
1
1
1
1
1
1
1
1
1
1
1
0.999995
0.99998
0.999966
0.999989
1.00011
1.00032
1.00047
1.00019
0.999079
0.997124
0.995245
0.995468
1.00035
1.01154
1.02793
1.04429
1.05134
1.03761
0.992797
0.911199
0.794175
0.650432
0.494114
0.341383
0.206684
0.0998726
0.0249095
-0.0197865
-0.0397704
-0.0424894
-0.0353563
-0.0244147
-0.0137368
-0.00545083
-0.000165235
0.00246033
0.00318954
0.0028312
0.00203098
0.00120326
0.000552103
0.000132186
-8.54818e-05
-0.000161881
-0.000157961
-0.0001199
-7.60764e-05
-4.01302e-05
-1.5984e-05
-2.44475e-06
3.54468e-06
5.06521e-06
4.44757e-06
3.14229e-06
1.88828e-06
9.59831e-07
3.817e-07
7.64241e-08
-5.28947e-08
-8.60561e-08
-7.63521e-08
-5.38377e-08
-3.24922e-08
-1.69591e-08
-7.37923e-09
-2.27689e-09
4.69104e-12
7.55363e-10
8.0492e-10
6.1167e-10
3.89975e-10
2.17234e-10
1.05584e-10
4.27705e-11
1.19441e-11
-7.18367e-13
-4.38974e-12
-4.32943e-12
-2.96447e-12
1
1
1
1
1
1
1
1
1
1
1
1
1
1
1
1
1
1
1
1
1
1
0.999998
0.999978
0.999954
0.999978
1.00012
1.00038
1.00055
1.0002
0.998906
0.996753
0.994837
0.995366
1.00093
1.01296
1.0299
1.04605
1.05188
1.03612
0.989038
0.905731
0.788217
0.645457
0.491352
0.34143
0.209363
0.104365
0.0300762
-0.0150433
-0.0362278
-0.0404801
-0.0347989
-0.0249481
-0.0148891
-0.00678364
-0.00136186
0.00156827
0.00264133
0.00257989
0.00198949
0.00128072
0.000675323
0.000253473
1.00117e-05
-9.85804e-05
-0.000123086
-0.000105532
-7.4066e-05
-4.40434e-05
-2.16258e-05
-7.58291e-06
-2.37122e-07
2.69539e-06
3.19099e-06
2.62022e-06
1.77725e-06
1.03493e-06
5.108e-07
1.95542e-07
3.41666e-08
-3.16891e-08
-4.70263e-08
-4.06591e-08
-2.82867e-08
-1.6948e-08
-8.83159e-09
-3.8718e-09
-1.23948e-09
-5.72243e-11
3.42164e-10
3.82356e-10
2.95765e-10
1.91069e-10
1.08046e-10
5.37078e-11
2.27026e-11
7.15458e-12
5.78718e-13
-2.01882e-12
1
1
1
1
1
1
1
1
1
1
1
1
1
1
1
1
1
1
1
0.999999
0.999999
1
1.00001
0.999999
0.999967
0.999934
0.99997
1.00016
1.00047
1.00063
1.00016
0.998629
0.996265
0.994388
0.995388
1.00182
1.01479
1.0322
1.04785
1.05203
1.03377
0.984034
0.898811
0.780798
0.639191
0.48759
0.340826
0.211746
0.108884
0.0355336
-0.00982031
-0.0321017
-0.0378685
-0.0336946
-0.0250433
-0.0157384
-0.00794895
-0.00250558
0.000647327
0.00201785
0.00223758
0.00186309
0.00129135
0.000753506
0.000349564
9.53357e-05
-3.58734e-05
-8.39279e-05
-8.53494e-05
-6.667e-05
-4.38598e-05
-2.45993e-05
-1.12465e-05
-3.37899e-06
4.6941e-07
1.83726e-06
1.92199e-06
1.49669e-06
9.81053e-07
5.56106e-07
2.67615e-07
9.91542e-08
1.52084e-08
-1.79514e-08
-2.50037e-08
-2.11982e-08
-1.45985e-08
-8.70425e-09
-4.53831e-09
-2.00925e-09
-6.6861e-10
-6.23196e-11
1.48619e-10
1.77343e-10
1.4028e-10
9.20083e-11
5.28584e-11
2.68369e-11
1.19372e-11
2.76396e-12
1
1
1
1
1
1
1
1
1
1
1
1
1
1
1
1
1
1
1
0.999999
0.999998
1
1.00001
1.00001
0.999994
0.999948
0.999911
0.999978
1.00023
1.00059
1.00071
1.00003
0.998222
0.99568
0.993983
0.995659
1.00314
1.01706
1.03474
1.04947
1.05146
1.03015
0.977384
0.89007
0.771608
0.631377
0.48261
0.339377
0.213652
0.113264
0.0411365
-0.00423469
-0.0274732
-0.0346965
-0.0320476
-0.0246733
-0.0162367
-0.00888845
-0.00353798
-0.00025162
0.00135809
0.00183017
0.00166575
0.00123989
0.000785282
0.000415894
0.000164955
2.11534e-05
-4.44328e-05
-6.20007e-05
-5.54031e-05
-4.02584e-05
-2.5057e-05
-1.33148e-05
-5.66053e-06
-1.39308e-06
5.60193e-07
1.16531e-06
1.11563e-06
8.3221e-07
5.29969e-07
2.93589e-07
1.38304e-07
4.98912e-08
6.83262e-09
-9.71585e-09
-1.29649e-08
-1.08351e-08
-7.40774e-09
-4.40478e-09
-2.30217e-09
-1.03112e-09
-3.56804e-10
-4.91162e-11
6.13162e-11
8.02242e-11
6.52526e-11
4.35295e-11
2.56385e-11
1.11578e-11
1
1
1
1
1
1
1
1
1
1
1
1
1
1
1
1
1
1
1
1
0.999998
0.999998
1
1.00001
1.00001
0.999981
0.999921
0.999895
1.00001
1.00034
1.00072
1.00072
0.999789
0.997684
0.995061
0.993742
0.996317
1.00495
1.01974
1.03733
1.05057
1.04972
1.02482
0.968647
0.879132
0.760338
0.621762
0.476193
0.336882
0.21489
0.117318
0.0467119
0.00156451
-0.0224583
-0.031041
-0.0298952
-0.0238403
-0.0163591
-0.0095605
-0.00441083
-0.00108208
0.00070113
0.00138655
0.00141594
0.00113585
0.000773555
0.000451219
0.000215601
6.87322e-05
-7.95477e-06
-3.80239e-05
-4.19326e-05
-3.41741e-05
-2.34108e-05
-1.38788e-05
-7.01049e-06
-2.76379e-06
-5.13682e-07
4.49459e-07
7.00939e-07
6.27576e-07
4.51848e-07
2.80795e-07
1.52561e-07
7.0623e-08
2.49619e-08
3.14654e-09
-5.05536e-09
-6.56746e-09
-5.43551e-09
-3.69884e-09
-2.19757e-09
-1.15318e-09
-5.23201e-10
-1.88134e-10
-3.363e-11
2.36072e-11
3.53249e-11
2.98642e-11
1.87374e-11
1
1
1
1
1
1
1
1
1
1
1
1
1
1
1
1
1
1
1
1
0.999999
0.999997
0.999999
1.00001
1.00002
1.00001
0.99996
0.999894
0.999898
1.00008
1.00047
1.00082
1.00064
0.999408
0.997058
0.994517
0.993807
0.997471
1.00728
1.02267
1.03963
1.05069
1.0463
1.01724
0.957376
0.865633
0.746702
0.610116
0.468141
0.33315
0.215266
0.120853
0.0520711
0.00740621
-0.0171994
-0.027008
-0.0273043
-0.0225743
-0.016105
-0.0099428
-0.00508958
-0.0018058
8.24752e-05
0.000935557
0.00113429
0.000991934
0.000724576
0.000457236
0.000246255
0.000104609
2.30235e-05
-1.55654e-05
-2.78449e-05
-2.66291e-05
-2.02241e-05
-1.31832e-05
-7.4828e-06
-3.60224e-06
-1.31167e-06
-1.54406e-07
3.08077e-07
4.04353e-07
3.43542e-07
2.40158e-07
1.46188e-07
7.81499e-08
3.56804e-08
1.24381e-08
1.50555e-09
-2.53824e-09
-3.25429e-09
-2.67859e-09
-1.8186e-09
-1.08141e-09
-5.7052e-10
-2.62446e-10
-9.79318e-11
-2.11413e-11
7.94538e-12
1.64184e-11
1
1
1
1
1
1
1
1
1
1
1
1
1
1
1
1
1
1
1
1
1
0.999998
0.999997
1
1.00001
1.00002
0.999997
0.999936
0.999877
0.999925
1.00018
1.0006
1.00086
1.00045
0.998913
0.996431
0.994182
0.994308
0.999165
1.01001
1.02556
1.04121
1.04929
1.04063
1.00692
0.943144
0.849248
0.73046
0.596252
0.458287
0.328013
0.214601
0.123677
0.057023
0.0131094
-0.0118552
-0.022725
-0.0243661
-0.02093
-0.0154969
-0.0100328
-0.00555507
-0.00239522
-0.000468684
0.000503308
0.000841293
0.000822344
0.000646793
0.000437915
0.000257861
0.000128009
4.70008e-05
3.78787e-06
-1.4476e-05
-1.859e-05
-1.61088e-05
-1.15605e-05
-7.22027e-06
-3.94017e-06
-1.81162e-06
-6.06151e-07
-2.38452e-08
1.92888e-07
2.25348e-07
1.83585e-07
1.25208e-07
7.49007e-08
3.95125e-08
1.78547e-08
6.17884e-09
7.53362e-10
-1.23225e-09
-1.57893e-09
-1.29759e-09
-8.80908e-10
-5.25086e-10
-2.78837e-10
-1.30038e-10
-5.10668e-11
-6.01573e-12
1
1
1
1
1
1
1
1
1
1
1
1
1
1
1
1
1
1
1
1
1
1
0.999997
0.999997
1
1.00002
1.00002
0.999982
0.999913
0.999874
0.999976
1.00029
1.00069
1.00082
1.00014
0.99837
0.995923
0.99419
0.995317
1.00134
1.01288
1.02797
1.04147
1.04572
1.0321
0.993331
0.925574
0.829717
0.711436
0.580041
0.446513
0.321343
0.212745
0.125623
0.0613872
0.0184959
-0.00658946
-0.0183307
-0.0211878
-0.0189811
-0.0145771
-0.0098463
-0.0058036
-0.0028346
-0.000931218
0.000111251
0.000555487
0.000641167
0.000549656
0.000398693
0.000252859
0.000139429
6.3422e-05
1.90685e-05
-2.81171e-06
-1.08667e-05
-1.16396e-05
-9.36857e-06
-6.41494e-06
-3.85948e-06
-2.03209e-06
-8.94103e-07
-2.73218e-07
1.42073e-08
1.13538e-07
1.21947e-07
9.60129e-08
6.41405e-08
3.78157e-08
1.97384e-08
8.85664e-09
3.06165e-09
3.92965e-10
-5.78783e-10
-7.50578e-10
-6.18253e-10
-4.20581e-10
-2.51518e-10
-1.35926e-10
-5.15934e-11
1
1
1
1
1
1
1
1
1
1
1
1
1
1
1
1
1
1
1
1
1
1
0.999999
0.999995
0.999997
1.00001
1.00002
1.00001
0.999965
0.999895
0.999885
1.00004
1.00038
1.00073
1.00068
0.999765
0.99788
0.995661
0.994632
0.99681
1.00378
1.0155
1.02932
1.03976
1.03932
1.02014
0.976046
0.904369
0.806865
0.689538
0.561425
0.432761
0.313059
0.209587
0.12655
0.0650067
0.023402
-0.00155948
-0.0139653
-0.0178845
-0.0168137
-0.0134024
-0.0094141
-0.00584538
-0.00311979
-0.00129271
-0.000224996
0.00029209
0.000461117
0.000442539
0.000345671
0.000234649
0.00014033
7.25358e-05
2.9898e-05
6.54335e-06
-4.05529e-06
-7.29562e-06
-6.94158e-06
-5.27196e-06
-3.46904e-06
-2.01932e-06
-1.02904e-06
-4.34128e-07
-1.20335e-07
1.91812e-08
6.37989e-08
6.43178e-08
4.92411e-08
3.23301e-08
1.88337e-08
9.75046e-09
4.35746e-09
1.51327e-09
2.11326e-10
-2.62814e-10
-3.49718e-10
-2.89737e-10
-1.99236e-10
-1.05603e-10
1
1
1
1
1
1
1
1
1
1
1
1
1
1
1
1
1
1
1
1
1
1
1
0.999996
0.999994
0.999999
1.00001
1.00003
1.00001
0.999947
0.999882
0.999904
1.0001
1.00045
1.00072
1.00049
0.999408
0.997554
0.99574
0.995509
0.998625
1.00613
1.0173
1.02892
1.03534
1.02944
1.00423
0.954715
0.879342
0.780625
0.664766
0.540427
0.417042
0.303138
0.205067
0.126363
0.0677577
0.0276893
0.00309372
-0.0097609
-0.0145709
-0.0145192
-0.0120388
-0.00877827
-0.00570202
-0.00325696
-0.00154916
-0.000496017
6.22481e-05
0.000292638
0.00033389
0.000284899
0.000207056
0.000132777
7.51904e-05
3.63926e-05
1.33422e-05
1.47698e-06
-3.42825e-06
-4.55625e-06
-3.98136e-06
-2.88411e-06
-1.83393e-06
-1.03668e-06
-5.12795e-07
-2.07872e-07
-5.18995e-08
1.48508e-08
3.45399e-08
3.31563e-08
2.48055e-08
1.60533e-08
9.26129e-09
4.76612e-09
2.12722e-09
7.45824e-10
1.15562e-10
-1.15124e-10
-1.59776e-10
-1.29477e-10
1
1
1
1
1
1
1
1
1
1
1
1
1
1
1
1
1
1
1
1
1
1
1
0.999998
0.999993
0.999993
1
1.00002
1.00003
0.999997
0.999925
0.999868
0.999923
1.00016
1.00049
1.00067
1.0003
0.999162
0.99748
0.996175
0.996694
1.00044
1.00785
1.01759
1.02601
1.0275
1.01548
0.983961
0.929117
0.850434
0.751048
0.637224
0.517157
0.39944
0.291623
0.199177
0.125012
0.0695569
0.0312517
0.00725338
-0.00583381
-0.0113533
-0.0121873
-0.0105561
-0.00798751
-0.0054033
-0.00326053
-0.00170395
-0.000698309
-0.000127164
0.000143425
0.000230657
0.000221825
0.000173874
0.000119104
7.261e-05
3.90338e-05
1.76349e-05
5.57506e-06
-2.54578e-07
-2.41496e-06
-2.69959e-06
-2.21061e-06
-1.53948e-06
-9.50226e-07
-5.23315e-07
-2.51959e-07
-9.83825e-08
-2.19814e-08
9.56589e-09
1.81255e-08
1.67431e-08
1.22907e-08
7.86024e-09
4.49988e-09
2.30655e-09
1.03068e-09
3.65972e-10
6.60841e-11
-6.80216e-11
1
1
1
1
1
1
1
1
1
1
1
1
1
1
1
1
1
1
1
0.999999
1
1
1
1
0.999995
0.999991
0.999996
1.00001
1.00003
1.00003
0.999977
0.999893
0.999848
0.999938
1.0002
1.00053
1.00064
1.00021
0.999099
0.997677
0.996862
0.9979
1.00175
1.00828
1.01559
1.01982
1.01557
0.996962
0.959061
0.89918
0.817724
0.718303
0.607117
0.491808
0.380107
0.278615
0.191967
0.122497
0.0703646
0.0340201
0.0108323
-0.00227857
-0.00832392
-0.00990063
-0.00902185
-0.00709285
-0.00498379
-0.00315079
-0.00176628
-0.000833487
-0.000273297
1.83191e-05
0.000137982
0.000160931
0.000138518
0.000101628
6.61834e-05
3.85298e-05
1.96887e-05
8.25821e-06
2.13141e-06
-6.42775e-07
-1.54054e-06
-1.53515e-06
-1.19388e-06
-8.04103e-07
-4.83586e-07
-2.60222e-07
-1.22281e-07
-4.61258e-08
-9.1788e-09
5.58007e-09
9.25859e-09
8.29663e-09
5.99665e-09
3.79821e-09
2.16178e-09
1.1049e-09
5.0201e-10
1.23738e-10
1
1
1
1
1
1
1
1
1
1
1
1
1
1
1
1
1
1
1
0.999999
1
1
1
1
0.999997
0.999991
0.999992
1.00001
1.00003
1.00004
1.00002
0.99994
0.999846
0.999823
0.999963
1.00028
1.00062
1.0007
1.00025
0.999232
0.99805
0.997543
0.99867
1.00192
1.00662
1.0105
1.00963
0.998993
0.97355
0.929427
0.864994
0.781434
0.682679
0.574743
0.46465
0.359264
0.264273
0.183537
0.118866
0.0701848
0.035964
0.0137755
0.000835546
-0.00555693
-0.00772996
-0.00749811
-0.00614379
-0.0044796
-0.00295138
-0.00174945
-0.000907174
-0.00037675
-8.04988e-05
5.91621e-05
0.000105555
0.0001038
8.24321e-05
5.72892e-05
3.56874e-05
1.99045e-05
9.67184e-06
3.73578e-06
7.05157e-07
-5.74548e-07
-9.20493e-07
-8.44169e-07
-6.29418e-07
-4.11955e-07
-2.42166e-07
-1.27666e-07
-5.87095e-08
-2.14678e-08
-3.80007e-09
3.04818e-09
4.61748e-09
4.03998e-09
2.88379e-09
1.81162e-09
1.03669e-09
4.3678e-10
1
1
1
1
1
1
1
1
1
1
1
1
1
1
1
1
1
1
1
1
1
1
1
1
0.999998
0.999992
0.99999
0.999999
1.00002
1.00004
1.00004
0.999985
0.999882
0.999791
0.999814
1.00003
1.00042
1.00079
1.00088
1.00044
0.999468
0.998362
0.997795
0.998392
1.00018
1.00208
1.00155
0.994801
0.977371
0.945094
0.895135
0.826807
0.741918
0.644571
0.540483
0.436019
0.337184
0.248806
0.174034
0.114211
0.0690622
0.0370898
0.0160602
0.0034658
-0.00310591
-0.00573172
-0.00603762
-0.00518524
-0.00392567
-0.00268703
-0.00166909
-0.000927769
-0.0004408
-0.000153108
-4.2208e-06
5.78659e-05
7.18224e-05
6.32336e-05
4.71674e-05
3.13082e-05
1.87409e-05
1.00383e-05
4.63629e-06
1.6299e-06
1.66962e-07
-4.05291e-07
-5.24216e-07
-4.51237e-07
-3.24841e-07
-2.07412e-07
-1.19514e-07
-6.18798e-08
-2.79244e-08
-9.93787e-09
-1.57194e-09
1.58549e-09
2.25355e-09
1.93461e-09
1.3767e-09
7.63645e-10
1
1
1
1
1
1
1
1
1
1
1
1
1
1
1
1
1
1
1
1
1
1
1
1
0.999999
0.999994
0.99999
0.999995
1.00001
1.00004
1.00005
1.00002
0.999925
0.999808
0.999749
0.999855
1.00018
1.00067
1.0011
1.00118
1.00067
0.999578
0.998214
0.997038
0.996332
0.995734
0.993836
0.988056
0.974881
0.950497
0.911641
0.856444
0.785023
0.69965
0.60446
0.504783
0.406298
0.314182
0.23246
0.163641
0.10866
0.0670764
0.0374369
0.0176933
0.00559511
-0.0010036
-0.00394651
-0.00468218
-0.00425536
-0.00335358
-0.00238156
-0.00154154
-0.000905244
-0.000470568
-0.00020133
-5.20244e-05
1.89613e-05
4.39691e-05
4.5321e-05
3.684e-05
2.61125e-05
1.66534e-05
9.61303e-06
4.95405e-06
2.17241e-06
6.83537e-07
-6.95265e-09
-2.54816e-07
-2.87494e-07
-2.3537e-07
-1.6449e-07
-1.02796e-07
-5.82058e-08
-2.96675e-08
-1.31737e-08
-4.58372e-09
-6.56265e-10
7.92806e-10
1.07923e-09
8.8199e-10
1
1
1
1
1
1
1
1
1
1
1
1
1
1
1
1
1
1
1
1
1
1
1
1
0.999999
0.999995
0.999992
0.999995
1.00001
1.00003
1.00005
1.00003
0.999959
0.999843
0.999743
0.999762
1
1.00048
1.00107
1.00151
1.00147
1.00071
0.999177
0.99705
0.994564
0.991688
0.987755
0.981192
0.969507
0.949604
0.918376
0.873438
0.813781
0.740176
0.6552
0.562892
0.468133
0.375904
0.290597
0.215505
0.152566
0.102366
0.0643347
0.037072
0.0187077
0.00722961
0.000736908
-0.00239919
-0.00346191
-0.00338434
-0.00279011
-0.00205652
-0.00138256
-0.000850066
-0.000472213
-0.000228179
-8.52121e-05
-1.09572e-05
2.09706e-05
2.95519e-05
2.70762e-05
2.06941e-05
1.40515e-05
8.6497e-06
4.8286e-06
2.39755e-06
9.96487e-07
2.73848e-07
-4.53603e-08
-1.49142e-07
-1.52863e-07
-1.20156e-07
-8.18748e-08
-5.02205e-08
-2.80063e-08
-1.40835e-08
-6.17084e-09
-2.1076e-09
-2.95199e-10
4.9784e-10
1
1
1
1
1
1
1
1
1
1
1
1
1
1
1
1
1
1
1
1
1
1
1
1
0.999999
0.999996
0.999993
0.999995
1.00001
1.00003
1.00004
1.00003
0.99998
0.999877
0.999765
0.999731
0.999884
1.0003
1.00093
1.00157
1.00191
1.00154
1.00019
0.997729
0.994191
0.989593
0.983656
0.975519
0.963582
0.945581
0.918923
0.881228
0.830919
0.767723
0.692904
0.609201
0.520453
0.431042
0.345266
0.266781
0.198222
0.141032
0.0955015
0.0609638
0.0360826
0.019157
0.00839493
0.00211994
-0.00110006
-0.00239545
-0.002594
-0.00225644
-0.00173012
-0.00120638
-0.000772342
-0.000452236
-0.000237347
-0.000105502
-3.23724e-05
3.01319e-06
1.63941e-05
1.83927e-05
1.55012e-05
1.12724e-05
7.37602e-06
4.3985e-06
2.38023e-06
1.14002e-06
4.4808e-07
1.03635e-07
-4.11258e-08
-8.29774e-08
-7.91726e-08
-6.01729e-08
-4.01212e-08
-2.42135e-08
-1.33268e-08
-6.62095e-09
-2.91189e-09
-6.33081e-10
1
1
1
1
1
1
1
1
1
1
1
1
1
1
1
1
1
1
1
1
1
1
1
1
0.999999
0.999996
0.999994
0.999996
1.00001
1.00002
1.00004
1.00003
0.999989
0.999902
0.999795
0.999737
0.999831
1.00017
1.00076
1.00149
1.00206
1.00204
1.001
0.998582
0.994574
0.988878
0.981334
0.971498
0.958434
0.940642
0.916185
0.883024
0.839475
0.784681
0.718959
0.643919
0.562327
0.477742
0.394021
0.314805
0.243077
0.180891
0.129263
0.0882441
0.0571012
0.0345695
0.0191096
0.00913187
0.00316407
-4.68128e-05
-0.00149104
-0.00189811
-0.00176802
-0.00141684
-0.00102505
-0.000681187
-0.000416922
-0.00023275
-0.00011504
-4.62328e-05
-1.01306e-05
5.99275e-06
1.1079e-05
1.08368e-05
8.57102e-06
5.97958e-06
3.78795e-06
2.19477e-06
1.1537e-06
5.33535e-07
1.97767e-07
3.62386e-08
-2.82554e-08
-4.44059e-08
-4.00819e-08
-2.9616e-08
-1.93816e-08
-1.15263e-08
-6.33996e-09
-2.51888e-09
1
1
1
1
1
1
1
1
1
1
1
1
1
1
1
1
1
1
1
1
1
1
1
1
0.999999
0.999996
0.999994
0.999997
1.00001
1.00002
1.00003
1.00003
0.99999
0.999915
0.99982
0.999758
0.999819
1.0001
1.00064
1.00136
1.00204
1.00227
1.00154
0.999331
0.995238
0.988974
0.980335
0.969053
0.954609
0.936103
0.912235
0.881464
0.842307
0.793719
0.735449
0.668262
0.593969
0.515257
0.435343
0.357557
0.284919
0.21981
0.163775
0.117475
0.0807699
0.0528871
0.0326405
0.0186433
0.00949179
0.00389873
0.000773042
-0.000747997
-0.00130316
-0.00133473
-0.00112726
-0.000848145
-0.000584331
-0.000371947
-0.000218191
-0.000116124
-5.3753e-05
-1.89692e-05
-1.7513e-06
5.2375e-06
6.87463e-06
6.12099e-06
4.60227e-06
3.09921e-06
1.90769e-06
1.07671e-06
5.50793e-07
2.46175e-07
8.57883e-08
1.11353e-08
-1.71329e-08
-2.30286e-08
-1.98876e-08
-1.43405e-08
-9.31264e-09
-4.73505e-09
1
1
1
1
1
1
1
1
1
1
1
1
1
1
1
1
1
1
1
1
1
1
1
1
0.999999
0.999996
0.999995
0.999998
1.00001
1.00002
1.00003
1.00002
0.999988
0.999921
0.999837
0.999781
0.99983
1.00007
1.00055
1.00124
1.00195
1.00232
1.00182
0.999867
0.995892
0.989436
0.98017
0.967841
0.952141
0.93257
0.908353
0.878465
0.841786
0.797361
0.744702
0.684037
0.61644
0.543804
0.468646
0.393807
0.322099
0.255971
0.197272
0.147115
0.105869
0.0732451
0.0484578
0.0304035
0.0178397
0.00953219
0.00436061
0.00137953
-0.000158599
-0.000809562
-0.00096162
-0.000868346
-0.000682741
-0.00048794
-0.000322129
-0.000197102
-0.000110989
-5.62455e-05
-2.41724e-05
-7.10308e-06
8.29468e-07
3.682e-06
4.02336e-06
3.34111e-06
2.4096e-06
1.57364e-06
9.44065e-07
5.20198e-07
2.59412e-07
1.12162e-07
3.66241e-08
2.56711e-09
-9.64047e-09
-1.16269e-08
-9.74079e-09
-6.31097e-09
1
1
1
1
1
1
1
1
1
1
1
1
1
1
1
1
1
1
1
1
1
1
1
1
0.999999
0.999996
0.999995
0.999998
1.00001
1.00002
1.00003
1.00002
0.999984
0.999921
0.999845
0.999798
0.999847
1.00007
1.00051
1.00116
1.00185
1.00228
1.00193
1.00019
0.996401
0.989972
0.980432
0.967454
0.950791
0.930169
0.905185
0.875257
0.839671
0.797723
0.748932
0.693265
0.631304
0.564309
0.494146
0.423104
0.353629
0.288039
0.228274
0.175717
0.131121
0.0946194
0.0658196
0.0439394
0.0279618
0.0167796
0.00931272
0.00459047
0.00179766
0.000290055
-0.000412937
-0.000649609
-0.000643818
-0.00053356
-0.000396596
-0.000271322
-0.000172408
-0.000101662
-5.49928e-05
-2.6472e-05
-1.04233e-05
-2.27965e-06
1.24642e-06
2.32015e-06
2.25343e-06
1.7722e-06
1.23399e-06
7.84482e-07
4.59876e-07
2.47886e-07
1.20704e-07
5.05411e-08
1.54117e-08
4.68445e-11
-5.12849e-09
-5.8057e-09
1
1
1
1
1
1
1
1
1
1
1
1
1
1
1
1
1
1
1
1
1
1
1
1
0.999999
0.999996
0.999995
0.999998
1.00001
1.00002
1.00003
1.00002
0.999981
0.999919
0.999848
0.999809
0.999863
1.00008
1.0005
1.00111
1.00177
1.0022
1.00193
1.00034
0.996734
0.990429
0.980837
0.967529
0.950228
0.928752
0.902925
0.872497
0.837121
0.796399
0.75001
0.697872
0.6403
0.578113
0.512646
0.44566
0.379172
0.315235
0.25571
0.202084
0.15535
0.115963
0.0838757
0.0586229
0.039444
0.02541
0.0155394
0.00889187
0.00463024
0.00205509
0.000614209
-0.000105426
-0.000396457
-0.000454749
-0.000403265
-0.000313407
-0.000222409
-0.00014645
-8.98671e-05
-5.11593e-05
-2.65864e-05
-1.21107e-05
-4.27989e-06
-4.98725e-07
1.00908e-06
1.36431e-06
1.21873e-06
9.17165e-07
6.19662e-07
3.84661e-07
2.20837e-07
1.16661e-07
5.55609e-08
2.2539e-08
6.55564e-09
-1.65298e-09
1
1
1
1
1
1
1
1
1
1
1
1
1
1
1
1
1
1
1
1
1
1
1
1
0.999999
0.999996
0.999994
0.999998
1.00001
1.00002
1.00003
1.00002
0.999979
0.999916
0.999847
0.999814
0.999874
1.00009
1.0005
1.00109
1.00172
1.00213
1.00188
1.00038
0.996914
0.990753
0.981225
0.967802
0.950142
0.928066
0.901508
0.870437
0.834791
0.794468
0.74937
0.699502
0.645095
0.586709
0.525294
0.46217
0.398934
0.33731
0.278972
0.22537
0.177601
0.13633
0.101776
0.0737553
0.0517612
0.035067
0.0228308
0.0141883
0.00832439
0.00452071
0.00218012
0.000831843
0.000123053
-0.000197637
-0.000300144
-0.000292827
-0.000240201
-0.000177374
-0.000120991
-7.69916e-05
-4.57385e-05
-2.51693e-05
-1.2559e-05
-5.38408e-06
-1.65156e-06
5.79194e-08
6.74741e-07
7.63599e-07
6.40306e-07
4.64549e-07
3.05747e-07
1.85808e-07
1.04684e-07
5.42516e-08
2.5656e-08
7.21665e-09
1
1
1
1
1
1
1
1
1
1
1
1
1
1
1
1
1
1
1
1
1
1
1
1
0.999999
0.999996
0.999994
0.999998
1.00001
1.00002
1.00003
1.00002
0.999978
0.999914
0.999846
0.999815
0.999881
1.0001
1.00051
1.00108
1.00169
1.00208
1.00183
1.00036
0.996987
0.990948
0.981522
0.96811
0.95029
0.927847
0.900747
0.869075
0.832968
0.792566
0.747999
0.699429
0.647121
0.591528
0.533361
0.47361
0.413513
0.354462
0.297887
0.245106
0.19721
0.154963
0.118765
0.088653
0.0643449
0.0453166
0.0308851
0.020294
0.0127864
0.00765942
0.00429977
0.00220014
0.000961333
0.000283727
-4.71592e-05
-0.000177534
-0.000201909
-0.00017775
-0.000137419
-9.72592e-05
-6.40845e-05
-3.95313e-05
-2.27797e-05
-1.21271e-05
-5.80347e-06
-2.32351e-06
-5.83082e-07
1.69449e-07
4.08379e-07
4.11442e-07
3.28205e-07
2.30846e-07
1.48488e-07
8.84821e-08
4.95423e-08
2.05733e-08
1
1
1
1
1
1
1
1
1
1
1
1
1
1
1
1
1
1
1
1
1
1
1
1
0.999999
0.999996
0.999994
0.999998
1.00001
1.00002
1.00003
1.00002
0.999978
0.999913
0.999844
0.999815
0.999884
1.00011
1.00052
1.00108
1.00168
1.00205
1.00178
1.00033
0.996997
0.991043
0.981718
0.968369
0.950513
0.927884
0.90043
0.868286
0.831705
0.791002
0.746505
0.698548
0.647498
0.593807
0.538068
0.481058
0.423735
0.367204
0.312638
0.261176
0.21382
0.171347
0.134251
0.102719
0.0766504
0.0557013
0.0393477
0.026957
0.0178553
0.0113837
0.00693939
0.00400123
0.00214048
0.00102041
0.00038808
6.17201e-05
-8.35068e-05
-0.000129242
-0.000126022
-0.000103112
-7.60183e-05
-5.18835e-05
-3.3146e-05
-1.98692e-05
-1.11229e-05
-5.73133e-06
-2.62579e-06
-9.71227e-07
-1.76373e-07
1.45969e-07
2.31865e-07
2.14976e-07
1.64662e-07
1.127e-07
7.16887e-08
3.61113e-08
1
1
1
1
1
1
1
1
1
1
1
1
1
1
1
1
1
1
1
1
1
1
1
1
0.999999
0.999996
0.999994
0.999998
1.00001
1.00002
1.00003
1.00002
0.999978
0.999912
0.999843
0.999814
0.999884
1.00011
1.00053
1.00109
1.00168
1.00203
1.00175
1.00029
0.996978
0.991075
0.981826
0.968552
0.950725
0.928028
0.900375
0.867904
0.830926
0.789867
0.745204
0.697428
0.647031
0.594524
0.540476
0.485547
0.430506
0.376231
0.323664
0.273749
0.227359
0.185217
0.147837
0.115493
0.0882103
0.0657908
0.0478537
0.0338907
0.0233237
0.0155569
0.0100202
0.00619952
0.00365417
0.00202362
0.00102539
0.000447184
0.00013593
-1.41557e-05
-7.29589e-05
-8.44045e-05
-7.4529e-05
-5.76556e-05
-4.08577e-05
-2.70139e-05
-1.67819e-05
-9.79517e-06
-5.33349e-06
-2.66045e-06
-1.16406e-06
-3.9172e-07
-3.58187e-08
9.8328e-08
1.2574e-07
1.09408e-07
8.16055e-08
4.8985e-08
1
1
1
1
1
1
1
1
1
1
1
1
1
1
1
1
1
1
1
1
1
1
1
1
0.999999
0.999996
0.999994
0.999998
1.00001
1.00002
1.00003
1.00002
0.999978
0.999912
0.999842
0.999813
0.999884
1.00011
1.00053
1.0011
1.00168
1.00202
1.00173
1.00026
0.996951
0.991073
0.981874
0.968665
0.950889
0.92819
0.900446
0.867777
0.83051
0.78913
0.744216
0.696382
0.646241
0.594392
0.541432
0.487981
0.4347
0.382303
0.331547
0.283199
0.237984
0.196532
0.159329
0.126675
0.0986707
0.0752225
0.0560664
0.040807
0.0289624
0.0200102
0.0134282
0.00872616
0.00546786
0.00328262
0.00186883
0.000990752
0.000471221
0.000182156
3.45627e-05
-3.08704e-05
-5.19138e-05
-5.13985e-05
-4.22696e-05
-3.12582e-05
-2.1414e-05
-1.37637e-05
-8.33437e-06
-4.7444e-06
-2.5152e-06
-1.2145e-06
-5.0588e-07
-1.51441e-07
4.92212e-09
5.89992e-08
6.60223e-08
5.19514e-08
1
1
1
1
1
1
1
1
1
1
1
1
1
1
1
1
1
1
1
1
1
1
1
1
0.999999
0.999996
0.999994
0.999998
1.00001
1.00002
1.00003
1.00002
0.999978
0.999912
0.999842
0.999812
0.999883
1.00011
1.00053
1.0011
1.00168
1.00202
1.00172
1.00024
0.996926
0.991057
0.981886
0.968723
0.950997
0.928326
0.900559
0.867787
0.830332
0.788706
0.743544
0.695548
0.645432
0.593884
0.54156
0.489087
0.437078
0.386149
0.33692
0.29001
0.246007
0.205434
0.168711
0.136125
0.107807
0.0837269
0.0637071
0.0474447
0.0345458
0.0245622
0.0170275
0.0114873
0.00752278
0.00476562
0.00290571
0.00169201
0.000928845
0.000469192
0.000206546
6.65612e-05
-6.89755e-07
-2.73633e-05
-3.32218e-05
-2.97521e-05
-2.31691e-05
-1.65021e-05
-1.09758e-05
-6.87721e-06
-4.06713e-06
-2.26123e-06
-1.16812e-06
-5.45855e-07
-2.15588e-07
-5.53985e-08
1.1501e-08
3.63433e-08
1
1
1
1
1
1
1
1
1
1
1
1
1
1
1
1
1
1
1
1
1
1
1
1
0.999999
0.999996
0.999994
0.999998
1.00001
1.00002
1.00003
1.00002
0.999978
0.999912
0.999841
0.999811
0.999883
1.00011
1.00053
1.0011
1.00169
1.00203
1.00172
1.00023
0.996908
0.991038
0.98188
0.968745
0.951059
0.928424
0.900666
0.867854
0.830294
0.788498
0.743133
0.694955
0.64475
0.593287
0.541285
0.489407
0.438259
0.388409
0.340389
0.294707
0.251832
0.212185
0.176107
0.143843
0.11552
0.0911379
0.0705728
0.0535915
0.0398732
0.029038
0.0206761
0.0143752
0.00974288
0.00642347
0.0041079
0.00253798
0.00150582
0.000849861
0.000448773
0.00021453
8.54411e-05
1.98069e-05
-9.49585e-06
-1.9374e-05
-1.98598e-05
-1.6555e-05
-1.23393e-05
-8.51113e-06
-5.51446e-06
-3.37608e-06
-1.95325e-06
-1.06192e-06
-5.34943e-07
-2.41609e-07
-9.16734e-08
-6.06432e-09
1
1
1
1
1
1
1
1
1
1
1
1
1
1
1
1
1
1
1
1
1
1
1
1
0.999999
0.999996
0.999994
0.999998
1.00001
1.00002
1.00003
1.00002
0.999978
0.999912
0.999841
0.999811
0.999882
1.00011
1.00053
1.0011
1.00169
1.00203
1.00172
1.00022
0.996898
0.991023
0.981869
0.968748
0.951088
0.928485
0.90075
0.867933
0.830322
0.788424
0.742912
0.694573
0.644242
0.592748
0.54087
0.489315
0.43871
0.389606
0.342488
0.297789
0.25589
0.217117
0.181738
0.149939
0.121822
0.097388
0.0765421
0.059096
0.0447845
0.0332848
0.0242395
0.0172793
0.0120433
0.00819527
0.005435
0.00350448
0.00218986
0.00131991
0.000761908
0.00041629
0.000210733
9.43833e-05
3.26709e-05
2.91866e-06
-9.18256e-06
-1.22729e-05
-1.13019e-05
-8.9191e-06
-6.41017e-06
-4.29968e-06
-2.72106e-06
-1.63087e-06
-9.24465e-07
-4.91644e-07
-2.4483e-07
-8.04436e-08
1
1
1
1
1
1
1
1
1
1
1
1
1
1
1
1
1
1
1
1
1
1
1
1
0.999999
0.999996
0.999994
0.999998
1.00001
1.00002
1.00003
1.00002
0.999978
0.999912
0.999841
0.999811
0.999882
1.00011
1.00053
1.0011
1.00169
1.00203
1.00172
1.00022
0.996892
0.991013
0.981857
0.968742
0.951098
0.928519
0.900807
0.868
0.830374
0.788421
0.742815
0.694353
0.643901
0.592327
0.540461
0.489052
0.438758
0.390136
0.343654
0.2997
0.258591
0.220584
0.185875
0.154595
0.126806
0.102495
0.0815707
0.063871
0.0491679
0.0371827
0.0276022
0.0200971
0.014339
0.0100149
0.00683883
0.0045588
0.00296068
0.00186829
0.00114127
0.00067119
0.000376782
0.000198968
9.60973e-05
3.97154e-05
1.10186e-05
-1.98384e-06
-6.64015e-06
-7.25023e-06
-6.19035e-06
-4.67596e-06
-3.25805e-06
-2.13208e-06
-1.32093e-06
-7.75784e-07
-4.36281e-07
-1.85922e-07
1
1
1
1
1
1
1
1
1
1
1
1
1
1
1
1
1
1
1
1
1
1
1
1
0.999999
0.999996
0.999994
0.999998
1.00001
1.00002
1.00003
1.00002
0.999978
0.999912
0.999842
0.999811
0.999882
1.00011
1.00053
1.0011
1.00169
1.00203
1.00172
1.00022
0.99689
0.991007
0.981848
0.968735
0.951098
0.928533
0.90084
0.868049
0.830425
0.788449
0.742788
0.694243
0.643692
0.592032
0.540123
0.488756
0.438617
0.390284
0.344223
0.300802
0.260299
0.222921
0.188806
0.158034
0.130625
0.10654
0.0856793
0.0678887
0.0529618
0.0406503
0.0306755
0.0227424
0.0165527
0.0118177
0.00826844
0.00566328
0.00379218
0.00247831
0.00157728
0.000974643
0.000582242
0.000334112
0.000182272
9.28158e-05
4.24856e-05
1.58116e-05
2.83878e-06
-2.61192e-06
-4.22101e-06
-4.07555e-06
-3.28654e-06
-2.3943e-06
-1.62409e-06
-1.0389e-06
-6.37667e-07
-3.12742e-07
1
1
1
1
1
1
1
1
1
1
1
1
1
1
1
1
1
1
1
1
1
1
1
1
0.999999
0.999996
0.999994
0.999998
1.00001
1.00002
1.00003
1.00002
0.999978
0.999912
0.999842
0.999811
0.999882
1.00011
1.00053
1.0011
1.00169
1.00203
1.00172
1.00022
0.996889
0.991004
0.981842
0.968728
0.951094
0.928537
0.900857
0.868081
0.830465
0.788484
0.742797
0.694201
0.643579
0.591842
0.539875
0.488495
0.438416
0.390238
0.344437
0.301376
0.261315
0.224424
0.190803
0.160488
0.133459
0.109647
0.0889373
0.0711708
0.05615
0.0436447
0.0334009
0.0251502
0.0186204
0.0135456
0.00967487
0.00677899
0.0046552
0.00312943
0.00205646
0.00131858
0.000822914
0.000498187
0.000291127
0.000162981
8.63191e-05
4.2255e-05
1.81573e-05
5.83238e-06
1.38457e-07
-2.03376e-06
-2.48523e-06
-2.20516e-06
-1.69968e-06
-1.20007e-06
-8.02194e-07
-4.40166e-07
1
1
1
1
1
1
1
1
1
1
1
1
1
1
1
1
1
1
1
1
1
1
1
1
0.999999
0.999996
0.999994
0.999998
1.00001
1.00002
1.00003
1.00002
0.999978
0.999912
0.999842
0.999811
0.999882
1.00011
1.00053
1.0011
1.00169
1.00203
1.00172
1.00022
0.996889
0.991003
0.981839
0.968722
0.951089
0.928536
0.900864
0.868098
0.830493
0.788515
0.742818
0.694194
0.643527
0.591732
0.539709
0.488293
0.438221
0.390113
0.34446
0.301629
0.261871
0.225341
0.192108
0.162176
0.135493
0.111961
0.0914457
0.0737759
0.0587538
0.0461578
0.0357491
0.0272785
0.0204948
0.0151517
0.0110151
0.00786925
0.0055203
0.0037993
0.00256282
0.00169227
0.00109216
0.000687518
0.000420999
0.000249809
0.000142824
7.79797e-05
4.004e-05
1.87644e-05
7.4641e-06
1.9016e-06
-5.18975e-07
-1.32813e-06
-1.38809e-06
-1.1562e-06
-8.65412e-07
-5.35677e-07
1
1
1
1
1
1
1
1
1
1
1
1
1
1
1
1
1
1
1
1
1
1
1
1
0.999999
0.999996
0.999994
0.999998
1.00001
1.00002
1.00003
1.00002
0.999978
0.999912
0.999842
0.999811
0.999882
1.00011
1.00053
1.0011
1.00169
1.00203
1.00172
1.00023
0.99689
0.991003
0.981837
0.968719
0.951085
0.928533
0.900865
0.868107
0.83051
0.788538
0.74284
0.694204
0.64351
0.591676
0.539608
0.488152
0.438063
0.389976
0.344397
0.301701
0.262141
0.225863
0.19292
0.163292
0.136904
0.113632
0.0933208
0.0757856
0.060822
0.0482096
0.0377172
0.0291083
0.0221466
0.0166019
0.012255
0.00890246
0.00636023
0.00446584
0.00307941
0.00208342
0.00138156
0.000896746
0.000568781
0.000351747
0.000211448
0.000123019
6.88175e-05
3.66256e-05
1.81989e-05
8.11945e-06
2.92602e-06
4.74633e-07
-5.17997e-07
-7.89415e-07
-7.48789e-07
-5.55822e-07
1
1
1
1
1
1
1
1
1
1
1
1
1
1
1
1
1
1
1
1
1
1
1
1
0.999999
0.999996
0.999994
0.999998
1.00001
1.00002
1.00003
1.00002
0.999978
0.999912
0.999842
0.999811
0.999882
1.00011
1.00053
1.0011
1.00169
1.00203
1.00172
1.00023
0.996891
0.991003
0.981837
0.968717
0.951082
0.92853
0.900864
0.86811
0.830519
0.788554
0.742859
0.694219
0.643511
0.591652
0.539551
0.488062
0.437947
0.389856
0.344306
0.301682
0.262243
0.226133
0.193396
0.164
0.137848
0.1148
0.0946814
0.0772927
0.0624204
0.0498402
0.0393233
0.0306398
0.0235636
0.0178761
0.0133703
0.00985388
0.00715193
0.00510899
0.0035898
0.00247929
0.00168175
0.00111936
0.000730222
0.000466235
0.000290819
0.000176785
0.000104375
5.95576e-05
3.25971e-05
1.68989e-05
8.10662e-06
3.41699e-06
1.0767e-06
2.23398e-08
-3.65855e-07
-4.48821e-07
1
1
1
1
1
1
1
1
1
1
1
1
1
1
1
1
1
1
1
1
1
1
1
1
0.999999
0.999996
0.999994
0.999998
1.00001
1.00002
1.00003
1.00002
0.999978
0.999912
0.999842
0.999811
0.999882
1.00011
1.00053
1.0011
1.00169
1.00203
1.00172
1.00023
0.996891
0.991003
0.981837
0.968717
0.95108
0.928527
0.900862
0.86811
0.830523
0.788563
0.742871
0.694232
0.643519
0.591647
0.539524
0.488009
0.43787
0.389763
0.344218
0.301628
0.262257
0.226252
0.193655
0.164425
0.138455
0.11559
0.095639
0.0783913
0.0636225
0.0511024
0.0406003
0.0318889
0.0247479
0.0189668
0.0143474
0.0107066
0.00787773
0.00571206
0.00407935
0.00286776
0.00198324
0.00134828
0.000900334
0.000589952
0.000378876
0.000238112
0.000146152
8.73765e-05
5.06882e-05
2.83737e-05
1.51919e-05
7.66434e-06
3.53892e-06
1.39302e-06
3.69776e-07
-1.58719e-07
1
1
1
1
1
1
1
1
1
1
1
1
1
1
1
1
1
1
1
1
1
1
1
1
0.999999
0.999996
0.999994
0.999998
1.00001
1.00002
1.00003
1.00002
0.999978
0.999912
0.999842
0.999811
0.999882
1.00011
1.00053
1.0011
1.00169
1.00203
1.00172
1.00023
0.996891
0.991004
0.981837
0.968716
0.951079
0.928526
0.900861
0.868109
0.830524
0.788567
0.74288
0.694242
0.643528
0.591649
0.539514
0.487981
0.437822
0.389699
0.344147
0.301568
0.262232
0.226288
0.193781
0.164666
0.138829
0.116104
0.0962918
0.0791691
0.0645022
0.052054
0.04159
0.0328824
0.0257133
0.0198771
0.0151818
0.0114514
0.00852589
0.00626257
0.0045361
0.00323823
0.00227718
0.00157652
0.00107384
0.00071912
0.000473056
0.00030537
0.000193189
0.000119583
7.22672e-05
4.25121e-05
2.42409e-05
1.33136e-05
6.972e-06
3.41603e-06
1.53553e-06
3.69386e-07
1
1
1
1
1
1
1
1
1
1
1
1
1
1
1
1
1
1
1
1
1
1
1
1
0.999999
0.999996
0.999994
0.999998
1.00001
1.00002
1.00003
1.00002
0.999978
0.999912
0.999842
0.999811
0.999882
1.00011
1.00053
1.0011
1.00169
1.00203
1.00172
1.00023
0.996891
0.991004
0.981837
0.968716
0.951079
0.928525
0.900859
0.868108
0.830524
0.788569
0.742884
0.694249
0.643535
0.591655
0.539513
0.487969
0.437795
0.389658
0.344096
0.301515
0.262193
0.226283
0.19383
0.16479
0.139046
0.116426
0.0967221
0.0797036
0.0651285
0.052753
0.042338
0.0336533
0.0264813
0.0206186
0.0158773
0.0120862
0.00909043
0.00675246
0.00495129
0.00358221
0.00255595
0.00179765
0.00124561
0.000849836
0.00057053
0.000376606
0.000244215
0.000155404
9.69084e-05
5.91153e-05
3.51928e-05
2.03799e-05
1.14269e-05
6.15336e-06
3.19134e-06
1.18371e-06
1
1
1
1
1
1
1
1
1
1
1
1
1
1
1
1
1
1
1
1
1
1
1
1
0.999999
0.999996
0.999994
0.999998
1.00001
1.00002
1.00003
1.00002
0.999978
0.999912
0.999842
0.999811
0.999882
1.00011
1.00053
1.0011
1.00169
1.00203
1.00172
1.00023
0.996891
0.991004
0.981837
0.968717
0.951079
0.928525
0.900858
0.868107
0.830524
0.78857
0.742886
0.694254
0.643541
0.59166
0.539515
0.487965
0.437782
0.389633
0.344061
0.301475
0.262156
0.226261
0.193839
0.164846
0.139164
0.116618
0.0969953
0.0800593
0.0655618
0.053253
0.0428891
0.034237
0.0270778
0.0212085
0.0164435
0.0126145
0.00957053
0.00717798
0.00531952
0.00389363
0.00281357
0.00200626
0.00141104
0.000978377
0.000668434
0.00044972
0.000297762
0.000193866
0.000124003
7.78327e-05
4.78691e-05
2.87927e-05
1.68949e-05
9.62781e-06
5.3726e-06
2.32048e-06
1
1
1
1
1
1
1
1
1
1
1
1
1
1
1
1
1
1
1
1
1
1
1
1
0.999999
0.999996
0.999994
0.999998
1.00001
1.00002
1.00003
1.00002
0.999978
0.999912
0.999842
0.999811
0.999882
1.00011
1.00053
1.0011
1.00169
1.00203
1.00172
1.00023
0.996891
0.991004
0.981837
0.968717
0.951079
0.928524
0.900858
0.868107
0.830523
0.78857
0.742887
0.694256
0.643545
0.591664
0.539519
0.487965
0.437776
0.38962
0.344039
0.301447
0.262126
0.226236
0.19383
0.164864
0.139221
0.116726
0.0971616
0.0802883
0.0658529
0.0536012
0.0432851
0.0346684
0.0275302
0.0216671
0.0168939
0.0130442
0.00996953
0.00753908
0.00563848
0.0041689
0.0030459
0.00219816
0.00156629
0.00110145
0.000764088
0.000522631
0.000352284
0.000233873
0.000152812
9.81921e-05
6.19883e-05
3.83996e-05
2.33065e-05
1.38192e-05
8.08555e-06
3.7997e-06
1
1
1
1
1
1
1
1
1
1
1
1
1
1
1
1
1
1
1
1
1
1
1
1
0.999999
0.999996
0.999994
0.999998
1.00001
1.00002
1.00003
1.00002
0.999978
0.999912
0.999842
0.999811
0.999882
1.00011
1.00053
1.0011
1.00169
1.00203
1.00172
1.00023
0.996891
0.991004
0.981837
0.968717
0.951079
0.928524
0.900858
0.868106
0.830523
0.788569
0.742888
0.694257
0.643547
0.591667
0.539522
0.487966
0.437775
0.389614
0.344027
0.301429
0.262104
0.226215
0.193815
0.164864
0.139245
0.116782
0.0972579
0.0804301
0.0660423
0.0538369
0.0435624
0.0349796
0.0278655
0.0220155
0.0172442
0.013386
0.0102938
0.00783874
0.00590861
0.00440672
0.00325059
0.00237057
0.00170849
0.00121639
0.000855164
0.000593425
0.000406282
0.0002743
0.000182528
0.00011964
7.71897e-05
4.89793e-05
3.05363e-05
1.86648e-05
1.13056e-05
5.62249e-06
1
1
1
1
1
1
1
1
1
1
1
1
1
1
1
1
1
1
1
1
1
1
1
1
0.999999
0.999996
0.999994
0.999998
1.00001
1.00002
1.00003
1.00002
0.999978
0.999912
0.999842
0.999811
0.999882
1.00011
1.00053
1.0011
1.00169
1.00203
1.00172
1.00023
0.996891
0.991004
0.981838
0.968717
0.951079
0.928524
0.900858
0.868106
0.830522
0.788569
0.742887
0.694257
0.643548
0.591669
0.539524
0.487968
0.437775
0.389611
0.344021
0.301418
0.262089
0.226198
0.1938
0.164856
0.13925
0.116808
0.0973102
0.0805141
0.0661614
0.0539919
0.0437515
0.0351987
0.0281083
0.0222743
0.0175108
0.013652
0.0105517
0.00808209
0.00613244
0.0046077
0.00342697
0.00252199
0.00183577
0.00132121
0.000939807
0.00066047
0.000458399
0.000314074
0.000212338
0.000141586
9.30633e-05
6.02599e-05
3.84134e-05
2.40645e-05
1.49785e-05
7.77027e-06
1
1
1
1
1
1
1
1
1
1
1
1
1
1
1
1
1
1
1
1
1
1
1
1
0.999999
0.999996
0.999994
0.999998
1.00001
1.00002
1.00003
1.00002
0.999978
0.999912
0.999842
0.999811
0.999882
1.00011
1.00053
1.0011
1.00169
1.00203
1.00172
1.00023
0.996891
0.991004
0.981838
0.968717
0.951079
0.928524
0.900858
0.868106
0.830522
0.788569
0.742887
0.694257
0.643549
0.59167
0.539526
0.48797
0.437776
0.389611
0.344018
0.301412
0.26208
0.226186
0.193788
0.164846
0.139248
0.116817
0.0973362
0.0805614
0.0662334
0.0540906
0.0438769
0.035349
0.0282799
0.0224622
0.0177092
0.0138547
0.0107525
0.00827558
0.00631405
0.004774
0.00357573
0.00265213
0.00194721
0.0014147
0.00101669
0.000722489
0.0005075
0.000352243
0.000241481
0.000163449
0.000109182
7.19407e-05
4.67354e-05
2.98884e-05
1.90251e-05
1.0206e-05
1
1
1
1
1
1
1
1
1
1
1
1
1
1
1
1
1
1
1
1
1
1
1
1
0.999999
0.999996
0.999994
0.999998
1.00001
1.00002
1.00003
1.00002
0.999978
0.999912
0.999842
0.999811
0.999882
1.00011
1.00053
1.0011
1.00169
1.00203
1.00172
1.00023
0.996891
0.991004
0.981838
0.968717
0.951079
0.928524
0.900858
0.868106
0.830522
0.788568
0.742887
0.694257
0.643549
0.591671
0.539527
0.487971
0.437778
0.389611
0.344017
0.301409
0.262074
0.226178
0.193779
0.164838
0.139242
0.116818
0.0973471
0.0805861
0.066275
0.0541512
0.0439577
0.0354495
0.0283983
0.0225957
0.0178538
0.0140058
0.0109057
0.00842629
0.0064584
0.00490881
0.00369864
0.00276167
0.00204275
0.0014963
0.00108501
0.000778596
0.000552717
0.000388023
0.000269293
0.000184692
0.000125132
8.37151e-05
5.52837e-05
3.59874e-05
2.3347e-05
1.28768e-05
1
1
1
1
1
1
1
1
1
1
1
1
1
1
1
1
1
1
1
1
1
1
1
1
0.999999
0.999996
0.999994
0.999998
1.00001
1.00002
1.00003
1.00002
0.999978
0.999912
0.999842
0.999811
0.999882
1.00011
1.00053
1.0011
1.00169
1.00203
1.00172
1.00023
0.996891
0.991004
0.981838
0.968717
0.951079
0.928524
0.900858
0.868106
0.830522
0.788568
0.742887
0.694257
0.643549
0.591671
0.539527
0.487972
0.437778
0.389612
0.344017
0.301408
0.262071
0.226174
0.193772
0.164831
0.139236
0.116815
0.0973503
0.0805977
0.0662977
0.0541871
0.0440081
0.0355148
0.0284781
0.0226883
0.0179568
0.0141162
0.0110201
0.00854134
0.00657087
0.00501592
0.00379818
0.00285205
0.00212301
0.00156609
0.00114448
0.00082829
0.000593465
0.000420829
0.000295237
0.000204857
0.000140539
9.52914e-05
6.38402e-05
4.22044e-05
2.78345e-05
1.57184e-05
1
1
1
1
1
1
1
1
1
1
1
1
1
1
1
1
1
1
1
1
1
1
1
1
0.999999
0.999996
0.999994
0.999998
1.00001
1.00002
1.00003
1.00002
0.999978
0.999912
0.999842
0.999811
0.999882
1.00011
1.00053
1.0011
1.00169
1.00203
1.00172
1.00023
0.996891
0.991004
0.981838
0.968717
0.951079
0.928524
0.900858
0.868106
0.830522
0.788568
0.742887
0.694257
0.643549
0.591671
0.539528
0.487973
0.437779
0.389613
0.344017
0.301407
0.26207
0.226171
0.193768
0.164826
0.139232
0.116811
0.0973498
0.0806022
0.0663091
0.0542072
0.0440384
0.0355561
0.0285305
0.022751
0.0180286
0.0141952
0.0111039
0.00862742
0.00665679
0.00509939
0.00387724
0.00292517
0.00218913
0.00162461
0.00119522
0.000871419
0.000629436
0.000450281
0.000318926
0.00022358
0.000155088
0.000106411
7.22009e-05
4.83855e-05
3.23746e-05
1.86598e-05
1
1
1
1
1
1
1
1
1
1
1
1
1
1
1
1
1
1
1
1
1
1
1
1
0.999999
0.999996
0.999994
0.999998
1.00001
1.00002
1.00003
1.00002
0.999978
0.999912
0.999842
0.999811
0.999882
1.00011
1.00053
1.0011
1.00169
1.00203
1.00172
1.00023
0.996891
0.991004
0.981838
0.968717
0.951079
0.928524
0.900858
0.868106
0.830522
0.788568
0.742887
0.694257
0.643549
0.591671
0.539528
0.487973
0.43778
0.389613
0.344018
0.301407
0.262069
0.22617
0.193766
0.164823
0.139228
0.116808
0.097348
0.080603
0.0663141
0.0542179
0.0440559
0.0355814
0.0285639
0.0227925
0.0180775
0.0142504
0.011164
0.00869059
0.00672118
0.0051632
0.00393885
0.00298322
0.00224257
0.00167275
0.00123768
0.000908128
0.000660567
0.000476197
0.000340115
0.000240604
0.000168536
0.000116858
8.01876e-05
5.43893e-05
3.68585e-05
2.16283e-05
1
1
1
1
1
1
1
1
1
1
1
1
1
1
1
1
1
1
1
1
1
1
1
1
0.999999
0.999996
0.999994
0.999998
1.00001
1.00002
1.00003
1.00002
0.999978
0.999912
0.999842
0.999811
0.999882
1.00011
1.00053
1.0011
1.00169
1.00203
1.00172
1.00023
0.996891
0.991004
0.981838
0.968717
0.951079
0.928524
0.900858
0.868106
0.830522
0.788568
0.742887
0.694257
0.643549
0.591671
0.539528
0.487973
0.43778
0.389614
0.344018
0.301408
0.262069
0.226169
0.193765
0.164821
0.139226
0.116806
0.0973459
0.0806023
0.0663158
0.054223
0.0440655
0.0355962
0.0285846
0.0228193
0.0181101
0.0142883
0.0112062
0.00873603
0.00676851
0.00521108
0.00398598
0.00302846
0.00228498
0.00171162
0.00127255
0.00093879
0.000687003
0.000498565
0.000358701
0.000255779
0.000180716
0.000126473
8.76561e-05
6.00944e-05
4.11881e-05
2.45546e-05
1
1
1
1
1
1
1
1
1
1
1
1
1
1
1
1
1
1
1
1
1
1
1
1
0.999999
0.999996
0.999994
0.999998
1.00001
1.00002
1.00003
1.00002
0.999978
0.999912
0.999842
0.999811
0.999882
1.00011
1.00053
1.0011
1.00169
1.00203
1.00172
1.00023
0.996891
0.991004
0.981838
0.968717
0.951079
0.928524
0.900858
0.868106
0.830522
0.788568
0.742887
0.694257
0.643549
0.591671
0.539528
0.487973
0.43778
0.389614
0.344018
0.301408
0.262069
0.226169
0.193764
0.16482
0.139224
0.116804
0.0973442
0.0806012
0.0663159
0.0542251
0.0440704
0.0356046
0.028597
0.0228361
0.0181313
0.0143137
0.0112353
0.00876808
0.00680265
0.00524634
0.00402138
0.00306308
0.00231803
0.00174245
0.00130069
0.000963939
0.000709044
0.000517517
0.0003747
0.000269049
0.000191534
0.000135148
9.44998e-05
6.54044e-05
4.52807e-05
2.73762e-05
1
1
1
1
1
1
1
1
1
1
1
1
1
1
1
1
1
1
1
1
1
1
1
1
0.999999
0.999996
0.999994
0.999998
1.00001
1.00002
1.00003
1.00002
0.999978
0.999912
0.999842
0.999811
0.999882
1.00011
1.00053
1.0011
1.00169
1.00203
1.00172
1.00023
0.996891
0.991004
0.981838
0.968717
0.951079
0.928524
0.900858
0.868106
0.830522
0.788568
0.742887
0.694257
0.643548
0.591671
0.539528
0.487973
0.43778
0.389614
0.344018
0.301408
0.262069
0.226169
0.193764
0.16482
0.139223
0.116803
0.0973428
0.0806
0.0663153
0.0542257
0.0440726
0.0356091
0.0286042
0.0228463
0.0181448
0.0143304
0.0112549
0.00879025
0.00682682
0.00527183
0.0040475
0.00308912
0.00234334
0.00176647
0.00132299
0.000984207
0.000727096
0.000533288
0.000388225
0.000280442
0.000200967
0.000142827
0.000100651
7.02502e-05
4.90721e-05
3.00407e-05
1
1
1
1
1
1
1
1
1
1
1
1
1
1
1
1
1
1
1
1
1
1
1
1
0.999999
0.999996
0.999994
0.999998
1.00001
1.00002
1.00003
1.00002
0.999978
0.999912
0.999842
0.999811
0.999882
1.00011
1.00053
1.0011
1.00169
1.00203
1.00172
1.00023
0.996891
0.991004
0.981838
0.968717
0.951079
0.928524
0.900858
0.868106
0.830522
0.788568
0.742887
0.694257
0.643548
0.591671
0.539528
0.487973
0.43778
0.389614
0.344018
0.301408
0.262069
0.226169
0.193764
0.164819
0.139223
0.116802
0.0973419
0.0805991
0.0663147
0.0542256
0.0440735
0.0356113
0.0286082
0.0228523
0.0181531
0.014341
0.0112678
0.00880528
0.0068436
0.00528993
0.00406642
0.00310835
0.00236238
0.00178487
0.00134036
0.00100026
0.000741629
0.000546187
0.00039946
0.000290052
0.000209045
0.000149503
0.000106079
7.459e-05
5.25176e-05
3.25078e-05
1
1
1
1
1
1
1
1
1
1
1
1
1
1
1
1
1
1
1
1
1
1
1
1
0.999999
0.999996
0.999994
0.999998
1.00001
1.00002
1.00003
1.00002
0.999978
0.999912
0.999842
0.999811
0.999882
1.00011
1.00053
1.0011
1.00169
1.00203
1.00172
1.00023
0.996891
0.991004
0.981838
0.968717
0.951079
0.928524
0.900858
0.868106
0.830522
0.788568
0.742887
0.694257
0.643548
0.591671
0.539528
0.487973
0.43778
0.389614
0.344018
0.301408
0.262069
0.226169
0.193764
0.164819
0.139222
0.116801
0.0973413
0.0805984
0.066314
0.0542252
0.0440736
0.0356123
0.0286102
0.0228557
0.018158
0.0143477
0.0112762
0.00881526
0.00685503
0.00530254
0.00407989
0.00312231
0.00237647
0.00179872
0.00135367
0.00101277
0.000753134
0.000556561
0.000408637
0.000298021
0.000215844
0.000155206
0.000110785
7.84073e-05
5.55921e-05
3.47496e-05
1
1
1
1
1
1
1
1
1
1
1
1
1
1
1
1
1
1
1
1
1
1
1
1
0.999999
0.999996
0.999994
0.999998
1.00001
1.00002
1.00003
1.00002
0.999978
0.999912
0.999842
0.999811
0.999882
1.00011
1.00053
1.0011
1.00169
1.00203
1.00172
1.00023
0.996891
0.991004
0.981838
0.968717
0.951079
0.928524
0.900858
0.868106
0.830522
0.788568
0.742887
0.694257
0.643548
0.591671
0.539528
0.487973
0.43778
0.389614
0.344019
0.301408
0.26207
0.226169
0.193764
0.164819
0.139222
0.116801
0.0973409
0.0805979
0.0663136
0.0542248
0.0440735
0.0356126
0.0286112
0.0228576
0.0181609
0.0143517
0.0112815
0.00882175
0.00686266
0.00531117
0.00408931
0.00313228
0.00238671
0.00180898
0.0013637
0.00102235
0.000762092
0.000564766
0.000416007
0.000304519
0.000221471
0.000159995
0.000114793
8.17061e-05
5.82865e-05
3.67495e-05
1
1
1
1
1
1
1
1
1
1
1
1
1
1
1
1
1
1
1
1
1
1
1
1
0.999999
0.999996
0.999994
0.999998
1.00001
1.00002
1.00003
1.00002
0.999978
0.999912
0.999842
0.999811
0.999882
1.00011
1.00053
1.0011
1.00169
1.00203
1.00172
1.00023
0.996891
0.991004
0.981838
0.968717
0.951079
0.928524
0.900858
0.868106
0.830522
0.788568
0.742887
0.694257
0.643548
0.591671
0.539528
0.487973
0.43778
0.389614
0.344019
0.301408
0.26207
0.226169
0.193764
0.164819
0.139222
0.116801
0.0973407
0.0805976
0.0663132
0.0542245
0.0440733
0.0356126
0.0286116
0.0228585
0.0181625
0.0143541
0.0112847
0.00882588
0.00686766
0.00531697
0.00409579
0.00313928
0.00239405
0.00181647
0.00137115
0.00102959
0.000768972
0.000571169
0.000421848
0.000309747
0.000226066
0.000163963
0.000118163
8.45194e-05
6.06167e-05
3.851e-05
1
1
1
1
1
1
1
1
1
1
1
1
1
1
1
1
1
1
1
1
1
1
1
1
0.999999
0.999996
0.999994
0.999998
1.00001
1.00002
1.00003
1.00002
0.999978
0.999912
0.999842
0.999811
0.999882
1.00011
1.00053
1.0011
1.00169
1.00203
1.00172
1.00023
0.996891
0.991004
0.981838
0.968717
0.951079
0.928524
0.900858
0.868106
0.830522
0.788568
0.742887
0.694257
0.643548
0.591671
0.539528
0.487973
0.43778
0.389614
0.344019
0.301408
0.26207
0.226169
0.193764
0.164819
0.139222
0.116801
0.0973406
0.0805975
0.066313
0.0542243
0.0440731
0.0356125
0.0286117
0.0228589
0.0181633
0.0143554
0.0112866
0.0088284
0.00687081
0.00532072
0.00410007
0.00314401
0.00239911
0.00182173
0.00137647
0.00103484
0.000774039
0.000575955
0.000426278
0.000313768
0.000229648
0.000167099
0.000120861
8.68011e-05
6.25304e-05
3.99786e-05
1
1
1
1
1
1
1
1
1
1
1
1
1
1
1
1
1
1
1
1
1
1
1
1
0.999999
0.999996
0.999994
0.999998
1.00001
1.00002
1.00003
1.00002
0.999978
0.999912
0.999842
0.999811
0.999882
1.00011
1.00053
1.0011
1.00169
1.00203
1.00172
1.00023
0.996891
0.991004
0.981838
0.968717
0.951079
0.928524
0.900858
0.868106
0.830522
0.788568
0.742887
0.694257
0.643548
0.591671
0.539528
0.487973
0.43778
0.389614
0.344019
0.301408
0.26207
0.226169
0.193764
0.164819
0.139222
0.116801
0.0973405
0.0805973
0.0663128
0.0542241
0.0440729
0.0356124
0.0286117
0.0228591
0.0181638
0.0143563
0.011288
0.00883029
0.00687327
0.00532374
0.00410362
0.00314803
0.00240351
0.0018264
0.0013813
0.00103971
0.000778831
0.000580569
0.000430628
0.00031779
0.000233297
0.000170349
0.000123708
8.92512e-05
6.4621e-05
4.16192e-05
)
;

boundaryField
{
    upperWall
    {
        type            zeroGradient;
    }
    outlet
    {
        type            zeroGradient;
    }
    inlet
    {
        type            fixedValue;
        value           uniform 1;
    }
    lowerWall
    {
        type            fixedValue;
        value           uniform 0;
    }
    frontAndBack
    {
        type            empty;
    }
}


// ************************************************************************* //
