/*--------------------------------*- C++ -*----------------------------------*\
  =========                 |
  \\      /  F ield         | OpenFOAM: The Open Source CFD Toolbox
   \\    /   O peration     | Website:  https://openfoam.org
    \\  /    A nd           | Version:  7
     \\/     M anipulation  |
\*---------------------------------------------------------------------------*/
FoamFile
{
    version     2.0;
    format      ascii;
    class       volScalarField;
    location    "0.6";
    object      T;
}
// * * * * * * * * * * * * * * * * * * * * * * * * * * * * * * * * * * * * * //

dimensions      [0 0 0 1 0 0 0];

internalField   nonuniform List<scalar> 
5936
(
0.509388
0.913124
0.999003
0.982342
1.00586
1.01594
1.00206
1.00701
1.00021
1.00101
0.999887
0.999757
0.99995
0.999843
0.999998
0.999979
1
1
0.999999
0.999998
0.999999
0.999996
0.999999
0.999998
1
1
1
1
1
1
1
1
1
1
1
1
1
1
1
1
1
1
1
1
1
1
1
1
1
1
1
1
1
1
1
1
1
1
1
1
1
1
1
1
1
1
1
1
1
1
1
1
1
1
1
1
1
1
1
1
1
1
1
1
1
1
1
1
1
1
1
1
1
1
1
1
1
1
1
0.116255
-0.00308433
-0.000220626
4.08816e-05
-3.1264e-07
4.17087e-07
-4.23923e-09
-1.39832e-08
2.88768e-09
-9.84132e-12
-7.12201e-11
1.03092e-11
-1.27856e-13
-3.943e-13
3.41982e-14
1.31644e-14
3.08604e-16
-1.27398e-16
-1.56636e-17
-5.83485e-19
7.07511e-20
9.3257e-21
3.43512e-22
-1.66003e-23
5.18513e-40
-6.85851e-24
-3.33324e-23
-7.27903e-21
-7.98574e-20
7.30306e-19
-3.21299e-17
-4.58297e-16
-1.19092e-15
-5.84749e-14
-1.0404e-12
-7.26584e-12
-1.36138e-12
5.32328e-11
-1.06384e-10
3.87697e-09
1.29808e-08
-4.86098e-09
-5.35664e-08
-5.919e-08
-4.7928e-07
3.11585e-06
-4.09189e-06
1.27492e-05
3.2068e-05
5.75715e-05
1
1
1
1
1
1
1
1
1
1
1
1
1
1
0.999997
0.999998
1.00001
1
1
1.00001
0.999987
0.999995
0.999969
0.999973
1.00004
1
1.00015
1.0001
0.999974
1.00005
0.99961
0.999765
0.999541
0.999561
1.00006
0.999794
1.00162
1.001
1.00384
1.00312
1.00441
1.0044
0.997905
1.00042
0.978433
0.985442
0.940188
0.952767
0.882626
0.90082
0.804908
0.82963
0.711973
0.740756
0.611745
0.642051
0.508729
0.539857
0.410699
0.439823
0.322495
0.347836
0.245731
0.267655
0.181308
0.199469
0.130793
0.14494
0.0910076
0.101936
0.06252
0.0703106
0.041881
0.0475366
0.027176
0.0311506
0.0175368
0.0201534
0.0109543
0.0127304
0.00667968
0.00781341
0.00409198
0.0047877
0.00241785
0.00286502
0.00143034
0.00170533
0.000810078
0.000989076
0.00046944
0.000581446
0.000272509
0.000340791
0.000129738
7.43115e-05
0.000166775
-5.68298e-24
4.34584e-05
0.0134562
-0.00159039
6.86186e-05
7.1602e-06
1.01521e-07
1.83404e-07
-3.61238e-08
7.27898e-10
1.13167e-09
-1.84224e-10
-4.10629e-13
3.9747e-12
-7.81816e-13
-7.27281e-14
3.23699e-14
3.30055e-15
-1.98713e-16
-4.86727e-17
-3.92275e-18
4.69753e-20
3.01626e-20
2.17017e-21
1.19638e-23
-0.000922382
-9.35074e-24
5.85728e-05
2.49345e-23
1.45027e-21
1.38535e-20
2.03338e-19
1.1912e-18
1.47946e-16
1.02458e-15
7.06811e-15
2.58407e-13
3.39433e-12
9.86343e-12
-3.22552e-11
1.52889e-11
-2.92326e-10
-1.24271e-08
9.96201e-09
-9.16638e-08
6.66033e-07
-1.62024e-06
1.4498e-06
-2.0266e-06
1.61826e-06
2.8855e-05
0.000131135
0.0664675
1.98392e-06
0.457247
0.0001441
3.03962e-05
6.54851e-07
5.36527e-07
-9.9624e-08
6.78257e-10
3.42212e-09
-4.96934e-10
-1.16003e-11
1.17931e-11
-2.44008e-12
-2.45172e-13
1.04198e-13
1.23754e-14
-5.00026e-16
-1.7905e-16
-1.51496e-17
2.49019e-20
1.06139e-19
8.61647e-21
1.08525e-22
-2.53032e-23
9.17603e-22
4.38421e-21
1.283e-19
-8.03313e-19
9.69004e-17
5.44329e-16
5.07218e-15
2.0343e-13
2.76414e-12
8.49242e-12
-2.07697e-11
1.13389e-12
-2.33585e-10
-1.1345e-08
1.20219e-08
-1.00222e-07
6.89336e-07
-1.79267e-06
1.79362e-06
-2.31179e-06
3.22676e-06
3.63571e-05
2.15809e-23
1.15011e-06
4.37931e-09
-4.18224e-08
7.47758e-09
1.15945e-10
-2.22011e-10
2.62578e-11
-2.80728e-13
-1.22086e-12
9.54209e-14
4.59234e-14
1.53097e-15
-4.58505e-16
-5.7429e-17
-2.53913e-18
2.24159e-19
3.46986e-20
1.50194e-21
-4.42936e-23
-5.59928e-21
-4.09282e-20
1.07814e-18
-2.29124e-17
-2.70335e-16
-2.82693e-16
-5.04455e-14
-8.2118e-13
-5.99919e-12
-4.13191e-12
3.83371e-11
-2.53758e-11
3.23264e-09
1.20897e-08
-1.07471e-08
-8.19814e-09
-1.46085e-07
-5.32089e-07
3.27417e-06
-4.3019e-06
1.77968e-05
4.25756e-05
-0.0055644
-0.00532448
3.84865e-23
0.596807
-0.00118086
0.957427
1.0026
0.985737
1.00456
1.0082
1.00136
1.00401
0.999967
1.00053
0.999869
0.999794
0.999989
0.999958
1.00002
1.00005
1.00001
1.00003
1
1.00001
0.999998
0.999998
0.999999
0.999998
1
1
1
1
1
1
1
1
1
1
1
1
1
1
1
1
1
1
1
1
1
1
1
1
1
1
1
1
1
1
1
1
1
1
1
1
1
1
1
1
1
1
1
1
1
1
1
1
1
1
1
1
1
1
1
1
1
1
1
1
1
1
1
1
1
1
1
1
1
1
1
1.38905e-22
0.00151943
6.23976e-05
0.260823
-5.70103e-06
5.19658e-08
2.9176e-07
-5.98333e-08
1.69147e-09
1.47671e-09
-2.58422e-10
1.00077e-11
6.36276e-12
-1.30933e-12
-2.53489e-13
1.8846e-14
5.48928e-15
2.44708e-16
-2.1575e-17
-4.57791e-18
-2.15111e-19
8.98926e-21
1.79164e-21
7.25668e-23
-7.7803e-21
-0.00316853
-0.00458952
-0.0032785
-2.66221e-24
9.27069e-05
0.000149788
-3.68942e-06
-8.98224e-06
-1.32102e-06
0.532986
-2.68061e-20
1.41338e-18
-2.3049e-17
-3.12559e-16
-2.21044e-17
-5.28645e-14
-9.8809e-13
-8.82754e-12
-1.3186e-11
5.82757e-11
-7.83912e-12
3.49518e-09
2.39925e-08
-3.34673e-08
1.25453e-07
-7.74193e-07
1.6685e-07
3.99352e-06
-5.00211e-06
3.47032e-05
6.06032e-05
0.000104098
0.0517236
0.189634
0.0225263
-9.55504e-05
-0.000690296
4.39737e-05
1.5882e-05
-6.93563e-06
1
1
1
1
1
1
1
1
1
1
1
1
0.999998
0.999998
1.00001
1
1
1.00001
0.99999
0.999996
0.999974
0.999971
1.00003
0.999993
1.00012
1.00011
0.999954
1.00006
0.999679
0.999797
0.999636
0.999575
1.00006
0.999684
1.00153
1.00071
1.00378
1.00311
1.00417
1.00504
0.997676
1.00244
0.978639
0.989357
0.940444
0.959498
0.882416
0.908423
0.806612
0.83935
0.715709
0.754252
0.615046
0.656269
0.512507
0.551874
0.415667
0.452522
0.325171
0.3588
0.247475
0.275319
0.184129
0.20706
0.132421
0.150194
0.0925811
0.106223
0.0635563
0.0732239
0.0427256
0.0496232
0.0280034
0.0329254
0.0180353
0.0212683
0.0113254
0.0134526
0.00696495
0.00835794
0.00421983
0.00506082
0.00251958
0.00304129
0.00152112
0.00183281
0.000898616
0.00109111
0.000570164
0.000699468
0.780431
4.18132e-23
0.830481
1.78335e-22
3.3893e-16
7.25379e-16
4.15293e-05
4.69938e-22
4.16533e-23
1.05289e-15
7.68167e-07
-1.98294e-08
-2.11967e-08
4.27185e-09
-9.2947e-11
-8.39122e-11
1.79054e-11
-1.13526e-13
-8.12378e-13
-2.44229e-14
1.33632e-14
1.44482e-15
5.05777e-18
-1.24522e-17
-1.18113e-18
-1.55739e-20
5.44676e-21
4.1261e-22
-7.73735e-21
1.09629e-16
1.07811e-16
1.96672e-19
2.9692e-19
2.47518e-21
2.11416e-18
-3.90777e-21
-4.28439e-18
-2.45398e-16
1.42694e-06
3.20088e-15
2.32036e-13
3.62753e-12
1.39264e-11
-1.91951e-11
-2.20251e-11
-3.9461e-11
-1.6794e-08
1.05534e-08
-1.40021e-07
1.01283e-06
-2.77286e-06
3.37228e-06
-5.55896e-06
1.03e-05
6.17519e-05
-1.15659e-07
-8.16484e-13
-2.59269e-12
9.32186e-22
1.85088e-11
0.000335914
-1.11382e-11
3.93705e-05
-6.105e-06
4.76446e-06
-2.46899e-07
-6.35043e-07
9.56728e-08
-3.15013e-08
2.22492e-08
4.41032e-09
6.88033e-11
3.68664e-11
-1.14541e-11
3.05957e-22
5.48575e-21
1.06985e-20
-8.37662e-19
-1.31589e-17
-3.87147e-17
1.00134e-15
1.54436e-14
2.95974e-14
7.22157e-05
1.00329e-05
-5.64659e-06
3.57504e-06
-3.11274e-06
1.13416e-06
-1.62609e-07
1.77741e-08
-1.82372e-08
-3.47885e-10
-2.53291e-12
-1.60592e-11
1.27439e-11
3.8443e-12
2.91395e-13
-4.03817e-18
1.45875e-21
1.31334e-20
-1.10072e-19
-3.94921e-18
-3.07346e-17
1.08725e-16
5.03918e-15
3.26929e-14
-1.47953e-13
-2.11587e-12
1.87383e-12
3.71912e-11
-2.42482e-10
4.27354e-10
8.36981e-09
-6.17263e-08
7.1663e-08
4.34174e-15
-4.82402e-10
4.35328e-09
-5.20593e-09
8.47116e-07
-2.45541e-20
-8.71641e-12
-2.92002e-17
-1.11782e-12
-6.78907e-14
8.05133e-05
2.86879e-16
0.994132
1.00615
1.00363
1.00319
1.00652
1.00017
1.00137
0.999567
0.999319
0.99981
0.999466
0.999986
0.999885
1.00002
1.00003
1.00001
1.00003
1
1
0.999999
0.999998
0.999999
0.999998
1
1
1
1
1
1
1
1
1
1
1
1
1
1
1
1
1
1
1
1
1
1
1
1
1
1
1
1
1
1
1
1
1
1
1
1
1
1
1
1
1
1
1
1
1
1
1
1
1
1
1
1
1
1
1
1
1
1
1
1
1
1
1
1
1
1
1
1.06078e-16
2.53032e-11
-1.12492e-11
0.000437598
3.63308e-20
-1.69938e-15
-9.25843e-13
8.40498e-07
5.41291e-07
1.65187e-06
-5.13704e-08
-1.59345e-08
4.06171e-09
6.90158e-05
-3.07751e-10
0.000221199
-5.30205e-11
2.50386e-11
-4.79319e-23
8.41694e-12
1.02032e-12
5.76532e-12
-1.03328e-12
0.000118573
-2.59537e-13
-3.82593e-15
3.05276e-15
2.99412e-16
2.20853e-18
-2.27714e-18
-1.82551e-19
-2.01654e-21
-3.6464e-06
-7.59558e-07
8.99177e-10
-1.15479e-10
-9.73585e-21
3.33152e-20
2.24817e-15
4.26331e-15
-8.04657e-16
2.41625e-18
-1.10244e-12
-1.85018e-16
-8.63566e-17
-3.59187e-16
4.36649e-19
3.53596e-18
0.000171361
0.000193264
3.08128e-13
-1.27122e-12
-2.46618e-17
1.02968e-16
4.36467e-12
4.6232e-12
-1.08562e-11
-2.50083e-11
3.88455e-11
1.68593e-10
3.63932e-09
4.07688e-08
-7.29886e-08
3.80905e-07
-1.89495e-06
1.44665e-06
4.46968e-06
-3.98082e-06
2.62002e-05
7.51397e-05
2.42652e-07
2.58105e-08
1
1
1
1
1
1
1
1
1
1
0.999998
0.999998
1
1
1
1.00001
0.999995
0.999999
0.999974
0.999975
1.00001
0.999984
1.0001
1.00009
0.999986
1.00007
0.999779
0.999867
0.999673
0.999643
0.99988
0.999576
1.00109
1.0004
1.0034
1.0027
1.00441
1.00511
0.999583
1.00373
0.982921
0.99258
0.948005
0.966247
0.893707
0.918718
0.820607
0.853637
0.732357
0.769743
0.634865
0.674635
0.530302
0.572167
0.430707
0.467791
0.340897
0.374444
0.260967
0.290053
0.19412
0.217561
0.140672
0.159143
0.0988946
0.113428
0.0676901
0.0779962
0.0458903
0.0531272
0.0304533
0.0356804
0.0196148
0.0231049
0.0123722
0.0147375
0.00761302
0.00912746
0.00463794
0.00557156
0.00275516
0.00333655
0.0016536
0.00197742
0.00100563
0.00120203
-2.64579e-10
-5.73374e-10
-1.9633e-10
0.000154058
0.000238867
3.20495e-19
3.35838e-22
5.06493e-11
2.21885e-11
-0.00209076
6.04221e-22
0.92558
7.77071e-07
0.000477119
5.20031e-22
-1.58573e-12
-6.89355e-13
0.000135854
3.21285e-09
-1.23892e-07
-6.13074e-08
-5.51857e-08
3.85822e-09
2.36119e-11
-7.69015e-13
-6.25976e-14
5.40486e-15
1.10705e-15
5.71879e-17
-4.35352e-18
-7.2723e-19
-3.33489e-20
-1.01279e-20
0.00947254
0.000183361
-1.09009e-05
-1.13255e-05
1.65522e-11
1.84143e-11
0.959572
-1.02018e-17
-6.54827e-14
2.5625e-11
-1.67854e-11
-1.94751e-12
2.58432e-10
8.85953e-13
-1.92546e-10
-2.39035e-08
9.56763e-09
-1.91086e-07
1.44199e-06
-4.19909e-06
5.92091e-06
-1.1013e-05
2.69161e-05
0.0767339
0.0425133
0.000679835
-5.88447e-19
8.82105e-07
2.95539e-05
-1.96109e-05
-6.29112e-06
5.80569e-06
8.14821e-07
-1.73612e-06
3.51707e-07
-7.37133e-08
-2.38818e-20
-1.6262e-20
-1.13986e-05
6.38822e-06
-4.81445e-06
-0.00337853
0.000562474
-0.00375685
1.68113e-06
0.684452
-2.33957e-07
2.17825e-08
-2.68132e-08
-1.28864e-19
-2.18805e-18
-5.9098e-18
2.14548e-16
3.07853e-15
7.07665e-15
-1.46609e-09
1.56557e-21
-0.000220651
-0.000990866
0.000205257
-1.05334e-17
0.78693
1.48279e-21
-2.17573e-13
-5.52441e-18
2.75128e-17
1.85891e-21
9.58667e-16
8.09245e-09
7.60909e-15
-3.50435e-14
-1.02811e-20
-2.12074e-11
-5.69444e-10
3.59485e-13
-3.17996e-17
-8.54217e-14
2.63891e-12
3.84101e-08
5.19292e-09
0.322933
-4.04975e-11
1.0091
1.00853
1.01706
1.00223
1.00742
0.999796
1.00081
0.999654
0.999394
0.999897
0.999686
1.00001
0.999964
1.00002
1.00003
1.00001
1.00002
0.999999
1
0.999999
0.999998
1
0.999999
1
1
1
1
1
1
1
1
1
1
1
1
1
1
1
1
1
1
1
1
1
1
1
1
1
1
1
1
1
1
1
1
1
1
1
1
1
1
1
1
1
1
1
1
1
1
1
1
1
1
1
1
1
1
1
1
1
1
1
1
1
1
1
-2.37541e-06
-9.43201e-22
-6.44114e-10
-6.26309e-19
-2.55022e-11
-2.03295e-17
-6.8442e-08
-1.2946e-14
0.000370005
-1.1342e-19
-2.59782e-10
-1.91372e-10
-3.56418e-11
-2.38447e-13
1.86944e-06
1.02498e-17
0.000200637
-1.56868e-20
-2.06667e-13
-6.70557e-14
-5.08189e-14
-6.01124e-09
5.84867e-16
5.58552e-17
4.06154e-17
3.61211e-19
-7.82644e-19
-1.8758e-05
2.26366e-11
-2.79317e-11
3.36359e-09
0.000275805
1.6378e-19
-7.34517e-14
0.000166276
-1.23349e-12
1.17818e-16
1.81686e-12
6.75511e-13
0.873027
6.45294e-08
4.44151e-10
-1.08394e-09
0.211792
-3.27071e-19
-3.12885e-19
-3.31857e-08
6.21879e-08
-2.87585e-20
-5.63117e-20
1.85044e-19
-1.41146e-07
8.47839e-07
2.226e-06
-5.93112e-06
9.35936e-06
3.79312e-06
-2.04092e-05
5.9644e-05
7.49104e-07
3.28917e-18
-2.18583e-17
1
1
1
1
1
1
1
1
0.999999
0.999999
1
0.999999
1
1.00001
0.999998
1
0.999975
0.999979
0.999999
0.999977
1.00009
1.00007
1.00002
1.00008
0.999856
0.999936
0.999684
0.999707
0.999697
0.999495
1.00073
1.00006
1.00313
1.00223
1.00479
1.005
1.00155
1.00481
0.987138
0.996302
0.955779
0.972683
0.905954
0.93011
0.836423
0.869197
0.750915
0.787734
0.655413
0.696337
0.550427
0.59498
0.447858
0.487501
0.357453
0.393094
0.274418
0.30594
0.205126
0.230231
0.149738
0.170229
0.105444
0.121302
0.07286
0.0841439
0.0496331
0.0577521
0.0329977
0.0387139
0.0215158
0.0254103
0.0136494
0.0163091
0.0084297
0.0101525
0.00515992
0.00622383
0.00306622
0.00374329
0.00180483
0.00218913
0.00103929
0.00123879
2.52824e-11
2.90738e-11
-8.33647e-11
0.000130124
0.00014912
0.000224574
-2.24822e-07
8.68339e-07
-1.0609e-05
-9.1256e-06
1.11485e-15
1.43239e-15
2.50888e-06
6.4395e-05
6.6902e-19
6.04475e-19
4.88798e-18
5.97654e-09
6.08446e-09
7.88433e-09
1.39553e-07
6.01993e-07
-2.43844e-08
-3.94341e-13
-6.91551e-13
-4.82609e-13
-1.83308e-20
-8.01889e-19
0.000386236
0.000200572
9.17566e-07
0.000499226
5.68031e-16
2.06805e-16
0.000790985
-1.99229e-13
-2.88226e-07
2.6781e-11
0.000283154
5.08938e-18
2.00127e-11
-2.79079e-20
-4.73264e-08
-4.78139e-07
-1.79003e-16
-1.03695e-07
1.74809e-16
1.57944e-06
4.87222e-11
2.32781e-11
-3.24357e-08
1.62555e-15
0.000788718
1.47252e-07
-5.97027e-15
2.15493e-09
3.59723e-10
-8.34928e-06
-1.99199e-05
-1.19754e-14
-9.00645e-14
0.97501
3.88712e-13
0.658389
-1.35843e-12
-2.52544e-17
-3.60505e-17
8.86433e-11
-1.36012e-11
1.81697e-11
1.77642e-10
0.739487
5.71148e-10
5.2055e-06
1.00093
3.77131e-09
1.62768e-09
0.0211096
-3.94359e-06
4.11775e-06
-4.58166e-10
-5.48492e-10
-6.29995e-10
6.4657e-15
-1.44816e-14
-3.7442e-08
-9.49726e-20
-5.68121e-16
9.87007e-15
2.0113e-08
-0.00115442
-0.000199006
9.09882e-12
7.22243e-12
-0.00506771
-0.00383963
5.44416e-12
5.03762e-12
5.48413e-09
0.91765
4.38252e-13
1.07349e-16
1.03722e-05
-7.05446e-06
-1.50632e-07
-3.90348e-06
3.39843e-06
1.51063e-16
-8.09068e-06
3.56361e-09
1.00927
1.00429
1.00996
1.0005
1.00288
0.999622
0.999815
0.999768
0.999512
0.999959
0.999821
1.00002
1
1.00001
1.00003
1
1.00001
0.999999
0.999999
0.999999
0.999998
1
0.999999
1
1
1
1
1
1
1
1
1
1
1
1
1
1
1
1
1
1
1
1
1
1
1
1
1
1
1
1
1
1
1
1
1
1
1
1
1
1
1
1
1
1
1
1
1
1
1
1
1
1
1
1
1
1
1
1
0.705216
0.000699923
-5.58335e-17
-4.02397e-11
9.44788e-17
-1.09091e-13
-1.25426e-14
0.000392815
0.000666763
-2.11236e-08
5.0255e-13
-8.60988e-08
-2.54376e-10
1.62236e-18
2.16625e-05
-1.83432e-07
6.02531e-09
-1.14703e-07
0.323259
8.80774e-18
6.23944e-18
4.36712e-10
9.19499e-06
-1.40626e-13
-2.21802e-13
3.36098e-17
2.81493e-17
-7.72201e-06
-5.52528e-10
-6.52781e-10
1.7411e-16
2.15802e-16
7.23271e-19
-2.52852e-17
1.31344e-16
-1.67939e-07
-0.0092957
0.00117501
-7.8691e-20
9.70043e-20
8.57253e-19
-3.25986e-20
1.01276e-07
9.52441e-09
2.1575e-06
-7.69023e-06
0.0676589
-4.60938e-08
9.94219e-08
1.74129e-16
-0.00541554
0.000585024
-1.49269e-15
0.0712045
0.0315684
0.109768
-7.95854e-06
8.33426e-06
0.882953
0.720368
1.70684e-06
2.80409e-06
-4.39734e-14
-3.84987e-14
1
1
1
1
1
0.999999
1
1
0.999998
1
1
1
1
0.999979
0.999986
0.999993
0.999974
1.00008
1.00006
1.00005
1.00009
0.999919
0.999992
0.999712
0.999783
0.999564
0.999452
1.00036
0.999703
1.00267
1.00163
1.00481
1.00459
1.00309
1.00566
0.991597
0.99953
0.964718
0.980394
0.919403
0.943295
0.854186
0.886493
0.772094
0.809688
0.677881
0.720177
0.57612
0.621308
0.472581
0.515297
0.377398
0.415266
0.292152
0.325801
0.219871
0.247092
0.16134
0.18333
0.11502
0.132359
0.0797152
0.0926008
0.0543819
0.0635797
0.036567
0.0429404
0.0239813
0.0284448
0.0152586
0.0182893
0.00960065
0.0115918
0.00586963
0.00716845
0.00350337
0.00433129
0.00206872
0.00259002
0.00109283
5.27714e-05
0.000174646
1.24371e-05
-1.54563e-05
-1.96954e-05
-3.83919e-17
-4.44244e-17
-2.30627e-15
-1.13006e-15
-3.10019e-05
1.60354e-05
-1.59423e-09
6.35543e-09
8.28079e-12
1.77298e-06
2.53635e-11
-1.12491e-13
1.35424e-09
1.1288e-18
-3.44363e-05
0.000250035
8.84157e-17
-0.0110106
-0.00772794
-1.58897e-15
0.00143766
0.000347633
0.000484952
-2.73482e-07
-2.51307e-07
0.18927
2.18916e-16
-1.91929e-10
-4.2316e-11
-2.73776e-07
4.93414e-07
2.63159e-07
2.27375e-11
-2.84691e-11
1.57211e-05
1.38455e-05
9.25146e-10
7.72772e-10
-3.80762e-14
1.66221e-05
-1.37125e-05
-9.73462e-06
-6.87472e-14
-1.0566e-13
5.51357e-13
-5.9097e-07
5.93444e-11
6.03295e-11
-9.29193e-15
-1.34774e-12
-1.25835e-11
-1.44195e-10
-9.18508e-10
1.00726
0.992244
-4.68545e-20
2.66135e-16
-5.20428e-08
4.4494e-19
5.013e-19
1.15872e-18
0.239597
1.92618e-06
-5.03999e-06
4.91614e-16
-3.49872e-08
-9.46773e-08
-1.53339e-08
1
1
-1.52013e-10
-2.39417e-10
5.89281e-10
-1.58749e-12
1.07373e-06
1.14701e-06
1.21183e-06
-0.000322714
1.37462e-14
1.97293e-14
-4.29361e-14
2.52017e-13
-6.62201e-14
0.000126671
-0.00301171
-0.00762379
-0.00187655
1.85674e-11
2.07477e-11
-2.9289e-15
3.47519e-18
6.2739e-18
-4.12796e-17
9.99751e-09
6.43555e-09
-2.16362e-09
0.000132112
6.14419e-12
5.99134e-12
0.926392
0.000284014
-2.6578e-15
-9.04639e-06
1.00652
1.0016
1.0051
0.999788
1.00058
0.99964
0.999493
0.999871
0.999658
1
0.999934
1.00002
1.00003
1.00001
1.00002
1
1
0.999998
0.999998
0.999999
0.999998
1
1
1
1
1
1
1
1
1
1
1
1
1
1
1
1
1
1
1
1
1
1
1
1
1
1
1
1
1
1
1
1
1
1
1
1
1
1
1
1
1
1
1
1
1
1
1
1
1
1
1
1
1
1
1
0.461913
1
-6.70719e-06
-4.02159e-07
-4.3709e-05
0.000415659
1.12345e-17
1.8302e-05
-2.03178e-14
2.29255e-12
2.20416e-16
-6.82664e-08
-4.53017e-07
0.441637
-1.73246e-15
5.93932e-16
8.5809e-16
-3.89739e-15
-3.50042e-10
-9.0705e-06
-5.04839e-05
3.78341e-13
2.81711e-07
-1.57666e-12
0.000241892
1.93916e-11
3.44003e-12
3.52959e-11
1.47552e-17
0.000193269
0.00025699
0.480209
2.92351e-17
3.30831e-17
0.980044
-2.79376e-16
-1.16424e-16
-3.43166e-09
0.145562
-1.5076e-11
-1.35105e-11
1.47931e-11
7.29085e-12
1.47365e-12
0.380168
0.000632651
1.05506e-11
8.71436e-10
-4.0683e-09
1
1.0092
1.01154
1.00152
-5.74101e-08
1.54972e-07
-2.72988e-08
-1.34226e-05
-1.17144e-05
0.811422
0.898621
0.516607
1.79578e-05
2.10322e-05
2.42763e-09
6.78376e-09
9.84899e-10
1.79507e-06
-1.39341e-05
-3.75631e-14
-4.60237e-14
1
1
1
0.999999
0.999998
1
1
1
1
0.999986
0.999994
0.999987
0.999972
1.00006
1.00003
1.00005
1.00007
0.999972
1.00004
0.999771
0.999871
0.999495
0.999472
0.999983
0.999455
1.00202
1.00102
1.00452
1.00392
1.00426
1.00594
0.995815
1.00217
0.973701
0.987431
0.934114
0.955555
0.874539
0.904724
0.795268
0.833339
0.70485
0.745391
0.606854
0.650878
0.500103
0.545794
0.401596
0.440769
0.314229
0.350023
0.237071
0.267565
0.175577
0.199302
0.126927
0.146082
0.0885453
0.102756
0.06113
0.0711776
0.0411444
0.0484212
0.0270346
0.0319236
0.0175443
0.0210034
0.0110404
0.0133589
0.00693393
0.00841779
0.00426282
0.00527291
0.00256501
0.00324518
0.000917985
0.000947161
0.00139872
-2.55369e-17
1.92702e-16
-6.81805e-15
-5.56247e-15
6.58347e-05
0.000258524
3.7027e-09
-6.45262e-08
3.03748e-06
2.52326e-06
-1.79831e-08
4.31928e-17
-2.20299e-05
-1.43043e-05
1.26003e-11
5.297e-12
-7.63877e-06
-9.29442e-08
6.29256e-08
-8.8037e-10
-4.97941e-10
5.96218e-05
5.883e-12
1.71405e-11
-1.89602e-14
1.81277e-12
1.44685e-12
-1.22176e-15
0.227186
1.35098e-17
4.72819e-18
6.14949e-09
8.0202e-05
3.26282e-05
1.05416e-06
9.19828e-07
-3.26828e-11
-0.00126084
0.000445472
5.83177e-13
-1.53323e-12
0.000495003
0.000711186
5.85573e-15
1.56052e-07
1.73073e-05
1.6931e-09
4.14384e-10
2.21975e-18
1.64856e-18
5.2018e-18
-7.65278e-08
-6.68038e-08
1
-6.16054e-14
6.52326e-13
0.0898452
0.017623
1.15349e-09
1.02643e-09
0.00183596
0.000143368
0.000315529
9.11771e-05
-7.91852e-14
-9.40249e-14
2.40702e-14
3.18203e-14
-8.91494e-14
-0.004931
-0.00382035
6.3017e-12
6.10363e-12
3.95826e-08
-7.15776e-08
-6.4981e-17
-7.06978e-17
-5.53533e-17
-1.27371e-05
-4.03902e-06
3.23712e-06
1.97553e-13
6.21744e-11
7.4117e-11
-4.49444e-14
-2.82418e-16
1.0936e-12
1.00315
1.00032
1.00206
0.999611
0.999788
0.999758
0.999524
0.999949
0.99981
1.00002
0.999991
1.00002
1.00003
1
1.00001
0.999999
1
0.999999
0.999998
1
0.999999
1
1
1
1
1
1
1
1
1
1
1
1
1
1
1
1
1
1
1
1
1
1
1
1
1
1
1
1
1
1
1
1
1
1
1
1
1
1
1
1
1
1
1
1
1
1
1
1
3.67779e-16
-2.30707e-05
-3.19568e-15
-5.9571e-15
2.09594e-05
0.00132946
-6.51055e-09
-5.50851e-05
5.93574e-07
-0.000373865
0.000169745
0.000769852
0.00189742
0.00103842
0.00117748
0.00146598
-1.06763e-15
-8.6319e-16
1.96654e-05
2.42667e-07
3.26207e-05
2.46416e-05
-7.93372e-06
3.22605e-05
1.05684e-18
1
4.5138e-14
1.56514e-14
0.999999
0.999998
1
1
1
1
0.999993
1
0.999981
0.999974
1.00004
1.00001
1.00005
1.00006
1.00002
1.00007
0.999848
0.999962
0.999473
0.999537
0.99966
0.999278
1.0014
1.00039
1.00396
1.00306
1.00489
1.00568
0.999258
1.00411
0.982328
0.993268
0.948131
0.967799
0.893892
0.921571
0.821579
0.857617
0.732163
0.77327
0.63667
0.678951
0.53191
0.578536
0.428185
0.470776
0.338636
0.374773
0.259619
0.29176
0.192695
0.218427
0.141404
0.161205
0.0994647
0.115453
0.0684374
0.0799262
0.0465087
0.0546686
0.0305474
0.0362889
0.0200643
0.0237996
0.0129273
0.0154559
0.00817005
0.00980823
0.00527586
0.00636743
0.00338136
0.00253478
0.00429341
-3.28058e-10
1.42634e-09
8.56684e-07
-8.22916e-07
1.87492e-06
-7.03417e-15
-7.33384e-15
0.000449105
0.000850532
-6.9376e-08
2.44397e-07
-0.00742322
-0.00937783
-2.46588e-07
-2.40691e-05
-2.85482e-05
-6.86668e-05
-1.67978e-09
5.53678e-09
-6.13601e-07
3.85569e-07
1.329e-18
3.79703e-18
1.94487e-18
0.800147
5.05389e-12
1.00668
1.48364e-15
1.07273e-15
1
1.00742
1.0082
-5.78404e-10
-2.28406e-10
-2.76983e-05
-4.55438e-10
1
-5.20034e-11
-2.87378e-15
-5.68479e-08
2.84854e-12
2.84355e-12
-1.22595e-05
1
1.01123
-3.41996e-11
-4.7255e-12
-0.00306926
4.01312e-11
-1.05878e-11
0.000170293
0.000111071
1.32478e-06
6.97848e-12
-6.39944e-15
-9.36768e-08
-1.64056e-07
-5.24267e-17
-0.00162016
-1.30419e-12
7.1953e-12
6.09197e-09
3.02424e-09
2.97776e-13
-2.05277e-16
2.21459e-18
0.000160329
-4.85629e-18
5.21702e-09
-1.51015e-07
0.967021
0.990011
0.880757
-8.33303e-08
-1.19975e-07
9.1828e-13
0.406815
0.52581
0.186207
6.04331e-09
5.71004e-09
1.49389e-11
2.12897e-13
7.55753e-13
8.08475e-13
-1.24835e-12
3.08659e-10
-7.18069e-09
-1.13649e-14
-1.33079e-05
-1.85758e-05
3.70679e-14
0.000257578
0.000234583
-8.40247e-08
-4.90074e-11
-1.8286e-11
0.00015133
-1.34635e-11
-1.64991e-11
-0.00714447
-0.00703088
4.8479e-06
-2.50238e-17
3.30133e-16
4.60733e-09
1.27595e-09
-1.09722e-16
-1.20966e-16
-7.61477e-17
-7.06749e-07
3.29478e-12
9.04095e-13
1.81027e-06
8.2628e-07
5.21058e-06
-2.51485e-17
0.0004747
1.18382e-06
-1.7974e-06
4.02872e-12
2.38794e-12
5.66656e-12
1.00543
-6.89897e-10
-5.29739e-10
1.00132
1.00409
0.999727
1.00042
0.999637
0.999493
0.999871
0.999673
1
0.999931
1.00002
1.00002
1.00001
1.00002
1
1.00001
0.999999
0.999999
1
0.999999
1
1
1
1
1
1
1
1
1
1
1
1
1
1
1
1
1
1
1
1
1
1
1
1
1
1
1
1
1
1
1
1
1
1
1
1
1
1
1
1
1
1
1
1
1
1
1
1.85751e-13
-4.85953e-06
1.00184
-1.27886e-15
1.38907e-05
0.00042947
4.72939e-14
-1.16952e-11
-1.71213e-11
-2.90914e-15
-2.23469e-16
5.74592e-13
5.23614e-13
2.47455e-09
5.86794e-10
1.50871e-09
1.44585e-18
-3.1868e-07
6.82181e-06
-3.62904e-06
0.000800655
-4.02917e-15
-5.58384e-16
-4.95805e-16
2.09896e-18
1.2242e-07
6.35013e-07
-4.39789e-08
4.76677e-15
7.3928e-16
2.34258e-12
5.34675e-05
2.03171e-05
0.000345333
0.000874067
0.999999
0.999999
-1.73266e-13
-1.55315e-13
1
1
1
1
0.999999
1
0.999978
0.999978
1.00001
0.999994
1.00004
1.00004
1.00005
1.00007
0.999924
1.00003
0.999507
0.999621
0.999475
0.999262
1.00078
0.99998
1.00322
1.00227
1.0049
1.00504
1.00172
1.00516
0.988824
0.997456
0.960172
0.976362
0.91164
0.935604
0.844848
0.876517
0.760704
0.799712
0.664529
0.706105
0.562307
0.605632
0.459822
0.501829
0.363546
0.401461
0.282089
0.313797
0.212412
0.239576
0.155186
0.176306
0.111207
0.127593
0.0774771
0.0896884
0.0525476
0.0611759
0.0350956
0.0413559
0.0229361
0.0272066
0.0147953
0.0176406
0.00943529
0.0112037
0.0061175
0.00706579
1.19982e-12
1.29335e-12
3.47944e-07
-2.3411e-07
-0.00509821
-0.0095331
-3.55917e-05
-8.12787e-06
-4.84152e-05
0.000349731
1.17569e-08
1.7079e-06
7.68216e-06
1.00993
1.0101
4.46295e-14
2.87781e-09
-6.3008e-10
-1.37358e-08
2.04974e-15
7.78497e-09
-3.78195e-05
-1.11789e-10
-8.18792e-10
1.01004
0.00464964
-1.88943e-10
8.2096e-13
1.89505e-12
-0.00202114
-1.73484e-12
-2.00603e-11
3.80721e-11
-1.63956e-10
1.00831e-06
-4.3638e-08
-1.8255e-10
4.10637e-14
-0.000344308
-1.08166e-08
3.86774e-09
-1.73778e-11
-1.79778e-16
2.34512e-07
1.43477e-13
-1.18103e-15
0.97733
0.948336
-5.79023e-05
0.415644
0.00207734
0.00281558
-4.91434e-14
-9.59963e-07
-7.77836e-07
0.00144423
0.00128664
-1.39e-15
-1.99613e-15
5.49501e-14
0.0315322
-6.24319e-05
1.62988e-06
7.54377e-12
-1.10528e-11
9.44691e-13
-8.29717e-08
-1.93205e-15
1.15388e-08
0.00943255
0.775529
0.856433
0.520652
2.60669e-14
0.120649
7.52201e-09
1.1713e-13
9.72223e-13
0.00170287
0.0019628
0.00240205
0.000297378
0.000351139
-2.46869e-05
-1.10522e-05
-2.43588e-10
9.66986e-05
6.75528e-16
2.58403e-15
-1.41183e-06
-0.0052235
5.42197e-05
-0.00840622
-0.0093347
-1.15265e-07
-8.96336e-08
-6.08247e-05
3.92102e-10
-2.60536e-10
0.000307783
0.000276444
-7.71499e-09
-6.7981e-06
-3.44133e-06
-1.17702e-15
3.49186e-07
-1.02238e-07
-3.63418e-10
9.57188e-09
-2.88527e-10
-1.302e-10
5.19142e-09
4.58038e-09
1.00836
-7.67887e-06
-5.36569e-05
1.00287
1.00695
1.00007
1.00149
0.999541
0.999561
0.999767
0.999515
0.999963
0.999843
1.00002
1
1.00002
1.00003
1
1.00001
0.999999
1
0.999999
0.999998
1
0.999999
1
1
1
1
1
1
1
1
1
0.999999
1
1
1
0.999999
1
1
1
1
1
1
1
1
1
1
1
1
1
1
1
1
1
1
1
1
1
1
1
1
1
0.999999
1
0.999999
0.999999
5.68603e-09
-9.81896e-05
0.203942
0.000173186
-6.18386e-11
-3.29609e-11
-1.01283e-16
-1.94637e-17
3.06395e-13
1.71355e-06
1.2627e-06
-1.04179e-07
2.36498e-14
-1.70295e-09
-1.15303e-08
3.9534e-06
8.45132e-14
7.08742e-14
0.00390141
-2.67172e-13
-2.94882e-13
7.1081e-14
-8.29461e-13
-8.89703e-13
-3.85795e-17
1.80449e-17
-3.57251e-10
1.00038e-08
4.42219e-09
-8.42531e-06
-0.000106588
0.00143615
4.13395e-05
-6.55306e-06
-8.83891e-07
3.81906e-06
-1.47305e-05
-5.77853e-05
7.43644e-16
5.43362e-16
1
0.999999
1
1
1
1.00001
0.999978
0.999983
1
0.999986
1.00003
1.00002
1.00007
1.00007
0.999993
1.00008
0.99957
0.999719
0.999384
0.99928
1.00031
0.999653
1.00255
1.00154
1.0048
1.00442
1.00362
1.0057
0.994048
1.00046
0.969337
0.983307
0.925779
0.947567
0.864774
0.894061
0.784917
0.821615
0.6913
0.730786
0.589528
0.632593
0.485715
0.5276
0.389161
0.42738
0.303435
0.336753
0.229793
0.257952
0.169721
0.191706
0.122212
0.139634
0.0852189
0.0982326
0.0582975
0.0677681
0.0391852
0.045953
0.0258695
0.0303999
0.0169644
0.0201699
0.0106091
0.0128109
0.00643555
0.00774308
-5.8886e-13
3.25681e-14
-3.7593e-10
-6.07701e-10
-4.31614e-10
-0.00384497
-0.00122036
7.99969e-05
1.07684e-06
-5.92538e-07
-1.19956e-06
0.00343601
-0.00547394
1.35766e-05
8.24915e-05
0.00072949
0.00155977
9.41306e-06
-1.21931e-05
0.988895
-3.76229e-08
-9.96147e-08
-2.28093e-08
2.34592e-07
-1.86641e-05
-2.79201e-05
-1.88235e-05
3.304e-06
4.72121e-11
-3.83453e-10
-1.33805e-05
7.71834e-11
1.28332e-10
-1.98442e-10
-5.93936e-12
-3.80765e-12
-1.11415e-10
-3.7081e-07
1.69497e-05
1.971e-07
0.141512
-0.00865422
2.29149e-12
-1.28638e-07
1.01093
6.57807e-16
0.00453748
4.03886e-13
2.16321e-13
4.78475e-07
4.74689e-07
-1.61593e-09
1.11234e-05
0.0278305
4.77134e-07
2.0634e-13
8.48958e-09
7.50122e-09
-8.23914e-11
6.89154e-12
0.000255728
-0.00027435
0.000526591
3.65398e-14
-2.13455e-11
-1.19803e-10
9.53049e-10
6.21536e-10
2.60275e-09
-2.47791e-08
-1.15601e-08
5.14663e-15
-1.20722e-10
-4.15951e-11
-7.17448e-12
-3.02861e-11
-2.50505e-12
0.000743163
0.0440114
0.398475
0.201112
0.00241372
0.00217064
1.01332
0.0002107
3.7489e-15
1.23348e-12
1.76641e-14
3.65821e-15
-0.00831088
-0.0137784
9.01496e-07
7.29793e-07
2.71461e-16
-8.93067e-17
4.49235e-14
0.943215
0.905741
-4.6147e-13
-4.24836e-13
0.000357652
0.000429917
-4.76217e-07
-1.0798e-05
-2.81248e-06
1.00546
2.21378e-13
-3.58047e-13
0.00314312
0.00280424
-9.76748e-07
-9.37394e-11
-1.08522e-10
1.00554
1.00098
1.00383
0.999559
1.00004
0.999625
0.999373
0.999889
0.999692
1.00001
0.999958
1.00002
1.00003
1.00001
1.00002
0.999999
1
0.999998
0.999997
0.999998
0.999997
0.999999
0.999999
0.999999
0.999999
0.999999
0.999999
0.999999
0.999999
0.999999
0.999999
0.999999
0.999999
0.999999
0.999999
0.999999
0.999999
0.999999
0.999999
0.999999
0.999999
0.999999
0.999999
0.999999
0.999999
0.999999
0.999999
0.999999
0.999999
0.999999
0.999999
0.999999
0.999999
0.999999
0.999999
0.999999
0.999999
0.999999
0.999999
0.999999
0.999999
0.999999
-1.64226e-08
3.61269e-09
-0.00802305
-0.00320815
1.18918e-08
-8.17529e-08
0.00355598
4.07247e-05
1.29241e-06
1.37685e-15
1.48754e-15
4.58062e-15
0.960607
-6.01141e-13
-6.67e-09
-6.24258e-09
-1.70715e-08
6.24233e-07
-8.29525e-07
6.4779e-14
0.108714
2.72484e-10
1.98789e-10
2.19499e-14
8.39117e-14
6.12618e-12
-1.15159e-11
3.71134e-13
1.30474e-12
3.84894e-09
1.09284e-09
9.32637e-09
6.51135e-09
0.00143756
-0.000130852
0.722887
0.786149
0.474099
0.000161367
3.69594e-05
0.00345797
7.4049e-06
4.24235e-10
-7.29643e-05
2.66882e-05
3.99929e-15
3.34733e-15
1
1
1
1
0.999982
0.99999
0.999997
0.999986
1.00003
1.00002
1.00007
1.00006
1.00004
1.0001
0.999642
0.999804
0.999375
0.999355
0.999983
0.999493
1.00193
1.00099
1.00437
1.00374
1.0044
1.00563
0.997085
1.00243
0.976093
0.988033
0.937764
0.957042
0.881774
0.908387
0.805779
0.840067
0.714314
0.752826
0.613503
0.655464
0.510602
0.551072
0.413254
0.451468
0.323947
0.357912
0.247294
0.275328
0.183932
0.206843
0.132063
0.150268
0.093062
0.106536
0.0644053
0.0744365
0.0434788
0.050651
0.0287974
0.0336025
0.0190677
0.0222343
0.0123212
0.014644
-3.6381e-12
-2.53363e-12
0.000216498
0.000183636
0.00150324
-5.43575e-05
-0.000152987
-6.4457e-07
7.36286e-06
0.0222844
0.00242453
0.000105324
-4.50449e-05
1.04307e-14
8.33982e-15
1.00759
0.987439
0.00247261
0.00401119
-3.03024e-05
-8.0164e-05
0.00399392
1.10806e-06
-2.14342e-07
1.7116e-06
7.11966e-10
-5.44477e-10
-1.78076e-05
3.08598e-07
-2.52744e-05
0.000110293
-2.85924e-13
0.000315827
1.12602e-12
0.00496937
0.00439731
-4.59677e-10
7.6936e-10
-0.00973821
-1.30019e-11
-1.09573e-11
6.46624e-12
-1.99261e-05
0.138454
0.335944
0.0776274
-6.2615e-13
-6.61405e-08
1.66815e-12
2.0601e-12
-0.000273599
0.000249323
-1.39463e-10
2.67692e-13
-1.71431e-15
1.01194
2.25274e-09
2.03837e-09
0.872111
0.820733
0.00273889
-1.16041e-06
-2.54035e-11
-2.03281e-11
1.01534
2.98824e-14
3.33139e-09
7.71794e-09
3.02295e-09
0.00114671
-0.00828853
1.13961e-05
0.00752499
-7.92766e-08
-1.38846e-07
-7.72657e-08
1.26818e-06
-1.08317e-14
3.60849e-15
-6.6258e-13
-6.33255e-06
-2.58624e-05
0.000262815
0.000466841
-2.6907e-05
-1.11701e-07
6.51865e-07
1.36587e-06
5.70813e-07
1.27798e-08
1.12131e-08
6.45652e-14
1.37428e-05
-6.01841e-08
-1.78176e-08
4.76776e-10
3.89077e-10
1.01175
2.4879e-14
-7.04708e-11
-6.83151e-11
5.94107e-10
-1.41248e-10
1.64573e-14
0.000102225
4.55028e-05
1.00272
0.999805
1.00106
0.999435
0.999271
0.999748
0.999431
0.999976
0.999851
1.00003
1.00003
1.00002
1.00004
1
1.00002
0.999999
1
0.999999
0.999999
1
1
1
1
1
1
1
1
1
1
1
1
1
1
1
1
1
1
1
1
1
1
1
1
1
1
1
1
1
1
1
1
1
1
1
1
1
1
1
5.38777e-12
4.63333e-12
-0.00202084
0.000121408
0.000272669
-0.0100083
-0.00525984
6.47659e-15
-1.9458e-05
-7.62807e-06
-5.63086e-05
-1.41581e-14
1.39564e-14
-0.000124063
1.00237e-05
-5.42321e-05
-6.00092e-10
8.03016e-15
-1.42427e-06
-3.09474e-13
-1.72507e-13
-2.74374e-11
-1.6475e-11
-1.96021e-10
7.86141e-13
6.29048e-13
1.76255e-12
0.00429361
0.00541285
-1.65728e-12
-1.23151e-12
0.00962821
0.992798
-9.7293e-10
8.53766e-05
0.000127995
-1.56971e-09
-1.53762e-07
1
1
1.01298
1.00739
0.999989
0.999997
0.999995
0.999986
1.00002
1.00001
1.00006
1.00005
1.00007
1.00012
0.999725
0.99989
0.999421
0.999454
0.999765
0.999385
1.00143
1.00055
1.00389
1.0031
1.0048
1.00548
0.99947
1.00376
0.981763
0.992025
0.947765
0.965232
0.895656
0.920602
0.823627
0.857068
0.734165
0.771982
0.635647
0.676217
0.532817
0.574055
0.433817
0.472509
0.343487
0.378077
0.263059
0.292915
0.195316
0.21956
0.141552
0.160445
0.100597
0.115006
0.0699397
0.0806536
0.0477338
0.0553766
0.0313546
0.0365929
0.0203706
0.0235985
-5.49092e-12
-4.76053e-12
1.24446e-05
1.34251e-05
0.0718793
0.0410177
-0.000135996
-0.000151116
-9.16851e-05
6.72168e-05
-3.52496e-17
1.00914
1.01584
5.13863e-10
1.04683e-10
-6.41375e-15
3.32827e-09
1.16761e-14
4.95552e-08
-3.92845e-06
1.52706e-06
-0.0105196
1.00733
-1.16499e-11
-1.28572e-11
1.19693e-06
5.87404e-13
-0.000130672
0.000415967
-1.41195e-08
-1.53434e-08
0.00703762
-7.96274e-09
2.02677e-09
0.708988
-2.14529e-05
-0.000105254
0.000666011
0.000677612
-1.19501e-09
-5.00459e-07
2.25375e-07
-1.3672e-07
-2.41233e-10
-0.00116954
-0.000344861
0.00586044
3.0081e-05
-8.54656e-06
0.0105287
-0.00477832
-1.04732e-07
-3.07852e-11
-3.10059e-11
4.30164e-09
6.15142e-09
4.83956e-09
0.595367
0.642154
0.359035
2.489e-09
-9.55318e-08
0.00795514
0.00988974
1.29409e-05
1.48629e-12
0.0130933
2.35108e-08
-1.05404e-07
0.00271604
0.00290299
0.00481159
3.26408e-12
2.04098e-12
-7.73106e-13
1.26788e-12
-8.18702e-14
-7.55152e-13
-2.15787e-08
-2.23383e-08
-1.16161e-09
1.18191e-14
0.911601
0.00594861
1.70903e-08
1.51274e-08
-3.27981e-05
0.00043682
7.88728e-07
-1.27556e-06
3.50691e-07
-5.91715e-14
0.766558
-2.82266e-06
-1.3568e-07
0.946465
6.72908e-10
6.06387e-10
-4.86552e-08
-1.30992e-07
2.83408e-09
1.38418e-09
0.0149203
0.00810493
0.0067768
-3.00203e-11
-4.52526e-11
1.01314
2.00462e-06
1.07402e-06
-0.00026327
1.00086
0.999449
0.999899
0.999559
0.999222
0.999877
0.99962
1.00002
0.999947
1.00003
1.00004
1.00001
1.00003
1
1.00001
1
1
1
1
1
1
1
1
1
1
1
1
1
1
1
1
1
1
1
1
1
1
1
1
1
1
1
1
1
1
1
1
1
1
1
1
1
0.15501
1
-9.40116e-14
-0.00387192
0.00903648
-9.90829e-05
0.448532
0.206969
-1.68815e-09
-2.01805e-09
3.33063e-09
0.00984122
0.181363
0.655316
-4.91236e-13
-3.16556e-10
1.9789e-05
0.0124795
-2.85514e-05
-1.4163e-05
1.00586
1.00404
1.01324
-1.81457e-12
-1.50488e-12
0.00020992
0.000445565
0.00014431
2.14469e-06
2.06987e-05
0.000108528
-0.000260797
-1.10994e-07
-4.95405e-08
-3.65209e-11
-5.64321e-11
0.0117043
0.0135575
0.0146705
-1.31368e-07
8.27321e-07
2.44469e-12
5.07941e-12
0.842991
0.699429
2.72313e-12
0.958931
0.877531
0.999996
0.109284
0.999991
0.999984
1.00001
0.999996
1.00005
1.00003
1.0001
1.00013
0.999816
0.999974
0.999491
0.999561
0.999593
0.999322
1.00095
1.00016
1.00339
1.00245
1.00505
1.00525
1.00142
1.00491
0.986666
0.995727
0.956389
0.972615
0.909374
0.933163
0.84158
0.873993
0.753734
0.792258
0.656809
0.697735
0.555186
0.597845
0.455085
0.495213
0.363078
0.399591
0.278795
0.310832
0.207894
0.233826
0.151568
0.172151
0.108361
0.123851
0.0762737
0.087884
0.0522196
0.0608721
0.0339594
0.0403722
0.0211492
-3.05374e-12
-3.62572e-12
3.20513e-07
1.3595e-07
2.90593e-06
-9.5938e-05
0.000148056
0.00012235
1.00822
1.01758
0.984551
1.0744e-11
-3.33657e-13
0.323115
0.408394
0.115642
-8.64537e-06
4.52757e-12
-9.86741e-13
-3.42712e-05
2.57983e-05
0.0565512
-0.0125688
0.408364
-2.64713e-08
-2.82872e-08
-6.18225e-13
-6.23605e-13
4.11988e-12
-0.00860755
-0.000111894
8.21757e-09
-8.4991e-12
9.59347e-07
1.76627e-07
3.37202e-09
-5.25932e-06
-3.03391e-07
-0.00255746
-0.00129999
0.000393685
-3.72075e-10
1.28876e-09
4.66528e-10
1.03971e-05
-1.07226e-05
0.000105253
0.0355906
0.00841877
-3.89245e-12
-1.55982e-11
1.10893e-09
-0.00783306
-2.72625e-10
0.0001215
-7.88728e-11
-6.14943e-11
-4.72023e-10
8.73729e-10
7.88728e-10
0.00731965
0.010942
2.79989e-12
2.72703e-12
4.97e-12
-1.07355e-08
-1.85976e-07
-0.000919606
-7.52022e-05
-1.93986e-06
9.36441e-07
-8.88956e-09
-5.54668e-09
0.00162669
0.00166141
2.12283e-08
1.82506e-08
-0.000134149
5.60754e-08
-5.55507e-08
4.82451e-05
-8.24264e-06
9.77035e-07
-1.8046e-06
-2.51064e-08
-2.63868e-08
-1.56205e-08
0.99987
0.999425
0.999339
0.999729
0.999412
0.999965
0.999814
1.00003
1.00001
1.00002
1.00004
1
1.00001
0.999998
0.999997
0.999998
0.999993
0.999999
0.999995
1
0.999996
1
0.999997
1
0.999997
1
0.999997
1
0.999997
1
0.999997
1
0.999997
1
0.999997
1
0.999997
1
0.999997
1
0.999996
1
0.999996
1
0.999997
1
0.999999
2.75737e-05
-0.015769
-1.17088e-08
-5.34322e-09
-0.0064007
0.337296
0.513698
0.163072
0.000577051
0.000349417
-2.52799e-09
-2.98535e-09
8.02813e-09
0.00495921
0.00516394
0.0080648
9.82526e-10
1.14534e-09
-0.000384346
-4.21063e-08
8.56951e-11
3.48823e-10
4.16894e-11
0.000221383
0.0181651
0.000297688
7.11335e-12
1.03128e-11
-5.04678e-12
0.700364
-9.88337e-13
0.999981
0.999998
0.999986
1.00004
1.00001
1.00012
1.00013
0.999906
1.00005
0.999574
0.999683
0.999464
0.999284
1.00054
0.999832
1.00282
1.00181
1.00496
1.00474
1.00296
1.0056
0.991225
0.999116
0.965553
0.980621
0.92306
0.945657
0.859847
0.890537
0.775935
0.815158
0.679585
0.722068
0.580582
0.623482
0.480369
0.522682
0.384917
0.423455
0.297916
0.33281
0.222759
0.251323
0.163745
0.186159
0.1182
0.135553
0.0834142
0.0961758
0.0574495
0.0665281
2.57672e-12
8.23451e-07
6.77729e-07
-0.000153689
4.43083e-05
-0.000402577
-0.000121549
-0.000154711
0.000188525
-2.13266e-05
-2.81706e-05
-2.13764e-05
-1.29377e-05
-4.79632e-06
-0.000154825
0.504595
-4.47863e-08
-4.87014e-08
-0.0113647
0.0251386
0.00346772
-1.4111e-10
0.00405696
5.8403e-07
-1.66764e-07
1.03838e-06
0.0241691
2.66447e-11
1.57862e-11
-1.07038e-07
-7.0532e-08
1.48592e-06
0.111869
-1.64129e-05
-0.00504301
-0.00354659
1.54189e-08
1.04882e-09
0.0844747
0.0494767
1.01343
5.57682e-11
3.60934e-11
1.0014
1.00275
1.33699e-06
1.36655e-06
-5.72529e-09
1.52959e-06
0.000492628
0.000475353
-2.76462e-11
-1.3073e-10
-5.54538e-10
1.05561e-09
1.25679e-11
-2.15093e-11
6.04889e-05
-6.72448e-13
0.999997
0.999979
0.0384394
0.0153809
0.0196452
1.78265e-06
-2.37845e-05
-3.04563e-05
8.34341e-12
1.73809e-11
-3.31796e-08
-7.68907e-08
-2.86947e-08
1.00914
1.01603
0.030609
0.000113194
0.000549582
0.897913
0.742282
-0.00246396
-0.00113343
0.990407
1.00669
0.934044
5.59693e-06
3.01147e-05
-2.02891e-08
-1.72485e-08
0.00042057
0.000479258
0.000217311
2.19173e-08
1.75205e-08
1.00765
0.00348571
0.0453802
1.00522
1.38152e-09
6.61401e-10
-0.00833123
-6.81506e-10
1.00076
1.00363
0.00887809
0.00840676
0.999427
0.99987
0.999546
0.99924
0.999862
0.99961
1
0.999931
1.00002
1.00003
1
1.00001
0.999988
0.99999
0.999985
0.999979
0.999985
0.999977
0.999986
0.999978
0.999987
0.99998
0.999987
0.99998
0.999987
0.99998
0.999987
0.999981
0.999987
0.999981
0.999987
0.999981
0.999987
0.99998
0.999986
0.99998
0.999986
0.99998
0.999985
0.999979
0.999986
0.999978
0.999987
0.999982
0.999979
4.59751e-07
1.14217e-07
1
0.0316692
0.0263649
0.0413532
0.00166073
1.00953
2.67106e-05
-1.20569e-05
0.290108
-1.31036e-05
-3.77578e-06
-0.0109344
-2.28992e-06
4.47728e-06
-0.000428179
0.00161559
-2.87802e-09
-3.41473e-09
1.55486e-08
-3.88521e-09
-5.15584e-10
6.39604e-12
9.03132e-12
1.20424e-11
1.15223e-06
2.06706e-06
-9.26736e-05
-0.000459907
1.01142
1.01082
1.01432
0.99999
1.00002
1.00011
1.0001
0.99999
1.00009
0.999682
0.999806
0.999379
0.999312
1.00016
0.99957
1.00216
1.00111
1.00461
1.00401
1.00408
1.00579
0.995383
1.00192
0.974474
0.987344
0.937525
0.957639
0.878181
0.90877
0.798952
0.836665
0.707857
0.749313
0.609452
0.653632
0.508015
0.552206
0.410427
0.450594
0.321303
0.358004
0.242014
0.273219
0.179257
0.203407
0.130907
0.150046
0.092084
0.106389
0.062599
0.0724184
-0.000643356
0.238523
-0.0121964
-3.62759e-08
-2.34362e-07
-3.01591e-08
-2.69492e-08
-8.17764e-10
0.0469703
0.990507
0.969978
0.999987
0.0248767
-0.00825176
-0.00669593
4.1806e-11
3.28302e-11
0.000140052
-6.77222e-08
-7.40267e-08
1.0348e-06
-8.12312e-07
-0.000235909
1.15401e-10
9.08525e-11
3.74603e-05
-2.42732e-09
-1.11518e-08
1.34916e-06
1.75972e-06
2.29753e-10
5.9737e-10
1.84326e-10
0.00676007
1.43708e-09
-3.0657e-09
-6.69485e-11
-2.70516e-10
-2.5981e-10
-1.02726e-09
1.16813e-08
0.0069634
0.000167684
0.000483592
-1.25776e-05
1.97721e-11
-5.55729e-11
0.000306069
-6.38046e-05
-4.44603e-08
-4.65868e-08
-4.62796e-05
-3.13571e-05
-0.000238262
-0.00482598
-0.00314746
0.131047
0.0890692
-2.32608e-08
-2.37953e-08
0.0117265
0.0130264
0.0171547
1.23323e-06
-2.08563e-06
0.0146225
0.013825
-3.20751e-05
-2.35377e-05
1.3645e-09
0.041473
1.00873
1.00242
1.00692
0.999696
1.00095
0.999378
0.999218
0.999713
0.999385
0.999957
0.999812
1.00002
1.00001
1.00001
1.00004
0.999993
1.00001
0.999985
0.999995
0.999983
0.999988
0.999983
0.999987
0.999984
0.999988
0.999984
0.999988
0.999984
0.999989
0.999984
0.999989
0.999984
0.999989
0.999983
0.999989
0.999984
0.999989
0.999985
0.99999
0.999984
0.999991
0.999985
0.999992
9.56218e-05
3.90946e-05
0.00435699
1.01768e-06
-0.000181256
-0.00012357
-0.00011391
0.000258068
1.22063e-05
4.23911e-05
-4.2269e-08
-7.0682e-08
-0.0139244
0.00430855
2.62855e-08
3.28258e-11
-7.05146e-05
0.00440111
-9.6211e-09
-9.48955e-08
-1.05826e-07
0.0300213
1.84579e-08
1.00008
1.00004
1.00011
0.999771
0.999913
0.999346
0.999407
0.999854
0.999389
1.00142
1.00049
1.00402
1.00313
1.0048
1.00575
0.999085
1.00369
0.9828
0.993355
0.950409
0.969316
0.897573
0.924674
0.824791
0.860383
0.736478
0.778457
0.640981
0.684347
0.539935
0.585202
0.438876
0.480914
0.347015
0.384485
0.265532
0.299649
0.197371
0.224216
0.145996
0.166579
0.102375
0.119234
0.067279
0.0791132
-9.42878e-07
7.52878e-07
0.346474
0.622718
0.833725
0.881179
0.684939
1.91908e-10
-3.26412e-09
4.14904e-10
1.97318e-08
-2.16475e-09
2.63544e-08
0.267511
3.93517e-08
6.76944e-09
0.000349174
-1.73689e-07
1.33718e-06
-4.61546e-08
0.0492207
0.000286936
-1.97722e-06
1.06197e-05
0.00020444
0.999984
-0.0103101
-0.0114721
-0.0106722
1.11227e-06
-1.1784e-08
3.93759e-11
1.21582e-10
1.18736e-10
-3.49867e-08
-2.79393e-08
0.47685
-9.77891e-06
-6.60424e-06
4.37746e-05
0.000290035
0.000349533
0.0224555
-0.00767167
0.000618076
0.0137028
0.01285
-1.18276e-09
3.00702e-10
5.25999e-10
2.84689e-10
0.0664721
-2.3522e-05
1.14193e-10
3.97422e-08
1.75653e-07
1.10838e-06
4.03913e-07
1.00402
-4.81609e-10
-1.41628e-09
-1.52525e-10
-4.97983e-10
1.00005
1.01541
1.01414
-0.00028106
-0.0002665
-0.00013798
-2.08572e-08
-3.37357e-08
-0.000334468
-0.00018996
-0.000104507
-9.06533e-05
-0.000351382
0.220909
0.174747
2.13161e-09
1.85649e-09
-5.70834e-10
-1.04169e-08
-1.69079e-08
0.0243666
-1.2657e-07
-1.40453e-07
0.999991
-0.00592528
-0.00198124
0.000129121
1.99518e-05
0.024436
0.978467
0.951109
1.00492
0.0358865
1.00055
1.00329
0.999404
0.999755
0.999593
0.999281
0.999907
0.999692
1.00005
1
1.00006
1.0001
1.00004
1.00008
1.00003
1.00006
1.00002
1.00005
1.00002
1.00004
1.00002
1.00004
1.00002
1.00004
1.00002
1.00004
1.00002
1.00004
1.00002
1.00004
1.00002
1.00004
1.00002
1.00004
1.00003
1.00004
1.00003
1.00006
1.00005
-1.1914e-08
1.26406e-06
0.0272714
5.15315e-11
1.31291e-11
-2.1117e-10
0.437174
-5.4136e-08
-3.70348e-08
-1.82009e-05
0.0298484
6.66441e-08
3.08413e-07
2.41204e-08
0.0184399
0.803207
0.877271
0.559652
0.00943352
-2.63972e-05
-1.72591e-05
-3.32398e-05
0.000476182
0.000456505
-1.54684e-09
1.00008
1.00011
0.0377233
0.999866
0.999991
0.999424
0.999546
0.999672
0.999358
1.00079
1.00001
1.00332
1.00234
1.00491
1.00511
1.00137
1.0047
0.989168
0.99729
0.962577
0.978322
0.914483
0.939463
0.848165
0.880424
0.766441
0.804783
0.672872
0.714048
0.572715
0.616555
0.468095
0.511084
0.37404
0.412023
0.291612
0.325398
0.219739
0.248326
0.162644
0.184598
0.114699
0.13366
0.0730408
0.0863418
-5.44765e-06
-1.55608e-05
-2.8877e-06
-0.0159654
-8.69183e-08
-1.13837e-07
-2.55737e-07
0.0198547
0.0272229
-3.07702e-08
1.01371
-1.71177e-07
-1.90756e-07
1.40021e-10
1.96396e-10
0.000522465
2.19738e-05
5.07823e-05
-0.000288249
0.128617
6.55444e-07
4.113e-07
-0.0134744
-0.0144683
3.64708e-08
1.08304e-08
0.0243924
0.0235339
0.341204
0.533559
0.289266
0.000358486
0.000286387
-0.000742233
0.000635676
0.906247
2.16276e-08
-0.000210339
1.7557e-06
-1.80137e-06
0.0457101
5.4498e-08
-1.1633e-08
-2.63495e-06
-1.19782e-06
2.98978e-09
3.61877e-09
1.01163
1.01239
0.0353834
-8.52387e-10
-1.91858e-09
-0.0105612
0.0452626
0.0401381
0.0558884
0.000996264
0.00906535
4.18707e-05
-0.000183492
0.981161
0.928954
-9.51828e-05
0.000286307
-2.19173e-09
-5.44295e-09
-4.12024e-10
-1.07069e-07
-7.8192e-08
0.0365868
0.000617872
0.000338981
-0.0119383
-0.0160619
0.041733
9.73332e-09
-3.94762e-09
0.0876938
5.74399e-07
2.19264e-07
1.00178
0.999659
1.00069
0.999486
0.999311
0.999817
0.9995
1.00005
0.999908
1.00012
1.00011
1.00011
1.00015
1.0001
1.00014
1.00009
1.00012
1.00008
1.00011
1.00008
1.00011
1.00008
1.00011
1.00008
1.0001
1.00008
1.0001
1.00008
1.0001
1.00008
1.0001
1.00009
1.0001
1.00011
1.0001
1.00011
8.68869e-07
6.74386e-07
-0.0124225
-2.37459e-07
-1.94237e-07
-0.000513267
-0.000482132
0.0486551
1.0133
0.059536
-0.000523026
-0.000516708
0.999945
1.00004
1.01788
-0.00931924
-0.00388656
1.01196
0.999524
0.999675
0.999547
0.999359
1.00025
0.999675
1.00268
1.00171
1.00471
1.00446
1.00292
1.00506
0.993997
1.00028
0.97218
0.985348
0.930147
0.951705
0.869083
0.898425
0.791807
0.827276
0.70062
0.740639
0.600868
0.643535
0.49645
0.538752
0.400643
0.438855
0.316389
0.350632
0.241569
0.272017
0.179907
0.204461
0.126129
0.145149
0.0531523
0.0384198
0.062293
5.02712e-09
4.19182e-09
5.5687e-08
0.0202864
0.997632
-3.36978e-10
-1.67104e-10
-0.00652585
2.08195e-05
1.58786e-07
0.763884
3.57419e-05
5.60166e-05
-4.58664e-09
5.28229e-08
1.00163
0.000640279
1.00728
1.20425e-07
9.03458e-08
-1.2526e-06
-0.000218397
-8.41426e-10
0.083565
-6.66613e-09
-5.08177e-09
-6.97496e-08
1.01146
-0.000267025
-0.00233011
0.000354944
5.93274e-09
0.704651
0.46054
-0.000605037
-1.41647e-05
1.00564
0.000591894
-0.000648501
8.93098e-05
0.000276498
3.5797e-05
-6.80894e-06
-5.01955e-06
-4.53907e-07
-3.78004e-07
-1.47899e-09
5.3362e-09
1.79822e-07
1.47443e-07
1.01364
0.0171497
0.0389513
0.957672
0.927771
0.0812574
-1.17916e-05
-9.25971e-06
-0.00036145
-0.000700271
-1.6797e-07
-3.00563e-07
1.82059e-06
-5.36651e-07
0.820442
0.000288459
-0.000628
-9.36577e-11
-2.25394e-07
-1.75547e-07
0.000383247
-0.0147513
-0.0127599
-2.29677e-07
-2.53639e-07
-0.00131995
-0.000370115
0.387796
0.203093
0.827457
3.57511e-07
7.05009e-07
3.15667e-07
0.728687
-1.68165e-09
0.0492112
0.147497
0.0201111
1.0133
-0.00631151
-0.00458224
0.00318572
0.00258452
0.016148
1.00022
0.999409
0.999561
0.999615
0.999265
0.999917
0.999644
1.00006
0.999949
1.00009
1.00006
1.00009
1.00007
1.00008
1.00006
1.00007
1.00005
1.00007
1.00005
1.00007
1.00004
1.00007
1.00005
1.00008
1.00005
1.00008
1.00005
1.00007
1.00004
1.00006
0.999987
1.00001
1.03103e-08
1.329e-08
-3.7667e-07
3.02489e-07
-9.34455e-05
-0.000269109
0.000189249
-1.04877e-09
0.0658622
1.00967
1.01498
0.0961337
-2.43583e-05
0.065294
-1.26006e-09
0.999612
0.999768
0.999479
0.999389
0.999928
0.999514
1.00221
1.00124
1.0044
1.00385
1.00374
1.00506
0.997518
1.0025
0.979442
0.990145
0.941844
0.960912
0.885823
0.912297
0.813326
0.845528
0.724896
0.763603
0.625637
0.666471
0.522203
0.563977
0.425682
0.463756
0.33947
0.373172
0.263867
0.293655
0.20094
0.227624
-3.20524e-05
2.18244e-05
-2.52625e-05
0.0856171
0.000655612
0.0004726
3.97119e-08
9.88177e-09
1.00359
1.00839
0.108169
-4.58236e-07
-3.81684e-07
3.78942e-07
3.69557e-07
3.46235e-05
0.0875549
-0.0125764
2.11768e-08
1.0022
-0.00288468
0.993521
1.0075
0.940183
0.878489
-3.48161e-06
-2.5676e-09
-2.81545e-09
-1.72056e-09
-5.40945e-07
0.0506985
0.00423345
0.000191207
0.000445994
0.000127059
2.63342e-06
0.11072
0.599718
0.00771683
5.61271e-08
-2.04879e-07
-5.85639e-08
2.20468e-05
-0.000328874
-3.5782e-07
1.80388e-07
1.48797e-07
-1.75796e-05
-1.61662e-05
0.0583931
0.0898495
-3.70814e-08
2.50587e-06
-0.000121213
0.140457
-8.91487e-06
-2.2561e-05
6.97327e-08
-0.000854741
-0.000354227
-0.000145456
0.00713417
-7.60039e-07
-6.48222e-07
-1.06796e-05
-9.15283e-06
-0.00166567
-6.79682e-05
-5.03199e-09
-1.21541e-07
-3.38881e-07
5.24091e-05
4.87433e-05
-0.00877753
-0.00726914
8.46328e-08
0.0290058
0.0281199
0.0592386
1.00101
0.999387
1.00006
0.999269
0.998967
0.999552
0.999112
0.999778
0.999469
0.999871
0.999684
0.999884
0.999752
0.999884
0.999759
0.999879
0.999755
0.999874
0.999749
0.999882
0.999752
0.999886
0.999766
0.999879
0.999777
0.99989
0.999791
0.999845
0.9997
0.99977
5.13428e-07
0.000139646
-1.36617e-05
-0.00034498
0.985382
0.288066
0.225981
-2.36434e-06
-4.80019e-07
0.143846
1.01136
0.999505
7.26699e-08
3.10317e-08
-8.67337e-07
-7.40632e-07
0.541501
1.26734e-08
2.59067e-06
0.999447
0.999426
0.999759
0.999461
1.00182
1.00086
1.00387
1.00319
1.00409
1.00481
1.00026
1.00394
0.984872
0.994607
0.951114
0.968427
0.900202
0.924824
0.831
0.862297
0.745106
0.782975
0.647354
0.687092
0.545962
0.586947
0.448077
0.48686
0.359845
0.39376
0.283376
0.312543
7.79663e-08
5.08573e-10
7.73286e-09
-3.41724e-12
1.01166
1.01441
8.25892e-08
6.27693e-08
2.18907e-07
-4.35882e-08
2.87525e-07
-0.0111948
-5.71806e-06
-0.013197
0.0475939
0.169376
1.0056
1.00403
1.01083
0.338375
-7.27388e-08
5.27141e-05
0.078023
1.36297e-08
0.665981
-0.0103494
-0.00503729
0.173249
1.17175e-07
-5.66293e-07
-0.00880805
0.000311418
0.264628
0.120557
-2.9181e-05
-0.0147614
-0.000582469
-0.000945131
0.218496
-1.89727e-05
-2.04021e-05
0.119763
0.154185
-1.14252e-06
-9.69189e-07
0.927319
0.869062
-0.000201008
0.0159754
0.0456566
-1.39408e-08
2.90924e-07
4.01924e-06
4.01068e-06
2.42045e-06
-1.26553e-05
-1.22471e-05
0.000522086
0.000435832
0.000583704
-1.54055e-06
-1.35264e-06
0.00025303
8.71855e-05
-0.000220746
-3.49021e-05
8.59711e-06
-4.47861e-06
-1.53758e-06
1.0703e-07
1.00248
0.999641
1.00121
0.998925
0.99901
0.999074
0.998703
0.999334
0.998987
0.999489
0.999258
0.999531
0.99938
0.999529
0.999404
0.999532
0.999406
0.999535
0.999411
0.999558
0.999409
0.999572
0.99942
0.999491
0.999421
0.999462
0.999434
0.999426
0.00114466
0.000720833
0.014354
-1.95091e-07
-1.52986e-07
-5.67316e-07
7.01504e-05
0.0859681
0.08642
0.124766
-1.49667e-06
-1.22577e-06
3.0687e-08
-5.9287e-06
-2.13071e-05
0.570552
-2.68856e-05
6.76924e-06
-0.000558526
0.967811
0.999687
0.999449
1.00138
1.00044
1.00321
1.00244
1.00424
1.00444
1.00249
1.00525
0.989864
0.998884
0.95975
0.975842
0.913896
0.937498
0.847467
0.878872
0.765392
0.802225
0.669403
0.71225
0.566054
0.608236
0.471903
0.511778
0.379666
0.41697
0.671122
-0.0111819
-0.0150886
1.00805
0.989753
-5.53616e-07
-4.12628e-07
-2.26942e-06
1.01419
1.01526
4.31943e-05
0.120855
-0.000526362
-0.00362941
-0.000947636
0.0776263
0.0181482
-1.06861e-06
-1.28167e-06
-2.59922e-06
-1.16436e-07
0.240516
0.239101
-0.00035815
-0.00113691
0.00152907
-0.000138349
0.000185073
0.294844
-7.07478e-06
0.000440372
6.41383e-06
8.47033e-06
0.0735624
0.123545
-1.11178e-05
-1.73392e-05
0.195659
5.6734e-07
1.00059e-06
0.586372
0.369998
1.0067
1.00836
0.857553
0.910305
0.668448
-0.00599915
-9.99135e-06
-1.19727e-05
0.000416899
-0.000166827
0.00062461
-0.0137167
-0.01333
-1.9004e-06
-1.30487e-06
1.86879e-05
7.31335e-05
-2.21535e-06
-1.15448e-06
3.3511e-05
9.67064e-06
1.00058
0.999091
0.999895
0.998921
0.998887
0.999142
0.998931
0.99934
0.999215
0.999413
0.999382
0.999429
0.999445
0.999434
0.999465
0.999433
0.99947
0.999474
0.999452
0.999523
0.999428
0.161535
0.167294
0.205862
0.000418432
0.000186371
-6.20722e-06
-0.000795288
6.29626e-06
0.0383069
0.0164978
1.00083
1.00244
1.00159
1.00417
1.00378
1.00427
1.00609
0.994862
1.00237
0.969097
0.984107
0.928108
0.950229
0.866219
0.89785
0.787757
0.825296
0.695427
0.738595
0.593231
0.638025
0.498016
0.539566
0.405715
0.447933
1.82138e-06
2.46854e-06
0.920009
-9.02914e-07
-2.53323e-06
0.156839
1.01444
1.00341
1.00475
0.320197
-0.001295
-0.00149415
0.212284
-0.000525633
0.000136003
0.00472412
0.00491458
-4.11152e-06
0.301605
-0.01384
-0.00797255
1.06941e-05
1.04492e-05
1.92904e-05
-0.000932092
0.00940305
0.0805455
0.0545933
0.16893
0.219376
0.999952
9.31666e-06
-4.95662e-06
-6.36991e-06
0.112191
0.999644
0.0300585
0.0290505
0.0736353
2.37571e-07
-4.99044e-06
0.994273
0.949503
0.804044
0.772317
-1.12567e-06
4.31905e-05
-0.000127908
-0.00089547
-1.92334e-06
3.89904e-06
5.07786e-06
8.60537e-05
-6.64938e-05
0.30789
0.250947
0.356827
1.01028
1.01142
0.000706293
0.00123155
0.00048045
0.000504198
9.83929e-05
5.95526e-05
1.01438
1.00803
0.252888
-0.00109077
1.00045
0.999701
1.00049
0.999749
1.00007
0.999919
1.0002
1.00001
1.00037
1.00004
1.00043
1.00008
1.00049
1.00005
1.00055
0.999922
1.00027
1.00045
0.999456
0.000304909
0.000554677
0.000253699
6.7866e-06
8.9846e-06
-3.04309e-06
-6.05494e-06
-2.46108e-06
-0.0048933
-0.012997
0.199667
0.170952
1.00144
1.00841
9.05132e-06
1.00364
1.00525
1.00594
0.999077
1.00496
0.978202
0.99129
0.942867
0.962976
0.887158
0.916831
0.813892
0.850323
0.725057
0.767624
0.625754
0.672663
0.529147
0.572356
0.431822
0.465165
-0.00240536
-0.0012355
-0.00138185
-0.00174472
1.00309
1.00762
1.0026
0.0116906
0.0131866
-4.00105e-06
-0.000379782
1.01725
2.16063e-05
0.435729
0.037283
-0.00639773
1.00253
3.45736e-05
9.56664e-05
4.68675e-05
2.55421e-05
0.268494
1.4037e-05
1.01511
1.01455
0.384258
-0.000917992
0.114916
0.172545
1.74398e-05
0.358514
0.85172
-0.00459249
-0.00341504
0.16741
0.129221
-0.00195328
0.30749
0.319926
0.648075
0.699694
0.435357
-0.000304337
-0.00135394
0.0035195
0.00423165
2.42323e-05
0.969942
0.893975
2.71627e-05
9.80635e-06
1.01067
1.0176
0.991169
1.00708
1.00191
1.00162
1.00251
1.00169
1.00238
1.0018
1.00248
1.00183
1.0025
1.00197
1.00262
1.00515
-0.00112156
1.75944e-05
-0.0023141
-0.00247879
-0.011034
-0.0164213
-0.0101636
7.01385e-05
0.299953
4.06196e-05
0.0544997
0.0511647
0.115511
6.93618e-05
8.95548e-05
0.000104726
-0.000224836
0.000348677
5.52905e-05
8.05053e-05
6.05253e-05
0.371837
0.450036
0.622874
1.00245
1.00622
0.986847
0.9973
0.957771
0.975881
0.90871
0.935933
0.841469
0.877525
0.755552
0.795312
0.664584
0.709115
0.566697
0.506384
0.616299
3.49248e-05
0.000178563
0.000141258
1.68232e-05
0.0165468
-0.00718801
0.279972
0.233693
0.351843
1.00339
1.00675
-4.29527e-06
2.81634e-05
0.300544
1.00356
1.00501
1.0019
0.0575434
-0.00206282
0.0108952
0.000388601
0.000548557
0.000374997
-0.00744795
8.65332e-05
-0.00023349
-0.00626947
-0.00250665
0.506094
4.33093e-05
1.01293
1.0132
0.563563
0.220673
0.447136
0.151715
5.51913e-05
5.81126e-05
0.000107963
0.000546939
0.00948406
0.779312
0.0239328
0.0272096
1.00293
1.01915
1.01659
8.68999e-05
1.00411
1.00406
1.00507
1.00433
1.00509
1.00445
1.00494
1.00495
0.0335387
-0.00300036
1.00452
1.00652
-0.00205391
-0.00293883
0.044935
0.0491725
-0.0126546
-0.0137648
-0.0128487
1.00695
0.83179
0.993483
1.0012
0.971515
0.986173
0.929558
0.954363
0.869372
0.902623
0.784402
0.824424
0.692019
0.724619
0.000241138
1.00479
1.00711
1.01734
0.0728659
0.000219468
0.000371167
0.000417694
-0.0102876
0.93726
0.493166
1.013
1.00136
-0.000623063
-0.00295773
-0.000489575
1.00544
0.0824834
0.619216
0.247034
-0.0123797
-0.0144275
-0.000143119
-0.00151255
0.000257159
0.735982
0.536062
0.171743
0.00016893
0.222131
0.429937
0.164692
0.390177
8.0478e-05
0.0901942
0.0873558
0.175737
1.01154
0.000116931
0.000210762
1.01126
1.01794
1.02083
1.0151
0.0001629
0.000736923
0.000102542
0.0235091
0.0775335
0.000238955
-0.00970606
-0.00480286
0.965065
0.552752
1.00567
0.000115099
1.00533
1.00619
1.00664
1.00588
1.00642
0.179
0.338327
-0.0029627
0.129763
0.196974
0.139775
-0.00763319
6.32791e-05
-0.000506822
0.983796
0.950116
0.972128
0.896938
0.92854
0.815551
0.858686
0.713074
0.768663
1.01459
4.41088e-05
0.0583742
0.0198339
0.000302368
1.0098
1.01413
0.998468
0.994943
1.0038
9.16722e-05
0.55891
2.83229e-05
-0.000101212
-0.000234922
0.360544
0.253454
0.450651
1.00674
1.00694
0.00335784
0.0215897
-3.50578e-05
-0.00406953
-0.00363457
-0.000299709
0.211217
-0.00112174
1.00911
1.00533
0.270141
-0.0117742
0.000168773
0.901396
0.786898
-0.00016652
0.133102
1.01774
0.640048
0.136642
0.264691
1.01928
1.0147
-0.00361509
-0.00104226
-0.00138295
1.01229
0.00910726
-0.0070967
1.00251
0.983629
1.00215
-0.0122203
-0.00721151
-0.00097635
-0.00128799
0.377698
0.499613
0.365946
-0.0120732
-0.000426311
0.924546
0.85119
0.89056
0.758589
0.805882
0.984357
0.931045
0.1459
-0.00187554
-0.00173454
-0.00414704
1.0007
0.620627
0.00681431
1.00907
1.01116
0.0696592
-0.00274926
0.0476126
1.00244
1.0058
0.0480197
0.133471
1.00257
0.251042
-0.00292882
0.00219411
0.316174
0.394028
0.334042
-0.00221925
-0.00362172
-0.00320534
0.491675
0.692919
0.971752
1.01014
0.945956
0.952629
0.968705
0.504166
0.3687
0.993808
0.995459
0.930163
0.901265
0.807427
0.687114
-0.00199856
-0.00973525
0.383907
0.509645
1.00637
1.0121
0.845444
0.988012
0.992078
0.442514
0.520987
-0.00592889
0.495752
0.697126
0.758313
0.436863
0.55735
0.687717
0.948962
-0.00548615
-0.00569524
-0.00375509
0.12898
0.882836
0.91905
0.985405
0.971743
0.99732
0.654891
0.791249
0.700981
0.833011
-0.00714008
1.00121
0.994242
-0.00868132
-0.0114818
-0.00842264
0.219613
0.381861
0.0108603
0.0466019
0.326503
0.854365
0.0837369
0.640217
1.00218
0.994484
0.026837
-0.00795726
-0.00766828
0.95319
0.999862
0.884993
0.965318
0.153844
0.416708
0.646151
0.334128
0.653114
0.912114
0.0143509
-0.00280625
0.823671
0.75153
0.880951
0.961852
0.966582
0.943541
0.983172
0.794366
0.904473
0.919282
0.819559
0.98065
0.0902453
0.210511
-0.00881233
0.714382
0.967477
-0.00128404
0.0100951
-0.00715355
-0.00719255
-0.0019913
-0.00813703
0.513967
0.133272
0.0651812
0.599824
0.649492
0.404545
-0.00400253
-0.0062457
0.492732
0.0123349
0.0463196
0.00539996
0.93028
-0.00551029
0.0254011
0.0825876
0.536296
0.858818
0.927555
0.689148
0.547704
0.634106
0.84862
0.274072
0.317685
0.878497
0.31865
0.00401032
0.00427664
0.0209497
0.242715
0.117351
0.742947
0.602373
0.290939
0.0309778
0.0819523
0.021467
0.380023
0.720159
0.396134
0.0396979
0.138599
0.327014
0.839712
)
;

boundaryField
{
    frontAndBack
    {
        type            empty;
    }
    hot
    {
        type            fixedValue;
        value           uniform 1;
    }
    cold
    {
        type            fixedValue;
        value           uniform 0;
    }
    defaultFaces
    {
        type            zeroGradient;
    }
}


// ************************************************************************* //
