/*--------------------------------*- C++ -*----------------------------------*\
  =========                 |
  \\      /  F ield         | OpenFOAM: The Open Source CFD Toolbox
   \\    /   O peration     | Website:  https://openfoam.org
    \\  /    A nd           | Version:  7
     \\/     M anipulation  |
\*---------------------------------------------------------------------------*/
FoamFile
{
    version     2.0;
    format      ascii;
    class       volScalarField;
    location    "1";
    object      T;
}
// * * * * * * * * * * * * * * * * * * * * * * * * * * * * * * * * * * * * * //

dimensions      [0 0 0 1 0 0 0];

internalField   nonuniform List<scalar> 
5936
(
0.509388
0.913124
0.999003
0.982342
1.00586
1.01594
1.00206
1.00701
1.00021
1.00101
0.999887
0.999757
0.99995
0.999843
0.999998
0.999979
1
1
0.999999
0.999998
0.999999
0.999996
0.999999
0.999998
1
1
1
1
1
1
1
1
1
1
1
1
1
1
1
1
1
1
1
1
1
1
1
1
1
1
1
1
1
1
1
1
1
1
1
1
1
1
1
1
1
1
1
1
1
1
1
1
1
1
1
1
1
1
1
1
1
1
1
1
1
1
1
1
1
1
1
1
1
1
1
1
1
1
1
0.116255
-0.00308433
-0.000220626
4.08817e-05
-3.12618e-07
4.17018e-07
-4.23753e-09
-1.40026e-08
2.90362e-09
-1.08164e-11
-6.94706e-11
1.13193e-11
-5.72195e-13
-1.47863e-13
5.82412e-14
-8.87101e-15
-2.03672e-16
4.37635e-16
-5.91567e-17
-1.79985e-18
2.57673e-18
-3.90533e-19
-2.66083e-20
2.74282e-20
-1.69324e-36
4.72885e-21
-1.08745e-19
-4.0034e-19
6.08437e-17
-8.52626e-16
2.24546e-14
2.88663e-13
3.23598e-13
-3.10585e-11
-3.10789e-10
-8.09523e-10
8.66643e-09
9.36847e-09
-3.6814e-08
-1.92345e-06
-2.11983e-06
2.59667e-05
-9.86083e-05
0.000112185
0.000193961
0.00285327
-0.0114658
-0.0264405
0.0640731
0.283662
1
1
1
1
1
1
1
1
1
1
1
1
1
1
1
1
1
1
1
1
1
1
1
1
1
1
1
1
1
1
1
1
1
1
1
1
1
1
1
1
1
1
1
1
1
1
1
1
0.999997
0.999999
0.999998
0.999998
1
1
0.999999
1
1.00002
1.00001
1.00003
1.00002
0.999968
0.99998
0.999853
0.999889
0.999838
0.999867
1.00016
1.00009
1.00064
1.00048
1.00122
1.00096
1.00132
1.00105
0.999382
0.999597
0.994663
0.996175
0.987426
0.991012
0.976906
0.982833
0.959856
0.967873
0.926977
0.937987
0.87448
0.8881
0.789798
0.81074
0.696898
0.719066
0.589523
0.607971
0.440879
0.300484
0.453589
3.95142e-21
0.164102
0.0134562
-0.00159039
6.86186e-05
7.16026e-06
1.01484e-07
1.83366e-07
-3.61297e-08
7.26634e-10
1.14104e-09
-1.85681e-10
2.08948e-12
3.62631e-12
-7.49212e-13
8.34453e-14
6.00828e-15
-4.66544e-15
8.65422e-16
3.9477e-17
-3.03198e-17
4.90885e-18
2.39432e-19
-2.19736e-19
3.94544e-20
-0.000922382
5.8345e-21
0.185048
7.73078e-20
-1.41049e-18
1.21065e-17
-1.64594e-16
-4.18027e-16
-8.85058e-14
-9.06908e-13
7.73114e-12
9.07168e-11
7.36124e-10
-7.72145e-10
-2.53341e-08
5.37863e-08
3.17101e-07
3.74009e-06
-1.24613e-05
5.3103e-05
-0.000185697
0.000211046
0.000887581
-0.00046698
-0.0244041
0.0175707
0.000131136
0.0664675
1.98391e-06
0.457247
0.0001441
3.03963e-05
6.54724e-07
5.36432e-07
-9.96369e-08
6.91211e-10
3.44624e-09
-4.95709e-10
-5.17095e-12
1.10821e-11
-2.05398e-12
1.95545e-13
2.16368e-14
-1.31322e-14
2.22998e-15
1.53121e-16
-8.85176e-17
1.29837e-17
8.51941e-19
-6.26838e-19
1.16785e-19
2.55457e-20
-7.40244e-19
1.75915e-17
-1.08634e-16
4.20027e-16
-4.98594e-14
-5.94156e-13
4.22761e-12
4.14083e-11
4.21454e-10
-7.03915e-11
-1.65167e-08
4.21032e-08
1.19187e-07
2.28597e-06
-6.89922e-06
3.49208e-05
-0.000149974
0.000210983
0.00110426
-0.00179281
-0.0236708
0.0207436
5.33718e-20
1.14995e-06
4.36532e-09
-4.1844e-08
7.5154e-09
1.18587e-10
-2.15216e-10
2.84307e-11
-1.00178e-12
-4.72061e-13
1.58212e-13
-2.28464e-14
-9.08086e-16
1.32194e-15
-1.52369e-16
-7.44814e-18
7.38583e-18
-1.04498e-18
-6.69783e-20
8.19949e-20
-1.39597e-18
1.76519e-17
-7.10766e-16
1.39629e-14
1.53288e-13
5.96969e-13
-1.66676e-11
-1.63782e-10
-4.87987e-10
4.36325e-09
6.96961e-09
-1.29914e-08
-1.14221e-06
-1.84507e-06
2.21996e-05
-8.3947e-05
7.15294e-05
0.000357389
0.0021883
-0.0125351
-0.0205043
0.0740877
-0.0055644
-0.00532448
-1.81328e-19
0.596807
-0.00118086
0.957427
1.0026
0.985737
1.00456
1.0082
1.00136
1.00401
0.999967
1.00053
0.999869
0.999794
0.999989
0.999958
1.00002
1.00005
1.00001
1.00003
1
1.00001
0.999998
0.999998
0.999999
0.999998
1
1
1
1
1
1
1
1
1
1
1
1
1
1
1
1
1
1
1
1
1
1
1
1
1
1
1
1
1
1
1
1
1
1
1
1
1
1
1
1
1
1
1
1
1
1
1
1
1
1
1
1
1
1
1
1
1
1
1
1
1
1
1
1
1
1
1
1
1
1
1
-3.6058e-19
0.00151943
6.23973e-05
0.260823
-5.70122e-06
5.2064e-08
2.91934e-07
-5.98092e-08
1.72152e-09
1.47094e-09
-2.64931e-10
1.50012e-11
3.68083e-12
-1.23395e-12
1.81932e-13
2.8078e-15
-8.3674e-15
1.32703e-15
1.77052e-17
-4.8774e-17
8.49689e-18
5.17311e-20
-4.6769e-19
6.91491e-20
1.49384e-18
-0.00316853
-0.00458952
-0.0032785
1.14464e-20
0.261403
0.383192
-3.68932e-06
-8.98206e-06
-1.32075e-06
0.532986
8.44879e-18
-7.34989e-16
1.40998e-14
1.74854e-13
1.59008e-12
-2.09378e-11
-2.27724e-10
-9.99245e-10
4.72396e-09
2.60482e-08
-3.16864e-08
-1.47737e-06
-4.92966e-06
3.97163e-05
-0.000156239
0.00020849
0.000566376
0.00227229
-0.0205602
-0.0123015
0.106821
0.213294
0.0517236
0.189634
0.0225263
-9.55505e-05
-0.000690296
4.39733e-05
1.58816e-05
-6.93586e-06
1
1
1
1
1
1
1
1
1
1
1
1
1
1
1
1
1
1
1
1
1
1
1
1
1
1
1
1
1
1
1
1
1
1
1
1
1
1
1
1
1
1
1
1
1
1
0.999998
0.999999
0.999999
0.999998
1
1
0.999998
0.999998
1.00002
1.00001
1.00002
1.00002
0.999946
0.999975
0.999853
0.999885
0.999912
0.999884
1.00027
1.00013
1.00065
1.00045
1.00103
1.00083
1.00067
1.00074
0.998383
0.999313
0.99454
0.996818
0.989945
0.994015
0.982201
0.989174
0.964882
0.97539
0.927306
0.94295
0.867281
0.88814
0.779485
0.80711
0.691764
0.728661
0.780431
6.34483e-20
0.830481
-2.58925e-19
-7.10117e-13
-8.11665e-13
4.15287e-05
-1.13029e-18
3.55035e-20
1.0223e-12
7.6824e-07
-1.96667e-08
-2.12186e-08
4.30592e-09
-1.1282e-10
-7.85256e-11
1.7817e-11
-1.74018e-12
-1.27004e-13
9.61636e-14
-1.6921e-14
-4.13708e-16
6.3841e-16
-1.05358e-16
-1.40347e-18
4.03909e-18
-8.37868e-19
-5.62174e-20
-9.66765e-19
-5.46559e-14
-5.97745e-14
-1.64032e-16
-2.72361e-16
2.4207e-17
-8.45036e-16
2.50236e-17
2.51968e-15
1.61133e-13
1.42716e-06
4.15662e-12
5.57603e-11
6.68643e-10
6.71825e-10
-2.48371e-08
5.08543e-08
7.43078e-08
3.82458e-06
-5.37943e-06
2.35456e-05
-0.000148769
0.000291246
0.00168421
-0.00569427
-0.0292138
0.0607529
-1.15585e-07
2.94811e-13
-2.82394e-12
-1.0252e-18
1.31421e-11
0.56712
-2.52405e-12
-0.0139693
-0.0186338
0.00225608
0.000570178
0.000128833
-0.000123589
3.1793e-05
-3.28411e-06
-1.3195e-06
-1.99108e-08
1.49399e-08
4.41916e-09
9.87621e-20
-1.19672e-18
1.50023e-18
1.45698e-17
-1.27651e-16
2.7411e-16
2.14011e-15
-2.17182e-14
3.84781e-14
0.0601345
-0.0289023
-0.00434828
0.00157113
0.000278249
-0.000163017
3.13775e-05
-6.39104e-06
2.97053e-06
1.19211e-07
4.99729e-08
-1.99365e-08
2.66919e-10
5.16141e-10
5.01312e-11
1.24036e-15
-2.84713e-19
-1.55626e-18
1.05038e-17
-2.10217e-17
-1.85175e-16
1.62948e-15
-4.15718e-15
-3.10323e-14
2.40975e-13
-6.69678e-13
-1.94238e-12
3.71267e-11
-2.36786e-10
3.89278e-10
8.41331e-09
-6.17558e-08
7.19385e-08
4.28224e-12
-4.99903e-10
4.34426e-09
-5.18539e-09
8.47417e-07
1.3061e-17
-6.7849e-10
1.57637e-14
-1.90917e-10
-1.81264e-11
8.0514e-05
-7.48797e-13
0.994132
1.00615
1.00363
1.00319
1.00652
1.00017
1.00137
0.999567
0.999319
0.99981
0.999466
0.999986
0.999885
1.00002
1.00003
1.00001
1.00003
1
1
0.999999
0.999998
0.999999
0.999998
1
1
1
1
1
1
1
1
1
1
1
1
1
1
1
1
1
1
1
1
1
1
1
1
1
1
1
1
1
1
1
1
1
1
1
1
1
1
1
1
1
1
1
1
1
1
1
1
1
1
1
1
1
1
1
1
1
1
1
1
1
1
1
1
1
1
1
-5.41381e-14
3.09184e-11
-1.1057e-09
0.620459
-2.82631e-17
2.16438e-12
-1.25978e-12
8.40353e-07
5.41114e-07
1.6514e-06
-5.1545e-08
-1.60371e-08
4.05652e-09
0.00562962
-3.57822e-10
0.460637
-4.12406e-11
3.72553e-11
-8.2116e-19
1.16854e-12
-2.7523e-12
-4.21092e-12
-3.3502e-12
0.120921
2.38959e-13
-1.53838e-15
-7.18742e-15
1.5669e-15
-5.36184e-17
-4.61231e-17
1.11109e-17
-4.41444e-19
-3.64602e-06
-7.59847e-07
8.31784e-10
-2.14228e-10
3.10165e-17
-5.21132e-18
2.13558e-12
1.46266e-12
3.11035e-12
-5.67286e-16
-1.83982e-10
1.19568e-13
1.1944e-13
-6.99822e-13
-3.08844e-16
-7.48722e-16
0.000171361
0.000193265
4.7135e-11
-1.6858e-10
1.14635e-14
-4.87333e-14
6.47505e-10
5.23595e-10
-7.87162e-10
2.1405e-09
3.92583e-08
-4.14035e-08
-1.225e-06
-6.80309e-06
4.64337e-05
-0.000193573
0.000286024
0.000931499
0.00102848
-0.0268217
-0.0303901
-0.00564206
2.42673e-07
2.55145e-08
1
1
1
1
1
1
1
1
1
1
1
1
1
1
1
1
1
1
1
1
1
1
1
1
1
1
1
1
1
1
1
1
1
1
1
1
1
1
1
1
1
1
1
1
0.999998
0.999999
0.999999
0.999999
1
1
0.999997
0.999997
1.00002
1.00001
1.00001
1.00002
0.999943
0.99997
0.999881
0.999903
0.999976
0.999945
1.00029
1.00017
1.0005
1.00034
1.00068
1.00052
1.00004
1.00013
0.998042
0.998894
0.996094
0.997959
0.994719
0.998139
0.989869
0.996058
0.971752
0.98243
0.927504
0.944355
0.858841
0.876092
0.770199
0.794276
-2.70207e-10
-5.9917e-10
-1.79515e-10
0.281105
0.419655
-2.14882e-16
-5.01476e-19
4.3694e-11
1.77433e-11
-0.00209076
-1.03515e-18
0.92558
7.76872e-07
0.605115
-4.99238e-19
-5.00746e-13
1.17431e-14
0.0915491
3.10815e-09
-1.24357e-07
-6.16001e-08
-5.54531e-08
3.9017e-09
9.32188e-12
4.45604e-13
1.00421e-13
-1.89475e-14
5.82144e-16
5.5381e-16
-1.24777e-16
3.936e-18
4.19166e-18
3.28907e-18
0.00947254
0.24865
-1.09001e-05
-1.1325e-05
8.19608e-10
1.36695e-09
0.959572
3.73293e-15
-1.82345e-11
4.84748e-08
4.65448e-08
-2.41759e-08
-2.69778e-08
-2.08541e-08
-1.05561e-08
3.91307e-06
2.53203e-07
-3.01053e-06
-0.000107086
0.000374858
0.00214089
-0.0106269
-0.0310763
0.0767339
0.0425133
0.691124
2.04373e-17
8.82705e-07
2.95549e-05
-1.961e-05
-0.0245891
0.00149948
0.000874229
0.000199512
-0.00016105
3.90592e-05
3.08861e-17
1.09724e-18
-0.00861579
0.00201054
0.000367842
-0.00337853
0.000562474
-0.00375685
-0.000143913
0.684452
1.38614e-05
-2.3969e-06
3.26559e-06
1.19901e-17
-1.26889e-17
-2.22936e-16
1.59938e-15
-2.28086e-15
-3.22333e-14
-1.45608e-09
-1.19067e-18
-0.000220651
-0.000990867
0.000205258
2.43407e-15
0.78693
-1.44052e-18
2.75757e-13
-1.29201e-16
1.60742e-16
-2.14966e-18
2.86895e-15
8.0941e-09
-2.06325e-14
4.41577e-14
9.82134e-19
2.59713e-09
3.86672e-08
4.12881e-11
1.31628e-14
-1.6741e-11
2.56193e-08
-4.8683e-06
-1.23934e-06
0.322933
-6.15583e-12
1.0091
1.00853
1.01706
1.00223
1.00742
0.999796
1.00081
0.999654
0.999394
0.999897
0.999686
1.00001
0.999964
1.00002
1.00003
1.00001
1.00002
0.999999
1
0.999999
0.999998
1
0.999999
1
1
1
1
1
1
1
1
1
1
1
1
1
1
1
1
1
1
1
1
1
1
1
1
1
1
1
1
1
1
1
1
1
1
1
1
1
1
1
1
1
1
1
1
1
1
1
1
1
1
1
1
1
1
1
1
1
1
1
1
1
1
1
-2.37685e-06
-7.04061e-19
-9.80042e-08
-3.7927e-17
5.15008e-08
4.70275e-15
-6.88541e-08
-1.22041e-14
0.527409
1.43064e-17
-2.31903e-10
-1.20114e-10
-7.03306e-10
-1.17934e-12
-4.60368e-05
-1.0876e-16
0.150998
5.95367e-18
2.37557e-13
7.80188e-14
1.91867e-14
-5.80194e-09
1.32014e-15
3.89616e-16
3.32886e-17
-1.27832e-16
-1.18553e-16
-0.0165506
1.79974e-09
-3.11331e-11
3.34552e-09
0.32842
-6.33275e-17
-1.5799e-11
0.000166277
-1.51577e-10
-5.29139e-14
-3.15257e-12
-3.44469e-12
0.873027
-7.79416e-06
-6.48455e-08
-5.608e-08
0.211792
1.12382e-17
2.75257e-17
3.83204e-06
-5.91708e-06
3.27364e-17
3.1697e-17
-3.70124e-17
4.88243e-05
-0.00022146
-9.63721e-05
0.000517473
0.00222894
-0.00117508
-0.0140511
-0.0263375
7.49262e-07
-2.1979e-16
3.49721e-15
1
1
1
1
1
1
1
1
1
1
1
1
1
1
1
1
1
1
1
1
1
1
1
1
1
1
1
1
1
1
1
1
1
1
1
1
1
1
1
1
1
1
0.999999
0.999999
1
0.999999
1
1
0.999996
0.999996
1.00002
1.00001
1
1.00001
0.999943
0.999968
0.999919
0.999935
1.00005
1.00002
1.00029
1.0002
1.00028
1.00017
1.00023
1.00008
0.999358
0.999466
0.997994
0.998635
0.998582
0.999822
1.00052
1.00306
0.9974
1.00306
0.976953
0.988097
0.924846
0.944851
0.841432
0.8636
0.736866
0.751695
-2.20303e-08
-1.95116e-08
3.70825e-08
0.0265869
0.0165288
0.117074
-3.65024e-05
-0.000192931
-1.06098e-05
-9.1272e-06
-5.1356e-15
-5.14014e-16
-0.032382
-0.0284376
-3.10818e-16
-2.48194e-16
-4.5726e-16
6.18054e-09
6.51494e-09
7.98325e-09
1.3965e-07
6.02422e-07
-2.46419e-08
8.04476e-14
-4.67071e-13
4.02264e-13
2.28844e-18
1.27993e-19
0.000386236
0.000200572
9.16649e-07
0.495952
2.94057e-15
1.48911e-15
0.709054
2.41895e-13
-1.56437e-05
3.86906e-11
0.260704
-2.4644e-16
5.76293e-11
4.2663e-18
-4.75352e-08
-0.0304817
-1.83542e-14
-1.04024e-07
1.33888e-15
1.57948e-06
4.36117e-11
1.51346e-11
-3.21661e-08
-1.74105e-14
0.674942
1.45869e-07
-3.50859e-14
2.03169e-09
2.65308e-10
-8.35045e-06
-1.99214e-05
5.38365e-13
-1.37551e-11
0.97501
3.82012e-11
0.658389
-1.36819e-10
7.71482e-15
9.95278e-15
3.51199e-08
-1.1642e-09
1.27825e-09
4.09677e-08
0.739487
-4.33591e-08
-0.000512342
1.00093
-1.05336e-06
7.36063e-06
0.0211096
0.00037272
0.00135138
-4.87156e-10
-6.21906e-10
-5.9134e-10
2.39084e-12
1.43792e-12
3.2437e-06
1.46409e-17
-6.36334e-13
1.77889e-12
3.81536e-06
-0.00115442
-0.000199005
-9.57532e-13
-5.36381e-12
-0.00506771
-0.00383963
5.23354e-10
6.13538e-10
-1.06383e-06
0.91765
3.2016e-11
-4.565e-14
0.00217281
0.000502686
4.27356e-05
0.000289017
0.00127161
-5.24972e-14
-8.0903e-06
-8.62462e-07
1.00927
1.00429
1.00996
1.0005
1.00288
0.999622
0.999815
0.999768
0.999512
0.999959
0.999821
1.00002
1
1.00001
1.00003
1
1.00001
0.999999
0.999999
0.999999
0.999998
1
0.999999
1
1
1
1
1
1
1
1
1
1
1
1
1
1
1
1
1
1
1
1
1
1
1
1
1
1
1
1
1
1
1
1
1
1
1
1
1
1
1
1
1
1
1
1
1
1
1
1
1
1
1
1
1
1
1
1
0.705216
0.559857
-2.65087e-15
-3.75727e-09
1.30775e-15
2.11754e-13
-1.94278e-14
0.323643
0.469643
1.6052e-05
3.11911e-11
-8.64898e-08
-1.59873e-10
-1.32495e-16
-0.0363869
-8.04182e-05
6.13068e-09
-1.1517e-07
0.323259
-1.63066e-16
-2.77053e-16
1.63657e-08
0.00178746
2.31586e-13
4.39368e-13
2.49653e-16
-1.17878e-16
0.000492128
-5.19557e-10
-4.9779e-10
1.83479e-15
2.88314e-15
8.41597e-14
3.25028e-15
-4.44758e-14
-0.00471999
-0.0092957
0.00117501
2.16437e-17
-2.36632e-17
-1.07746e-16
5.33978e-18
-8.2048e-06
1.07037e-05
4.35634e-05
0.000401948
0.0676589
3.74667e-06
-6.69358e-06
7.38862e-14
-0.00541554
0.000585025
-5.48934e-13
0.0712045
0.0315684
0.109768
0.000720495
0.00166683
0.882953
0.720368
-0.000239765
-3.14624e-05
4.51558e-14
-3.73351e-15
1
1
1
1
1
1
1
1
1
1
1
1
1
1
1
1
1
1
1
1
1
1
1
1
1
1
1
1
1
1
1
1
1
1
1
1
1
1
1
1
1
1
1
0.999999
1
0.999996
0.999995
1.00002
1.00001
0.99999
0.999998
0.999951
0.999972
0.999972
0.999979
1.00012
1.00009
1.00026
1.0002
0.99998
0.99993
0.999665
0.999576
0.998664
0.998752
0.998464
0.998784
1.00192
1.00238
1.00683
1.00849
1.00434
1.00978
0.980852
0.993947
0.921783
0.945534
0.824252
0.858611
0.685003
5.27704e-05
0.000174644
1.24349e-05
-1.54547e-05
-1.96931e-05
5.45557e-15
6.67206e-15
-1.55668e-14
-1.20904e-14
-0.0236071
-0.0351144
-1.83843e-07
-9.58012e-07
-2.38172e-12
-0.000219945
5.54843e-12
1.77354e-13
2.09141e-09
-2.9416e-16
-0.0201977
0.0625503
1.01449e-15
-0.0110106
-0.00772794
-4.27365e-13
0.728116
0.207172
0.546865
4.35556e-05
4.57171e-05
0.18927
1.26749e-15
-3.94002e-11
2.64991e-11
-5.20739e-05
4.95304e-07
2.64227e-07
2.09288e-09
-2.03334e-09
0.00201212
0.00186351
-6.56989e-08
-9.18728e-08
-1.47056e-12
1.66211e-05
-1.37105e-05
0.000696555
-1.34901e-11
-1.3289e-11
2.59093e-11
-5.9107e-07
-1.76741e-08
-1.83848e-08
-3.35065e-14
-1.20522e-10
-8.50094e-10
-2.50828e-10
-9.13066e-10
1.00726
0.992244
2.31845e-17
4.57928e-14
3.19558e-06
-1.02651e-16
-7.31369e-17
-2.59092e-16
0.239597
-0.00326518
-5.03945e-06
4.14795e-14
-3.45436e-08
-9.43399e-08
-1.41789e-08
1
1
6.42869e-08
4.8832e-08
2.97115e-08
-1.23748e-10
1.07567e-06
1.14924e-06
1.21499e-06
-0.000322716
2.58779e-12
2.04381e-12
-2.1251e-13
-6.84516e-13
-1.34824e-14
-0.0162573
-0.00301171
-0.00762379
-0.00187655
1.08235e-11
2.16406e-12
-4.46037e-13
2.46815e-16
-1.37105e-16
4.23594e-15
1.06859e-08
6.70592e-09
-1.24914e-07
-0.0230528
5.10717e-10
6.06189e-10
0.926392
0.0495443
-2.37501e-13
0.000983174
1.00652
1.0016
1.0051
0.999788
1.00058
0.99964
0.999493
0.999871
0.999658
1
0.999934
1.00002
1.00003
1.00001
1.00002
1
1
0.999999
0.999998
0.999999
0.999998
1
1
1
1
1
1
1
1
1
1
1
1
1
1
1
1
1
1
1
1
1
1
1
1
1
1
1
1
1
1
1
1
1
1
1
1
1
1
1
1
1
1
1
1
1
1
1
1
1
1
1
1
1
1
1
0.461913
1
-6.69971e-06
3.43855e-05
-0.0302956
0.198356
2.08165e-15
0.000706434
1.12006e-14
-2.86368e-12
-5.23311e-14
2.38967e-05
3.3613e-05
0.441637
-1.18547e-14
3.15929e-14
1.64688e-14
-2.42321e-13
-5.15544e-10
-0.00940426
-0.0267822
-2.54486e-13
2.8175e-07
-9.80273e-11
-0.0015128
3.80704e-11
6.96062e-11
3.57861e-11
9.32457e-17
0.000193266
0.000256987
0.480209
1.13165e-15
7.32051e-16
0.980044
-6.46094e-16
2.45527e-15
-2.33531e-07
0.145562
-1.15806e-09
-8.95078e-10
1.55952e-09
-5.48371e-12
-2.48147e-12
0.380168
0.294377
4.64628e-12
-1.20093e-07
-1.89297e-07
1
1.0092
1.01154
1.00152
3.3685e-06
-7.98078e-06
1.79703e-05
0.000633379
0.000948666
0.811422
0.898621
0.516607
0.00207952
0.00097933
2.31032e-09
6.74492e-09
7.8749e-10
0.000162849
0.000547828
1.5787e-13
1.00597e-13
1
1
1
1
1
1
1
1
1
1
1
1
1
1
1
1
1
1
1
1
1
1
1
1
1
1
1
1
1
1
1
1
1
1
1
1
1
1
1
0.999999
1
0.999995
0.999995
1.00001
1.00001
0.999978
0.999986
0.999973
0.999986
1.00004
1.00004
1.00019
1.00017
1.00018
1.00016
0.999603
0.999622
0.999051
0.998988
0.99812
0.998146
0.999596
0.999509
1.00612
1.00605
1.01315
1.01425
1.01024
1.01521
0.984519
0.996865
0.922671
0.948902
0.818746
0.861043
0.524338
0.454106
0.667937
-1.50892e-15
-4.24348e-14
-2.29293e-14
-2.95884e-14
-0.0369832
-0.0109453
-6.62496e-07
2.83563e-06
-0.000237415
7.78237e-05
-1.6875e-08
2.74347e-15
-2.20234e-05
-1.43011e-05
-2.62862e-12
-3.41371e-12
-0.00751054
-9.19044e-05
-0.000125201
-8.73621e-10
-4.17873e-10
-0.0371849
3.01988e-11
2.28834e-11
-2.77163e-14
-2.19888e-12
-1.57728e-12
-7.47675e-15
0.227186
-2.65527e-16
-2.1973e-16
-7.11291e-07
8.02064e-05
3.26367e-05
1.05772e-06
9.21169e-07
-6.13433e-09
-0.00126084
0.104349
2.39353e-11
-8.58204e-11
0.0776582
0.235798
2.78078e-13
-6.65953e-06
0.0019906
1.25233e-09
-7.76734e-11
7.23841e-16
-2.22524e-16
3.39782e-16
-7.69647e-08
-6.57628e-08
1
-1.22456e-11
2.08698e-11
0.0898452
0.017623
-9.63064e-09
-9.2697e-08
0.722917
0.000143365
0.000315527
9.11758e-05
-3.47146e-12
-1.16243e-11
2.47601e-12
1.98103e-12
-1.75275e-12
-0.00493101
-0.00382035
4.67397e-10
5.35117e-10
3.66849e-08
-7.3687e-08
5.3153e-15
4.27581e-15
1.86005e-15
-1.27377e-05
-4.04009e-06
-0.000224491
2.5764e-13
-1.25308e-08
-1.10508e-08
3.63672e-13
4.27934e-16
-1.32987e-12
1.00315
1.00032
1.00206
0.999611
0.999788
0.999759
0.999524
0.999949
0.99981
1.00002
0.999991
1.00002
1.00003
1
1.00001
0.999999
1
0.999999
0.999998
1
0.999999
1
1
1
1
1
1
1
1
1
1
1
1
1
1
1
1
1
1
1
1
1
1
1
1
1
1
1
1
1
1
1
1
1
1
1
1
1
1
1
1
1
1
1
1
1
1
1
1
-4.94533e-14
0.000810492
-2.11862e-14
1.01137e-13
2.09627e-05
0.538761
-2.62376e-07
-0.0366932
-0.000175252
-0.000373861
0.000169748
0.14678
0.670215
0.333458
0.287861
0.481898
-8.33909e-15
-4.4496e-15
-0.00157553
-7.36447e-06
0.00215918
-0.000639431
0.00127454
0.00209428
-1.46457e-16
1
2.69311e-13
2.86275e-13
1
1
1
1
1
1
1
1
1
1
1
1
1
1
1
1
1
1
1
1
1
1
1
1
1
1
1
1
1
1
1
1
1
1
1
1
0.999999
1
0.999994
0.999994
1.00001
1
0.999968
0.999974
1.00001
1.00001
1.00011
1.0001
1.00024
1.00023
1.00003
1.00005
0.999154
0.999241
0.99843
0.998426
0.997823
0.997765
1.0014
1.00075
1.0111
1.00997
1.01932
1.01952
1.01406
1.01822
0.983863
0.993606
0.925313
0.947842
0.825745
0.736929
0.871418
7.38895e-08
9.76228e-09
8.58669e-07
-8.22708e-07
1.87897e-06
-5.27102e-15
-3.14583e-14
0.0193993
0.114239
3.069e-06
-6.33952e-06
-0.00742323
-0.00937783
0.000325782
0.000709273
-0.0156035
-0.0331685
-3.47121e-10
6.30572e-09
1.19849e-05
-0.00013865
-1.26609e-16
-2.89178e-16
-2.34418e-16
0.800147
-4.98471e-12
1.00668
1.85189e-14
3.41583e-14
1
1.00742
1.0082
-3.29534e-10
-7.62311e-11
-0.0129199
5.9145e-08
1
4.42119e-11
-2.31203e-14
-5.66856e-08
-3.37444e-12
-3.71984e-12
0.00121117
1
1.01123
5.31777e-11
2.07284e-11
-0.00306925
-2.35062e-09
-4.42578e-09
0.000170291
0.000111068
1.32779e-06
5.17929e-10
-9.77017e-12
2.41873e-05
3.09622e-05
2.13997e-15
-0.00162016
-5.0785e-11
4.67929e-10
-4.81946e-07
-3.75777e-07
7.33972e-14
2.9947e-15
-1.51841e-16
-0.0341615
1.16808e-15
4.0652e-09
-1.52901e-07
0.967021
0.990011
0.880757
-8.80607e-08
-1.222e-07
-6.26287e-13
0.406815
0.52581
0.186207
5.84237e-09
4.91991e-09
2.02215e-09
4.16418e-13
2.36215e-11
1.9339e-11
-5.30282e-11
-1.47675e-07
-2.24814e-07
5.08597e-14
-1.33108e-05
-1.8578e-05
2.23606e-12
0.000257582
0.000234589
2.78942e-06
4.27295e-11
6.53811e-11
-0.0361375
-9.4208e-10
-1.20897e-09
-0.00714446
-0.00703087
-0.00019871
-7.27324e-15
-4.16412e-14
2.68705e-09
3.3729e-10
4.42447e-15
3.55821e-15
-3.55961e-15
1.80936e-05
-8.06449e-09
-5.28519e-09
1.81112e-06
8.2555e-07
-0.000204493
2.68511e-15
0.00439949
0.000210625
0.0014787
5.90903e-13
1.23723e-11
-4.34021e-12
1.00543
6.70375e-08
8.04352e-08
1.00132
1.00409
0.999727
1.00042
0.999636
0.999493
0.999871
0.999672
1
0.999931
1.00002
1.00002
1.00001
1.00002
1
1.00001
0.999999
0.999999
0.999999
0.999999
1
1
1
1
1
1
1
1
1
1
1
1
1
1
1
1
1
1
1
1
1
1
1
1
1
1
1
1
1
1
1
1
1
1
1
1
1
1
1
1
1
1
1
1
1
1
1
2.21635e-13
0.000522047
1.00185
-1.78138e-14
-0.00497587
0.000429476
1.88627e-12
-9.63865e-10
-1.27398e-09
-4.73218e-14
1.27951e-15
-7.09717e-13
-9.7906e-14
-4.38514e-08
-1.19045e-07
-2.24616e-08
1.02741e-15
3.45918e-05
-0.000115449
0.000399261
0.0477236
-8.5801e-14
-6.1714e-15
-3.41388e-15
6.20886e-16
1.15719e-07
6.26657e-07
-5.3477e-08
5.29269e-14
6.012e-15
1.56551e-09
0.00169109
-0.0035637
-0.0250331
0.0318654
1
1
-3.32062e-12
-5.31516e-12
1
1
1
1
1
1
1
1
1
1
1
1
1
1
1
1
1
1
1
1
1
1
1
1
1
1
1
1
1
1
1
1
1
1
1
1
0.999993
0.999994
0.999999
0.999994
0.999961
0.999968
1.00005
1.00004
1.00018
1.00017
1.00025
1.00024
0.999782
0.999853
0.998624
0.998746
0.997963
0.997964
0.998132
0.998025
1.00425
1.00367
1.0162
1.01491
1.02347
1.02365
1.01218
1.0161
0.972369
0.979735
0.9106
0.914735
-2.85127e-12
-2.53663e-12
-5.59616e-06
2.82025e-05
-0.00509821
-0.00953309
0.000983125
0.0014202
-0.0413057
-0.0290522
1.17351e-08
-0.00021732
-0.000146153
1.00993
1.0101
1.7541e-12
-1.69909e-08
8.20262e-08
-2.36891e-08
5.78204e-14
6.85002e-09
0.000901541
9.00647e-09
7.15108e-08
1.01004
0.849206
2.15297e-11
-2.59888e-12
-5.28675e-12
-0.00202113
1.80307e-09
1.54833e-09
-6.26124e-09
4.97958e-11
1.00785e-06
-4.15455e-08
-1.43948e-11
2.20036e-13
-0.000344297
-2.4577e-07
-1.55955e-07
-1.2749e-09
2.0614e-15
2.43858e-07
4.13869e-13
-1.8706e-14
0.97733
0.948336
-0.0224744
0.415644
0.583016
0.699765
-9.64536e-12
-7.64796e-06
-2.0698e-05
0.160645
0.193405
1.26762e-13
6.28556e-14
1.53797e-12
0.0315322
-0.0383319
-0.00018151
4.73473e-10
-1.04743e-09
2.43501e-11
3.00604e-06
-3.27439e-14
9.84533e-09
0.00943255
0.775529
0.856433
0.520652
1.91269e-13
0.120649
7.47918e-09
-6.07135e-12
1.92626e-11
0.391598
0.353167
0.54785
0.000297382
0.000351134
-2.47024e-05
-1.10646e-05
-1.58618e-10
9.66933e-05
-4.40139e-14
3.4815e-14
-1.4174e-06
-0.0052235
0.00170754
-0.00840622
-0.00933471
-1.21129e-07
-9.102e-08
-0.0194394
-5.96314e-10
-5.71808e-10
0.000307756
0.000276426
-6.22549e-09
-6.8135e-06
-3.43631e-06
-1.86909e-14
-4.53507e-06
2.72143e-06
2.14685e-09
9.99619e-09
-5.65277e-11
2.48067e-11
-5.42925e-08
-8.87773e-08
1.00836
-7.69329e-06
0.00116202
1.00287
1.00695
1.00006
1.00149
0.999541
0.999561
0.999767
0.999516
0.999963
0.999843
1.00002
1
1.00002
1.00003
1
1.00001
0.999999
1
0.999999
0.999998
1
0.999999
1
1
1
1
1
1
1
1
1
1
1
1
1
1
1
1
1
1
1
1
1
1
1
1
1
1
1
1
1
1
1
1
1
1
1
1
1
1
1
1
1
1
1
6.37465e-09
-0.0295623
0.203942
0.00017319
1.42869e-09
1.73963e-09
-9.86774e-15
-1.35062e-14
-1.96194e-12
1.73183e-06
1.27134e-06
3.21491e-06
1.46834e-13
-1.68779e-07
-2.30343e-07
-0.000241428
2.7309e-13
3.41413e-13
0.784299
-6.74434e-12
-4.86046e-12
-6.32168e-12
-3.21295e-11
-1.80185e-11
-1.77549e-14
-2.07061e-14
-4.81183e-10
6.96871e-09
2.40079e-09
-0.00952745
-0.0255982
0.0872111
4.1338e-05
-6.55776e-06
-6.10388e-05
-0.000210153
0.000745094
0.00107603
-1.98542e-14
-2.82445e-14
1
1
1
1
1
1
1
1
1
1
1
1
1
1
1
1
1
1
1
1
1
1
1
1
1
1
1
1
1
1
1
1
1
1
1
1
0.999991
0.999992
0.99999
0.999988
0.999963
0.999967
1.00011
1.00009
1.00024
1.00022
1.00019
1.00021
0.999424
0.999559
0.998067
0.998264
0.997731
0.99772
0.999185
0.998888
1.00873
1.0073
1.02239
1.0203
1.02589
1.02566
1.0056
1.01131
0.950435
0.964792
0.860829
0.871403
-3.47564e-12
-4.63774e-12
-2.8402e-10
-7.05802e-10
-1.79656e-10
-0.00384498
-0.00122037
0.000561416
-0.00724223
3.56066e-05
-3.88743e-05
0.00343602
-0.00547394
0.0015754
0.000928117
-0.0083563
0.0656746
7.41412e-06
0.000591659
0.988895
-3.33709e-08
-9.40474e-08
-1.65413e-08
2.20295e-07
-1.86895e-05
-2.79407e-05
-1.88489e-05
0.00152891
-3.80103e-10
7.6464e-08
-1.33931e-05
-8.77532e-09
-7.22918e-09
4.17551e-09
3.29873e-12
-2.45552e-12
-5.05924e-10
-0.0407978
-0.0430807
1.8289e-07
0.141512
-0.00865425
3.55728e-07
2.83213e-06
1.01093
-3.737e-14
0.770423
-1.34925e-12
-1.82045e-13
-2.48486e-06
-2.79964e-06
-1.46578e-07
-5.9542e-05
0.0278305
4.69761e-07
2.34365e-13
-9.88865e-08
-1.40835e-07
1.36194e-09
3.95724e-10
0.000255706
-0.000274372
0.000526558
1.04273e-12
-1.49215e-09
1.16019e-09
-5.13443e-10
-7.69709e-10
6.57902e-09
-1.40616e-08
2.4659e-10
1.65899e-14
6.58784e-11
3.89483e-11
1.06492e-11
3.58121e-11
2.146e-12
-0.0162568
0.0440114
0.398475
0.201112
0.214087
0.251581
1.01332
0.000210731
9.26245e-14
2.76019e-11
1.05847e-13
-8.84962e-15
-0.0083109
-0.0137785
9.0801e-07
7.17814e-07
2.08156e-13
1.39831e-13
9.66233e-13
0.943215
0.905741
-6.19411e-12
-8.04603e-12
0.000357631
0.000429946
3.18807e-05
-1.07708e-05
-2.78e-06
1.00546
-9.43977e-12
-3.79936e-12
0.410777
0.459736
3.26398e-05
-2.99377e-10
-6.42242e-11
1.00554
1.00098
1.00383
0.999559
1.00004
0.999625
0.999374
0.99989
0.999693
1.00001
0.999959
1.00002
1.00003
1.00001
1.00002
1
1
0.999998
0.999998
0.999999
0.999998
1
1
1
1
1
1
1
1
1
1
1
1
1
1
1
1
1
1
1
1
1
1
1
1
1
1
1
1
1
1
1
1
1
1
1
1
1
1
1
1
1
-2.02484e-07
1.15525e-07
-0.00802306
-0.00320816
-1.52742e-09
-8.62811e-08
0.315406
0.00136919
1.29077e-06
-3.1619e-14
-2.68328e-14
6.51659e-14
0.960607
-3.15783e-12
-1.76457e-07
-1.60459e-07
-2.03807e-07
-3.07654e-07
2.95601e-05
1.41245e-13
0.108714
-7.88184e-09
-8.67269e-09
-1.00413e-12
-4.06409e-13
3.26273e-10
-1.24226e-09
-8.88287e-13
2.2893e-11
9.64876e-10
-2.584e-10
1.03659e-08
5.19679e-09
0.0181728
-0.0351151
0.722887
0.786149
0.474099
0.000161444
3.70051e-05
0.659828
-0.000234448
-8.37399e-10
0.00126045
0.00138447
4.14831e-15
-6.67145e-15
1
1
1
1
1
1
1
1
1
1
1
1
1
1
1
1
1
1
1
1
1
1
1
1
1
1
1
1
1
1
1
1
1
1
0.999988
0.99999
0.999985
0.999983
0.999976
0.999978
1.00018
1.00015
1.00025
1.00024
1.00004
1.00007
0.998979
0.999137
0.997643
0.997861
0.998032
0.99798
1.00134
1.00097
1.01408
1.01212
1.0267
1.02446
1.02224
1.022
0.991374
0.994218
0.932186
0.947446
-1.12802e-12
-4.63105e-12
-0.0385364
-0.0384583
0.0081873
-0.0148517
-0.0311624
-0.000102803
-0.00021755
0.0222844
0.00242452
-0.00137954
-0.0121062
7.19182e-14
5.45793e-14
1.00759
0.987439
0.135661
0.281446
0.000944516
0.00119049
0.626787
1.14956e-06
-1.45898e-07
1.74421e-06
-5.58672e-10
6.91094e-08
-1.78144e-05
3.40987e-07
-2.52875e-05
-0.000703476
-3.0527e-12
0.000315915
1.11084e-11
0.471513
0.519202
2.12416e-08
5.81287e-08
-0.0097382
1.55293e-11
7.59553e-12
3.2131e-10
-1.99771e-05
0.138454
0.335944
0.0776274
-8.81658e-12
-4.39614e-08
3.10812e-11
3.48555e-12
-0.000273617
0.000249317
1.13102e-09
-2.67354e-12
1.95235e-13
1.01194
6.78029e-12
-6.73807e-10
0.872111
0.820733
0.114184
-7.44202e-05
2.72126e-11
1.9693e-11
1.01534
2.26358e-13
9.28036e-10
4.14426e-09
-1.19444e-10
0.00114671
-0.00828852
0.00017083
0.822492
-7.00523e-08
-1.29604e-07
-5.72535e-08
1.30088e-06
6.02714e-14
2.9585e-13
-6.99877e-12
-6.32713e-06
-2.59244e-05
0.000262823
0.000466895
0.000784464
3.27576e-06
-7.41311e-07
1.35313e-06
5.48224e-07
-1.48921e-07
-1.95994e-07
3.4468e-13
8.19405e-05
-2.63011e-08
-1.18113e-09
-7.08498e-09
-7.84188e-09
1.01175
2.08292e-13
4.28056e-11
6.0326e-11
5.73416e-08
2.03429e-11
2.69852e-13
0.000102348
4.55678e-05
1.00272
0.999805
1.00106
0.999435
0.99927
0.999748
0.99943
0.999976
0.999851
1.00003
1.00002
1.00002
1.00004
1
1.00001
0.999998
1
0.999999
0.999997
1
0.999999
1
1
1
1
1
1
1
1
1
1
1
1
1
1
1
1
1
1
1
1
1
1
1
1
1
1
1
1
1
1
1
1
1
1
1
1
1
2.2528e-10
2.08893e-10
-0.00202083
-0.00441978
0.000272812
-0.0100082
-0.00525976
1.3431e-13
-1.94694e-05
-7.59312e-06
0.00114417
-1.8668e-13
2.43079e-13
-0.0389761
0.000385972
0.000997445
1.39458e-08
1.0797e-13
2.1527e-05
-1.91726e-12
-1.34814e-12
-1.62811e-09
-1.32521e-09
1.10134e-09
5.65059e-12
3.0534e-12
2.61717e-11
0.203729
0.714746
-3.46118e-12
-4.44012e-12
0.868429
0.992798
3.16783e-08
0.000704485
-0.00342492
7.51615e-07
2.99007e-06
1
1
1.01298
1.00739
1
1
1
1
1
1
1
1
1
1
1
1
1
1
1
1
1
1
1
1
1
1
1
1
1
1
1
1
0.999999
0.999999
0.999985
0.999988
0.999984
0.999984
1.00001
1
1.00025
1.00021
1.0002
1.0002
0.999767
0.999836
0.998436
0.998671
0.997406
0.997632
0.999107
0.998931
1.00491
1.0041
1.02035
1.01779
1.02798
1.02625
1.01018
1.01141
0.961303
0.963316
5.0526e-12
-1.63768e-12
-0.000193635
0.000271416
0.0718793
0.0410178
-0.0210848
-0.0356
0.00123414
0.000848575
1.64637e-13
1.00914
1.01584
-6.07026e-10
-2.39415e-10
1.34348e-13
2.62599e-08
2.08417e-13
1.33216e-07
-3.82779e-06
1.60542e-06
-0.0105195
1.00733
3.0341e-11
2.35799e-11
1.26664e-06
5.46669e-11
-0.0178959
0.000415984
-1.55514e-07
-1.58442e-07
0.591277
8.51136e-09
7.36502e-09
0.708988
-2.16775e-05
0.00120941
-0.0292685
-0.0267323
2.26156e-08
-0.000114337
-0.000147112
-1.07171e-07
1.6328e-09
-0.00116949
-0.000344827
0.656346
3.0022e-05
-8.83876e-06
0.0105287
-0.0047783
-9.8856e-08
4.1505e-11
4.28361e-11
3.09559e-09
8.01749e-09
1.72994e-09
0.595367
0.642154
0.359034
1.35278e-09
-7.99396e-08
0.745239
0.829389
-0.000192994
1.43669e-11
0.894499
6.45261e-10
-1.15562e-07
0.0589353
0.0448012
0.180895
4.97897e-12
8.76996e-11
-7.95146e-12
1.10949e-11
-7.00155e-13
-5.86234e-12
-1.04332e-07
-1.31649e-07
4.94175e-07
1.78912e-13
0.911601
0.401421
-2.01175e-07
-2.49212e-07
-3.29121e-05
0.000436691
1.1164e-06
2.12713e-05
3.04955e-07
-2.69895e-13
0.766558
-2.72645e-06
-1.72949e-08
0.946465
-4.58347e-09
-5.01039e-09
-8.41527e-08
-1.39821e-07
2.00302e-10
-4.70462e-10
0.891308
0.563712
0.372391
-1.44269e-09
-1.65088e-09
1.01314
1.97925e-06
1.02643e-06
-0.027773
1.00086
0.999447
0.999897
0.999557
0.99922
0.999874
0.999617
1.00001
0.999944
1.00003
1.00004
1.00001
1.00003
1
1.00001
0.999998
0.999998
0.999999
0.999998
1
0.999999
1
1
1
1
1
1
1
1
1
1
1
1
1
1
1
1
1
1
1
1
1
1
1
1
1
1
1
1
1
1
1
0.175404
1
-6.43603e-13
-0.00387183
0.715737
0.00130558
0.448532
0.206969
4.02423e-08
3.17172e-08
3.20576e-08
0.49979
0.181363
0.655316
-2.27346e-12
1.35694e-09
-0.000108327
0.816062
-2.87935e-05
-1.42316e-05
1.00585
1.00404
1.01324
-1.72745e-12
-3.68106e-12
0.000210062
0.000445645
0.000144303
-0.000184615
-0.000128737
-0.00857074
-0.0239915
-6.7876e-08
-1.96454e-08
6.98792e-12
5.89015e-11
0.698676
0.677269
0.811351
3.57673e-06
6.91044e-07
3.33952e-11
1.91239e-12
0.842991
0.699429
2.82577e-11
0.958931
0.877531
1
0.120832
1
1
1
1
1
1
1
1
1
1
1
1
1
1
1
1
1
1
1
1
1
1
1
1
0.999999
0.999999
0.999997
0.999998
0.999983
0.999986
0.999992
0.999991
1.00005
1.00004
1.00031
1.00026
1.00005
1.00008
0.999399
0.999525
0.99794
0.998234
0.997682
0.99782
1.00121
1.00065
1.00968
1.00838
1.02597
1.02292
1.02542
1.02536
0.990769
1.00018
0.913013
1.64816e-11
7.55052e-12
2.37942e-07
3.38825e-08
0.000630989
0.00116749
-0.000479207
-0.00679149
1.00822
1.01758
0.984551
-1.24615e-10
-2.17769e-12
0.323115
0.408394
0.115642
-8.57768e-06
4.21536e-11
4.61975e-11
-0.0372826
-0.0394209
0.0565513
-0.0125687
0.408364
-1.20497e-07
-1.03199e-07
-2.31254e-12
-3.96296e-12
2.8612e-11
-0.00860766
0.00102737
-1.6389e-08
-1.27639e-10
8.26981e-07
2.91169e-08
4.95835e-09
-5.02367e-06
-1.53619e-07
-0.00255742
-0.00130011
0.000393422
2.26613e-09
-8.13575e-10
-4.44032e-10
0.000470618
-1.06788e-05
0.00010515
0.0355906
0.00841865
3.58442e-11
5.78504e-11
5.83112e-09
-0.00783295
3.66244e-09
-8.26833e-05
-1.67133e-09
-1.48253e-09
1.82883e-09
-2.08927e-09
-1.06771e-09
0.284669
0.459282
2.62289e-11
2.28994e-11
2.4385e-11
1.24635e-06
3.24353e-06
-0.000920105
-7.573e-05
4.67115e-06
-0.000149771
7.45096e-09
8.62389e-09
-0.014369
-0.00720329
-2.48111e-07
-2.94692e-07
0.00107716
-1.00191e-07
-1.02933e-07
4.77359e-05
-8.75683e-06
9.46538e-07
9.50215e-06
6.37127e-08
1.73476e-08
9.61121e-07
0.999869
0.999424
0.999339
0.999729
0.999414
0.999966
0.999817
1.00003
1.00002
1.00002
1.00004
1
1.00002
0.999998
1
0.999998
0.999997
1
0.999999
1
1
1
1
1
1
1
1
1
1
1
1
1
1
1
1
1
1
1
1
1
1
1
1
1
1
1
1
3.69499e-05
-0.0157691
6.01025e-09
1.04888e-08
-0.00640065
0.337296
0.513698
0.163072
0.000577085
0.000349585
4.60206e-08
3.80269e-08
1.29979e-09
0.109807
0.0834401
0.251265
2.34533e-09
2.26574e-10
-0.0330237
-3.38072e-09
-9.26655e-11
-3.69334e-10
-7.15302e-12
-0.00235626
0.778247
0.00029779
-2.50487e-11
-1.97971e-11
-6.76713e-11
0.700363
-8.78418e-13
1
1
1
1
1
1
1
1
1
1
1
1
1
1
1
1
1
1
1
1
1
1
1
0.999998
0.999999
0.999996
0.999997
0.999983
0.999986
1.00001
1
1.0001
1.00008
1.00032
1.00027
0.999804
0.999888
0.998992
0.999163
0.997678
0.997965
0.998637
0.998565
1.00421
1.00328
1.01483
1.01274
1.02986
1.02643
1.01793
1.01795
2.97715e-11
6.4717e-07
3.9532e-07
0.0013238
-0.0134503
-0.029169
0.000512206
0.000657381
-0.00169097
-2.16617e-05
-2.87975e-05
-2.14841e-05
0.000888813
0.000723629
0.00123164
0.504595
-4.48566e-08
-1.62102e-10
-0.0113647
0.922217
0.0218281
-1.48792e-09
0.00405661
2.88776e-07
3.75273e-06
6.9842e-07
0.878778
3.53733e-11
6.27187e-11
-1.18287e-07
-4.99972e-08
1.44243e-06
0.111869
-1.62838e-05
-0.00504313
-0.00354704
-6.65463e-08
2.50432e-09
0.0844745
0.0494765
1.01342
-8.92109e-12
4.78059e-11
1.0014
1.00275
1.15826e-06
9.60194e-07
6.27099e-09
1.59287e-06
-0.0344972
0.000476091
-2.94668e-10
-1.29639e-09
3.48367e-09
1.50638e-09
-8.00614e-11
-2.21532e-10
-0.0111738
1.71033e-11
1
1
0.976319
0.586346
0.722703
1.56317e-06
-2.43893e-05
-3.06096e-05
7.86755e-12
-6.92899e-11
-2.97529e-09
-3.18503e-08
6.83925e-09
1.00914
1.01603
0.923459
0.000112854
0.000550173
0.897912
0.742282
-0.00246464
-0.00113399
0.990407
1.00669
0.934043
-0.000203284
-1.46215e-05
5.52791e-09
1.04373e-08
-0.0339576
0.00048033
0.000217726
-2.69917e-07
-3.07793e-07
1.00765
0.0103071
0.989535
1.00522
-5.67934e-10
-5.47243e-10
-0.00833133
2.77995e-09
1.00076
1.00364
0.135372
0.165491
0.999434
0.999878
0.999554
0.99925
0.999873
0.999624
1.00002
0.999947
1.00003
1.00004
1.00001
1.00003
1
1.00001
0.999998
0.999998
0.999999
0.999998
1
0.999999
1
1
1
1
1
1
1
1
1
1
1
1
1
1
1
1
1
1
1
1
1
1
1
1
1
7.40863e-08
-7.52299e-08
1
0.891505
0.819493
0.949209
-0.0214261
1.00953
2.61164e-05
-1.29116e-05
0.290108
-1.24285e-05
-3.29664e-06
-0.0109345
-1.60045e-05
-0.000171588
-0.0360903
-0.0230938
4.42882e-08
3.8262e-08
-4.16469e-08
5.58959e-09
1.66154e-09
4.37603e-11
3.46025e-11
-4.86006e-12
1.33971e-06
2.03944e-06
-0.0187085
-0.032509
1.01142
1.01082
1.01432
1
1
1
1
1
1
1
1
1
1
1
1
1
1
1
1
1
1
0.999999
0.999999
0.999997
0.999997
0.999995
0.999996
0.999988
0.99999
1.00003
1.00003
1.00014
1.00012
1.00026
1.00024
0.99946
0.999597
0.998629
0.998808
0.997741
0.997928
1.00038
0.999982
1.00803
1.00679
1.01936
1.01713
1.02867
1.02527
0.999012
0.999969
-0.000643525
0.238523
-0.0121964
1.78793e-06
3.41097e-06
1.91887e-07
2.91605e-07
5.17655e-09
0.946332
0.990509
0.969979
1
0.0248765
-0.00825165
-0.00669612
-1.47784e-11
5.45087e-11
0.000139909
7.78038e-08
1.56251e-07
7.39373e-07
-2.39186e-07
0.00119745
-1.22526e-10
-1.70682e-11
0.000232788
3.63221e-08
7.41323e-09
1.55772e-06
1.68499e-06
-2.4739e-10
-6.13292e-10
-1.50354e-10
0.0628117
5.32908e-09
3.30235e-08
-4.14212e-10
-9.56883e-10
-9.17001e-10
4.19607e-09
-2.88507e-07
0.047487
0.000169252
0.000485585
-1.35124e-05
-1.50844e-10
-3.27784e-10
-0.00489233
-0.0156154
-2.15473e-08
-5.41792e-09
0.00112973
0.000946673
0.00118225
-0.00482636
-0.0031479
0.131047
0.0890693
-3.90422e-09
6.04008e-09
0.361547
0.323912
0.540512
-2.22436e-06
-1.03775e-05
0.19405
0.22845
-3.24412e-05
-2.33194e-05
3.83111e-09
0.890273
1.00874
1.00243
1.00692
0.999701
1.00095
0.999386
0.999218
0.999724
0.999388
0.999969
0.999817
1.00003
1.00002
1.00002
1.00004
1
1.00002
0.999998
1
0.999998
0.999997
1
0.999999
1
1
1
1
1
1
1
1
1
1
1
1
1
1
1
1
1
1
1
1
9.53867e-05
3.8057e-05
0.00435719
5.06713e-07
1.38148e-05
-0.000344661
-0.00164831
-0.0037807
-0.000203369
0.000137372
-8.37569e-08
-7.07425e-08
-0.0139241
0.00392596
-1.22803e-07
-1.06095e-10
-0.0340781
-0.000608811
8.7914e-09
2.50903e-07
3.73384e-07
0.792859
-1.47897e-07
1
1
1
1
1
1
1
1
1
1
1
1
1
1
1
0.999998
0.999998
0.999996
0.999997
0.999996
0.999997
0.999997
0.999998
1.00007
1.00005
1.00017
1.00014
1.00015
1.00014
0.999074
0.999272
0.998388
0.998569
0.998128
0.998237
1.00267
1.00164
1.01221
1.01026
1.02257
1.02018
1.02084
1.02018
0.967748
0.975226
5.84577e-09
1.69873e-06
0.346474
0.622718
0.833725
0.88118
0.684939
4.1359e-10
3.86242e-09
-3.91885e-10
-2.69747e-07
-2.18381e-07
-8.99386e-08
0.267512
-1.75607e-07
-2.0683e-07
0.000350958
3.32675e-06
-1.45462e-06
1.40977e-06
0.893475
0.000287941
-4.13306e-05
-0.000179864
0.000204599
1
-0.0103095
-0.011471
-0.0106715
1.27343e-06
4.98448e-09
-1.49704e-10
-3.0462e-10
-1.95431e-10
4.34511e-07
5.54434e-07
0.47685
-8.63224e-06
-4.78155e-06
0.000473518
-0.00664726
-0.00804689
0.306293
-0.00767234
0.000621074
0.106242
0.122364
7.06708e-09
-4.56613e-10
-7.6191e-10
-4.05648e-10
0.0664724
-2.21305e-05
1.78013e-08
-1.40186e-07
1.44912e-06
2.12822e-06
6.70923e-08
1.00402
-7.03632e-11
5.87373e-09
-3.91897e-10
-1.90252e-10
1
1.01541
1.01414
-0.023464
-0.0203669
-0.0318535
-5.10798e-08
-3.36307e-08
0.000806321
-0.00119118
0.00128531
0.00112965
0.000887646
0.22091
0.174747
5.93064e-09
5.22515e-09
1.87724e-08
-2.17748e-08
-6.73326e-09
0.676377
4.90216e-07
6.33734e-07
1
-0.00592733
-0.00198228
0.000126831
1.78578e-05
0.277938
0.978469
0.951112
1.00491
0.0358867
1.00053
1.00326
0.999383
0.99972
0.999575
0.999247
0.999889
0.999657
1.00002
0.999961
1.00003
1.00004
1.00001
1.00003
1
1.00001
0.999998
0.999998
0.999999
0.999998
1
0.999999
1
1
1
1
1
1
1
1
1
1
1
1
1
1
1
1
1
9.73622e-09
1.06942e-06
0.634856
-4.97266e-10
-4.64349e-10
-2.84115e-10
0.437174
7.28345e-07
8.53085e-07
-1.645e-05
0.45907
-1.02883e-07
-8.65413e-08
-1.19602e-07
0.438309
0.803209
0.877272
0.559652
0.0414673
-2.69325e-05
-1.94361e-05
-3.20088e-05
0.000479894
0.000458639
8.72466e-09
1
1
0.420863
1
1
1
1
1
1
1
1
1
1
1
1
0.999997
0.999997
0.999996
0.999996
0.999999
1
1.00001
1.00001
1.0001
1.00008
1.00015
1.00013
0.999927
0.999936
0.998663
0.998882
0.998406
0.998533
0.999139
0.999153
1.00552
1.00447
1.01549
1.01358
1.02231
1.02006
1.00507
1.00728
0.928472
0.935222
-3.16155e-06
-1.22508e-05
-1.5349e-07
-0.015964
2.24169e-06
1.88056e-06
3.10291e-06
0.385226
0.503435
-7.56575e-08
1.01371
7.64456e-07
9.636e-07
-5.52247e-10
-6.85844e-10
0.000527746
-0.000166334
0.000359336
-0.000287044
0.128616
3.25203e-07
1.606e-06
-0.013472
-0.0144674
-8.26506e-08
-7.11607e-08
0.172797
0.202586
0.341204
0.533558
0.289265
-0.0118233
0.000289449
-0.000741117
0.000640461
0.906247
-4.67362e-08
0.00134754
-8.31634e-06
-3.13604e-05
0.8389
-2.17206e-07
-1.08792e-07
2.80561e-07
1.81982e-06
3.80945e-09
3.53131e-09
1.01162
1.01238
0.72801
9.67255e-10
7.06816e-09
-0.010565
0.557907
0.579508
0.867199
-0.0273141
0.0265802
0.000764107
0.0012417
0.981158
0.92895
-0.00346573
-0.00982068
2.52063e-09
5.93842e-09
2.85845e-10
9.86178e-07
1.13802e-06
0.660078
0.000620495
0.000338902
-0.0119362
-0.0160637
0.401951
-3.14752e-08
-3.11787e-09
0.0876916
8.00521e-08
-7.9218e-08
1.00173
0.999604
1.00064
0.999431
0.999252
0.999759
0.999442
0.999977
0.999838
1.00003
1.00002
1.00002
1.00004
1
1.00002
0.999998
1
0.999998
0.999997
1
0.999998
1
1
1
1
1
1
1
1
1
1
1
1
1
1
1
1.65648e-06
6.79052e-07
-0.0124204
2.20326e-06
2.56361e-06
0.000413946
0.000145123
0.774237
1.01328
0.535258
-0.0242964
-0.0276048
1
1
1.01787
-0.00932724
-0.00389188
1.01195
1
1
1
1
1
1
1
1
1
1
0.999996
0.999996
0.999997
0.999997
1.00001
1
1.00003
1.00003
1.00012
1.0001
1.00008
1.00007
0.999599
0.999648
0.998271
0.998511
0.998829
0.998867
1.00091
1.00081
1.00932
1.00797
1.01827
1.01644
1.0171
1.01752
0.977647
0.979534
0.743096
0.279343
0.472655
-5.96674e-09
-3.23446e-10
-1.80062e-07
0.0202866
0.997624
-2.62423e-10
-7.62007e-10
-0.00652444
-0.00015021
-1.39235e-07
0.763882
-8.1484e-05
0.000596116
5.49063e-09
-6.70083e-08
1.00161
-0.0286126
1.00725
-9.91108e-08
-1.07621e-07
1.53765e-06
-0.00265156
3.61077e-10
0.739263
5.00066e-09
6.46898e-09
1.29557e-07
1.01144
-0.000264896
-0.00233333
0.000359955
-2.02282e-09
0.70465
0.460538
-0.029417
-1.8217e-05
1.00559
0.000592156
-0.000822041
8.38208e-05
0.000270407
2.73808e-05
-2.35269e-06
2.8753e-07
2.30001e-06
2.58286e-06
8.42077e-09
-1.76486e-09
-8.9221e-08
-1.19888e-07
1.01362
0.0830188
0.23409
0.957663
0.92776
0.884058
-8.44196e-06
-4.39871e-06
0.00120524
-0.000415596
2.12759e-06
2.26773e-06
-6.21818e-06
-6.24336e-05
0.820437
-0.0155098
-0.0265524
-4.70903e-10
1.18184e-06
1.31733e-06
0.000390993
-0.0147561
-0.0127698
1.04564e-06
1.25688e-06
-0.00132135
-0.00036434
0.387795
0.20309
0.827453
2.11709e-08
4.00029e-07
-9.38571e-08
0.728687
1.83172e-09
0.0492095
0.147492
0.0201104
1.0133
-0.00632605
-0.00459309
-0.015205
-0.0198441
0.0575141
1.00019
0.999395
0.999584
0.999612
0.999309
0.999903
0.999692
1.00002
0.999968
1.00003
1.00004
1.00001
1.00003
1
1.00001
0.999998
0.999998
0.999999
0.999998
1
0.999999
1
1
1
1
1
1
1
1
1
1
1
-1.73221e-08
-3.34544e-08
2.02656e-06
1.08712e-06
-0.00562772
-0.00450624
-0.0132084
8.81023e-10
0.820833
1.00967
1.015
0.897634
-2.36783e-05
0.737599
8.03239e-10
1
1
1
1
1
1
1
1
0.999999
0.999999
0.999995
0.999996
1
1
1.00002
1.00001
1.00005
1.00005
1.00012
1.0001
0.99993
0.999927
0.9992
0.99931
0.998034
0.9983
0.999886
0.999773
1.00359
1.00323
1.01365
1.01205
1.01989
1.0183
1.0112
1.01524
-3.47157e-05
9.3285e-06
-2.1972e-05
0.606255
0.000661187
0.00047308
-5.52582e-08
-1.53308e-08
1.00356
1.0084
0.842079
1.19318e-06
1.25281e-06
2.06112e-07
2.18216e-08
-9.75526e-05
0.0875564
-0.0125938
-4.93112e-08
1.00221
-0.00288745
0.993516
1.00751
0.940191
0.878479
8.25585e-07
3.91553e-09
4.48181e-09
6.91374e-09
-5.0209e-05
0.0507072
0.00424132
0.000179595
0.000435476
0.000107345
-7.49971e-05
0.767177
0.599717
0.00481122
-7.73324e-08
1.74365e-08
-4.52291e-07
0.00101431
0.00117532
1.48439e-06
-5.84771e-08
-1.13618e-07
-1.52028e-05
-1.08168e-05
0.348186
0.54235
5.03575e-08
-1.71221e-05
-0.00833454
0.946623
-2.21856e-05
-2.72827e-05
-2.3485e-07
-0.00230925
-0.00713409
-0.0279734
-0.00209125
1.96236e-06
2.06461e-06
-6.41712e-06
-2.62319e-06
-0.00164963
-5.02388e-05
8.16614e-09
3.98749e-07
1.28029e-06
3.7651e-05
0.000817804
-0.00880192
-0.00728412
-1.76131e-07
0.130321
0.101067
0.296896
1.00112
0.999536
1.00028
0.999477
0.999282
0.999785
0.999501
0.999981
0.999854
1.00003
1.00002
1.00002
1.00004
1
1.00002
0.999998
1
0.999998
0.999997
0.999999
0.999998
1
1
1
1
1
1
1
1
1
8.13245e-07
-0.0190681
-0.0169338
-0.0265819
0.985419
0.288061
0.225981
2.07931e-06
1.44728e-06
0.870755
1.01144
0.99959
-1.99221e-07
-4.73034e-08
9.44189e-07
8.56215e-07
0.541504
-1.90438e-08
-1.35657e-05
1
1
1
1
1
1
0.999998
0.999999
0.999995
0.999996
1.00001
1.00001
1.00003
1.00002
1.00007
1.00006
1.00007
1.00006
0.999673
0.999712
0.998808
0.99896
0.998247
0.998531
1.00179
1.00143
1.00699
1.00633
1.01779
1.0158
1.01816
1.01762
-1.97981e-07
1.72628e-09
-9.78908e-09
5.97379e-09
1.01176
1.01455
-8.02559e-08
-7.52658e-08
4.68671e-07
1.29015e-06
1.81641e-07
-0.0112273
-1.19016e-06
-0.0132099
0.188143
0.976655
1.00569
1.00419
1.01099
0.338375
2.83645e-07
-3.7241e-06
0.781386
-2.42145e-08
0.665984
-0.0103635
-0.00503521
0.950601
-3.10907e-08
1.58891e-06
-0.00880671
0.000295704
0.264643
0.120573
-3.06393e-05
-0.0147845
0.000766976
-0.00178388
1.00015
-2.2145e-05
-1.872e-05
0.668032
0.825994
9.88239e-07
7.91696e-07
0.927355
0.869073
-0.0115188
0.0335523
0.149645
-2.94264e-06
-4.59582e-06
-2.79361e-05
-2.24948e-05
-6.29851e-05
-1.29678e-05
-8.40541e-06
0.000530667
0.000458162
0.000577214
3.53207e-07
8.24964e-08
0.00022062
6.17693e-05
-0.0198114
-0.0222026
-7.17153e-05
1.31541e-06
1.61358e-06
4.04159e-07
1.00271
0.999967
1.0015
0.999398
0.999474
0.999645
0.999357
0.999913
0.999725
1.00002
0.999973
1.00003
1.00004
1.00001
1.00003
1
1.00001
0.999998
0.999998
0.999999
0.999998
1
0.999999
1
1
1
1
1
-0.0233593
-0.0236791
0.0193888
7.19034e-07
6.12717e-07
1.43254e-06
0.000199915
0.418311
0.361212
0.607542
-7.91222e-07
-1.42627e-06
-5.29221e-08
-2.25648e-05
-3.53382e-05
0.570564
0.00120449
0.00102226
0.000826226
0.967891
1
1
0.999999
0.999999
0.999998
0.999998
0.999997
0.999998
1.00002
1.00001
1.00004
1.00003
1.00006
1.00005
0.999967
0.999971
0.999348
0.99944
0.998554
0.99873
0.999153
0.999132
1.00472
1.00404
1.01051
1.00949
1.02001
1.01824
0.671142
-0.0111866
-0.0151103
1.0082
0.989854
1.17014e-06
1.16325e-06
-1.16514e-06
1.0144
1.01544
1.12882e-05
0.485254
-0.00994122
-0.0035829
-0.000900936
0.0776623
0.0181797
1.46305e-06
1.09746e-06
-8.93096e-07
8.39531e-07
0.998651
0.983874
-0.0144565
-0.00431065
0.00155393
-0.02101
-0.0226954
1.01163
-4.99716e-06
0.000436377
-3.75304e-05
-6.3077e-05
0.251201
0.431542
-2.72066e-05
-2.86627e-05
0.915967
-7.50831e-06
-9.90975e-06
0.586383
0.370003
1.0069
1.00856
0.85759
0.910342
0.668479
-0.00598251
-2.04706e-05
-1.66932e-05
0.000457037
-9.26675e-05
0.00065499
-0.0137399
-0.0133782
-2.83752e-06
-4.38516e-06
-4.29343e-05
0.000149493
-5.25805e-06
-7.47155e-06
-1.41244e-06
-2.82101e-05
1.00069
0.999444
0.999918
0.999499
0.999258
0.999816
0.99955
0.999993
0.999891
1.00003
1.00003
1.00002
1.00004
1
1.00002
0.999998
1
0.999998
0.999997
1
0.999998
0.72368
0.662214
0.866968
0.000386954
0.000149637
-1.37846e-06
-0.0127706
-3.08774e-05
0.0383787
0.0165615
0.999999
0.999998
0.999998
1
1
1.00003
1.00002
1.00004
1.00004
1.00003
1.00003
0.999801
0.999832
0.99904
0.999189
0.998594
0.998748
1.00061
1.00029
1.00799
1.00673
1.01394
1.01269
1.02082
1.02007
-1.3224e-05
-1.63907e-05
0.920023
1.88036e-06
1.07327e-06
0.156875
1.01464
1.00319
1.00474
1.00863
-0.00342766
-0.00652788
0.77205
-0.016751
8.16323e-05
-0.0122709
-0.0111728
-4.56703e-06
0.30163
-0.0138667
-0.00796824
-4.35427e-05
-3.75251e-05
-4.27957e-05
-1.97509e-05
0.00943287
0.0806594
0.0546642
0.558098
0.715742
0.999999
-2.61769e-05
-3.60881e-05
-1.11482e-05
0.112263
1
0.0734354
0.0579562
0.214859
-2.56819e-05
-2.65254e-05
0.994354
0.949441
0.803964
0.772312
-9.90429e-06
0.000164062
0.00132794
0.0002358
2.22407e-06
-1.887e-05
-2.30919e-05
0.000399733
0.00116947
0.994715
0.933937
1.00796
1.01006
1.01146
-0.0198165
-0.0205614
0.000610164
0.000553712
4.49416e-05
-4.79646e-06
1.01449
1.008
0.88322
-0.0150273
0.99975
0.999397
0.999363
0.999674
0.999372
0.99993
0.999746
1.00003
0.999982
1.00003
1.00004
1.00001
1.00003
1
1.00001
0.999998
0.999998
0.999998
1
0.000276578
0.000568069
0.000191497
-2.30683e-05
-2.73958e-05
-1.14541e-06
-8.50921e-06
1.97574e-07
-0.00499075
-0.0131116
0.199715
0.171017
0.999998
1.00749
-2.49222e-05
1.00001
1.00003
1.00003
1.00003
1.00003
0.999961
0.999972
0.999594
0.99965
0.998845
0.998997
0.999146
0.99925
1.00274
1.00223
1.01115
1.00959
1.01555
1.01444
1.01909
1.01493
-0.00230115
-0.00105842
-0.00115876
-0.00532666
1.00209
1.00593
1.001
0.00326663
0.0102794
-5.39218e-06
-0.0179387
1.01716
-2.4607e-05
0.435721
0.0372472
-0.00630528
1
9.46003e-06
0.000300039
-8.77201e-06
-3.24208e-05
0.808803
-2.89263e-05
1.01375
1.01394
0.384246
-0.000664319
0.332984
0.505368
-2.54327e-05
0.99427
0.85151
-0.00443294
-0.00310203
0.167539
0.129251
-0.00887223
0.94552
0.912891
0.647953
0.699436
0.435297
0.00123718
-0.000670392
-0.0143865
-0.0139422
-2.56313e-05
0.969707
0.893585
-3.09583e-05
-2.55915e-05
1.01035
1.01677
0.990659
1.00404
0.999397
0.999535
0.999277
0.999839
0.999602
0.999999
0.999908
1.00003
1.00003
1.00002
1.00004
1.00004
-0.016449
-4.32691e-05
-0.00757025
-0.011379
-0.0110763
-0.016562
-0.0100798
5.31208e-06
0.299933
-1.64598e-05
0.129574
0.103934
0.296627
-5.16162e-06
2.65487e-05
5.72196e-05
0.000109145
0.000529064
-2.86274e-06
4.74698e-05
2.4622e-05
0.956778
1.00706
0.622848
1.00001
1.00001
0.999865
0.999898
0.999386
0.99949
0.99882
0.99897
1.00035
1.00014
1.00581
1.00518
1.0139
1.01237
1.01513
1.00876
1.01468
-5.87679e-06
0.00012596
6.11115e-05
-3.89448e-05
0.0162214
-0.00751857
0.769523
0.645119
0.885381
1.00041
1.00257
-1.17385e-05
-3.11205e-05
0.300527
0.999739
1.00003
1.00001
0.0573537
-0.00278153
-0.000971385
0.000417634
0.000702919
0.000356044
-0.00735801
0.000576443
0.00110863
-0.00593376
-0.00211726
0.505847
-6.62966e-06
1.00913
1.01068
0.563285
0.220859
0.446843
0.151712
9.08805e-05
6.26191e-05
0.000466743
-0.0169298
-0.00384608
0.778864
0.0264954
0.0399001
1.00002
1.01646
1.01497
0.000137706
0.999413
0.999716
0.999429
0.999942
0.999786
1.00002
1.00004
0.999981
0.032865
-0.0100084
0.999965
0.999964
-0.00211623
-0.00479525
0.0610985
0.0779183
-0.0129169
-0.0142713
-0.0130244
1.00144
0.831263
0.999748
0.999789
0.999254
0.99935
0.999208
0.999296
1.00219
1.00184
1.00932
1.00843
1.01722
1.0152
0.000233673
0.999562
1.00043
1.01368
0.0724523
0.000241594
0.000548884
0.000527151
-0.0106501
0.936641
0.985995
1.0115
1.00048
0.00085744
-0.0136268
-0.0160993
0.999266
0.127271
1.01227
0.615426
-0.013218
-0.0154108
0.000257546
-0.000934639
0.000671502
0.735529
0.535939
0.431087
0.00037219
0.222608
0.429868
0.164832
0.885979
0.000193389
0.197312
0.168827
0.395793
1.00647
0.000217029
0.000155402
1.00474
1.01277
1.01794
1.01322
0.000257192
2.49379e-05
0.000289391
0.0203367
0.108246
0.000343239
-0.00974888
-0.00445975
0.964253
0.989248
0.999346
0.000348365
0.99958
0.99929
0.999856
0.999868
0.999637
0.283993
0.777672
-0.00393878
0.227252
0.343351
0.2737
-0.0088565
0.000727455
0.000874899
0.9992
0.999959
0.999786
1.00467
1.00376
1.01295
1.01119
1.0171
1.01627
1.00947
0.000619151
0.0574164
0.0186382
0.000670892
1.00305
1.00777
0.999612
0.999288
0.99967
0.000610182
0.968894
0.000660966
0.000602497
0.000626221
0.754429
0.545524
0.866355
0.999484
1.00003
-0.0124515
0.0152262
0.0007652
-0.00727744
-0.0122782
0.000563631
0.21251
0.000175773
1.00173
1.0058
0.424151
-0.0133943
0.000600093
0.900799
0.786855
0.000508054
0.133343
1.01529
1.00014
0.200024
0.38721
1.01594
1.0152
-0.00284821
-0.000395512
-0.000363387
1.0119
0.00672602
-0.00912917
0.999397
0.982874
0.999518
-0.013797
-0.00752914
0.000309135
-0.000122245
0.587407
0.500177
0.366611
-0.0150032
0.000362888
1.00701
1.01469
1.01296
1.01266
1.01206
0.991967
0.930978
0.14708
-0.000965828
-0.000761355
-0.00617216
0.999863
0.966027
0.00397013
1.00504
1.01061
0.0693443
-0.00217628
0.0461866
1.00013
1.00093
0.0565414
0.180959
0.999331
0.490503
-0.0147206
-0.0122597
0.544042
0.653534
0.624103
-0.00149861
-0.00357391
-0.00307782
0.736383
0.693075
0.974936
1.01435
0.947785
1.00569
1.00102
0.506513
0.370612
0.999318
1.00558
0.942342
0.908983
0.808675
0.985907
-0.00649608
-0.0131136
0.547439
0.724691
1.00368
1.01702
0.848821
1.00059
1.01098
0.797182
0.875112
-0.0056151
0.80119
0.702272
0.768157
0.44197
0.851823
0.689614
1.00924
-0.0103175
-0.00946588
-0.0136111
0.130384
1.01395
1.01367
1.00261
1.00807
1.00265
0.941799
0.999002
0.943989
0.999882
-0.00728738
1.0138
1.01612
-0.0103902
-0.0156269
-0.010526
0.298615
0.513975
-0.00102852
0.0502843
0.330458
0.87335
0.0838871
0.868957
1.00698
1.0063
0.023932
-0.0106
-0.00977576
0.975077
1.01287
0.912687
0.993439
0.157411
0.427025
0.658064
0.342966
0.839997
1.01399
0.00904246
-0.00843579
0.985631
0.927782
1.00334
1.00528
1.01249
1.0143
1.01154
0.829817
0.950622
0.975369
0.870575
1.0151
0.111197
0.268627
-0.0149252
0.734471
1.01495
-0.0136767
-0.00109126
-0.014069
-0.0131522
-0.0127103
-0.0138362
0.669565
0.138314
0.065416
0.621911
0.68385
0.422973
-0.0123902
-0.0136918
0.608729
0.00585168
0.0437132
-0.00378874
1.00013
-0.0152744
0.0190474
0.0943859
0.570564
0.95012
1.01037
0.746829
0.596982
0.759271
0.929088
0.287159
0.399915
0.992319
0.341024
-0.00796509
-0.00612317
0.012842
0.261794
0.125852
0.881217
0.689102
0.346811
0.026038
0.0854953
0.0132036
0.420979
0.802212
0.463851
0.0370459
0.16549
0.365831
0.958147
)
;

boundaryField
{
    frontAndBack
    {
        type            empty;
    }
    hot
    {
        type            fixedValue;
        value           uniform 1;
    }
    cold
    {
        type            fixedValue;
        value           uniform 0;
    }
    defaultFaces
    {
        type            zeroGradient;
    }
}


// ************************************************************************* //
