/*--------------------------------*- C++ -*----------------------------------*\
  =========                 |
  \\      /  F ield         | OpenFOAM: The Open Source CFD Toolbox
   \\    /   O peration     | Website:  https://openfoam.org
    \\  /    A nd           | Version:  7
     \\/     M anipulation  |
\*---------------------------------------------------------------------------*/
FoamFile
{
    version     2.0;
    format      ascii;
    class       volScalarField;
    location    "0.7";
    object      T;
}
// * * * * * * * * * * * * * * * * * * * * * * * * * * * * * * * * * * * * * //

dimensions      [0 0 0 1 0 0 0];

internalField   nonuniform List<scalar> 
5936
(
0.509388
0.913124
0.999003
0.982342
1.00586
1.01594
1.00206
1.00701
1.00021
1.00101
0.999887
0.999757
0.99995
0.999843
0.999998
0.999979
1
1
0.999999
0.999998
0.999999
0.999996
0.999999
0.999998
1
1
1
1
1
1
1
1
1
1
1
1
1
1
1
1
1
1
1
1
1
1
1
1
1
1
1
1
1
1
1
1
1
1
1
1
1
1
1
1
1
1
1
1
1
1
1
1
1
1
1
1
1
1
1
1
1
1
1
1
1
1
1
1
1
1
1
1
1
1
1
1
1
1
1
0.116255
-0.00308433
-0.000220626
4.08817e-05
-3.12622e-07
4.17018e-07
-4.23437e-09
-1.40026e-08
2.90322e-09
-1.13601e-11
-6.94455e-11
1.11436e-11
-5.13075e-13
-1.72105e-13
5.36263e-14
-3.61235e-15
-2.1521e-15
1.00899e-16
7.5405e-17
5.08944e-18
-5.58741e-19
-1.03074e-19
-4.68354e-21
3.57202e-22
-1.4589e-38
1.77695e-22
7.39323e-22
1.83874e-19
2.15637e-18
-6.539e-19
6.83052e-16
1.54787e-14
4.00924e-14
-2.03216e-13
5.2295e-12
6.63074e-11
-2.02921e-10
-1.44121e-09
1.03812e-08
6.80748e-08
-1.71983e-07
6.51364e-07
-3.59506e-06
9.81203e-06
-2.2156e-05
5.79157e-05
-0.00011684
0.00013793
0.000775992
0.00163587
1
1
1
1
1
1
1
1
1
1
1
1
1
1
1
1
1
1
1
1
0.999999
0.999999
1
1
1.00001
1
0.999993
0.999999
0.999992
0.999992
1
0.999997
1.00002
1.00001
1.00006
1.00005
1.00003
1.00004
0.99979
0.999867
0.999537
0.999613
0.999893
0.999748
1.00129
1.00076
1.00324
1.00251
1.00366
1.00356
0.999751
1.00124
0.986416
0.990929
0.95996
0.968623
0.917527
0.931411
0.858167
0.87703
0.784346
0.806992
0.698538
0.724752
0.604143
0.632425
0.50934
0.537567
0.416057
0.443427
0.332761
0.3569
0.259188
0.280658
0.195917
0.214153
0.145781
0.160156
0.105151
0.116766
0.0739353
0.082692
0.0516776
0.0579557
0.0349085
0.0396208
0.023394
0.0267441
0.0149821
0.0175125
0.00970277
0.0114875
0.00622245
0.00742135
0.00334696
0.00202274
0.00407927
1.3652e-22
0.00118103
0.0134562
-0.00159039
6.86186e-05
7.16026e-06
1.01485e-07
1.83368e-07
-3.61289e-08
7.27177e-10
1.13982e-09
-1.85498e-10
1.81501e-12
3.65555e-12
-7.40344e-13
5.90101e-14
1.35084e-14
-4.81441e-15
-4.14245e-16
1.35852e-16
2.60102e-17
-8.45328e-20
-2.86472e-19
-2.72809e-20
-4.57436e-23
-0.000922382
2.20366e-22
0.00152451
-6.40683e-22
-3.26794e-20
-4.02538e-19
-8.76688e-18
-2.2932e-17
-4.03489e-15
-4.29981e-14
9.85286e-14
-5.44333e-13
-2.5804e-11
-6.05143e-11
1.02165e-09
-1.87894e-09
-2.73984e-08
-5.4707e-08
3.13682e-07
-1.75327e-06
9.55558e-06
-2.0236e-05
8.2708e-06
-2.98237e-05
-7.24573e-05
0.000596823
0.000131136
0.0664675
1.9839e-06
0.457247
0.0001441
3.03963e-05
6.54726e-07
5.36439e-07
-9.96346e-08
6.9086e-10
3.44337e-09
-4.95762e-10
-5.80055e-12
1.11503e-11
-2.06572e-12
1.44363e-13
4.11935e-14
-1.53686e-14
-1.48813e-15
4.61881e-16
9.34898e-17
6.82724e-19
-9.85732e-19
-1.03988e-19
-1.0376e-21
5.72426e-22
-1.83768e-20
-1.78613e-19
-6.11703e-18
1.07243e-17
-2.89372e-15
-3.44507e-14
5.30413e-14
-9.10369e-13
-2.61059e-11
-7.99765e-11
9.04536e-10
-1.24996e-09
-2.06706e-08
-4.60123e-08
3.38328e-07
-1.90425e-06
9.69362e-06
-2.09259e-05
1.11666e-05
-3.83564e-05
-5.7724e-05
0.000720137
-5.04704e-22
1.14995e-06
4.37154e-09
-4.18441e-08
7.51349e-09
1.17184e-10
-2.15454e-10
2.80955e-11
-8.85627e-13
-5.42609e-13
1.54643e-13
-1.1507e-14
-7.15272e-15
3.5024e-16
2.54084e-16
2.02721e-17
-1.7285e-18
-3.71158e-19
-1.96123e-20
1.01521e-21
1.34045e-19
1.08585e-18
-6.92518e-18
4.82227e-16
1.13664e-14
4.16224e-14
-2.25772e-14
5.62289e-12
6.91399e-11
-1.30199e-10
-1.50348e-09
8.51644e-09
5.49949e-08
-1.68029e-07
5.38577e-07
-2.79891e-06
8.77233e-06
-2.30862e-05
5.40914e-05
-0.000127104
0.00021822
0.000988429
-0.0055644
-0.00532448
-8.63675e-22
0.596807
-0.00118086
0.957427
1.0026
0.985737
1.00456
1.0082
1.00136
1.00401
0.999967
1.00053
0.999869
0.999794
0.999989
0.999958
1.00002
1.00005
1.00001
1.00003
1
1.00001
0.999998
0.999998
0.999999
0.999998
1
1
1
1
1
1
1
1
1
1
1
1
1
1
1
1
1
1
1
1
1
1
1
1
1
1
1
1
1
1
1
1
1
1
1
1
1
1
1
1
1
1
1
1
1
1
1
1
1
1
1
1
1
1
1
1
1
1
1
1
1
1
1
1
1
1
1
1
1
1
1
-2.77247e-21
0.00151943
6.23973e-05
0.260823
-5.70121e-06
5.20627e-08
2.91928e-07
-5.98189e-08
1.72335e-09
1.46983e-09
-2.63149e-10
1.45859e-11
4.07368e-12
-1.21409e-12
1.44955e-13
3.32575e-14
-8.79219e-15
-1.70159e-15
2.43526e-17
3.23436e-17
2.23486e-18
-9.41435e-20
-2.82288e-20
-1.45388e-21
1.75647e-19
-0.00316853
-0.00458952
-0.0032785
6.57504e-23
0.00232192
0.00361336
-3.68931e-06
-8.98205e-06
-1.32075e-06
0.532986
6.89722e-19
-4.87121e-18
4.17729e-16
1.30565e-14
8.14977e-14
-1.07108e-13
5.90889e-12
1.01851e-10
-5.13619e-11
-2.69174e-09
1.06724e-08
8.28818e-08
-1.73135e-07
3.83326e-07
-1.87444e-06
5.47254e-06
-2.25515e-05
6.82593e-05
-0.000184335
0.00050597
0.00138463
0.00242491
0.0517236
0.189634
0.0225263
-9.55505e-05
-0.000690296
4.39733e-05
1.58816e-05
-6.93584e-06
1
1
1
1
1
1
1
1
1
1
1
1
1
1
1
1
1
1
0.999999
0.999999
1
1
1
1
0.999994
0.999999
0.999994
0.999992
1
0.999995
1.00001
1.00001
1.00005
1.00005
1.00001
1.00006
0.999774
0.999873
0.999573
0.999585
0.999959
0.999647
1.00126
1.0006
1.00299
1.0024
1.00335
1.00387
0.999382
1.00233
0.986153
0.993702
0.959923
0.97343
0.918016
0.937236
0.859917
0.885856
0.785558
0.817712
0.699606
0.734697
0.607159
0.644845
0.511748
0.548628
0.419293
0.454614
0.335363
0.366382
0.262212
0.289046
0.199453
0.222532
0.14826
0.166431
0.107418
0.121556
0.0759634
0.0869101
0.0527301
0.0604551
0.0358854
0.0414445
0.024383
0.0282019
0.0161081
0.0188041
0.0111656
0.0131919
0.780431
-8.84157e-22
0.830481
-3.56852e-21
-4.58572e-14
-4.65803e-14
4.15288e-05
-7.15974e-21
-9.43699e-22
6.71132e-14
7.68231e-07
-1.96769e-08
-2.12191e-08
4.30452e-09
-1.11163e-10
-7.83982e-11
1.79447e-11
-1.51447e-12
-1.97497e-13
1.13783e-13
-3.05582e-15
-4.77892e-15
-3.78283e-16
6.37178e-17
1.01507e-17
2.38252e-19
-7.34519e-20
-7.23458e-21
1.7354e-19
-3.41907e-15
-2.98792e-15
-8.21678e-18
-9.51361e-18
-1.92679e-19
-1.6575e-17
-7.4241e-20
6.7544e-17
1.37296e-14
1.42715e-06
4.51389e-14
-7.79292e-13
-3.22135e-11
-1.56426e-10
1.12818e-09
-2.21054e-10
-2.77967e-08
-1.1221e-07
6.1267e-07
-3.26686e-06
1.65484e-05
-3.78367e-05
3.25512e-05
-0.000104197
1.26813e-05
0.00126725
-1.15599e-07
2.21403e-13
-2.73501e-12
-1.72082e-20
1.39057e-11
0.00719454
-2.9316e-12
0.000532408
-0.000202717
7.35246e-05
-2.87811e-05
9.26707e-06
-2.84765e-06
5.77819e-07
-2.3161e-07
8.16389e-08
1.13735e-08
-2.6612e-09
-8.17559e-11
-5.78045e-21
-8.22763e-20
-8.01385e-20
8.01835e-18
8.50405e-17
-1.03995e-16
-4.96467e-15
-1.82414e-14
1.04435e-13
0.00141234
-2.36923e-05
-9.76897e-05
2.7749e-05
-3.67806e-05
1.63288e-05
-3.24045e-06
6.12054e-07
-8.72298e-08
-3.04057e-08
-9.45308e-10
1.21642e-09
-1.61749e-10
-3.9815e-11
-1.50806e-12
6.17198e-17
-2.46283e-20
-1.67471e-19
1.31063e-18
3.1735e-17
1.26405e-16
-1.37707e-15
-1.31022e-14
4.82173e-15
2.69124e-13
-7.77883e-13
-1.42883e-12
3.73276e-11
-2.35802e-10
3.92028e-10
8.41361e-09
-6.17587e-08
7.19225e-08
4.98479e-14
-4.96509e-10
4.34364e-09
-5.18164e-09
8.474e-07
7.39911e-19
1.15249e-10
5.74387e-16
8.4228e-12
4.90492e-14
8.0514e-05
-5.29451e-14
0.994132
1.00615
1.00363
1.00319
1.00652
1.00017
1.00137
0.999567
0.999319
0.99981
0.999466
0.999986
0.999885
1.00002
1.00003
1.00001
1.00003
1
1
0.999999
0.999998
0.999999
0.999998
1
1
1
1
1
1
1
1
1
1
1
1
1
1
1
1
1
1
1
1
1
1
1
1
1
1
1
1
1
1
1
1
1
1
1
1
1
1
1
1
1
1
1
1
1
1
1
1
1
1
1
1
1
1
1
1
1
1
1
1
1
1
1
1
1
1
1
-3.00001e-15
3.00233e-11
1.53127e-10
0.00897049
-5.9236e-19
1.44845e-14
-1.38962e-12
8.40366e-07
5.41094e-07
1.65142e-06
-5.15405e-08
-1.60188e-08
4.05368e-09
0.00103385
-3.52724e-10
0.00506211
-4.30211e-11
3.51195e-11
4.35388e-21
1.94901e-12
-2.47445e-12
-3.54178e-12
-3.47457e-12
0.00235871
2.06297e-13
6.0447e-14
-3.86112e-15
-1.69385e-15
-7.36044e-17
1.69679e-17
2.11843e-18
4.32937e-20
-3.64605e-06
-7.59864e-07
8.34115e-10
-2.07396e-10
-3.25821e-20
-3.61094e-19
1.10643e-13
8.57359e-14
4.06477e-14
-1.17122e-17
7.84565e-12
1.21682e-14
1.29549e-14
-5.23256e-14
-1.13254e-17
-2.90929e-17
0.000171361
0.000193265
-1.55206e-12
1.07614e-11
3.92457e-16
-3.38127e-15
-4.36109e-11
-5.2803e-11
1.68902e-10
1.32092e-10
-4.23087e-09
1.12151e-08
1.04279e-07
-1.85851e-07
1.05373e-08
3.18719e-07
-7.23925e-07
-1.80749e-05
6.56843e-05
-0.000236937
0.000169242
0.00100514
2.42689e-07
2.55358e-08
1
1
1
1
1
1
1
1
1
1
1
1
1
1
1
1
0.999999
0.999999
1
0.999999
1
1
0.999996
1
0.999995
0.999994
0.999996
0.999993
1.00001
1
1.00005
1.00004
1.00003
1.00007
0.999814
0.999905
0.999601
0.999613
0.999858
0.999595
1.00096
1.00039
1.00261
1.00206
1.00343
1.00379
1.00035
1.00309
0.988924
0.995693
0.9656
0.977645
0.925531
0.94526
0.870107
0.894945
0.800156
0.830712
0.715623
0.75098
0.623057
0.660011
0.528606
0.565438
0.435293
0.471832
0.348861
0.38079
0.274719
0.301893
0.210773
0.234584
0.157108
0.176048
0.114299
0.129611
0.0810718
0.0926321
0.0565567
0.0649016
0.0383082
0.0443431
0.0259091
0.0297115
0.0174644
0.0201195
-2.68983e-10
-5.96144e-10
-1.81918e-10
0.00345273
0.00524056
-1.01413e-17
-6.22451e-21
4.42655e-11
1.83141e-11
-0.00209076
-9.0015e-21
0.92558
7.76909e-07
0.009478
-9.60151e-21
-8.25835e-13
-1.61127e-13
0.00247604
3.10933e-09
-1.24337e-07
-6.15858e-08
-5.54244e-08
3.90623e-09
1.0644e-11
3.29589e-13
1.63369e-13
8.27122e-15
-3.71481e-15
-5.05563e-16
1.86579e-17
6.88969e-18
4.69554e-19
2.00765e-19
0.00947254
0.00383239
-1.09002e-05
-1.1325e-05
-2.85685e-10
-2.76477e-10
0.959572
1.49977e-16
-3.43267e-16
6.48877e-10
1.46757e-09
1.25184e-09
1.31237e-08
1.41139e-09
-3.60858e-08
-1.78305e-07
9.84614e-07
-4.8867e-06
2.44488e-05
-5.73557e-05
5.91932e-05
-0.000208411
0.000120242
0.0767339
0.0425133
0.0127039
6.30078e-18
8.82674e-07
2.95548e-05
-1.961e-05
-0.000278691
7.8459e-05
-2.88487e-05
5.14045e-06
-1.13858e-06
2.93172e-07
2.09916e-19
2.61988e-19
-0.000201792
5.39362e-05
-5.69916e-05
-0.00337853
0.000562474
-0.00375685
2.49226e-05
0.684452
-5.0193e-06
1.00671e-06
-1.45789e-07
1.665e-18
1.90006e-17
-4.09707e-18
-1.55941e-15
-7.65582e-15
4.24302e-14
-1.44305e-09
-2.43943e-20
-0.000220651
-0.000990867
0.000205258
1.55853e-16
0.78693
-2.48883e-20
3.70832e-13
3.54249e-17
-3.48955e-16
-2.14551e-20
-4.43772e-15
8.09193e-09
-3.03462e-15
1.80066e-13
2.0252e-19
9.38902e-11
-3.80815e-08
-2.30492e-12
5.48259e-16
1.81649e-13
-4.14054e-09
-2.79495e-07
1.08117e-07
0.322933
-1.20811e-11
1.0091
1.00853
1.01706
1.00223
1.00742
0.999796
1.00081
0.999654
0.999394
0.999897
0.999686
1.00001
0.999964
1.00002
1.00003
1.00001
1.00002
0.999999
1
0.999999
0.999998
1
0.999999
1
1
1
1
1
1
1
1
1
1
1
1
1
1
1
1
1
1
1
1
1
1
1
1
1
1
1
1
1
1
1
1
1
1
1
1
1
1
1
1
1
1
1
1
1
1
1
1
1
1
1
1
1
1
1
1
1
1
1
1
1
1
1
-2.37679e-06
2.01846e-20
-4.06807e-08
4.19535e-18
-5.87675e-09
2.81471e-16
-6.8865e-08
6.03821e-14
0.00765793
1.48961e-18
-2.36645e-10
-1.31027e-10
4.44043e-10
-1.786e-12
3.40075e-05
-1.04681e-16
0.00365173
2.66171e-19
1.54187e-13
1.43587e-13
1.62702e-13
-5.80454e-09
-1.89565e-15
-4.2596e-16
-3.56866e-16
-1.13694e-17
9.52632e-19
-0.000358134
-4.45674e-10
4.07012e-10
3.33299e-09
0.0055108
-2.65504e-18
8.19398e-14
0.000166277
9.88313e-12
-3.16288e-15
-3.32236e-12
-4.50069e-12
0.873027
-1.58206e-07
1.26024e-08
-4.182e-08
0.211792
3.49297e-18
3.79292e-18
-2.6229e-07
-2.83417e-07
1.82321e-19
6.2796e-19
-2.86878e-18
-8.36175e-07
4.86802e-06
3.54304e-05
-8.14744e-05
8.911e-05
3.77976e-05
-0.000364165
0.000523687
7.49305e-07
-1.38839e-17
3.07302e-16
1
1
1
1
1
1
1
1
1
1
1
1
1
1
0.999999
1
1
0.999999
1
1
0.999998
1
0.999995
0.999996
0.999993
0.999992
1
0.999994
1.00005
1.00004
1.00004
1.00008
0.999848
0.999947
0.999615
0.999658
0.99975
0.999555
1.00069
1.00014
1.00231
1.00169
1.00356
1.00363
1.00145
1.00372
0.991901
0.997754
0.97127
0.982701
0.934613
0.95401
0.881921
0.906492
0.814828
0.845672
0.731562
0.768072
0.640438
0.678074
0.546562
0.585889
0.45208
0.490262
0.365115
0.39873
0.288674
0.318275
0.222345
0.247423
0.167328
0.187781
0.122488
0.139134
0.0872851
0.100012
0.0611045
0.0703263
0.0413335
0.0481894
0.0274505
0.0318798
0.0177001
0.0202482
1.18499e-09
1.32195e-09
-5.7942e-09
0.00188757
0.00198538
0.00377951
-6.74248e-06
3.27473e-06
-1.06098e-05
-9.12711e-06
2.19638e-16
-2.75407e-15
-0.000256726
0.000481147
-1.31712e-17
-1.30932e-17
-3.67656e-17
6.1561e-09
6.47939e-09
7.95407e-09
1.39636e-07
6.02409e-07
-2.4682e-08
-3.38952e-13
-1.45494e-12
3.24004e-14
3.13123e-19
7.4899e-18
0.000386236
0.000200572
9.16714e-07
0.00938902
-2.56006e-15
-1.14548e-15
0.0143133
2.89319e-13
-7.15093e-06
3.69793e-11
0.00532746
-6.54623e-17
5.23219e-11
4.46612e-19
-4.75212e-08
-0.000325033
1.47469e-14
-1.04027e-07
-1.16268e-15
1.57953e-06
4.40585e-11
1.60537e-11
-3.21701e-08
7.80222e-15
0.0140439
1.45936e-07
5.1381e-14
2.03071e-09
2.69827e-10
-8.35039e-06
-1.99213e-05
1.88942e-15
2.52234e-13
0.97501
-2.48249e-12
0.658389
1.25903e-11
2.999e-16
4.95605e-16
4.70612e-09
2.14814e-10
-4.48964e-10
3.64131e-09
0.739487
1.42394e-08
4.90981e-05
1.00093
1.36198e-07
1.45192e-06
0.0211096
-1.32891e-05
-4.82942e-06
-4.83664e-10
-6.15763e-10
-5.96861e-10
1.25815e-13
5.50047e-14
-2.26457e-07
1.38887e-18
-5.5402e-14
9.01423e-14
1.52337e-06
-0.00115442
-0.000199005
-2.00098e-13
-5.36548e-12
-0.00506771
-0.00383963
-6.69212e-11
-5.44465e-11
1.40503e-07
0.91765
-3.30302e-12
-3.46891e-15
8.54435e-05
-8.35041e-05
-5.0552e-07
-5.99985e-06
-1.92405e-05
-3.6008e-15
-8.09039e-06
1.78188e-07
1.00927
1.00429
1.00996
1.0005
1.00288
0.999622
0.999815
0.999768
0.999512
0.999959
0.999821
1.00002
1
1.00001
1.00003
1
1.00001
0.999999
0.999999
0.999999
0.999998
1
0.999999
1
1
1
1
1
1
1
1
1
1
1
1
1
1
1
1
1
1
1
1
1
1
1
1
1
1
1
1
1
1
1
1
1
1
1
1
1
1
1
1
1
1
1
1
1
1
1
1
1
1
1
1
1
1
1
1
0.705216
0.0124361
2.97531e-15
9.2186e-10
-5.56658e-16
6.70767e-14
5.15956e-14
0.00712412
0.0115219
2.04348e-06
-3.76859e-12
-8.64885e-08
-1.71087e-10
-2.21412e-17
-0.000189896
-8.57328e-06
6.02812e-09
-1.1521e-07
0.323259
-9.2065e-17
-7.43735e-17
9.73263e-09
2.3173e-05
-3.92999e-13
-1.05713e-13
-2.73808e-16
-2.64027e-16
-3.75657e-05
-5.17939e-10
-5.10738e-10
-3.52175e-16
-9.63943e-16
1.07389e-14
1.2861e-16
-3.85491e-15
-4.7706e-05
-0.0092957
0.00117501
7.34665e-19
-2.47205e-18
-1.38714e-17
-6.4383e-19
-7.20365e-08
2.16986e-06
4.5521e-05
-2.64702e-05
0.0676589
-3.91104e-07
-2.72841e-07
1.02943e-14
-0.00541554
0.000585025
-4.83284e-14
0.0712045
0.0315684
0.109768
-0.000112105
1.74539e-06
0.882953
0.720368
1.34953e-05
4.90882e-05
1.00153e-13
1.21148e-13
1
1
1
1
1
1
1
1
1
1
1
1
1
0.999999
0.999999
1
1
0.999999
1
0.999997
0.999998
0.999992
0.999993
0.999999
0.999989
1.00004
1.00003
1.00006
1.00008
0.999899
0.999996
0.999658
0.999725
0.999675
0.999531
1.0004
0.999911
1.00195
1.00125
1.00358
1.00334
1.00248
1.00418
0.994786
0.999969
0.977107
0.987616
0.945296
0.96309
0.896489
0.921073
0.831312
0.861922
0.751387
0.788077
0.661988
0.70062
0.568638
0.608615
0.474862
0.514517
0.385265
0.421958
0.30577
0.337829
0.237576
0.264353
0.17994
0.202411
0.132447
0.150614
0.0956992
0.109852
0.0670105
0.0778762
0.045458
0.0535384
0.0300868
0.035932
0.0179606
5.27704e-05
0.000174644
1.2435e-05
-1.54547e-05
-1.96932e-05
4.9976e-16
4.27067e-16
1.6536e-14
1.23299e-14
-0.000591325
-0.000316212
-4.12561e-08
1.90401e-07
-1.14848e-12
1.09009e-05
6.92619e-12
1.68835e-13
2.04742e-09
-1.68422e-17
-0.000608028
0.00348029
-6.33492e-16
-0.0110106
-0.00772794
-4.68172e-14
0.0223898
0.00586219
0.00944225
-1.85056e-06
-2.39682e-06
0.18927
1.0005e-15
-5.26018e-11
2.00941e-11
-9.27329e-06
4.95185e-07
2.64069e-07
-6.47825e-10
8.34249e-10
0.00011886
0.000119717
1.43756e-08
1.2306e-08
5.18305e-14
1.66213e-05
-1.37105e-05
-0.000116891
5.21329e-14
3.37055e-13
-4.68818e-12
-5.91137e-07
9.54358e-10
6.95665e-10
4.95346e-14
1.18528e-11
2.32379e-10
-2.3149e-10
-8.99163e-10
1.00726
0.992244
3.27043e-19
6.83512e-15
-3.39566e-07
-6.72346e-18
-7.36053e-18
-1.84162e-17
0.239597
-2.53554e-05
-5.03961e-06
6.2817e-15
-3.45301e-08
-9.43116e-08
-1.42154e-08
1
1
-7.69795e-09
-7.75886e-09
7.71497e-09
1.60905e-11
1.07562e-06
1.14914e-06
1.21486e-06
-0.000322716
1.33065e-13
8.08611e-14
1.53274e-13
-1.77089e-12
-1.46033e-12
0.00122679
-0.00301171
-0.00762379
-0.00187655
1.37245e-11
5.43694e-12
-4.2677e-14
-3.18073e-18
-3.97104e-17
5.45656e-16
1.06217e-08
6.66559e-09
-4.51555e-08
0.00109966
-8.07932e-11
-6.84283e-11
0.926392
0.00367161
-3.38959e-14
-0.000141671
1.00652
1.0016
1.0051
0.999788
1.00058
0.99964
0.999493
0.999871
0.999658
1
0.999934
1.00002
1.00003
1.00001
1.00002
1
1
0.999999
0.999998
0.999999
0.999998
1
1
1
1
1
1
1
1
1
1
1
1
1
1
1
1
1
1
1
1
1
1
1
1
1
1
1
1
1
1
1
1
1
1
1
1
1
1
1
1
1
1
1
1
1
1
1
1
1
1
1
1
1
1
1
0.461913
1
-6.69999e-06
-4.83821e-06
-0.000861667
0.00661649
4.08411e-16
0.000129124
4.57439e-14
-3.52458e-12
-4.63692e-15
2.49389e-06
-4.42175e-06
0.441637
1.20617e-14
2.3526e-15
6.57445e-17
-2.62508e-14
-4.77097e-10
-0.000214702
-0.000915887
-1.56884e-12
2.81642e-07
1.61384e-11
0.00237349
3.88886e-11
6.86748e-11
4.06743e-11
-1.22626e-16
0.000193266
0.000256988
0.480209
-1.20217e-16
-2.17369e-16
0.980044
3.14135e-15
2.10018e-15
-3.79454e-08
0.145562
2.76774e-10
3.01462e-10
-6.34476e-10
-5.79076e-12
-4.37226e-12
0.380168
0.00989872
1.11652e-11
9.28651e-09
-4.06551e-08
1
1.0092
1.01154
1.00152
-5.31508e-07
6.30539e-08
2.67752e-06
-7.49217e-05
-0.000151713
0.811422
0.898621
0.516607
6.78124e-05
0.0001272
2.31432e-09
6.73565e-09
8.17273e-10
5.47472e-05
-6.20544e-05
-3.24018e-14
4.56477e-14
1
1
1
1
1
1
1
1
1
0.999999
0.999999
1
1
1
1
0.999998
0.999999
0.999993
0.999994
0.999994
0.999987
1.00003
1.00001
1.00007
1.00008
0.999956
1.00003
0.999717
0.999804
0.999624
0.99955
1.00013
0.999729
1.00151
1.0008
1.00333
1.00285
1.00313
1.00423
0.997337
1.00175
0.983149
0.991829
0.956287
0.971586
0.911181
0.935131
0.849852
0.878935
0.774229
0.810343
0.685686
0.726215
0.594112
0.634441
0.50126
0.542476
0.409704
0.447753
0.328257
0.361162
0.255821
0.284865
0.194922
0.218219
0.145705
0.165315
0.105583
0.121229
0.0754503
0.0871957
0.0522707
0.0616055
0.0350116
0.0422374
0.0149786
0.0148036
0.0213614
-1.37503e-16
-4.6151e-15
2.98536e-14
3.16764e-14
7.46717e-05
0.00225202
2.21338e-07
-4.75182e-07
2.69451e-05
5.99035e-05
-1.68617e-08
7.26692e-17
-2.20238e-05
-1.43014e-05
3.93741e-12
-1.40125e-12
-0.000198665
-1.06888e-05
-8.76114e-06
-8.59707e-10
-4.22655e-10
-0.000119361
3.74248e-11
3.65037e-11
6.41551e-14
-3.10584e-12
-3.89042e-12
1.06495e-14
0.227186
-1.33824e-16
-5.36658e-17
2.28602e-07
8.02061e-05
3.26363e-05
1.05768e-06
9.21094e-07
1.51083e-09
-0.00126084
0.00588775
-4.89906e-12
1.78038e-11
0.00599381
0.0102394
-4.44045e-13
-1.65469e-07
3.96451e-05
1.31524e-09
7.70637e-12
2.78724e-17
-1.91415e-17
-8.7461e-18
-7.68109e-08
-6.56451e-08
1
-2.28282e-14
-6.07329e-12
0.0898452
0.017623
1.52225e-08
1.16079e-08
0.0266659
0.000143365
0.000315527
9.11759e-05
1.99379e-13
2.17678e-13
1.09992e-13
3.75908e-14
3.68777e-13
-0.00493101
-0.00382035
-8.44657e-11
-7.03073e-11
3.67597e-08
-7.35992e-08
7.82082e-16
8.59453e-16
2.26758e-16
-1.27379e-05
-4.04022e-06
2.43189e-05
-1.43681e-12
-6.32852e-11
-4.3764e-10
-2.75462e-13
2.63611e-15
-1.86401e-12
1.00315
1.00032
1.00206
0.999611
0.999788
0.999759
0.999524
0.999949
0.99981
1.00002
0.999991
1.00002
1.00003
1
1.00001
0.999999
1
0.999999
0.999998
1
0.999999
1
1
1
1
1
1
1
1
1
1
1
1
1
1
1
1
1
1
1
1
1
1
1
1
1
1
1
1
1
1
1
1
1
1
1
1
1
1
1
1
1
1
1
1
1
1
1
1
-6.31602e-15
-0.000134842
1.32001e-14
-7.33003e-14
2.09629e-05
0.0197361
-2.73556e-08
-0.00118587
-8.15206e-06
-0.000373861
0.000169748
0.00945269
0.0266717
0.0146163
0.0154621
0.0206097
7.05427e-15
6.74163e-15
7.4951e-05
3.10908e-07
0.000133717
8.86841e-05
-0.000168481
9.65706e-05
-1.46392e-17
1
-3.82606e-13
-2.98653e-13
1
1
1
1
1
1
0.999999
0.999999
1
1
1
1
1
1
0.999994
0.999997
0.99999
0.999985
1.00002
1
1.00007
1.00007
1
1.00007
0.999791
0.999887
0.999617
0.999613
0.999904
0.9996
1.00103
1.00038
1.00292
1.00224
1.00355
1.00403
0.99974
1.00299
0.988417
0.995794
0.965976
0.978771
0.926874
0.948655
0.868803
0.89751
0.798004
0.831327
0.714556
0.753787
0.622423
0.662998
0.531164
0.570807
0.437773
0.477712
0.351186
0.386794
0.276508
0.307176
0.21147
0.237434
0.159724
0.179926
0.117842
0.133885
0.0846125
0.0967666
0.0608603
0.0702878
0.0427435
0.033797
0.0516547
-9.07863e-09
1.23361e-08
8.58743e-07
-8.22621e-07
1.87906e-06
5.38261e-15
1.79026e-14
0.00430662
0.00960987
-7.38804e-07
-1.01935e-08
-0.00742322
-0.00937783
5.85709e-05
-0.000114266
-0.000530627
-0.00130696
-3.94037e-10
6.251e-09
-8.89568e-06
-1.12714e-05
-1.78277e-17
-4.69044e-17
-2.44019e-17
0.800147
-5.13548e-12
1.00668
-5.82027e-15
-3.13028e-15
1
1.00742
1.0082
-3.49991e-10
-9.00187e-11
-0.000511817
-9.22124e-09
1
4.84603e-11
1.5362e-14
-5.6539e-08
-8.54313e-14
-2.45162e-12
-0.000186776
1
1.01123
7.51596e-11
3.51303e-11
-0.00306925
-2.31797e-09
1.39816e-09
0.000170291
0.000111068
1.32815e-06
-7.92276e-11
-5.09286e-13
3.25609e-06
2.78045e-06
7.20159e-16
-0.00162016
1.64484e-11
-9.75431e-11
2.66616e-07
2.53759e-07
-1.12019e-12
2.25753e-15
-2.05739e-17
0.000694603
1.23219e-16
4.14578e-09
-1.52646e-07
0.967021
0.990011
0.880757
-8.76659e-08
-1.21875e-07
-2.41891e-12
0.406815
0.52581
0.186207
5.85234e-09
5.00859e-09
-8.25499e-10
-1.11808e-12
-6.83853e-12
-8.06543e-12
1.81513e-11
3.70468e-09
-3.15502e-08
-3.6388e-14
-1.33103e-05
-1.85779e-05
6.84361e-14
0.000257581
0.000234589
-6.83743e-07
4.14874e-11
7.59774e-11
0.00038957
3.71602e-10
3.50161e-10
-0.00714446
-0.00703087
4.62209e-05
-6.60366e-16
-6.33375e-15
2.8473e-09
4.4049e-10
1.18992e-15
1.31872e-15
-1.32038e-16
-8.22101e-06
2.17181e-09
-1.80216e-09
1.81119e-06
8.25493e-07
4.2372e-05
4.89968e-16
0.00406573
7.05281e-05
-0.000173617
1.11092e-11
3.51982e-11
6.48965e-12
1.00543
-9.93261e-09
-9.74873e-09
1.00132
1.00409
0.999727
1.00042
0.999636
0.999493
0.999871
0.999672
1
0.999931
1.00002
1.00002
1.00001
1.00002
1
1.00001
0.999999
0.999999
0.999999
0.999999
1
1
1
1
1
1
1
1
1
1
1
1
1
1
1
1
1
1
1
1
1
1
1
1
1
1
1
1
1
1
1
1
1
1
1
1
1
1
1
1
1
1
1
1
1
1
1
-6.68143e-13
5.3187e-05
1.00185
-8.32599e-15
-8.50167e-05
0.000429476
-2.1671e-14
4.25827e-10
4.26901e-10
-1.75903e-14
2.00549e-15
-9.18329e-13
-1.32794e-12
2.10674e-08
8.28188e-09
2.46784e-07
8.07347e-17
2.6882e-06
7.00554e-05
6.76062e-05
0.00739332
-1.2121e-14
3.5877e-15
3.67751e-15
4.72304e-17
1.15892e-07
6.26693e-07
-5.30146e-08
-7.20429e-14
-4.79483e-14
-7.86888e-10
0.000205239
-6.68563e-05
0.00197915
0.00736481
1
1
8.15015e-13
5.38011e-13
1
1
1
1
0.999999
1
1
1
1
1
1
1
0.999996
0.999999
0.999989
0.999987
1.00001
0.999996
1.00006
1.00005
1.00004
1.00008
0.999863
0.999948
0.999654
0.999692
0.999744
0.999541
1.00061
1.00007
1.00238
1.00169
1.00345
1.00354
1.00122
1.00336
0.992696
0.998561
0.973646
0.984629
0.940131
0.957998
0.888307
0.913835
0.819629
0.851607
0.740874
0.776385
0.651797
0.691421
0.557637
0.596969
0.465686
0.503853
0.377461
0.412682
0.298348
0.32873
0.231284
0.257883
0.174529
0.196286
0.128919
0.146066
0.0929644
0.105292
0.067159
0.0745178
8.10942e-13
-5.7403e-13
6.0612e-07
3.24311e-06
-0.00509821
-0.00953309
-0.000208184
-0.000207825
-0.00143166
0.00163537
1.17269e-08
-3.37024e-06
6.7571e-05
1.00993
1.0101
3.81175e-14
1.68548e-08
-9.07113e-09
-2.33767e-08
-9.2404e-15
6.78005e-09
-0.000187642
-5.04587e-09
-9.61767e-09
1.01004
0.0540166
1.43709e-11
8.88201e-12
6.04359e-12
-0.00202113
-9.78244e-10
-9.49571e-10
1.98758e-09
4.25136e-11
1.00859e-06
-4.16575e-08
-3.40182e-11
-2.67791e-13
-0.000344298
-5.14914e-09
2.64842e-07
4.52387e-10
1.67103e-15
2.44054e-07
-6.82959e-13
3.83431e-15
0.97733
0.948336
-0.000994306
0.415644
0.0277565
0.0358195
-2.46074e-13
-1.30484e-05
-1.33885e-05
0.015191
0.0146113
5.33309e-16
-3.94058e-16
-5.14094e-14
0.0315322
-0.00159579
-6.39626e-06
-8.59495e-11
4.8431e-10
-8.80314e-12
-9.90854e-07
-4.64993e-16
9.88738e-09
0.00943255
0.775529
0.856433
0.520652
-2.29431e-13
0.120649
7.4069e-09
-1.60194e-12
-9.88561e-12
0.0217402
0.0234754
0.0303531
0.000297381
0.000351134
-2.4702e-05
-1.10642e-05
-2.37011e-10
9.66945e-05
-9.40161e-15
-1.42518e-14
-1.41672e-06
-0.0052235
0.000158259
-0.00840622
-0.00933471
-1.20795e-07
-9.08363e-08
-0.00101012
-5.24663e-10
-5.51953e-10
0.000307758
0.000276427
-6.34707e-09
-6.81277e-06
-3.43605e-06
5.53568e-15
2.49971e-07
-9.43728e-07
1.7292e-09
9.66611e-09
-1.51761e-10
-1.04364e-11
2.03419e-08
2.6429e-08
1.00836
-7.69244e-06
-0.000315547
1.00287
1.00695
1.00006
1.00149
0.999541
0.999561
0.999767
0.999516
0.999963
0.999843
1.00002
1
1.00002
1.00003
1
1.00001
0.999999
1
0.999999
0.999998
1
0.999999
1
1
1
1
1
1
1
1
1
1
1
1
1
1
1
1
1
1
1
1
1
1
1
1
1
1
1
1
1
1
1
1
1
1
1
1
1
1
1
1
1
1
1
6.19013e-09
-0.00164042
0.203942
0.00017319
-1.08273e-09
-1.1976e-09
-9.12425e-16
-1.59307e-15
1.34214e-12
1.73082e-06
1.27044e-06
-1.36049e-06
-1.47051e-13
-1.03632e-09
-2.40237e-11
9.54678e-06
-3.13939e-13
-3.36071e-13
0.0466562
1.09701e-12
1.4865e-12
-1.45424e-12
1.98042e-11
1.7535e-11
-3.52137e-15
-3.66038e-15
-6.22291e-10
7.10131e-09
2.54972e-09
-0.000434231
-0.00167085
0.012619
4.13388e-05
-6.55738e-06
-1.93426e-05
3.42383e-06
2.86036e-05
-0.000288386
-1.41766e-14
-1.21834e-14
1
1
1
1
1
1
1
0.999999
1
1
1
1
0.999998
1
0.999987
0.999988
1
0.99999
1.00005
1.00004
1.00006
1.00008
0.999921
1
0.999689
0.999763
0.99962
0.99952
1.00027
0.999843
1.00194
1.00124
1.00333
1.00312
1.00225
1.00361
0.996056
1.00051
0.980479
0.98938
0.950797
0.966668
0.903616
0.926719
0.840713
0.870049
0.764191
0.798667
0.676705
0.715011
0.583975
0.622065
0.490061
0.528396
0.399215
0.434834
0.318612
0.350206
0.248693
0.276053
0.189156
0.211074
0.141001
0.159413
0.0998784
0.114761
0.0682407
0.0781436
7.49583e-12
6.01693e-12
-3.13198e-10
-7.43107e-10
-2.26939e-10
-0.00384498
-0.00122037
0.000246452
-0.000386064
2.04231e-06
-1.90827e-05
0.00343602
-0.00547394
-0.000167152
0.000194462
0.00459603
0.0125662
0.000104926
5.81154e-05
0.988895
-3.3762e-08
-9.44358e-08
-1.72893e-08
2.20215e-07
-1.86893e-05
-2.79409e-05
-1.88487e-05
-0.000224927
-5.34071e-10
-6.65669e-09
-1.33935e-05
2.61644e-09
2.37619e-09
-4.25543e-09
1.99525e-11
1.98545e-11
-5.61702e-10
-0.00162851
-0.00136977
1.83174e-07
0.141512
-0.00865425
2.26657e-07
-1.28306e-06
1.01093
-9.54851e-15
0.0517273
4.94357e-13
-2.36886e-13
5.68871e-07
1.05611e-06
5.07983e-09
0.000103696
0.0278305
4.69198e-07
-4.70702e-13
2.17569e-08
2.95133e-08
-1.22186e-09
-8.99499e-11
0.000255707
-0.000274371
0.000526559
8.29886e-14
5.64977e-10
-1.05877e-09
-5.17763e-10
-9.59261e-10
6.11107e-09
-1.50192e-08
-7.69595e-10
-5.00651e-14
5.08372e-11
4.4725e-11
2.83598e-11
6.20545e-11
2.72299e-11
0.00405194
0.0440114
0.398475
0.201112
0.0234685
0.0227045
1.01332
0.000210731
-1.8024e-14
-1.09749e-11
-1.32594e-13
-4.28472e-14
-0.0083109
-0.0137785
9.06144e-07
7.17237e-07
1.89065e-14
1.20398e-14
1.2721e-14
0.943215
0.905741
2.40048e-12
1.88756e-12
0.000357631
0.000429944
3.26006e-06
-1.07708e-05
-2.78015e-06
1.00546
2.12232e-11
2.33982e-11
0.0341012
0.0323777
9.97821e-07
-5.61481e-10
-1.9577e-10
1.00554
1.00098
1.00383
0.999559
1.00004
0.999625
0.999374
0.99989
0.999693
1.00001
0.999959
1.00002
1.00003
1.00001
1.00002
1
1
0.999998
0.999998
0.999999
0.999998
1
1
1
1
1
1
1
1
1
1
1
1
1
1
1
1
1
1
1
1
1
1
1
1
1
1
1
1
1
1
1
1
1
1
1
1
1
1
1
1
1
4.34611e-08
2.87651e-07
-0.00802306
-0.00320816
-3.5131e-10
-8.55884e-08
0.0341599
-0.000144417
1.28949e-06
-1.499e-14
-1.61759e-14
-2.5712e-14
0.960607
4.70638e-12
-1.21512e-09
8.8306e-09
4.58305e-08
1.53594e-06
2.26151e-06
1.11967e-14
0.108714
2.71106e-09
2.87621e-09
1.05652e-12
6.01503e-13
-5.38835e-11
5.92447e-10
-3.96765e-12
-1.30688e-11
1.12711e-09
-1.86197e-10
1.03677e-08
5.36151e-09
0.00922726
-0.00231069
0.722887
0.786149
0.474099
0.000161441
3.70029e-05
0.0412228
3.11637e-05
-8.87213e-10
-0.00042873
-0.00022724
-3.272e-14
-2.86372e-14
1
1
1
1
1
0.999999
1
1
1
1
1
1
0.999988
0.99999
0.999996
0.999987
1.00004
1.00002
1.00006
1.00007
0.999965
1.00003
0.999747
0.999829
0.999589
0.999552
1.00008
0.999716
1.00159
1.00092
1.00302
1.00266
1.00269
1.00355
0.998252
1.00171
0.985326
0.992989
0.959109
0.973106
0.916598
0.936917
0.858172
0.885355
0.784534
0.817201
0.699404
0.734989
0.60698
0.644585
0.510717
0.548755
0.420303
0.455267
0.338797
0.370648
0.265612
0.293234
0.202173
0.224296
0.151404
0.168413
0.109772
0.124733
1.2425e-11
1.21576e-11
-0.000472468
-0.000973337
0.0087322
-0.00102091
-0.00244208
-2.38388e-05
2.1074e-05
0.0222844
0.00242452
0.00019478
-0.00097452
-6.43573e-14
-5.56023e-14
1.00759
0.987439
0.0204935
0.0360049
-1.56797e-05
-0.000399509
0.0450939
1.14733e-06
-1.47882e-07
1.74124e-06
-6.19967e-10
-7.79693e-09
-1.78171e-05
3.37225e-07
-2.52894e-05
0.000137211
3.81217e-12
0.000315915
2.61424e-11
0.0487572
0.0459212
-8.29235e-09
-2.21193e-09
-0.0097382
1.80241e-11
2.38466e-11
-7.23916e-11
-1.99756e-05
0.138454
0.335944
0.0776274
2.83971e-12
-4.50099e-08
-1.33115e-11
2.16404e-11
-0.000273617
0.000249315
-1.16104e-09
-3.58971e-12
6.14477e-14
1.01194
4.01793e-10
-4.69476e-10
0.872111
0.820733
0.0210504
-2.45688e-05
3.10587e-11
4.11872e-11
1.01534
-1.14331e-13
1.16224e-09
4.58927e-09
3.34216e-11
0.00114671
-0.00828852
0.000143479
0.0748824
-7.04818e-08
-1.29528e-07
-5.85535e-08
1.29829e-06
3.18535e-13
2.54736e-13
3.40501e-12
-6.33107e-06
-2.59243e-05
0.00026282
0.000466894
3.13503e-05
-1.64892e-06
9.32759e-07
1.3531e-06
5.49237e-07
2.06481e-08
3.00032e-08
-1.03709e-13
0.000143605
-2.79813e-08
-2.2023e-09
2.45271e-09
2.84798e-09
1.01175
-1.13612e-13
-6.7061e-12
3.30424e-11
-5.042e-09
-1.25302e-10
-1.89749e-14
0.000102345
4.55643e-05
1.00272
0.999805
1.00106
0.999435
0.99927
0.999748
0.99943
0.999977
0.999851
1.00003
1.00002
1.00002
1.00004
1
1.00001
0.999998
1
0.999999
0.999998
1
0.999999
1
1
1
1
1
1
1
1
1
1
1
1
1
1
1
1
1
1
1
1
1
1
1
1
1
1
1
1
1
1
1
1
1
1
1
1
1
-4.25309e-11
-2.5272e-11
-0.00202083
-3.60421e-05
0.000272811
-0.0100082
-0.00525977
-2.91318e-14
-1.94638e-05
-7.58963e-06
-9.16207e-05
5.11828e-13
2.57966e-13
-0.00289535
0.000176398
-3.84636e-05
-6.94776e-09
-4.23503e-14
-1.21068e-06
2.29969e-12
1.84209e-12
6.54309e-10
6.47653e-10
-1.01713e-09
-7.86653e-12
-7.49117e-12
-1.56537e-11
0.0335064
0.0577312
6.47509e-12
6.29112e-12
0.0907293
0.992798
-1.10166e-08
-0.000127407
-0.000111741
1.60404e-07
-1.6256e-06
1
1
1.01298
1.00739
0.999999
0.999999
1
1
1
1
1
1
0.999989
0.999992
0.999992
0.999985
1.00003
1.00001
1.00006
1.00006
1
1.00005
0.9998
0.999885
0.999582
0.999584
0.999935
0.999639
1.00126
1.00065
1.00265
1.00221
1.00293
1.0034
0.9999
1.00266
0.989166
0.995752
0.966095
0.978336
0.927113
0.946218
0.872429
0.897927
0.802774
0.833886
0.71849
0.754321
0.62513
0.66306
0.530467
0.56799
0.440002
0.47567
0.356693
0.389208
0.28127
0.309562
0.212052
0.235255
0.156109
0.172707
8.40625e-12
1.21965e-11
6.26774e-05
0.000181917
0.0718793
0.0410178
-0.00194221
-0.00311606
-0.0005504
-0.000242688
4.39495e-14
1.00914
1.01584
-8.89373e-10
-4.57658e-10
1.15531e-13
2.55134e-09
-4.52221e-14
1.32108e-07
-3.82569e-06
1.60273e-06
-0.0105195
1.00733
-1.24381e-11
3.52888e-12
1.26254e-06
3.12653e-11
-0.00191156
0.000415992
2.63484e-08
1.2707e-08
0.0660268
8.28675e-09
7.55602e-09
0.708988
-2.16706e-05
-0.000532208
0.00123499
0.0018814
-9.33844e-09
-2.91866e-05
-2.73485e-05
-1.0761e-07
-1.31652e-09
-0.00116949
-0.00034483
0.0595909
3.00207e-05
-8.83402e-06
0.0105287
-0.0047783
-9.77807e-08
-1.12953e-11
1.43238e-11
3.82596e-09
9.14815e-09
2.70152e-09
0.595367
0.642154
0.359034
2.69853e-09
-8.0113e-08
0.076291
0.090787
5.10726e-05
-1.4258e-11
0.113013
3.7629e-09
-1.12142e-07
0.0172897
0.0169451
0.0350192
3.47403e-11
1.76394e-11
3.22704e-12
-1.40205e-11
6.72558e-13
3.42273e-12
1.05062e-07
1.09173e-07
2.21793e-07
-4.12457e-14
0.911601
0.0523518
1.70439e-08
2.84224e-08
-3.29118e-05
0.0004367
1.7927e-06
1.97868e-07
3.09471e-07
6.24018e-13
0.766558
-2.72313e-06
-2.00236e-08
0.946465
1.25907e-09
1.82941e-09
-7.92951e-08
-1.37433e-07
1.72782e-09
8.4108e-11
0.123512
0.0718821
0.0560136
7.59753e-10
7.13009e-10
1.01314
1.977e-06
1.02753e-06
-0.00325218
1.00086
0.999447
0.999897
0.999557
0.99922
0.999874
0.999617
1.00001
0.999944
1.00003
1.00004
1.00001
1.00003
1
1.00001
0.999998
0.999998
0.999999
0.999998
1
0.999999
1
1
1
1
1
1
1
1
1
1
1
1
1
1
1
1
1
1
1
1
1
1
1
1
1
1
1
1
1
1
1
0.174774
1
8.27244e-13
-0.00387183
0.0823643
-0.000220625
0.448532
0.206969
-1.37984e-08
-1.1757e-08
-2.40899e-09
0.0789297
0.181363
0.655316
2.08383e-12
-9.99801e-10
0.000111214
0.106526
-2.87775e-05
-1.42193e-05
1.00585
1.00404
1.01324
2.97259e-12
3.71956e-12
0.000210066
0.000445656
0.000144305
-2.7683e-05
9.50693e-05
-0.000584656
-0.00321232
-7.05326e-08
-2.16518e-08
-1.51096e-10
-9.80515e-11
0.0982313
0.107606
0.118979
-2.08934e-06
1.11098e-06
-1.46355e-11
2.60634e-11
0.842991
0.699429
-1.67651e-11
0.958931
0.877531
0.999999
0.121008
1
1
1
1
1
1
0.999991
0.999995
0.99999
0.999985
1.00002
1
1.00006
1.00006
1.00003
1.00007
0.999844
0.999936
0.999581
0.999621
0.999826
0.999579
1.00096
1.00039
1.0023
1.00179
1.00306
1.00321
1.00131
1.00337
0.992458
0.998335
0.972193
0.983446
0.937063
0.955251
0.886145
0.910544
0.819651
0.850548
0.736559
0.772942
0.644397
0.682984
0.550344
0.589439
0.459551
0.49614
0.375801
0.409603
0.296404
0.327344
0.220951
0.249128
0.156899
-1.17932e-11
-3.55459e-12
2.4495e-07
4.3409e-08
0.000202405
-0.000137816
-0.000171612
-0.000626101
1.00822
1.01758
0.984551
-4.55587e-10
1.90625e-12
0.323115
0.408394
0.115642
-8.57284e-06
-7.45221e-11
-5.71759e-11
-0.00338499
-0.00289156
0.0565513
-0.0125687
0.408364
6.85054e-08
4.88644e-08
7.3555e-13
1.2088e-12
-1.16406e-11
-0.00860766
-0.000719154
5.99571e-09
1.27405e-10
8.34443e-07
3.82052e-08
7.49164e-09
-5.03801e-06
-1.67174e-07
-0.00255742
-0.0013001
0.00039344
-1.38199e-09
-4.85584e-10
-4.97639e-10
0.000225266
-1.06685e-05
0.00010514
0.0355906
0.00841865
-1.07494e-10
-7.40245e-11
7.17914e-09
-0.00783295
5.98424e-09
-0.000324286
8.3879e-10
8.96848e-10
-9.24806e-10
-2.93142e-10
-8.44813e-11
0.0531833
0.0825453
-2.52237e-11
-2.57011e-11
-1.50981e-11
-3.10848e-08
-2.08417e-06
-0.0009201
-7.57191e-05
-4.53503e-06
-3.2575e-05
8.02136e-09
1.15135e-08
0.00548594
0.00676274
1.45459e-08
2.77889e-08
-0.000706549
-9.43702e-08
-1.01672e-07
4.77229e-05
-8.75532e-06
1.81755e-06
-2.60202e-06
1.64745e-07
1.77592e-07
4.75167e-08
0.999869
0.999424
0.999339
0.999729
0.999414
0.999965
0.999817
1.00003
1.00002
1.00002
1.00004
1
1.00002
0.999998
1
0.999998
0.999997
0.999999
0.999998
1
0.999999
1
1
1
1
1
1
1
0.999999
1
0.999999
1
0.999999
1
0.999999
1
0.999999
1
0.999999
1
0.999999
1
0.999999
1
0.999999
1
0.999999
0.000172008
-0.0157691
5.73737e-09
1.1989e-08
-0.00640065
0.337296
0.513698
0.163072
0.0005771
0.000349595
-1.60921e-08
-1.38185e-08
-2.385e-09
0.0301413
0.0286394
0.0546176
5.78301e-09
2.02053e-09
-0.00463752
-5.03493e-09
-3.24746e-10
-6.69445e-10
-3.1135e-10
-0.00035218
0.136062
0.000297781
5.29751e-11
3.7857e-11
1.11897e-10
0.700363
-1.18981e-12
1
1
1
1
1
0.999994
0.999998
0.999988
0.999986
1.00001
0.999991
1.00006
1.00005
1.00005
1.00007
0.99989
0.999979
0.99962
0.999685
0.999754
0.999564
1.00067
1.00016
1.00187
1.0013
1.00301
1.00286
1.00238
1.00378
0.995581
1.00078
0.978127
0.988494
0.947205
0.963771
0.900561
0.924368
0.837256
0.867534
0.757224
0.794493
0.666251
0.70623
0.573559
0.613752
0.482544
0.521542
0.39578
0.430926
0.31251
0.343122
-3.45979e-11
6.53719e-07
4.07897e-07
-0.000388
-0.00154201
-0.00469397
-0.00090676
-0.000916704
-0.000541878
-2.16442e-05
-2.8786e-05
-2.14722e-05
0.000215887
0.000248258
-0.000294412
0.504595
1.47135e-07
1.21829e-07
-0.0113647
0.177061
0.0153227
9.6369e-10
0.00405661
3.0198e-07
-2.67829e-06
1.04876e-06
0.168943
-1.12519e-10
-1.04856e-10
-1.24041e-07
-5.46525e-08
1.43348e-06
0.111869
-1.62779e-05
-0.00504313
-0.00354703
6.86943e-09
-2.58447e-09
0.0844745
0.0494765
1.01342
-2.11724e-10
-2.07157e-10
1.0014
1.00275
1.15497e-06
9.72434e-07
7.58498e-09
1.57161e-06
-0.00152383
0.000476088
2.62619e-10
1.01615e-09
-1.63574e-09
-2.94286e-09
8.58174e-11
2.52169e-10
-0.0015837
-1.91064e-11
1
1
0.237524
0.111888
0.13998
1.5617e-06
-2.43745e-05
-3.05935e-05
1.38069e-12
6.68024e-11
-6.17612e-09
-3.94949e-08
4.87412e-09
1.00914
1.01603
0.20135
0.00011286
0.000550172
0.897912
0.742282
-0.00246465
-0.00113401
0.990407
1.00669
0.934043
-2.09934e-05
0.000155217
1.25235e-09
8.73039e-09
-0.00228102
0.000480287
0.00021768
2.22926e-08
3.60317e-08
1.00765
0.0135988
0.266823
1.00522
1.27795e-09
6.07823e-11
-0.00833133
-9.89831e-10
1.00076
1.00364
0.046681
0.0479503
0.999433
0.999878
0.999554
0.99925
0.999873
0.999624
1.00002
0.999947
1.00003
1.00004
1.00001
1.00003
1
1.00001
0.999998
0.999998
0.999999
0.999998
0.999999
0.999999
1
1
1
1
1
1
1
1
1
1
1
1
1
1
1
1
1
1
1
1
1
1
0.999999
1
1
8.72833e-08
-7.01419e-08
1
0.202384
0.176152
0.246159
0.00269616
1.00953
2.6086e-05
-1.29185e-05
0.290108
-1.24576e-05
-3.33065e-06
-0.0109345
-7.77706e-06
-2.63862e-05
-0.00582604
0.00163986
-1.70482e-08
-1.50654e-08
-5.39773e-09
9.26498e-09
4.38231e-09
-4.73905e-11
-4.68299e-11
3.25061e-12
1.30498e-06
2.01398e-06
-0.00298218
-0.00596353
1.01142
1.01082
1.01432
1
1
0.999998
1
0.999989
0.99999
0.999998
0.999987
1.00005
1.00003
1.00006
1.00007
0.999938
1.00002
0.999679
0.999767
0.999712
0.99959
1.00039
0.999951
1.00138
1.00084
1.00279
1.0024
1.00313
1.00403
0.998444
1.00245
0.984255
0.992985
0.957272
0.972546
0.915059
0.93749
0.856171
0.885041
0.780862
0.817151
0.692559
0.733082
0.600945
0.641359
0.509843
0.550088
0.417191
0.454196
0.325219
0.356583
-0.000643527
0.238523
-0.0121964
-3.50929e-07
-2.65232e-06
2.44186e-07
2.15185e-07
-2.19232e-09
0.266757
0.990509
0.969979
1
0.0248765
-0.00825166
-0.00669614
-7.33604e-11
-1.11009e-10
0.000139849
2.65573e-07
2.37132e-07
7.63098e-07
-2.95262e-07
-0.000645806
-1.76852e-10
-2.36287e-10
0.00025767
-1.82519e-08
2.64478e-09
1.53774e-06
1.70366e-06
-3.38058e-10
-3.37639e-10
-4.22611e-10
0.0298663
-6.09223e-09
-1.67634e-08
4.59848e-10
1.04127e-09
1.18331e-09
-1.24798e-09
6.50156e-08
0.0279371
0.000169274
0.000485587
-1.34778e-05
1.35452e-10
4.45718e-10
-0.00075832
-0.00292911
-3.22768e-08
-1.78e-08
0.000197657
0.000262683
-0.000507478
-0.00482641
-0.00314793
0.131047
0.0890693
-1.8989e-08
-9.37951e-09
0.078543
0.081169
0.117065
1.4436e-06
-6.24029e-06
0.0715387
0.0731502
-3.23592e-05
-2.32766e-05
-6.18037e-09
0.240927
1.00874
1.00243
1.00692
0.999701
1.00095
0.999386
0.999218
0.999724
0.999389
0.999969
0.999818
1.00003
1.00002
1.00002
1.00004
1.00001
1.00002
0.999999
1
0.999999
0.999999
1
1
1
1
1
1
1
1
1
1
1
1
1
1
1
1
1
1
1
1
1
1
9.53242e-05
3.80632e-05
0.00435718
5.51019e-07
-0.00122137
-0.00118757
-0.00157623
-0.000977161
-2.29006e-06
0.000236358
-9.28956e-08
-8.91357e-08
-0.0139241
0.0124922
3.43137e-09
7.61723e-11
-0.00546864
0.0112018
6.87738e-09
4.24756e-07
3.9124e-07
0.189651
-1.56145e-07
1
0.999991
0.999993
0.999992
0.999984
1.00004
1.00002
1.00006
1.00006
0.999989
1.00005
0.999758
0.999853
0.999692
0.999623
1.00012
0.999807
1.0009
1.00039
1.0025
1.00188
1.00366
1.00392
1.00082
1.0037
0.989526
0.997043
0.967208
0.980086
0.929982
0.950461
0.875499
0.902978
0.805447
0.839116
0.722379
0.763266
0.63069
0.672281
0.539583
0.579879
0.439567
0.48117
0.334122
0.370834
-6.1546e-08
1.64226e-06
0.346474
0.622718
0.833725
0.88118
0.684939
4.03953e-09
5.26328e-09
1.31586e-09
4.67254e-08
1.2566e-07
-1.29399e-08
0.267512
4.76465e-10
1.18338e-07
0.000350882
-3.22169e-06
6.44526e-07
-1.9209e-07
0.269062
0.000287853
-1.07218e-05
-1.31998e-05
0.000204529
1
-0.0103096
-0.011471
-0.0106716
1.32613e-06
-1.09434e-08
1.0197e-10
1.0532e-10
-3.83335e-11
2.64557e-07
2.13668e-07
0.47685
-8.66814e-06
-4.86055e-06
0.000349944
-0.00180117
-0.00154444
0.109458
-0.00767238
0.000621037
0.0540664
0.0547775
-3.12312e-09
5.83393e-11
8.3776e-10
-1.47228e-10
0.0664724
-2.21225e-05
-1.91144e-08
-1.96063e-08
1.41005e-06
2.16336e-06
8.84263e-08
1.00402
1.03276e-09
-2.04994e-09
7.05913e-10
1.31081e-09
1
1.01541
1.01414
-0.00472149
-0.00474981
-0.00594435
-7.1278e-08
-6.3352e-08
-0.000979216
-0.00164969
0.00012088
0.000205923
-0.000832733
0.22091
0.174747
-1.05795e-08
-1.09619e-08
-1.9511e-08
-4.88401e-08
-4.01648e-08
0.158395
5.92357e-07
5.545e-07
1
-0.00592731
-0.00198221
0.000126893
1.79713e-05
0.111177
0.978469
0.951112
1.00491
0.0358867
1.00053
1.00326
0.999385
0.999721
0.999576
0.999248
0.99989
0.999658
1.00002
0.999962
1.00003
1.00005
1.00001
1.00003
1
1.00001
1
1
1
1
1
1
1
1
1
1
1
1
1
1
1
1
1
1
1
1
1
1
1
-4.85125e-09
1.18623e-06
0.166453
4.8417e-10
6.12514e-10
8.43319e-10
0.437174
1.71248e-07
9.79834e-08
-1.64232e-05
0.154408
-1.09993e-07
-7.70921e-08
-1.4548e-07
0.112524
0.803209
0.877272
0.559652
0.0301195
-2.67602e-05
-1.91915e-05
-3.18613e-05
0.000479844
0.000458563
-4.98334e-09
0.999993
0.999996
0.169033
0.999988
0.999985
1.00002
1
1.00005
1.00005
1.00003
1.00007
0.999834
0.999923
0.999706
0.999697
0.999933
0.999723
1.0005
1.00009
1.00205
1.00137
1.00374
1.0036
1.00229
1.00419
0.993819
0.999464
0.975441
0.985967
0.943227
0.960743
0.893602
0.918909
0.828824
0.859897
0.752516
0.789315
0.662968
0.703722
0.568206
0.607843
0.46298
0.506683
0.344447
0.38252
-3.24923e-06
-1.2309e-05
-2.40909e-07
-0.015964
-8.13804e-07
-6.61468e-07
-3.25382e-06
0.112613
0.151131
2.59439e-07
1.01371
8.34581e-07
7.42967e-07
8.88511e-10
6.54754e-10
0.00052773
3.1185e-05
0.000331261
-0.000287037
0.128616
3.97324e-07
1.67116e-06
-0.013472
-0.0144674
-1.01051e-07
-1.09979e-07
0.0905165
0.0945564
0.341204
0.533558
0.289265
-0.00280106
0.000289549
-0.000740965
0.000640518
0.906247
-7.24272e-08
-4.28425e-05
7.67312e-07
-9.36415e-06
0.250855
2.3548e-09
2.38844e-07
1.78203e-07
1.80961e-06
-1.76448e-08
-1.73191e-08
1.01162
1.01238
0.20544
1.11824e-09
-3.3199e-09
-0.010565
0.214529
0.202241
0.288398
-0.00295938
0.0254733
0.000456473
0.000113586
0.981159
0.92895
-0.00218732
-0.00300677
6.06528e-09
2.08126e-09
2.77384e-09
-5.58574e-08
-2.21384e-07
0.202435
0.000620332
0.00033877
-0.0119362
-0.0160637
0.176323
-7.18784e-08
-2.91085e-08
0.0876916
1.55798e-07
-5.63134e-08
1.00173
0.999604
1.00063
0.999431
0.999251
0.999759
0.99944
0.999976
0.999835
1.00003
1.00002
1.00002
1.00004
1
1.00001
0.999997
0.999997
0.999997
0.999993
0.999999
0.999995
1
0.999996
1
0.999997
1
0.999998
1
0.999998
1
0.999998
1
0.999998
0.999998
0.999994
0.999996
1.86296e-06
8.30781e-07
-0.0124204
-1.23226e-06
-1.52978e-06
-0.00126801
-0.00147102
0.255846
1.01328
0.243627
-0.00680181
-0.00676358
0.999987
0.999988
1.01787
-0.00932716
-0.00389169
1.01195
1.00001
0.999995
1.00004
1.00004
1.00006
1.00008
0.999894
0.999969
0.999732
0.999758
0.999811
0.99969
1.00019
0.999853
1.00165
1.00094
1.00358
1.00314
1.00309
1.00425
0.996758
1.001
0.981666
0.990416
0.953799
0.968964
0.910255
0.932427
0.850144
0.878564
0.778994
0.813165
0.692084
0.732684
0.594316
0.636444
0.480023
0.520159
0.265446
0.142387
0.236615
-2.20171e-08
-2.45252e-08
-2.35413e-08
0.0202867
0.997624
1.8593e-09
1.77992e-09
-0.00652441
1.91227e-05
-1.40679e-07
0.763882
8.7002e-05
0.000440757
4.16638e-09
-6.63625e-08
1.00161
-0.00479762
1.00725
-7.96308e-08
-1.15926e-07
1.48067e-06
-0.00227898
1.81535e-09
0.343317
-2.37145e-08
-6.48961e-09
4.49674e-07
1.01144
-0.000264619
-0.00233302
0.000360109
-2.62828e-08
0.70465
0.460538
-0.00827213
-1.78378e-05
1.00559
0.000592266
-0.00206432
8.40038e-05
0.000270427
2.78139e-05
-2.69568e-06
-3.1982e-08
-2.12201e-06
-2.45162e-06
-8.50687e-09
-2.73864e-08
1.89914e-08
-4.72866e-08
1.01362
0.0536657
0.132834
0.957663
0.92776
0.359808
-8.55484e-06
-4.59015e-06
-0.000304545
-0.00183872
-4.11778e-06
-4.22089e-06
-3.43576e-07
-1.05955e-05
0.820437
-0.00445984
-0.00842561
2.52253e-09
-4.70912e-07
-7.71899e-07
0.000390812
-0.0147563
-0.01277
9.84947e-07
8.93574e-07
-0.00132095
-0.000364312
0.387795
0.20309
0.827453
1.24014e-07
6.14053e-07
1.24758e-09
0.728687
3.22756e-09
0.0492096
0.147492
0.0201105
1.0133
-0.00632586
-0.00459278
0.00266428
-0.000485183
0.0447228
1.00019
0.999391
0.99958
0.999607
0.999303
0.999897
0.999684
1.00002
0.999959
1.00002
1.00004
1.00001
1.00002
0.999992
0.999997
0.999989
0.999986
0.99999
0.999985
0.999992
0.999987
0.999992
0.999988
0.999992
0.999989
0.999992
0.999989
0.999991
0.999989
0.99999
0.999989
0.999989
-3.22206e-08
-2.52753e-08
2.17935e-06
1.28928e-06
-0.00303739
-0.00315411
-0.00467943
1.87e-09
0.313069
1.00966
1.015
0.400323
-2.35258e-05
0.298939
3.63665e-09
1
0.99999
1.00004
1.00003
1.00006
1.00007
0.999928
0.999996
0.99976
0.999808
0.999747
0.999692
0.999954
0.999688
1.00128
1.00063
1.00325
1.0027
1.00333
1.004
0.998592
1.00175
0.986309
0.993748
0.962441
0.975281
0.924002
0.943884
0.868324
0.894422
0.801773
0.832723
0.719016
0.755538
0.624182
0.667752
-3.4346e-05
9.87146e-06
-2.2001e-05
0.314385
0.00066051
0.000472524
-7.29228e-08
-4.19309e-08
1.00356
1.0084
0.418542
-1.03022e-06
-1.51438e-06
4.32977e-07
2.73851e-07
6.25625e-05
0.0875564
-0.012594
-2.91307e-08
1.00221
-0.002887
0.993515
1.00751
0.94019
0.878479
3.35855e-07
1.51644e-09
4.74985e-10
-8.4353e-09
-1.06759e-05
0.050707
0.00424111
0.000179605
0.000434994
0.000107733
-5.98116e-06
0.406158
0.599717
0.0140634
-4.05374e-08
-5.28531e-06
-5.09663e-06
0.000534381
-8.82825e-05
8.6515e-07
1.77706e-07
6.62392e-08
-1.54263e-05
-1.1352e-05
0.196666
0.306219
4.17402e-07
-6.17012e-07
-0.00431172
0.500223
-2.16344e-05
-2.69861e-05
2.06727e-08
-0.0029226
-0.00449418
-0.00827513
0.0101387
-3.14813e-06
-3.61105e-06
-7.29375e-06
-3.72737e-06
-0.00164974
-5.08075e-05
-4.16455e-09
6.8972e-07
1.00529e-06
0.000159717
0.000539811
-0.008802
-0.00728385
7.7594e-09
0.0854968
0.0748079
0.183892
1.00111
0.999533
1.00028
0.999472
0.999281
0.999778
0.999498
0.999975
0.999852
1.00003
1.00002
1.00002
1.00004
0.999997
1.00002
0.999988
0.999996
0.999987
0.99999
0.999988
0.99999
0.999989
0.99999
0.99999
0.999991
0.999987
0.999991
0.999987
0.999995
0.999992
1.16333e-06
-0.00656158
-0.00689806
-0.00914595
0.985418
0.288061
0.225981
1.81644e-06
1.52429e-06
0.493746
1.01144
0.999589
-1.62856e-08
-4.5468e-08
-1.93446e-06
-2.60353e-06
0.541504
-4.46805e-08
-1.96226e-06
1.00003
1.00002
1.00006
1.00006
0.999954
1.00002
0.999803
0.999862
0.999729
0.999719
0.999783
0.999601
1.00101
1.00036
1.00294
1.00231
1.00333
1.00367
0.999806
1.00234
0.990092
0.996382
0.969639
0.980761
0.93595
0.953897
0.883491
0.908215
0.820122
0.848893
0.738881
0.77262
6.45141e-08
-2.15291e-08
-3.98168e-08
-2.06683e-08
1.01175
1.01455
1.15777e-07
1.5492e-07
7.89774e-07
1.65412e-06
6.16298e-07
-0.0112275
-2.66974e-06
-0.0132106
0.129863
0.562331
1.00569
1.00419
1.01098
0.338374
6.50289e-07
0.000128306
0.338769
-4.06257e-08
0.665984
-0.0103625
-0.00503408
0.558551
2.73651e-07
6.15379e-07
-0.00880735
0.000295107
0.264642
0.120573
-3.0728e-05
-0.0147851
-0.000730791
-0.00270752
0.643651
-2.25721e-05
-1.99101e-05
0.392028
0.497927
-4.41181e-06
-4.96544e-06
0.927354
0.869072
-0.00610421
0.0331955
0.113365
-6.88589e-06
-6.46939e-06
-2.07783e-06
-3.91585e-06
-8.27207e-06
-1.46915e-05
-1.10621e-05
0.000529209
0.000456578
0.000575693
-3.13934e-06
-4.04352e-06
0.000220731
6.2386e-05
-0.00911158
-0.00887661
7.53309e-06
-1.12756e-07
1.16979e-06
9.28618e-07
1.00272
0.999979
1.00152
0.99941
0.999495
0.999655
0.999376
0.999925
0.999745
1.00004
0.999998
1.00005
1.00007
1.00003
1.00006
1.00002
1.00004
1.00001
1.00003
1.00001
1.00002
1.00001
1.00002
1.00001
1.00002
1.00002
1.00003
1.00002
-0.0064281
-0.00809474
0.0251336
9.42633e-07
9.05242e-07
8.42695e-07
0.000254994
0.261319
0.243362
0.381577
-5.94234e-06
-6.55171e-06
-4.05111e-08
-2.20537e-05
-3.54812e-05
0.570563
0.00057423
0.000602256
-0.000476745
0.967892
1.00005
1.00005
0.999984
1.00004
0.999857
0.999919
0.999733
0.999759
0.999666
0.999531
1.00073
1.00008
1.00255
1.00185
1.00309
1.00322
1.00075
1.00281
0.993699
0.99888
0.976319
0.98718
0.946461
0.96317
0.898179
0.922087
0.835227
0.865641
0.671142
-0.011188
-0.0151112
1.0082
0.989857
1.09067e-06
1.19818e-06
-5.7796e-06
1.0144
1.01544
1.21135e-05
0.331743
-0.00624741
-0.00358209
-0.000901444
0.0776622
0.0181793
-1.27782e-07
-3.4649e-07
-4.95268e-06
1.08761e-06
0.674544
0.66362
-0.00812716
-0.00415704
0.00155302
-0.0105549
-0.00996147
0.745094
-7.84628e-06
0.000434656
-2.86895e-06
2.61648e-06
0.184287
0.314681
-2.7543e-05
-3.05468e-05
0.588654
-8.88808e-06
-8.23887e-06
0.586383
0.370003
1.00691
1.00857
0.85759
0.910343
0.668479
-0.005984
-2.26247e-05
-2.06788e-05
0.000454382
-9.48942e-05
0.000652019
-0.0137406
-0.013378
-7.6683e-06
-8.37064e-06
3.64457e-05
0.000226615
-9.59101e-06
-1.02571e-05
-1.59242e-07
-2.75847e-05
1.00072
0.999475
0.999951
0.999529
0.999291
0.999848
0.999585
1.00004
0.999936
1.00009
1.00009
1.00008
1.00011
1.00006
1.00009
1.00005
1.00007
1.00004
1.00006
1.00004
1.00006
0.472593
0.457857
0.585052
0.000386822
0.000150469
-4.63393e-06
-0.00828615
-5.60731e-06
0.0383788
0.0165611
1.00002
0.999915
0.99998
0.999757
0.999824
0.99958
0.999507
1.0004
0.999824
1.00199
1.00128
1.00272
1.00262
1.00178
1.00322
0.997346
1.00155
0.983704
0.993253
0.95827
0.974317
0.912562
0.935379
0.854667
0.887473
-1.13563e-05
-1.03056e-05
0.920027
1.83475e-06
-3.36075e-07
0.156875
1.01464
1.00322
1.00476
0.770514
-0.00385704
-0.00563454
0.553976
-0.0100939
8.35909e-05
-0.000587451
0.00104304
-9.9153e-06
0.30163
-0.0138632
-0.00796447
-1.05255e-06
-5.30815e-06
2.74641e-05
-0.0014194
0.00943185
0.0806612
0.0546649
0.415524
0.537863
1.00007
-2.4794e-05
-3.70037e-05
-1.49948e-05
0.112264
1.00004
0.0631304
0.0547595
0.16929
-2.62508e-05
-2.93412e-05
0.994361
0.949447
0.803966
0.772314
-1.2204e-05
0.00016076
0.00056438
-0.00103358
1.04887e-06
-1.40875e-05
-1.25802e-05
0.000375853
0.000645436
0.748221
0.665973
0.80498
1.01007
1.01147
-0.0103982
-0.00932013
0.000606063
0.000550738
4.90519e-05
-5.95306e-07
1.0145
1.00801
0.646612
-0.01025
0.999771
0.999411
0.999354
0.999686
0.999352
0.999957
0.999734
1.00007
0.999997
1.00009
1.00008
1.00008
1.00008
1.00007
1.00006
1.00006
1.00006
1.00006
1.00004
0.000278587
0.000568568
0.000197064
-1.66705e-05
-1.3739e-05
-3.74364e-06
-1.30732e-05
-2.5308e-06
-0.00499175
-0.0131105
0.199717
0.171019
0.999984
1.0075
-1.99857e-05
0.999819
0.999567
0.999578
1.00008
0.999622
1.00136
1.00068
1.00225
1.00191
1.00268
1.00339
1.00081
1.00385
0.991135
0.999172
0.970466
0.985493
0.926013
0.947955
0.870146
0.889478
-0.00229964
-0.00105948
-0.00232965
-0.0052565
1.00211
1.00593
1.001
0.0111751
0.016842
-9.58966e-06
-0.0114565
1.01717
-1.95745e-05
0.435721
0.0372437
-0.00630071
0.999934
8.25347e-05
0.000332667
-1.7722e-06
-2.74958e-05
0.627715
-1.43381e-05
1.01374
1.01394
0.384247
-0.000667256
0.260995
0.395927
-1.37064e-05
0.794835
0.851514
-0.00442653
-0.00309996
0.167541
0.129251
-0.0073612
0.730826
0.725461
0.647955
0.699436
0.435298
0.000407051
-0.00181936
-0.0067215
-0.00500876
-1.5175e-05
0.969712
0.893585
8.01056e-06
-2.33742e-05
1.01036
1.01676
0.990655
1.00399
0.99931
0.999425
0.999107
0.999736
0.999416
0.999923
0.999744
0.999984
0.999905
0.999978
0.999934
0.999638
-0.0117334
4.92838e-06
-0.00698205
-0.00934457
-0.0110676
-0.0165554
-0.0100685
3.3638e-05
0.299935
2.09755e-05
0.109956
0.094117
0.244344
1.33948e-05
4.44568e-05
8.90431e-05
0.000102714
0.000523579
3.06732e-05
8.3469e-05
6.63858e-05
0.791541
0.873368
0.622849
0.999801
0.999505
1.0007
1.00012
1.00168
1.00112
1.00341
1.00335
1.00399
1.00588
0.998612
1.00444
0.983389
0.995757
0.940196
0.909996
0.963391
6.32692e-05
0.000136031
7.49998e-05
-2.20081e-06
0.0162156
-0.0075198
0.618933
0.516368
0.73619
1.00036
1.00248
-1.62097e-05
1.9031e-05
0.300528
0.999615
0.999693
0.999971
0.0573423
-0.00367411
0.00517312
0.000421542
0.000703539
0.000368804
-0.00734353
0.000478574
0.0005171
-0.00593005
-0.00212085
0.505844
4.14489e-05
1.00906
1.01064
0.563283
0.220857
0.446833
0.151705
0.00014805
0.000122831
0.000445425
-0.011228
0.00177428
0.778862
0.0307064
0.0411602
0.99991
1.01638
1.01493
0.000188431
0.999118
0.999396
0.999011
0.999629
0.999355
0.999729
0.999657
0.999593
0.0328466
-0.00897808
0.999574
0.99942
-0.00305258
-0.00532738
0.0617892
0.0751207
-0.0129036
-0.0142651
-0.0130065
1.0013
0.831254
1.00014
0.999679
1.00106
1.00044
1.00384
1.00326
1.00659
1.00757
1.00393
1.00877
0.990298
0.995141
0.0002523
0.999344
1.00021
1.01357
0.0724288
0.000282444
0.000550117
0.000545364
-0.0106269
0.936631
0.885154
1.01145
1.00046
2.26679e-05
-0.0112941
-0.0118887
0.998929
0.121813
0.957501
0.512677
-0.0132065
-0.0153878
0.000242783
-0.000952725
0.000661671
0.735521
0.535933
0.356913
0.000388047
0.2226
0.429853
0.164817
0.764681
0.000229977
0.171116
0.153178
0.341203
1.00636
0.000256109
0.000184484
1.0046
1.01265
1.01783
1.01312
0.0002978
1.52401e-05
0.000306799
0.0237144
0.106329
0.000364882
-0.00974316
-0.00446668
0.964228
0.917944
0.998975
0.000355361
0.999119
0.998825
0.99929
0.999364
0.999073
0.269701
0.666116
-0.0046012
0.211152
0.317947
0.245486
-0.00885917
0.000568012
0.000266334
1.00051
1.00427
1.00303
1.00933
1.00914
1.00973
1.01347
0.992125
1.00494
1.00942
0.000586732
0.0573803
0.0186065
0.00067535
1.00297
1.0078
0.99967
0.999837
0.999342
0.000535796
0.902859
0.000560125
0.000500428
0.000410541
0.66728
0.476525
0.785049
0.99921
0.999816
-0.00791626
0.0187025
0.000558865
-0.00743411
-0.0109411
0.000409912
0.212497
-0.000603784
1.00167
1.00572
0.402769
-0.0133634
0.000580607
0.900774
0.786848
0.000439918
0.133317
1.0152
0.958523
0.192758
0.373751
1.01596
1.01518
-0.00289767
-0.000435728
-0.000488034
1.01217
0.00669873
-0.0091358
0.999445
0.982817
0.999315
-0.0137695
-0.00754044
-0.000267646
-0.000382125
0.560337
0.500178
0.366597
-0.0149757
0.000310598
1.01117
1.01355
1.0158
0.996207
1.00512
0.992028
0.930945
0.147048
-0.00161545
-0.00123288
-0.00655765
0.999786
0.922367
0.00394837
1.00538
1.01121
0.0693021
-0.0023902
0.0461372
1.00056
1.00115
0.0573723
0.177315
0.999324
0.44198
-0.0123704
-0.00885299
0.507118
0.614139
0.568889
-0.00159744
-0.00389167
-0.00351049
0.707905
0.693071
0.97494
1.01449
0.947761
1.01015
1.00456
0.506536
0.370621
1.00012
1.00584
0.942528
0.909071
0.808681
0.95948
-0.00644684
-0.0130587
0.530458
0.704
1.0043
1.01747
0.848869
1.00286
1.01153
0.734766
0.82136
-0.00569829
0.757814
0.702344
0.768307
0.442005
0.816356
0.689647
1.01251
-0.0101062
-0.00946733
-0.0121601
0.130361
1.01421
1.01669
1.00502
1.0113
1.00417
0.913175
0.988316
0.926768
0.9956
-0.00760349
1.01472
1.01723
-0.0104123
-0.0155105
-0.0105056
0.291396
0.503438
0.00207834
0.0517091
0.330506
0.873617
0.0838478
0.850873
1.00821
1.00826
0.023917
-0.0106329
-0.00999663
0.975361
1.01438
0.913043
0.994049
0.157432
0.427089
0.658234
0.343068
0.829193
1.01536
0.00916142
-0.00827852
0.979731
0.91969
1.00261
1.00612
1.01496
1.01725
1.01375
0.830143
0.95085
0.975983
0.870741
1.01677
0.110335
0.265038
-0.0145287
0.734714
1.01658
-0.0114833
0.00129871
-0.0135293
-0.012809
-0.0112463
-0.0135228
0.65874
0.138318
0.0654173
0.622138
0.683968
0.423003
-0.0117236
-0.0133383
0.603077
0.00621074
0.0439293
-0.00307803
1.00098
-0.0142848
0.0208074
0.0946771
0.570647
0.949552
1.01151
0.746663
0.596514
0.754459
0.928387
0.287204
0.394683
0.990542
0.340909
-0.00609391
-0.00486289
0.0144252
0.261689
0.125734
0.87682
0.687352
0.344657
0.0266519
0.0857565
0.0143149
0.420203
0.801089
0.461313
0.0379223
0.164284
0.365134
0.955952
)
;

boundaryField
{
    frontAndBack
    {
        type            empty;
    }
    hot
    {
        type            fixedValue;
        value           uniform 1;
    }
    cold
    {
        type            fixedValue;
        value           uniform 0;
    }
    defaultFaces
    {
        type            zeroGradient;
    }
}


// ************************************************************************* //
