/*--------------------------------*- C++ -*----------------------------------*\
  =========                 |
  \\      /  F ield         | OpenFOAM: The Open Source CFD Toolbox
   \\    /   O peration     | Website:  https://openfoam.org
    \\  /    A nd           | Version:  7
     \\/     M anipulation  |
\*---------------------------------------------------------------------------*/
FoamFile
{
    version     2.0;
    format      ascii;
    class       volScalarField;
    location    "0.75";
    object      T;
}
// * * * * * * * * * * * * * * * * * * * * * * * * * * * * * * * * * * * * * //

dimensions      [0 0 0 1 0 0 0];

internalField   nonuniform List<scalar> 
5936
(
0.509388
0.913124
0.999003
0.982342
1.00586
1.01594
1.00206
1.00701
1.00021
1.00101
0.999887
0.999757
0.99995
0.999843
0.999998
0.999979
1
1
0.999999
0.999998
0.999999
0.999996
0.999999
0.999998
1
1
1
1
1
1
1
1
1
1
1
1
1
1
1
1
1
1
1
1
1
1
1
1
1
1
1
1
1
1
1
1
1
1
1
1
1
1
1
1
1
1
1
1
1
1
1
1
1
1
1
1
1
1
1
1
1
1
1
1
1
1
1
1
1
1
1
1
1
1
1
1
1
1
1
0.116255
-0.00308433
-0.000220626
4.08817e-05
-3.12617e-07
4.17017e-07
-4.23805e-09
-1.40031e-08
2.90398e-09
-1.08169e-11
-6.93448e-11
1.12836e-11
-5.43994e-13
-1.57791e-13
5.90681e-14
-7.06745e-15
-9.5478e-16
5.42475e-16
6.10622e-17
-6.9165e-18
-2.0388e-18
-4.4054e-20
1.71915e-20
1.92372e-21
-6.08833e-38
1.98735e-22
-2.78905e-21
-3.01319e-19
-1.7934e-18
-1.00826e-16
1.81244e-15
1.61142e-14
1.39324e-14
2.67544e-12
4.392e-11
2.78963e-10
-5.66879e-10
-3.17483e-09
3.10828e-08
1.18737e-07
-8.25207e-07
2.81267e-06
-1.34281e-05
3.85009e-05
-7.01018e-05
0.000165898
-0.000415535
0.000198998
0.00267243
0.00623038
1
1
1
1
1
1
1
1
1
1
1
1
1
1
1
1
1
1
1
1
1
1
0.999999
1
1
0.999999
1
1
1
1
0.999998
0.999999
0.999993
0.999995
0.99999
0.99999
1.00003
1.00001
1.00007
1.00006
0.999989
1.00002
0.999767
0.999846
0.999627
0.99966
0.999942
0.999801
1.00102
1.00064
1.00273
1.00216
1.00333
1.00315
0.999939
1.00111
0.989107
0.99278
0.967056
0.974306
0.931586
0.94287
0.880708
0.896829
0.813386
0.834187
0.734207
0.758563
0.644886
0.672002
0.553918
0.58108
0.463719
0.490909
0.37727
0.402979
0.30108
0.323508
0.233201
0.25317
0.176025
0.192523
0.131484
0.144354
0.0949772
0.105479
0.0677464
0.0758079
0.04614
0.0527331
0.0315586
0.0365071
0.02125
0.0247385
0.0121415
0.00752406
0.0143924
1.82145e-22
0.00436517
0.0134562
-0.00159039
6.86186e-05
7.16026e-06
1.01485e-07
1.83365e-07
-3.61302e-08
7.26709e-10
1.14112e-09
-1.85536e-10
2.08493e-12
3.64158e-12
-7.47498e-13
7.80097e-14
9.11091e-15
-4.84732e-15
5.53509e-16
2.30501e-16
3.41309e-18
-5.02702e-18
-4.93292e-19
2.46104e-20
6.93171e-21
-0.000922382
3.72096e-22
0.00550877
2.73864e-21
-2.59836e-20
1.225e-18
2.80558e-17
-2.2191e-16
-5.67122e-15
-2.831e-14
-3.22214e-13
-1.10998e-11
-1.40651e-10
-2.54058e-10
2.92007e-09
-7.18853e-09
-7.66401e-08
1.27064e-07
6.23814e-07
-4.0501e-06
2.04862e-05
-3.90103e-05
2.83109e-06
-8.06527e-05
-0.000401211
0.00186623
0.000131136
0.0664675
1.98391e-06
0.457247
0.0001441
3.03963e-05
6.54725e-07
5.36431e-07
-9.96379e-08
6.91573e-10
3.44668e-09
-4.95348e-10
-5.16254e-12
1.11202e-11
-2.05797e-12
1.84018e-13
2.9805e-14
-1.41381e-14
1.63802e-15
7.97518e-16
1.43024e-17
-1.64715e-17
-1.86704e-18
7.16885e-20
2.45624e-20
1.51058e-21
-1.75045e-20
1.54334e-18
2.46847e-17
-8.64078e-17
-2.03899e-15
-1.19754e-15
-2.29766e-13
-8.13722e-12
-1.09008e-10
-2.49055e-10
2.22568e-09
-4.7164e-09
-5.56814e-08
1.03485e-07
6.99118e-07
-4.48926e-06
2.06859e-05
-3.84021e-05
1.04402e-05
-0.000114853
-0.000373067
0.0022055
2.68937e-21
1.14995e-06
4.36388e-09
-4.18446e-08
7.51619e-09
1.18822e-10
-2.14956e-10
2.83858e-11
-9.49233e-13
-4.98201e-13
1.62734e-13
-1.92232e-14
-2.8401e-15
1.84504e-15
2.14949e-16
-2.30053e-17
-7.00229e-18
-2.22499e-19
5.78568e-20
7.0669e-21
-3.41426e-19
-1.81167e-18
-1.09353e-16
1.08834e-15
4.24164e-15
-2.87208e-14
2.19935e-12
3.24403e-11
2.26643e-10
-2.88353e-10
-2.87883e-09
2.2227e-08
9.5786e-08
-7.39349e-07
2.39009e-06
-1.09952e-05
3.48445e-05
-6.91938e-05
0.00014448
-0.000454903
0.000431916
0.0033358
-0.0055644
-0.00532448
-7.27239e-21
0.596807
-0.00118086
0.957427
1.0026
0.985737
1.00456
1.0082
1.00136
1.00401
0.999967
1.00053
0.999869
0.999794
0.999989
0.999958
1.00002
1.00005
1.00001
1.00003
1
1.00001
0.999998
0.999998
0.999999
0.999998
1
1
1
1
1
1
1
1
1
1
1
1
1
1
1
1
1
1
1
1
1
1
1
1
1
1
1
1
1
1
1
1
1
1
1
1
1
1
1
1
1
1
1
1
1
1
1
1
1
1
1
1
1
1
1
1
1
1
1
1
1
1
1
1
1
1
1
1
1
1
1
-1.67182e-20
0.00151943
6.23973e-05
0.260823
-5.70123e-06
5.20629e-08
2.91937e-07
-5.98079e-08
1.72249e-09
1.47005e-09
-2.6476e-10
1.46562e-11
3.74772e-12
-1.26728e-12
1.60526e-13
1.03119e-14
-1.14701e-14
1.11903e-17
3.49337e-16
3.24932e-17
-4.4544e-18
-7.94954e-19
-2.12811e-20
5.70069e-21
-2.93576e-19
-0.00316853
-0.00458952
-0.0032785
5.08469e-22
0.00825017
0.0126519
-3.68932e-06
-8.98207e-06
-1.32075e-06
0.532986
-9.14734e-19
-1.6979e-16
1.37932e-15
5.78515e-15
-6.07973e-14
2.25723e-12
3.84443e-11
3.42645e-10
-2.23613e-11
-5.60758e-09
2.72942e-08
1.75806e-07
-9.88845e-07
2.49835e-06
-1.08277e-05
3.49858e-05
-7.75405e-05
0.000183474
-0.000691011
0.00125654
0.00465387
0.00828648
0.0517236
0.189634
0.0225263
-9.55505e-05
-0.000690296
4.39733e-05
1.58816e-05
-6.93587e-06
1
1
1
1
1
1
1
1
1
1
1
1
1
1
1
1
1
1
1
1
0.999999
1
1
0.999999
1
1
1
1
0.999999
1
0.999994
0.999995
0.999992
0.999988
1.00003
1.00001
1.00006
1.00006
0.999978
1.00003
0.999774
0.999856
0.999661
0.999648
0.999986
0.999722
1.00106
1.00054
1.00265
1.00212
1.00305
1.00343
0.999526
1.00211
0.988659
0.994556
0.96712
0.978085
0.931661
0.948778
0.880802
0.90344
0.81482
0.843808
0.735745
0.768546
0.647548
0.683448
0.556357
0.592124
0.467291
0.501859
0.38188
0.414934
0.30457
0.333377
0.236848
0.261433
0.179626
0.200493
0.13347
0.149495
0.0969496
0.109443
0.0698632
0.0791138
0.0487943
0.0558123
0.0353354
0.0409515
0.780431
3.88093e-21
0.830481
-1.52363e-20
1.80661e-14
-6.69249e-15
4.15287e-05
-5.79797e-20
2.03852e-21
-1.04846e-13
7.6824e-07
-1.96636e-08
-2.1218e-08
4.30585e-09
-1.13088e-10
-7.86538e-11
1.76742e-11
-1.69769e-12
-1.75115e-13
9.81991e-14
-1.51392e-14
-3.52428e-15
5.73638e-16
1.31684e-16
3.25542e-21
-2.40744e-18
-1.85577e-19
8.02997e-21
-4.78109e-19
-1.34072e-15
-2.566e-15
3.09309e-17
2.1192e-17
2.35981e-18
-1.77036e-16
2.71126e-18
5.95647e-17
-3.47346e-16
1.42717e-06
-1.24406e-13
-9.10765e-12
-1.42766e-10
-4.81842e-10
2.78505e-09
-2.94347e-09
-8.00987e-08
1.33771e-08
1.61222e-06
-8.74608e-06
3.95554e-05
-8.0478e-05
6.29177e-05
-0.000320689
-0.000255735
0.00400104
-1.15582e-07
2.43522e-13
-2.88174e-12
-4.82734e-20
1.31947e-11
0.0237782
-3.11379e-12
0.00125905
-0.000731871
0.000187594
-8.80306e-05
4.35093e-05
-1.32177e-05
2.98109e-06
-1.0586e-06
1.51261e-07
2.6594e-08
-4.61263e-09
-1.16075e-10
1.48553e-20
-1.04919e-19
-2.37414e-18
-7.94534e-18
1.09538e-16
8.93519e-16
-1.46881e-15
-2.79611e-14
5.09094e-14
0.0043539
-0.000389216
-0.000291405
4.44798e-05
-7.02728e-05
3.59104e-05
-7.93577e-06
1.39362e-06
9.69604e-08
-8.01024e-08
-4.89968e-09
2.66989e-09
-4.18475e-10
-1.45083e-10
-1.09371e-11
-3.34742e-17
9.17705e-21
-6.28657e-19
-6.24216e-18
1.26649e-17
3.76163e-16
1.02972e-15
-1.17416e-14
-2.75322e-14
2.38462e-13
-7.69831e-13
-1.86752e-12
3.68076e-11
-2.37032e-10
3.88384e-10
8.41304e-09
-6.1755e-08
7.19436e-08
-2.00175e-13
-4.99946e-10
4.34279e-09
-5.18466e-09
8.47422e-07
-1.71315e-18
3.25711e-10
1.37932e-15
4.17613e-11
2.76911e-12
8.0514e-05
2.16568e-14
0.994132
1.00615
1.00363
1.00319
1.00652
1.00017
1.00137
0.999567
0.999319
0.99981
0.999466
0.999986
0.999885
1.00002
1.00003
1.00001
1.00003
1
1
0.999999
0.999998
0.999999
0.999998
1
1
1
1
1
1
1
1
1
1
1
1
1
1
1
1
1
1
1
1
1
1
1
1
1
1
1
1
1
1
1
1
1
1
1
1
1
1
1
1
1
1
1
1
1
1
1
1
1
1
1
1
1
1
1
1
1
1
1
1
1
1
1
1
1
1
1
-1.02125e-15
3.0435e-11
4.26019e-10
0.0289967
-1.19686e-18
6.59715e-14
-1.32408e-12
8.40353e-07
5.41118e-07
1.6514e-06
-5.155e-08
-1.60384e-08
4.05385e-09
0.00271687
-3.57034e-10
0.0172541
-4.17102e-11
3.6481e-11
-8.3301e-20
1.46925e-12
-2.65705e-12
-3.91868e-12
-3.40077e-12
0.00738573
2.29052e-13
1.83004e-14
-1.27992e-14
-7.51803e-16
2.76661e-16
4.49291e-17
-1.0186e-18
-6.1253e-19
-3.64601e-06
-7.59842e-07
8.30518e-10
-2.13449e-10
3.95857e-18
-1.39237e-18
-1.71782e-13
-2.35657e-13
-2.65389e-14
-2.41451e-16
3.93929e-11
-2.87832e-15
-8.87742e-15
5.29666e-14
1.78001e-17
-2.51462e-16
0.000171361
0.000193265
-1.10113e-11
4.38136e-11
1.49011e-15
3.49273e-16
-1.61214e-10
-1.64401e-10
4.00252e-10
4.81188e-10
-7.68603e-09
2.3563e-08
2.34832e-07
-1.21906e-06
1.95542e-06
-7.58164e-06
2.94772e-05
-7.32475e-05
0.000156124
-0.000929052
4.96628e-05
0.00244584
2.42671e-07
2.55066e-08
1
1
1
1
1
1
1
1
1
1
1
1
1
1
1
1
1
1
1
1
1
0.999999
1
1
1
1
1
1
0.999995
0.999997
0.999991
0.999987
1.00002
1.00001
1.00006
1.00006
0.999993
1.00004
0.999819
0.999892
0.999687
0.999688
0.999908
0.99968
1.00084
1.00036
1.00239
1.00187
1.00301
1.00328
1.00026
1.00242
0.990507
0.996455
0.971234
0.981376
0.939164
0.954945
0.890624
0.912998
0.826692
0.854459
0.750472
0.782498
0.663496
0.700044
0.571911
0.608006
0.483334
0.517648
0.397783
0.431363
0.318439
0.347901
0.248694
0.274944
0.189347
0.211039
0.141312
0.158379
0.102165
0.115548
0.0732735
0.082271
0.0520131
0.0587912
-2.69647e-10
-5.97922e-10
-1.79834e-10
0.0115924
0.0174828
2.99233e-17
-3.36949e-20
4.37854e-11
1.78619e-11
-0.00209076
-8.78025e-20
0.92558
7.76867e-07
0.03017
-4.2644e-20
-6.15912e-13
-5.62604e-14
0.00738793
3.10589e-09
-1.24366e-07
-6.16055e-08
-5.54575e-08
3.90086e-09
9.86415e-12
4.18146e-13
1.25543e-13
-1.63898e-14
-4.74375e-15
2.76155e-16
1.36815e-16
7.64938e-18
-1.33221e-18
-2.20685e-19
0.00947254
0.0123985
-1.09001e-05
-1.1325e-05
-6.139e-10
-6.96225e-10
0.959572
2.2986e-16
2.58255e-12
-2.8577e-09
-4.6426e-10
2.61273e-09
2.60771e-08
2.65046e-09
-9.71695e-08
-7.63122e-08
2.72252e-06
-1.35027e-05
5.95607e-05
-0.000122624
0.000121289
-0.000637685
-0.000145922
0.0767339
0.0425133
0.0392509
1.30565e-18
8.82709e-07
2.95549e-05
-1.961e-05
-0.00103097
0.000180767
-9.42278e-05
4.36654e-05
-1.15187e-05
2.74611e-06
4.36289e-18
-1.5771e-18
-0.000600555
9.87857e-05
-0.000110533
-0.00337853
0.000562474
-0.00375685
5.60634e-05
0.684452
-1.27375e-05
2.459e-06
4.85386e-08
-2.83479e-18
3.24373e-17
3.37681e-16
1.45895e-16
-1.35316e-14
-1.93282e-14
-1.45737e-09
-1.859e-19
-0.000220651
-0.000990867
0.000205258
9.24055e-17
0.78693
-1.55554e-19
3.18469e-13
1.33042e-16
5.90487e-16
-5.6863e-19
-3.3557e-15
8.09106e-09
-2.96662e-14
8.9168e-14
-4.20279e-19
3.13657e-10
-9.52928e-08
-1.21612e-11
1.5132e-15
3.19509e-12
-6.29183e-09
-1.35589e-06
2.13279e-07
0.322933
-7.11347e-12
1.0091
1.00853
1.01706
1.00223
1.00742
0.999796
1.00081
0.999654
0.999394
0.999897
0.999686
1.00001
0.999964
1.00002
1.00003
1.00001
1.00002
0.999999
1
0.999999
0.999998
1
0.999999
1
1
1
1
1
1
1
1
1
1
1
1
1
1
1
1
1
1
1
1
1
1
1
1
1
1
1
1
1
1
1
1
1
1
1
1
1
1
1
1
1
1
1
1
1
1
1
1
1
1
1
1
1
1
1
1
1
1
1
1
1
1
1
-2.37687e-06
-1.19821e-19
-9.89407e-08
3.82191e-17
-9.11116e-09
4.47731e-16
-6.88582e-08
2.6801e-14
0.0248244
1.64683e-18
-2.31204e-10
-1.21166e-10
1.11011e-09
-1.3179e-12
8.42515e-05
1.18442e-16
0.0109555
1.71667e-19
2.7357e-13
1.45793e-13
1.15536e-13
-5.79455e-09
-5.11663e-15
-1.26563e-16
9.85923e-17
9.08514e-17
9.92244e-17
-0.00108732
-9.23078e-10
8.80133e-10
3.34439e-09
0.0174754
-2.51538e-18
2.69476e-12
0.000166277
4.03197e-11
6.40455e-17
-3.07577e-12
-3.62441e-12
0.873027
-1.3578e-06
2.12562e-08
-9.5722e-08
0.211792
1.05013e-17
7.21963e-18
-1.88875e-07
-1.55256e-06
6.18878e-18
6.59035e-18
-8.92503e-19
2.84163e-07
5.92771e-07
8.17397e-05
-0.000172769
0.000177158
4.95655e-05
-0.0010732
0.000833549
7.49257e-07
-3.07613e-16
2.60801e-16
1
1
1
1
1
1
1
1
1
1
1
1
1
1
1
1
1
1
1
0.999999
1
1
1
1
1
1
0.999995
0.999998
0.999989
0.999987
1.00002
1
1.00005
1.00005
1.00001
1.00005
0.999865
0.999936
0.999707
0.999729
0.999815
0.999642
1.00062
1.00016
1.00213
1.00156
1.00299
1.00305
1.00107
1.00288
0.993057
0.998458
0.976089
0.985466
0.946561
0.961896
0.900517
0.922872
0.839707
0.867058
0.765975
0.799349
0.680369
0.71754
0.590302
0.627406
0.500763
0.5375
0.413978
0.44858
0.334233
0.365451
0.262696
0.290698
0.200973
0.224431
0.150407
0.168966
0.1085
0.123525
0.0764512
0.0868485
0.0521531
0.0584374
2.00222e-09
2.02658e-09
-7.43452e-09
0.00495909
0.00495943
0.0108588
-1.91386e-05
-4.35062e-06
-1.06099e-05
-9.12722e-06
-1.14527e-14
-1.38371e-14
-0.00112217
0.000603785
4.58822e-18
1.79923e-17
-3.24169e-16
6.18089e-09
6.52022e-09
7.98245e-09
1.39647e-07
6.02423e-07
-2.46423e-08
-1.03466e-15
-6.49442e-13
4.19037e-13
-3.22106e-19
3.45902e-17
0.000386236
0.000200572
9.16633e-07
0.0290149
-4.63766e-15
-1.40756e-15
0.043511
3.68008e-13
-1.88229e-05
3.85529e-11
0.0163541
1.84742e-16
5.69606e-11
-3.34296e-19
-4.753e-08
-0.00130276
-1.12378e-14
-1.04018e-07
-8.91299e-16
1.57948e-06
4.46693e-11
1.59228e-11
-3.21531e-08
-2.33336e-14
0.042376
1.45847e-07
-4.55515e-15
2.03493e-09
2.68169e-10
-8.35045e-06
-1.99214e-05
3.90485e-13
3.11987e-12
0.97501
-1.24368e-11
0.658389
4.2636e-11
1.78563e-15
1.88122e-15
2.89773e-09
5.00354e-10
-7.8704e-10
-4.04381e-10
0.739487
2.22543e-08
6.94072e-05
1.00093
3.18521e-07
4.10934e-06
0.0211096
1.37369e-05
-5.27691e-05
-4.83571e-10
-6.15819e-10
-5.88795e-10
-3.29116e-13
3.67358e-13
-4.69289e-08
2.71295e-19
5.85161e-14
-4.14369e-13
3.87078e-06
-0.00115442
-0.000199005
-3.95171e-13
-5.03631e-12
-0.00506771
-0.00383963
-1.81298e-10
-1.73497e-10
2.96287e-07
0.91765
-1.30955e-11
1.87148e-15
0.000155439
-0.000161475
1.31965e-06
3.26395e-05
-8.1571e-05
9.56552e-16
-8.09029e-06
4.28042e-07
1.00927
1.00429
1.00996
1.0005
1.00288
0.999622
0.999815
0.999768
0.999512
0.999959
0.999821
1.00002
1
1.00001
1.00003
1
1.00001
0.999999
0.999999
0.999999
0.999998
1
0.999999
1
1
1
1
1
1
1
1
1
1
1
1
1
1
1
1
1
1
1
1
1
1
1
1
1
1
1
1
1
1
1
1
1
1
1
1
1
1
1
1
1
1
1
1
1
1
1
1
1
1
1
1
1
1
1
1
0.705216
0.0373367
-6.55179e-15
1.8356e-09
-1.37119e-15
2.86242e-13
4.09744e-14
0.0215056
0.0340556
5.8768e-06
-1.40507e-11
-8.64779e-08
-1.62769e-10
3.9838e-17
-0.00116262
-2.54956e-05
6.13506e-09
-1.15161e-07
0.323259
-1.14461e-18
5.19051e-17
5.63081e-09
-6.26534e-06
1.07175e-13
4.8004e-13
-3.16463e-16
-1.61873e-16
-2.02519e-05
-5.17094e-10
-5.00995e-10
-3.79626e-15
-3.8345e-15
-1.20213e-14
2.40296e-15
3.34457e-15
-0.000219815
-0.0092957
0.00117501
1.01958e-17
2.2291e-17
5.08827e-17
2.24362e-17
-1.41403e-06
5.58746e-06
0.000115296
8.51555e-06
0.0676589
-3.77417e-07
-1.78288e-06
-1.8426e-14
-0.00541554
0.000585025
8.80692e-14
0.0712045
0.0315684
0.109768
-0.000234279
-5.09553e-05
0.882953
0.720368
1.67327e-05
0.000114962
1.50206e-13
1.39411e-13
1
1
1
1
1
1
1
1
1
1
1
1
1
1
1
1
0.999999
1
1
1
1
1
1
0.999996
0.999999
0.999989
0.999988
1.00001
0.999996
1.00005
1.00004
1.00003
1.00006
0.999909
0.99998
0.999732
0.999779
0.999732
0.999606
1.00038
0.99994
1.00181
1.00119
1.00287
1.00275
1.00182
1.00317
0.995821
1.00026
0.981406
0.990206
0.954524
0.968985
0.912355
0.933913
0.855085
0.882174
0.784552
0.817336
0.702283
0.739698
0.612283
0.65171
0.521708
0.560471
0.434623
0.470672
0.353271
0.386775
0.27941
0.309248
0.216248
0.24181
0.161934
0.183416
0.11703
0.134421
0.0819623
0.0955433
0.0520222
5.27704e-05
0.000174644
1.24349e-05
-1.54547e-05
-1.96931e-05
7.49785e-16
2.64061e-15
-4.53275e-16
-9.38009e-15
-0.00176583
-0.00149658
-8.53098e-08
4.10883e-07
-1.88672e-12
8.20092e-06
6.71176e-12
3.65614e-13
2.09391e-09
-1.89581e-17
-0.00175681
0.00906503
-1.10997e-15
-0.0110106
-0.00772794
8.09253e-14
0.0630757
0.0169813
0.0296758
-1.14935e-06
-3.01701e-06
0.18927
-8.59644e-15
-4.46722e-11
2.40164e-11
-2.54598e-05
4.95328e-07
2.64241e-07
-1.08096e-09
1.45748e-09
0.00020074
0.000218931
1.6345e-08
1.50891e-08
1.09546e-12
1.66211e-05
-1.37105e-05
-0.000223604
2.47021e-12
3.48278e-12
-1.43056e-11
-5.91054e-07
1.06357e-09
7.36869e-10
2.18806e-14
3.96839e-11
4.5882e-10
-2.44292e-10
-9.07608e-10
1.00726
0.992244
8.56268e-18
-2.03366e-14
-1.84966e-07
-4.39743e-18
-9.54106e-19
-2.99969e-18
0.239597
-0.000165448
-5.03942e-06
-2.64274e-14
-3.45247e-08
-9.4317e-08
-1.41689e-08
1
1
-9.92103e-09
-8.07514e-09
3.24244e-10
4.54254e-11
1.0757e-06
1.14929e-06
1.21503e-06
-0.000322716
-5.53777e-13
-6.81367e-13
1.0403e-12
-1.05997e-12
-3.92286e-13
0.00242158
-0.00301171
-0.00762379
-0.00187655
1.20345e-11
3.28834e-12
1.20058e-13
-3.68548e-16
-4.12293e-16
4.68311e-16
1.0676e-08
6.69808e-09
-9.06893e-08
0.0018786
-1.91723e-10
-1.91707e-10
0.926392
0.00917744
9.13521e-14
-0.000293927
1.00652
1.0016
1.0051
0.999788
1.00058
0.99964
0.999493
0.999871
0.999658
1
0.999934
1.00002
1.00003
1.00001
1.00002
1
1
0.999999
0.999998
0.999999
0.999998
1
1
1
1
1
1
1
1
1
1
1
1
1
1
1
1
1
1
1
1
1
1
1
1
1
1
1
1
1
1
1
1
1
1
1
1
1
1
1
1
1
1
1
1
1
1
1
1
1
1
1
1
1
1
1
0.461913
1
-6.69963e-06
-8.39162e-06
-0.00254932
0.0186101
-2.4734e-15
0.000186543
1.24209e-13
-3.12334e-12
1.63334e-15
7.27492e-06
-6.62074e-06
0.441637
4.38118e-15
-2.8979e-14
-3.25088e-14
1.14903e-13
-5.09823e-10
-0.000705966
-0.00261788
-9.59719e-13
2.81712e-07
4.15095e-11
0.00496727
3.84073e-11
6.86226e-11
3.74973e-11
-3.48193e-16
0.000193266
0.000256987
0.480209
-1.11817e-15
-1.02177e-15
0.980044
-2.70638e-15
-4.44264e-15
-5.57825e-08
0.145562
5.39675e-10
4.95547e-10
-8.81849e-10
-5.71951e-12
-3.19291e-12
0.380168
0.0276894
6.09843e-12
6.64924e-09
-6.16119e-08
1
1.0092
1.01154
1.00152
-6.13411e-07
-1.43039e-06
6.99229e-06
-7.5615e-05
-0.000288074
0.811422
0.898621
0.516607
6.1193e-05
0.000161727
2.31034e-09
6.73891e-09
7.93985e-10
0.000143997
-3.84802e-05
2.20032e-13
2.88318e-13
1
1
1
1
1
1
1
1
1
1
1
1
1
1
1
1
1
1
1
0.999998
1
0.99999
0.99999
1
0.999991
1.00004
1.00003
1.00004
1.00006
0.999955
1.00002
0.999774
0.999838
0.999671
0.999602
1.00014
0.99978
1.00141
1.00082
1.00262
1.00233
1.00236
1.00317
0.998226
1.00154
0.986347
0.994247
0.962958
0.975842
0.92527
0.945402
0.87134
0.898556
0.805146
0.836837
0.726627
0.764109
0.638009
0.677435
0.548116
0.586542
0.458514
0.496528
0.375424
0.409116
0.300879
0.33215
0.233729
0.261208
0.178003
0.20056
0.13086
0.150418
0.092467
0.10884
0.0430155
0.0415486
0.0596587
3.50282e-15
4.38739e-15
3.85818e-14
2.56489e-14
-0.000793573
0.00431591
5.30088e-07
-4.05808e-07
4.21954e-05
0.000146256
-1.68822e-08
-2.78067e-15
-2.20233e-05
-1.4301e-05
-2.06061e-12
-3.44959e-12
-0.000658995
-3.14067e-05
-2.88534e-05
-8.76627e-10
-4.22648e-10
-0.00133017
3.14852e-11
2.55785e-11
1.17452e-13
-3.10707e-12
-3.14465e-12
-1.47347e-15
0.227186
-2.57594e-16
-5.51019e-17
5.06124e-07
8.02064e-05
3.26368e-05
1.05774e-06
9.21123e-07
2.48032e-09
-0.00126084
0.0150378
-1.40929e-11
3.85518e-11
0.0145776
0.027405
5.95384e-14
-1.8381e-06
1.52495e-06
1.25611e-09
-6.81678e-11
-4.18827e-16
-5.20687e-17
-4.68756e-16
-7.69541e-08
-6.57698e-08
1
2.37748e-12
-1.4583e-11
0.0898452
0.017623
4.86255e-09
7.27624e-09
0.0725762
0.000143365
0.000315527
9.11758e-05
2.03157e-12
3.21735e-12
-7.92825e-13
-9.10474e-13
1.95638e-12
-0.00493101
-0.00382035
-1.83389e-10
-1.80822e-10
3.66232e-08
-7.37119e-08
1.13102e-15
7.64625e-16
3.9945e-15
-1.27377e-05
-4.04007e-06
3.22817e-05
-4.56904e-13
-4.3197e-10
-1.10695e-09
3.1693e-13
4.353e-16
-2.71654e-12
1.00315
1.00032
1.00206
0.999611
0.999788
0.999759
0.999524
0.999949
0.99981
1.00002
0.999991
1.00002
1.00003
1
1.00001
0.999999
1
0.999999
0.999998
1
0.999999
1
1
1
1
1
1
1
1
1
1
1
1
1
1
1
1
1
1
1
1
1
1
1
1
1
1
1
1
1
1
1
1
1
1
1
1
1
1
1
1
1
1
1
1
1
1
1
1
1.29412e-15
-0.000161111
3.44023e-14
1.39286e-13
2.09627e-05
0.0540556
-4.49643e-09
-0.00349211
-3.23708e-05
-0.000373861
0.000169748
0.0233497
0.0714771
0.0388222
0.0395994
0.0548845
8.76351e-15
5.68308e-15
-2.07196e-05
-1.34977e-06
0.000147479
-5.28551e-06
-0.000350452
6.86703e-05
-8.0684e-18
1
-3.51033e-14
1.46698e-13
1
1
1
1
1
1
1
1
1
1
1
1
1
1
1
1
0.999999
1
0.999991
0.999993
0.999996
0.999987
1.00003
1.00002
1.00005
1.00005
0.999999
1.00005
0.999818
0.999896
0.999635
0.999629
0.999943
0.999654
1.00104
1.00049
1.00225
1.00183
1.00264
1.00301
1.00014
1.00242
0.991266
0.997681
0.971082
0.982841
0.93814
0.955542
0.890163
0.91506
0.826902
0.85728
0.753067
0.787568
0.66633
0.706065
0.574242
0.614506
0.4852
0.523982
0.399366
0.435792
0.323061
0.354429
0.254685
0.281948
0.194757
0.217283
0.147817
0.166888
0.108708
0.0881733
0.128091
-9.4938e-09
-2.18417e-09
8.58705e-07
-8.2269e-07
1.87898e-06
9.02774e-14
9.23004e-14
0.00914296
0.0226785
-9.78958e-07
-1.91484e-06
-0.00742323
-0.00937783
0.000169393
-0.000102102
-0.00155941
-0.00368935
-3.89777e-10
6.27283e-09
-1.74987e-05
-3.72575e-05
-3.95401e-18
-3.77305e-17
-3.73051e-17
0.800147
-6.38636e-12
1.00668
-4.46306e-14
-4.03854e-14
1
1.00742
1.0082
-3.43237e-10
-8.4724e-11
-0.00148623
-7.43407e-09
1
4.4603e-11
2.95892e-14
-5.66529e-08
-3.86878e-12
-5.86026e-12
-0.000351456
1
1.01123
6.00549e-11
2.4942e-11
-0.00306925
-3.29763e-09
1.98153e-09
0.000170291
0.000111068
1.32774e-06
-1.91113e-10
1.45714e-12
8.55508e-06
8.39662e-06
-9.59692e-16
-0.00162016
2.89208e-11
-1.95017e-10
5.98232e-07
6.15428e-07
-8.86097e-13
-7.87575e-16
-9.74287e-17
0.000255848
-4.21977e-16
4.07263e-09
-1.52913e-07
0.967021
0.990011
0.880757
-8.80395e-08
-1.22127e-07
-2.67967e-12
0.406815
0.52581
0.186207
5.82186e-09
4.91363e-09
-1.06017e-09
-5.74045e-13
-1.59287e-11
-1.55018e-11
2.72623e-11
-2.85622e-10
-1.9005e-08
1.88974e-13
-1.33109e-05
-1.85781e-05
-1.01261e-12
0.000257582
0.000234589
-7.07371e-07
3.97719e-11
6.58336e-11
-0.000580672
5.0746e-10
5.79809e-10
-0.00714446
-0.00703087
7.95923e-05
5.55353e-15
5.18168e-15
2.72857e-09
3.63888e-10
1.75063e-15
1.22269e-15
6.40206e-15
-1.44925e-05
2.86267e-09
-2.15257e-09
1.811e-06
8.25428e-07
6.45031e-05
-1.36888e-15
0.00800649
0.000182166
-0.000371604
2.93711e-12
1.84307e-11
-3.46326e-12
1.00543
-5.78201e-09
-7.92802e-09
1.00132
1.00409
0.999727
1.00042
0.999636
0.999493
0.999871
0.999672
1
0.999931
1.00002
1.00002
1.00001
1.00002
1
1.00001
0.999999
0.999999
0.999999
0.999999
1
1
1
1
1
1
1
1
1
1
1
1
1
1
1
1
1
1
1
1
1
1
1
1
1
1
1
1
1
1
1
1
1
1
1
1
1
1
1
1
1
1
1
1
1
1
1
-8.38053e-13
0.000185126
1.00185
4.9117e-14
-0.000489633
0.000429477
-1.1369e-12
4.75251e-10
5.96785e-10
6.49334e-14
2.79046e-15
-2.30833e-12
-2.36442e-12
-9.72255e-10
1.87954e-09
6.25554e-07
-7.4341e-16
8.66059e-06
0.000127287
0.000203003
0.0156374
8.30324e-14
9.32314e-15
8.2728e-15
-5.92591e-16
1.15627e-07
6.26523e-07
-5.34765e-08
5.11773e-14
8.59954e-14
-8.01978e-10
0.000205276
-0.000458122
0.00263794
0.0147543
1
1
3.32075e-12
3.46726e-12
1
1
1
1
1
1
1
1
1
1
1
1
1
1
1
1
0.999993
0.999995
0.999991
0.999987
1.00002
1
1.00005
1.00004
1.00003
1.00006
0.999868
0.999946
0.999641
0.99968
0.999823
0.999633
1.0007
1.00025
1.00184
1.00139
1.00259
1.00265
1.00131
1.00288
0.994917
0.999547
0.978477
0.988133
0.948879
0.964551
0.906299
0.927553
0.848003
0.876274
0.77543
0.808163
0.693219
0.729668
0.602912
0.641193
0.512404
0.54946
0.426741
0.462827
0.345408
0.378137
0.272534
0.300876
0.208863
0.230944
0.159173
0.173087
-3.41384e-12
-4.75864e-12
-1.1444e-06
8.87932e-06
-0.00509821
-0.00953309
-0.000261914
-0.000394462
-0.00430263
0.00159922
1.16916e-08
-2.88003e-05
0.000111152
1.00993
1.0101
-1.03776e-12
-9.8182e-09
-5.77688e-09
-2.35392e-08
-6.25117e-14
6.85862e-09
-0.000196813
-5.36165e-09
-3.92819e-09
1.01004
0.131781
1.32404e-11
7.91469e-13
-3.82179e-12
-0.00202113
-8.91115e-10
-6.27452e-10
2.22874e-09
4.64458e-11
1.00777e-06
-4.15497e-08
-2.35538e-11
-1.20737e-13
-0.000344297
7.41412e-08
6.28394e-07
5.67474e-10
2.75964e-15
2.44052e-07
-6.29047e-13
2.48083e-14
0.97733
0.948336
-0.00276016
0.415644
0.0721917
0.0913621
2.58385e-12
-2.48224e-05
-2.78734e-05
0.0346967
0.0347927
-5.09841e-15
6.02839e-15
-1.13877e-12
0.0315322
-0.00460847
-3.39661e-05
-1.91121e-10
4.67371e-10
-1.73849e-11
-1.38767e-06
5.35042e-14
9.83945e-09
0.00943255
0.775529
0.856433
0.520652
-6.04432e-15
0.120649
7.43807e-09
-2.85135e-13
-1.60309e-11
0.0550749
0.0574826
0.0767287
0.000297382
0.000351134
-2.47026e-05
-1.10647e-05
-1.76731e-10
9.66931e-05
-8.40073e-16
-6.33115e-14
-1.41747e-06
-0.0052235
0.000104762
-0.00840622
-0.00933471
-1.20828e-07
-9.08197e-08
-0.00274296
-5.69501e-10
-5.651e-10
0.000307756
0.000276426
-6.26154e-09
-6.81346e-06
-3.43602e-06
2.37123e-14
-1.69455e-06
-1.10393e-06
2.08962e-09
9.97402e-09
-7.16901e-11
2.0349e-11
-2.44028e-08
-1.33603e-08
1.00836
-7.69345e-06
-0.000409785
1.00287
1.00695
1.00006
1.00149
0.999541
0.999561
0.999767
0.999516
0.999963
0.999843
1.00002
1
1.00002
1.00003
1
1.00001
0.999999
1
0.999999
0.999998
1
0.999999
1
1
1
1
1
1
1
1
1
1
1
1
1
1
1
1
1
1
1
1
1
1
1
1
1
1
1
1
1
1
1
1
1
1
1
1
1
1
1
1
1
1
1
6.31893e-09
-0.00436539
0.203942
0.000173191
-2.46945e-10
-6.35552e-10
1.02825e-14
8.73092e-15
-2.14236e-12
1.73203e-06
1.27134e-06
-1.93505e-06
-1.37939e-13
6.53817e-09
7.4671e-08
-1.17594e-05
-6.02639e-13
-5.11866e-13
0.115427
5.14474e-12
4.92033e-12
1.05032e-12
1.57229e-11
1.55858e-11
1.63093e-14
1.45611e-14
-5.05924e-10
7.06013e-09
2.47286e-09
-0.00137772
-0.00432348
0.0262965
4.13379e-05
-6.55794e-06
-4.16049e-05
-2.37804e-05
0.00017994
-0.00032071
2.15743e-14
2.25163e-14
1
1
1
1
1
1
1
1
1
1
1
1
1
1
1
1
0.999995
0.999998
0.999989
0.999987
1.00001
0.999997
1.00004
1.00003
1.00005
1.00007
0.999917
0.99999
0.999677
0.999743
0.999771
0.999637
1.00046
1.00007
1.00146
1.001
1.00248
1.00228
1.00221
1.0031
0.997551
1.00114
0.984118
0.992106
0.958892
0.972259
0.919877
0.939382
0.865426
0.891495
0.796843
0.827134
0.715824
0.75122
0.626366
0.663868
0.537377
0.574667
0.45049
0.486539
0.366939
0.398955
0.291183
0.320905
0.219479
0.245839
0.159033
0.177623
1.45963e-12
-1.61792e-12
-2.95973e-10
-7.15429e-10
-1.96997e-10
-0.00384498
-0.00122037
0.000148675
-0.00125884
7.97352e-06
-3.75699e-05
0.00343602
-0.00547394
-0.000395763
4.89542e-05
0.00751313
0.0249423
0.000196516
0.000222507
0.988895
-3.33371e-08
-9.38896e-08
-1.65899e-08
2.20434e-07
-1.86897e-05
-2.79409e-05
-1.88488e-05
-0.000446212
-4.15631e-10
-4.39904e-09
-1.33927e-05
2.66207e-09
1.97632e-09
-3.52362e-09
1.60079e-11
1.13363e-11
-5.08291e-10
-0.00508074
-0.00457391
1.82995e-07
0.141512
-0.00865425
6.29898e-07
-1.55845e-06
1.01093
3.6181e-15
0.124928
-2.97568e-12
-1.53822e-12
-1.3947e-06
-6.07509e-07
8.59153e-09
0.000176543
0.0278305
4.69712e-07
-1.57212e-12
-4.62458e-08
-3.28262e-08
-5.9914e-11
-1.72661e-10
0.000255706
-0.000274372
0.000526558
-7.56296e-13
6.4391e-10
3.39245e-10
-4.86335e-10
-8.07284e-10
6.47369e-09
-1.42252e-08
-2.06552e-12
1.59535e-15
7.54737e-11
4.73171e-11
1.95426e-11
5.31852e-11
1.21985e-11
0.00586219
0.0440114
0.398475
0.201112
0.05168
0.0519637
1.01332
0.000210731
-9.40701e-14
-2.00499e-11
-8.091e-14
1.63099e-14
-0.0083109
-0.0137785
9.07818e-07
7.177e-07
-6.3427e-14
-5.48417e-14
-8.44684e-13
0.943215
0.905741
6.67738e-12
7.07529e-12
0.000357631
0.000429946
9.54513e-06
-1.077e-05
-2.77933e-06
1.00546
-4.12691e-12
3.25294e-12
0.0796161
0.0780839
6.48971e-06
-3.62987e-10
-9.31171e-11
1.00554
1.00098
1.00383
0.999559
1.00004
0.999625
0.999374
0.99989
0.999693
1.00001
0.999959
1.00002
1.00003
1.00001
1.00002
1
1
0.999998
0.999998
0.999999
0.999998
1
1
1
1
1
1
1
1
1
1
1
1
1
1
1
1
1
1
1
1
1
1
1
1
1
1
1
1
1
1
1
1
1
1
1
1
1
1
1
1
1
2.04284e-07
7.10832e-07
-0.00802306
-0.00320816
-1.15136e-09
-8.5921e-08
0.0750442
-0.000422142
1.29076e-06
-8.31708e-15
-3.80555e-15
-9.34618e-14
0.960607
1.60485e-12
3.81774e-08
3.72e-08
1.89729e-07
-9.55661e-08
7.9531e-06
-8.57964e-13
0.108714
1.46639e-09
2.01198e-09
-1.05032e-12
-1.53673e-12
-1.41396e-10
5.01182e-10
-3.32459e-12
-1.87493e-11
1.06809e-09
-2.07629e-10
1.03758e-08
5.27353e-09
0.016055
-0.00601046
0.722887
0.786149
0.474099
0.000161445
3.70056e-05
0.101443
1.97136e-05
-8.13798e-10
-0.00056021
-0.000501534
-3.18438e-14
-3.0664e-14
1
1
1
1
1
1
1
1
1
1
1
1
1
1
0.999997
0.999999
0.999988
0.999988
1
0.999993
1.00004
1.00002
1.00005
1.00006
0.999953
1.00001
0.999725
0.999795
0.999755
0.999667
1.00026
0.999958
1.00111
1.00068
1.00225
1.00192
1.00264
1.00315
0.999324
1.0021
0.98833
0.994788
0.966361
0.97806
0.930895
0.948462
0.880248
0.903403
0.814333
0.843308
0.734506
0.76856
0.648552
0.68423
0.561317
0.597862
0.472385
0.50782
0.384564
0.416033
0.305849
0.33229
0.2349
0.260796
1.30137e-11
9.29692e-12
-0.00324063
-0.00429525
0.0142637
-0.00274589
-0.00612906
-5.3204e-05
-1.94823e-06
0.0222844
0.00242452
-0.000136696
-0.00260537
-1.0385e-13
-9.03311e-14
1.00759
0.987439
0.0417491
0.0763662
0.000150666
-0.000453792
0.107938
1.14975e-06
-1.45418e-07
1.74399e-06
-6.16039e-10
-3.3945e-09
-1.78143e-05
3.41399e-07
-2.52872e-05
-0.000235507
-2.19461e-13
0.000315916
-2.02215e-11
0.108431
0.105452
-6.51264e-09
-7.06437e-09
-0.0097382
3.58236e-11
3.62002e-11
-1.51294e-10
-1.99774e-05
0.138454
0.335944
0.0776274
8.92048e-12
-4.43869e-08
-2.38428e-11
-2.84944e-11
-0.000273617
0.000249317
5.68802e-10
-7.663e-13
-6.74035e-14
1.01194
9.28143e-11
-6.9865e-10
0.872111
0.820733
0.0411935
-5.00338e-05
4.33308e-11
4.55589e-11
1.01534
-3.47777e-13
1.04006e-09
4.31271e-09
-3.20559e-11
0.00114671
-0.00828852
0.000274635
0.169248
-6.99342e-08
-1.29326e-07
-5.74228e-08
1.29987e-06
6.48051e-15
-2.85498e-13
8.18213e-12
-6.32751e-06
-2.59253e-05
0.000262824
0.000466895
0.000224401
-2.34237e-06
-1.13529e-06
1.35187e-06
5.47707e-07
-7.47304e-08
-5.80847e-08
-8.5398e-13
0.000252901
-2.71395e-08
-1.66756e-09
2.63701e-10
8.4643e-10
1.01175
-2.98277e-13
4.44918e-11
8.17125e-11
-7.05681e-09
2.93249e-12
-3.27395e-13
0.000102348
4.55675e-05
1.00272
0.999805
1.00106
0.999435
0.99927
0.999748
0.99943
0.999976
0.999851
1.00003
1.00002
1.00002
1.00004
1
1.00001
0.999998
1
0.999999
0.999997
1
0.999999
1
1
1
1
1
1
1
1
1
1
1
1
1
1
1
1
1
1
1
1
1
1
1
1
1
1
1
1
1
1
1
1
1
1
1
1
1
-1.21657e-10
-1.0401e-10
-0.00202083
-0.000821239
0.000272812
-0.0100082
-0.00525976
-1.3755e-13
-1.94694e-05
-7.59262e-06
9.07158e-05
-4.43796e-13
-6.64619e-13
-0.00753495
0.000351891
0.000178083
-3.86625e-09
-1.39454e-13
2.16169e-06
1.17378e-12
1.65344e-13
7.10338e-10
5.33692e-10
9.89582e-10
-7.38124e-12
-3.68744e-12
-2.20323e-11
0.0665246
0.134536
8.54904e-12
6.32719e-12
0.199424
0.992798
-6.28921e-09
-0.00052018
-0.000933778
5.6614e-07
-1.97625e-06
1
1
1.01298
1.00739
1
1
1
1
1
1
1
1
1
1
0.999998
1
0.999989
0.999991
0.999998
0.999991
1.00003
1.00002
1.00006
1.00006
0.999977
1.00003
0.999767
0.999841
0.999757
0.999705
1.00012
0.999879
1.00082
1.00043
1.00202
1.00158
1.00289
1.00309
1.00062
1.00272
0.991415
0.997048
0.972184
0.982505
0.940324
0.956263
0.892185
0.91466
0.828135
0.856468
0.752351
0.784891
0.668996
0.704366
0.582255
0.618568
0.491621
0.527184
0.396293
0.428718
0.310093
0.335292
2.43715e-11
2.3953e-11
6.59672e-05
0.000334279
0.0718793
0.0410178
-0.00475883
-0.00781782
-0.000723111
-0.000632198
-9.88194e-14
1.00914
1.01584
-7.644e-10
-3.32839e-10
-6.21993e-14
-1.68442e-08
-2.11059e-13
1.33061e-07
-3.82777e-06
1.6042e-06
-0.0105195
1.00733
3.51442e-11
5.03632e-11
1.2646e-06
-3.79727e-11
-0.00460358
0.000415983
9.41464e-08
1.05474e-07
0.143949
8.10743e-09
7.26592e-09
0.708988
-2.16797e-05
-0.00061537
-0.000864283
0.000668669
-3.1061e-09
-6.26251e-05
-6.47263e-05
-1.07567e-07
1.258e-09
-0.00116949
-0.000344826
0.135599
3.00196e-05
-8.84208e-06
0.0105287
-0.0047783
-9.86699e-08
4.57575e-11
6.90446e-11
3.247e-09
8.14352e-09
1.91733e-09
0.595367
0.642154
0.359034
1.61484e-09
-8.02848e-08
0.168815
0.197162
3.87553e-05
-1.28635e-11
0.237997
9.67506e-10
-1.15183e-07
0.0307129
0.0286723
0.067072
-4.37491e-11
-6.76141e-11
9.44625e-12
-7.87263e-12
7.53529e-13
8.01397e-12
3.44773e-07
3.2556e-07
6.65063e-07
-1.98914e-13
0.911601
0.110233
-1.00975e-07
-8.31855e-08
-3.2913e-05
0.000436689
-9.13806e-08
4.00769e-06
3.04923e-07
2.18841e-13
0.766558
-2.72658e-06
-1.88971e-08
0.946465
-1.33462e-09
-1.04696e-09
-8.33393e-08
-1.39532e-07
4.0109e-10
-4.56578e-10
0.254738
0.152282
0.114237
6.47542e-10
8.37599e-10
1.01314
1.97665e-06
1.0249e-06
-0.00745132
1.00086
0.999447
0.999897
0.999557
0.99922
0.999874
0.999617
1.00001
0.999944
1.00003
1.00004
1.00001
1.00003
1
1.00001
0.999998
0.999998
0.999999
0.999998
1
0.999999
1
1
1
1
1
1
1
1
1
1
1
1
1
1
1
1
1
1
1
1
1
1
1
1
1
1
1
1
1
1
1
0.175346
1
4.85986e-13
-0.00387183
0.177713
-2.5937e-05
0.448532
0.206969
-5.70171e-09
-1.97572e-09
-1.86599e-08
0.158876
0.181363
0.655316
3.78653e-12
1.8109e-09
0.000138835
0.222879
-2.87945e-05
-1.42315e-05
1.00585
1.00404
1.01324
1.34923e-11
1.2109e-11
0.000210061
0.000445644
0.000144301
-7.2306e-05
0.000100667
-0.00212074
-0.00721375
-6.90849e-08
-2.06115e-08
-3.77638e-11
3.58947e-11
0.202972
0.21618
0.242581
-2.91319e-06
-1.1697e-06
-3.02092e-11
-5.78817e-11
0.842991
0.699429
-2.92182e-11
0.958931
0.877531
1
0.120883
1
1
1
1
1
1
1
1
1
1
0.999991
0.999993
0.999996
0.99999
1.00002
1.00001
1.00005
1.00005
0.999998
1.00005
0.999814
0.999887
0.999776
0.999748
1
0.999816
1.00054
1.00017
1.00175
1.00124
1.00302
1.00297
1.00161
1.00326
0.994134
0.999071
0.977403
0.98665
0.948585
0.963718
0.903183
0.925172
0.842513
0.87041
0.7699
0.802854
0.688896
0.724146
0.603655
0.640524
0.509048
0.54738
0.405618
0.445241
0.306953
1.95503e-11
2.66962e-11
2.38382e-07
3.53027e-08
0.000429866
0.000110562
-0.000789772
-0.00211887
1.00822
1.01758
0.984551
-2.44315e-10
2.6435e-12
0.323115
0.408394
0.115642
-8.57406e-06
-1.75439e-11
1.13207e-11
-0.00881878
-0.00806103
0.0565513
-0.0125687
0.408364
1.96346e-07
2.14643e-07
6.67082e-12
7.18186e-12
-4.24483e-11
-0.00860766
-0.000964657
-3.696e-08
6.52775e-11
8.26786e-07
3.22557e-08
5.43037e-09
-5.02128e-06
-1.54511e-07
-0.00255742
-0.00130011
0.00039342
2.04208e-09
-9.87462e-10
-5.98509e-10
0.000427642
-1.06783e-05
0.000105148
0.0355906
0.00841865
-2.02009e-11
2.89222e-11
6.01681e-09
-0.00783295
4.3997e-09
-0.00091915
1.07452e-09
8.53229e-10
2.68727e-09
-2.8634e-09
-3.16134e-09
0.102176
0.161128
-2.11074e-11
-1.61182e-11
-4.46071e-11
3.48057e-07
-2.51523e-06
-0.000920108
-7.57319e-05
-4.63481e-06
-7.41294e-05
7.67194e-09
9.71479e-09
0.00575807
0.00865927
-1.22125e-07
-9.86909e-08
-0.000838149
-9.66416e-08
-1.01738e-07
4.77341e-05
-8.75905e-06
-6.59518e-07
-1.43146e-06
4.70114e-07
4.6625e-07
5.07124e-07
0.999869
0.999424
0.999339
0.999729
0.999414
0.999966
0.999817
1.00003
1.00002
1.00002
1.00004
1
1.00002
0.999998
1
0.999998
0.999997
1
0.999999
1
1
1
1
1
1
1
1
1
1
1
1
1
1
1
1
1
1
1
1
1
1
1
1
1
1
1
1
0.000234849
-0.0157691
5.57959e-09
1.0512e-08
-0.00640065
0.337296
0.513698
0.163072
0.000577087
0.000349585
-4.98976e-09
-8.25221e-10
-3.83494e-08
0.0529176
0.047846
0.101257
3.37038e-09
6.57787e-10
-0.0101951
-4.40143e-09
-2.38588e-10
-6.49274e-10
-1.68171e-10
-0.00135819
0.266358
0.000297791
-7.36288e-11
-9.48686e-11
7.32965e-12
0.700363
1.10992e-11
1
1
1
1
1
1
1
1
1
0.999993
0.999996
0.999993
0.999989
1.00001
1
1.00005
1.00004
1.00002
1.00006
0.999863
0.999932
0.999797
0.999792
0.999892
0.999765
1.00027
0.999949
1.00147
1.00092
1.003
1.00274
1.00238
1.00359
0.996566
1.00062
0.98237
0.990827
0.956883
0.970889
0.915362
0.936948
0.858488
0.886232
0.789919
0.822587
0.711235
0.747704
0.624868
0.66201
0.526331
0.563071
-8.85177e-12
6.48565e-07
3.99868e-07
-0.000193842
-0.00411312
-0.0100479
-0.00126556
-0.00114443
-0.00149871
-2.16588e-05
-2.87952e-05
-2.14777e-05
0.000502027
0.00051149
-2.98037e-05
0.504595
3.53581e-07
3.90936e-07
-0.0113647
0.337544
0.0223929
1.40871e-09
0.00405661
2.95198e-07
-3.62034e-06
-1.76861e-06
0.321304
-1.1352e-10
-7.17166e-11
-1.18545e-07
-5.10104e-08
1.44038e-06
0.111869
-1.6273e-05
-0.00504313
-0.00354704
-6.45804e-08
-5.74616e-09
0.0844745
0.0494765
1.01342
-1.77992e-10
-1.32131e-10
1.0014
1.00275
1.15927e-06
9.66798e-07
7.60987e-09
1.59069e-06
-0.00634294
0.0004761
2.1787e-10
1.20371e-09
2.78308e-09
-4.86493e-09
-1.03884e-10
1.26009e-10
-0.00405274
1.35661e-11
1
1
0.425666
0.214918
0.267368
1.56361e-06
-2.43821e-05
-3.05965e-05
-6.95243e-11
-1.31149e-10
-3.8661e-09
-3.34274e-08
6.6215e-09
1.00914
1.01603
0.371491
0.000112857
0.000550182
0.897912
0.742282
-0.00246464
-0.00113399
0.990407
1.00669
0.934043
-6.91566e-05
0.00018879
5.3432e-09
1.18133e-08
-0.00761289
0.000480338
0.000217729
-1.14093e-07
-8.33294e-08
1.00765
0.0182851
0.466213
1.00522
-3.11246e-10
-5.83192e-10
-0.00833133
3.53699e-09
1.00076
1.00364
0.0764841
0.0820814
0.999434
0.999878
0.999554
0.99925
0.999873
0.999624
1.00002
0.999947
1.00003
1.00004
1.00001
1.00003
1
1.00001
0.999998
0.999998
0.999999
0.999998
1
0.999999
1
1
1
1
1
1
1
1
1
1
1
1
1
1
1
1
1
1
1
1
1
1
1
1
1
8.2524e-08
-7.06084e-08
1
0.368759
0.326821
0.433362
-0.000199014
1.00953
2.61152e-05
-1.29079e-05
0.290108
-1.2421e-05
-3.29509e-06
-0.0109345
-1.21351e-05
-7.22438e-05
-0.0125292
-0.00214674
-6.37187e-09
-2.28425e-09
-6.78449e-08
7.99633e-09
2.95759e-09
-3.98612e-11
-5.18352e-11
-8.81272e-11
1.33556e-06
2.03682e-06
-0.00683536
-0.0124618
1.01142
1.01082
1.01432
1
1
1
1
1
1
0.999996
0.999999
0.999991
0.999989
1
0.999994
1.00004
1.00003
1.00004
1.00006
0.99991
0.999971
0.999826
0.999844
0.999814
0.999751
1.00004
0.999785
1.00119
1.00059
1.00287
1.00241
1.00284
1.00356
0.998605
1.00191
0.986991
0.99428
0.96531
0.977758
0.928738
0.948655
0.876876
0.903638
0.812475
0.843945
0.736311
0.772576
0.645445
0.683263
0.536817
0.573496
-0.000643521
0.238522
-0.0121964
4.08646e-08
-3.13078e-06
6.00566e-07
5.83566e-07
3.53533e-09
0.459071
0.990509
0.969979
0.999999
0.0248765
-0.00825165
-0.00669612
-2.02003e-10
-1.85198e-10
0.000139909
5.5522e-07
6.14944e-07
7.45549e-07
-2.43513e-07
-0.000466201
-3.59123e-10
-3.42321e-10
0.000368148
-1.15267e-08
8.18137e-09
1.55012e-06
1.68402e-06
-4.74831e-10
-8.88598e-10
-4.85146e-10
0.0449029
-9.14104e-09
-7.13157e-09
4.44033e-10
1.96367e-09
1.73099e-09
4.63158e-09
-2.84455e-08
0.0398172
0.000169259
0.000485599
-1.351e-05
-1.34264e-10
2.99464e-10
-0.002363
-0.00652249
-2.3438e-08
-6.88763e-09
0.000548315
0.000591993
-0.000225113
-0.00482636
-0.0031479
0.131047
0.0890693
-6.67691e-09
4.62054e-09
0.145221
0.144783
0.217852
-2.32644e-06
-9.78304e-06
0.114015
0.121147
-3.24306e-05
-2.33051e-05
-7.32043e-09
0.41921
1.00874
1.00243
1.00692
0.999701
1.00095
0.999386
0.999217
0.999723
0.999388
0.999969
0.999817
1.00003
1.00002
1.00002
1.00004
1
1.00002
0.999998
1
0.999998
0.999997
0.999999
0.999998
1
0.999999
1
1
1
1
1
1
1
1
1
1
1
1
1
1
1
1
1
1
9.53759e-05
3.80463e-05
0.00435719
5.17728e-07
-0.00158609
-0.00173607
-0.0024129
-0.00245382
-5.08916e-05
0.000305075
-8.43e-08
-7.33599e-08
-0.0139241
0.0141132
-1.01833e-07
-2.03989e-10
-0.0123808
0.0113816
1.15625e-08
7.94374e-07
8.80249e-07
0.342376
-1.4591e-07
1
1
1
0.999998
1
0.99999
0.999991
0.999998
0.99999
1.00003
1.00002
1.00005
1.00006
0.999948
1
0.999863
0.999897
0.999771
0.999766
0.999857
0.999651
1.00085
1.0003
1.00252
1.00194
1.00301
1.00334
1.00033
1.00261
0.991297
0.997259
0.973474
0.984388
0.942208
0.959418
0.896823
0.922319
0.835939
0.866741
0.762127
0.797012
0.664646
0.70654
0.540765
0.583581
-8.25134e-09
1.67908e-06
0.346474
0.622718
0.833725
0.88118
0.684939
1.88632e-09
6.05117e-09
1.22945e-10
-8.07759e-08
7.98686e-08
-1.04538e-07
0.267512
-1.33821e-07
3.42782e-08
0.000350959
-4.36015e-06
-3.28806e-06
3.45845e-07
0.454577
0.000287928
-2.11127e-05
-6.26417e-05
0.00020456
1
-0.0103095
-0.011471
-0.0106715
1.27247e-06
1.85357e-09
-2.12436e-10
-3.71595e-10
-4.81962e-10
6.8516e-07
6.22522e-07
0.47685
-8.6317e-06
-4.79763e-06
0.000517329
-0.00400859
-0.00394272
0.17506
-0.00767235
0.000621081
0.0778426
0.0820104
4.08193e-09
-5.37954e-10
-4.84162e-10
-7.06373e-10
0.0664724
-2.21234e-05
-2.24227e-08
-1.37627e-07
1.4202e-06
2.10942e-06
7.52453e-08
1.00402
2.63654e-09
5.08842e-09
8.24428e-10
2.50768e-09
1
1.01541
1.01414
-0.00988696
-0.00962845
-0.0128689
-5.57026e-08
-4.03866e-08
-0.000852066
-0.00227904
0.000527696
0.000601204
-0.000571076
0.22091
0.174747
-1.38405e-08
-1.12197e-08
-1.84249e-08
-3.12191e-08
-1.67681e-08
0.288441
1.03758e-06
1.13403e-06
0.999999
-0.00592736
-0.00198229
0.000126789
1.78414e-05
0.172
0.978469
0.951112
1.00491
0.0358867
1.00053
1.00326
0.999383
0.999719
0.999575
0.999247
0.999888
0.999657
1.00002
0.999961
1.00003
1.00004
1.00001
1.00003
1
1.00001
0.999998
0.999998
0.999999
0.999998
1
0.999999
1
1
1
1
1
1
1
1
1
1
1
1
1
1
1
1
1
8.79665e-09
1.08184e-06
0.29403
-1.87568e-10
5.23732e-11
9.54302e-10
0.437174
6.77148e-07
5.58641e-07
-1.64492e-05
0.253032
-1.02885e-07
-8.24306e-08
-1.25761e-07
0.199062
0.803209
0.877272
0.559652
0.0388464
-2.69157e-05
-1.94318e-05
-3.19955e-05
0.000479882
0.000458599
3.70434e-09
1
1
0.260447
1
1
0.999991
0.999993
0.999995
0.99999
1.00002
1.00001
1.00005
1.00005
0.999981
1.00002
0.999904
0.999944
0.999765
0.999795
0.999732
0.999605
1.00057
1.00008
1.0021
1.00149
1.00281
1.00281
1.0013
1.00278
0.994614
0.999118
0.980669
0.989831
0.954229
0.969055
0.915876
0.93742
0.8592
0.888003
0.784442
0.817262
0.6821
0.724965
0.544743
0.587216
-3.19421e-06
-1.2279e-05
-2.01581e-07
-0.015964
-3.83043e-07
-4.499e-08
-3.8775e-06
0.192303
0.255897
2.86711e-07
1.01371
1.34963e-06
1.42632e-06
-1.55704e-11
-3.71198e-10
0.000527734
-1.09989e-05
0.000452631
-0.000287043
0.128616
3.37733e-07
1.59576e-06
-0.013472
-0.0144674
-9.19855e-08
-8.7852e-08
0.127722
0.138573
0.341204
0.533558
0.289265
-0.00622253
0.000289456
-0.000741125
0.000640457
0.906247
-6.55166e-08
0.000427896
-5.26607e-06
-1.84661e-05
0.42461
-1.53839e-07
1.90536e-07
2.25073e-07
1.78054e-06
-1.73281e-08
-2.1572e-08
1.01162
1.01238
0.355029
3.61783e-09
5.20003e-09
-0.010565
0.337375
0.327574
0.473722
-0.00917326
0.0304466
0.000698534
0.000584754
0.981158
0.92895
-0.00345131
-0.00606819
5.66554e-09
7.50515e-09
1.84396e-09
5.80252e-07
3.3134e-07
0.341709
0.000620451
0.000338835
-0.0119362
-0.0160637
0.264278
-5.5482e-08
-1.43467e-08
0.0876916
8.98091e-08
-7.74409e-08
1.00173
0.999604
1.00064
0.999431
0.999253
0.99976
0.999443
0.999978
0.999839
1.00003
1.00002
1.00002
1.00004
1.00001
1.00002
0.999999
1
0.999999
0.999998
1
1
1
1
1
1
1
1
1
1
1
1
1
1
1
1
1
1.68098e-06
7.03326e-07
-0.0124204
-4.08461e-07
-9.99339e-07
-0.0010294
-0.00142218
0.422158
1.01328
0.360266
-0.0128543
-0.0132218
1
1
1.01787
-0.00932727
-0.00389191
1.01195
0.999993
0.999996
0.999994
0.999991
1.00001
1
1.00004
1.00003
1
1.00003
0.999942
0.999981
0.999778
0.999835
0.999653
0.999591
1.00033
0.999926
1.00165
1.00107
1.00245
1.00225
1.00178
1.00268
0.997103
1.00047
0.987149
0.99428
0.964823
0.97743
0.932176
0.950943
0.879274
0.906926
0.80234
0.836861
0.690024
0.727552
0.427622
0.201808
0.33838
-3.84332e-08
-3.4162e-08
-1.62368e-07
0.0202866
0.997624
1.46707e-09
9.69445e-10
-0.00652443
-2.59228e-05
-1.48682e-07
0.763882
6.08363e-05
0.000619638
8.79512e-09
-8.9939e-08
1.00161
-0.0116946
1.00725
-1.08561e-07
-1.32301e-07
1.5178e-06
-0.00322862
3.33757e-09
0.506427
-5.6049e-09
3.85302e-09
5.4462e-07
1.01144
-0.000264883
-0.00233334
0.000359972
-3.13197e-08
0.70465
0.460538
-0.0155405
-1.81744e-05
1.00559
0.000592148
-0.00214727
8.37876e-05
0.000270347
2.74089e-05
-2.43345e-06
2.24851e-07
-1.06089e-06
-1.7255e-06
4.67173e-10
-2.76875e-08
-7.86493e-08
-1.33736e-07
1.01362
0.0700322
0.181221
0.957663
0.92776
0.552678
-8.48178e-06
-4.47032e-06
0.000206123
-0.00169484
-5.67391e-06
-5.068e-06
-6.20805e-06
-2.67454e-05
0.820437
-0.00891003
-0.0152987
1.1455e-09
3.82284e-07
-4.8421e-08
0.000391054
-0.0147561
-0.0127698
1.55245e-06
1.63999e-06
-0.00132126
-0.000364213
0.387795
0.20309
0.827453
3.5179e-08
4.35397e-07
-9.21357e-08
0.728687
4.34672e-09
0.0492095
0.147492
0.0201104
1.0133
-0.00632607
-0.00459302
-0.00179962
-0.00628716
0.0547869
1.00019
0.999396
0.999584
0.999613
0.99931
0.999904
0.999693
1.00002
0.999969
1.00003
1.00004
1.00001
1.00003
1
1.00001
0.999999
0.999999
1
0.999999
1
1
1
1
1
1
1
1
1
1
1
1
1
-4.95499e-08
-5.68288e-08
2.07724e-06
1.14173e-06
-0.00481518
-0.00451059
-0.0086409
3.67167e-09
0.493539
1.00967
1.015
0.597221
-2.36492e-05
0.462542
4.11829e-09
0.999994
0.999998
0.999993
0.999991
1
0.999994
1.00003
1.00003
1.00002
1.00004
0.999974
1.00001
0.999809
0.999881
0.999635
0.999628
1.00018
0.999851
1.00124
1.00072
1.00197
1.00169
1.00194
1.00246
0.999019
1.00145
0.992385
0.998098
0.973605
0.984455
0.94579
0.961748
0.896512
0.920152
0.822357
0.857892
-3.46477e-05
9.45048e-06
-2.19786e-05
0.443472
0.000661195
0.000473013
-8.75385e-08
-3.63046e-08
1.00356
1.0084
0.602038
9.18508e-08
-5.37739e-07
2.60626e-07
7.1266e-08
2.39078e-05
0.0875564
-0.0125939
-6.79131e-08
1.00221
-0.00288724
0.993516
1.00751
0.940191
0.878479
7.6384e-07
7.00701e-09
5.9482e-09
6.63528e-10
-2.56168e-05
0.0507072
0.0042414
0.000179567
0.000435417
0.000107438
-2.7286e-05
0.570643
0.599717
0.0127167
-9.41785e-08
-6.75761e-06
-7.38453e-06
0.000846641
0.000437763
1.685e-06
9.60059e-09
-8.62977e-08
-1.52108e-05
-1.089e-05
0.267838
0.418157
4.00399e-07
-9.74276e-06
-0.00674308
0.699227
-2.19822e-05
-2.71542e-05
-1.4743e-07
-0.00325102
-0.00644236
-0.0156892
0.00693835
-1.82064e-06
-2.70385e-06
-6.54153e-06
-2.76507e-06
-0.00164937
-5.00512e-05
6.90165e-09
8.39133e-07
1.64454e-06
0.000155547
0.00077526
-0.00880191
-0.00728399
-1.38428e-07
0.109751
0.0915899
0.241657
1.00112
0.999536
1.00028
0.999477
0.999281
0.999784
0.999499
0.99998
0.999852
1.00003
1.00002
1.00002
1.00004
1
1.00001
0.999997
0.999998
0.999997
0.999994
0.999999
0.999995
1
0.999997
1
0.999998
1
0.999999
0.999999
0.999996
0.999998
9.10161e-07
-0.0120027
-0.0117976
-0.0163864
0.98542
0.288061
0.225981
2.13448e-06
1.53234e-06
0.674913
1.01144
0.99959
-1.67431e-07
-7.15964e-08
-4.51904e-07
-1.30001e-06
0.541504
-5.54096e-08
-1.05787e-05
0.999993
0.999992
0.999998
0.999992
1.00003
1.00002
1.00003
1.00004
1
1.00003
0.999852
0.999927
0.99966
0.999668
1.00007
0.999793
1.00083
1.00038
1.0015
1.00117
1.00206
1.00224
1.00077
1.00253
0.997184
1.00179
0.980944
0.990645
0.956244
0.97013
0.906814
0.928222
-9.39917e-08
-1.20928e-08
-3.42999e-08
-1.0334e-08
1.01176
1.01455
-1.36226e-08
3.71965e-08
5.97624e-07
1.48539e-06
3.35615e-07
-0.0112274
-1.44126e-06
-0.0132099
0.162361
0.761641
1.00569
1.00419
1.01098
0.338375
6.57147e-07
0.000104179
0.512088
-5.15468e-08
0.665984
-0.0103635
-0.00503497
0.748755
9.99304e-08
1.55885e-06
-0.00880665
0.000295623
0.264643
0.120573
-3.05527e-05
-0.0147845
-0.000220983
-0.0027688
0.831209
-2.20796e-05
-1.8809e-05
0.526812
0.663601
-2.92176e-06
-4.00535e-06
0.927355
0.869073
-0.0092832
0.0360421
0.13615
-9.16699e-06
-1.00922e-05
-1.54306e-05
-1.60951e-05
-2.87521e-05
-1.32378e-05
-8.87699e-06
0.00053058
0.000458199
0.000577057
-1.22979e-06
-2.30172e-06
0.000220718
6.19806e-05
-0.0146868
-0.0151632
-1.6589e-05
1.1779e-06
1.65255e-06
6.99064e-07
1.0027
0.999965
1.0015
0.999395
0.999471
0.999641
0.999353
0.999908
0.999719
1.00002
0.999966
1.00002
1.00003
1.00001
1.00002
0.999994
0.999999
0.999991
0.999989
0.999992
0.999988
0.999993
0.999989
0.999993
0.999991
0.999992
0.999992
0.999992
-0.0133895
-0.0151186
0.0246538
1.13235e-06
9.5854e-07
1.61396e-06
0.000282444
0.341381
0.307951
0.49848
-4.53284e-06
-5.83384e-06
-7.65928e-08
-2.22658e-05
-3.51003e-05
0.570564
0.000952297
0.000902553
6.75081e-05
0.967891
0.999995
0.999991
1.00003
1.00001
1.00003
1.00004
1.00002
1.00004
0.999897
0.999978
0.999682
0.999711
0.999943
0.999723
1.00041
1.00003
1.00105
1.00066
1.00223
1.00211
1.00268
1.00388
1.00214
1.00572
0.987709
0.996664
0.963354
0.977997
0.671142
-0.0111867
-0.0151105
1.0082
0.989854
1.38738e-06
1.48557e-06
-3.5789e-06
1.0144
1.01543
1.16709e-05
0.416408
-0.00877094
-0.00358258
-0.000900648
0.0776624
0.0181798
1.11135e-06
8.38794e-07
-2.60382e-06
1.05074e-06
0.853444
0.838208
-0.0119075
-0.00482352
0.00155394
-0.016371
-0.0164474
0.905394
-5.72985e-06
0.000435969
-2.0442e-05
-2.18126e-05
0.223549
0.383495
-2.70465e-05
-2.88893e-05
0.762944
-1.25514e-05
-1.36462e-05
0.586383
0.370003
1.0069
1.00856
0.85759
0.910342
0.668478
-0.00598275
-2.10676e-05
-1.7843e-05
0.000456785
-9.27595e-05
0.000654375
-0.0137405
-0.0133787
-6.30058e-06
-8.17076e-06
1.37946e-05
0.000231028
-8.34849e-06
-1.05928e-05
-9.2919e-07
-2.78234e-05
1.00069
0.999442
0.999919
0.999496
0.999257
0.99981
0.999548
0.999989
0.999888
1.00003
1.00003
1.00002
1.00004
0.999998
1.00001
0.999991
0.999996
0.99999
0.99999
0.999992
0.999989
0.606827
0.572761
0.741564
0.000386721
0.000149794
-2.13944e-06
-0.0113034
-2.14642e-05
0.0383787
0.0165614
1.00002
1.00003
1.00003
1.00004
1.00006
0.999953
1.00004
0.999716
0.999772
0.999803
0.999651
0.999974
0.999683
1.00062
1.00014
1.0025
1.00204
1.00487
1.00537
1.00691
1.0097
0.993893
1.00187
0.972304
0.988121
-1.68707e-05
-1.80844e-05
0.920022
2.11936e-06
8.61362e-07
0.156875
1.01464
1.00319
1.00474
0.919355
-0.00413502
-0.00664669
0.680901
-0.0142289
8.20891e-05
-0.0061038
-0.00421901
-7.22317e-06
0.30163
-0.0138671
-0.00796815
-2.2705e-05
-2.49991e-05
1.73985e-06
-0.000940393
0.00943248
0.0806593
0.0546642
0.500717
0.646054
1.00001
-2.58627e-05
-3.65258e-05
-1.27097e-05
0.112263
0.999995
0.0710976
0.0588937
0.198554
-2.66107e-05
-2.83446e-05
0.994353
0.949441
0.803964
0.772312
-1.26028e-05
0.000163417
0.00101224
-0.000486741
2.20601e-06
-2.14129e-05
-2.30194e-05
0.000443429
0.00100405
0.89806
0.82256
0.93846
1.01005
1.01146
-0.015992
-0.0154883
0.000608698
0.000552481
4.56466e-05
-4.13878e-06
1.01449
1.008
0.787999
-0.0135325
0.999758
0.999404
0.999378
0.99968
0.999386
0.999938
0.999761
1.00004
1
1.00004
1.00006
1.00002
1.00005
1.00001
1.00003
1
1.00001
1.00002
0.999992
0.000276333
0.000567032
0.000191933
-2.49947e-05
-2.60935e-05
-1.90986e-06
-1.02901e-05
-6.34502e-07
-0.00499145
-0.0131126
0.199715
0.171017
1.00003
1.0075
-2.73243e-05
1.00006
1.00002
1.00008
0.999758
0.999839
0.999665
0.999592
0.999566
0.99936
1.00024
0.999707
1.0029
1.00221
1.00728
1.00722
1.01126
1.01338
0.997865
1.00539
0.976972
0.982778
-0.00230079
-0.00105868
-0.0019354
-0.00576335
1.0021
1.00594
1.00101
0.00737163
0.014228
-7.41086e-06
-0.0156818
1.01716
-2.57471e-05
0.43572
0.0372472
-0.00630495
1.00006
6.37103e-05
0.000360015
-7.76588e-06
-3.24643e-05
0.741593
-2.74128e-05
1.01376
1.01394
0.384246
-0.000665021
0.306067
0.46509
-2.4578e-05
0.923844
0.85151
-0.00443207
-0.0031016
0.167539
0.129252
-0.00868582
0.866914
0.847266
0.647953
0.699436
0.435297
0.00089427
-0.00130854
-0.0115692
-0.0102609
-2.50824e-05
0.969708
0.893587
-1.64649e-05
-2.83161e-05
1.01036
1.01678
0.990661
1.00405
0.99942
0.999557
0.999302
0.999864
0.999629
1.00003
0.999945
1.00008
1.00008
1.00007
1.0001
1.00006
-0.0150835
-2.01194e-05
-0.00774335
-0.010963
-0.0110762
-0.0165625
-0.0100787
1.17915e-05
0.299933
-3.76722e-06
0.123629
0.10223
0.279308
-2.57319e-06
2.98013e-05
6.60394e-05
0.000106801
0.00052652
6.74981e-06
6.00864e-05
4.19639e-05
0.904618
0.970427
0.622848
0.999797
0.999888
0.999535
0.999555
0.999208
0.999095
0.999956
0.999413
1.00367
1.00255
1.01031
1.00962
1.0153
1.01654
1.00102
0.98718
1.00901
3.77084e-05
0.000127144
6.29497e-05
-2.49355e-05
0.0162211
-0.00751969
0.717285
0.599365
0.83782
1.00044
1.00259
-1.44737e-05
-7.53231e-06
0.300527
0.999765
1.0001
1.00005
0.0573544
-0.00339546
0.00133091
0.000416626
0.000700598
0.000356743
-0.00735472
0.000583139
0.000913156
-0.00593001
-0.00211617
0.505847
1.50277e-05
1.00915
1.01069
0.563286
0.22086
0.446844
0.151714
0.000137357
0.000101394
0.000500847
-0.0151557
-0.00199132
0.778865
0.0288497
0.0414189
1.00008
1.01646
1.01498
0.000169673
0.999426
0.999732
0.999422
0.99997
0.99979
1.00007
1.00007
1
0.0328648
-0.00997382
0.999799
0.999883
-0.00262745
-0.00520412
0.0620457
0.0778461
-0.0129162
-0.0142714
-0.013021
1.00146
0.831265
0.999441
0.999508
0.999005
0.998968
1.00005
0.999511
1.00481
1.00364
1.01283
1.01186
1.01758
1.01593
0.000236393
0.99958
1.00044
1.01368
0.0724531
0.000252977
0.000546803
0.000528919
-0.0106428
0.936644
0.961861
1.0115
1.00049
0.000522797
-0.0131084
-0.0150124
0.999264
0.126407
1.00355
0.582373
-0.0132166
-0.0154046
0.000253928
-0.000936422
0.000667719
0.735531
0.535939
0.406368
0.000382894
0.222609
0.429868
0.164833
0.851805
0.000228746
0.189541
0.165319
0.37981
1.00648
0.00024061
0.000160647
1.00475
1.01276
1.01794
1.01322
0.000275246
2.41335e-05
0.000313111
0.0215168
0.108354
0.00034924
-0.00973817
-0.00445348
0.964258
0.976218
0.99929
0.000363087
0.999514
0.999168
0.9998
0.999737
0.999523
0.281556
0.744446
-0.00429928
0.224004
0.337645
0.266252
-0.0088569
0.000705649
0.000681785
0.998927
1.00049
0.999771
1.0066
1.00494
1.01575
1.01391
1.01642
1.01804
1.00945
0.000624135
0.0574145
0.0186367
0.000674297
1.00302
1.00772
0.999349
0.998944
0.999456
0.000619525
0.956086
0.00065777
0.000595729
0.000580504
0.731606
0.52593
0.847097
0.999397
0.999995
-0.011226
0.0162609
0.000723186
-0.00749809
-0.0121144
0.000537152
0.21251
-0.000116149
1.00168
1.00578
0.420256
-0.013385
0.000596386
0.900804
0.786857
0.000499647
0.133342
1.01526
0.995762
0.198865
0.3854
1.01589
1.01516
-0.00284684
-0.000399552
-0.00037282
1.01182
0.00672067
-0.0091305
0.999232
0.982878
0.999326
-0.0137814
-0.00751764
0.00014015
-0.000168767
0.58305
0.500175
0.366608
-0.015001
0.000357022
1.00823
1.01672
1.01482
1.01247
1.01341
0.991918
0.930979
0.147077
-0.00118709
-0.00088111
-0.00639558
0.999859
0.959376
0.00396081
1.00495
1.01052
0.0693398
-0.0022132
0.0461752
0.999959
1.00082
0.0569052
0.180693
0.999071
0.478538
-0.0142179
-0.0115009
0.536577
0.645969
0.611072
-0.00150817
-0.00364612
-0.0032087
0.732326
0.693073
0.974915
1.01427
0.947778
1.00633
1.00126
0.506509
0.370606
0.999074
1.00551
0.942314
0.908965
0.808672
0.984281
-0.00650443
-0.0131085
0.545246
0.722472
1.00358
1.01694
0.848815
1.00042
1.0109
0.783655
0.86512
-0.00561015
0.793468
0.702263
0.76815
0.441965
0.846723
0.689611
1.0099
-0.0103822
-0.00954714
-0.0134039
0.130373
1.01532
1.01487
1.00266
1.00835
1.00251
0.938531
0.998886
0.943275
1.00066
-0.00734419
1.01374
1.01609
-0.0103853
-0.0156116
-0.0105101
0.297724
0.513123
-0.000329899
0.0507046
0.330449
0.873344
0.0838665
0.867595
1.00687
1.00629
0.0239093
-0.0106103
-0.00984315
0.975029
1.01281
0.912694
0.993412
0.157393
0.427025
0.658062
0.34296
0.839762
1.01492
0.00901759
-0.00844297
0.985672
0.92777
1.004
1.0053
1.01283
1.01501
1.01165
0.829869
0.950641
0.975475
0.870678
1.01522
0.111154
0.268437
-0.01487
0.734485
1.01512
-0.0132559
-0.000653178
-0.0140267
-0.0131374
-0.0125058
-0.0138027
0.668879
0.138297
0.0653807
0.621939
0.683914
0.422993
-0.0123326
-0.0136788
0.60869
0.00583627
0.0436839
-0.00376185
1.00033
-0.0151457
0.019347
0.0945196
0.570646
0.950359
1.01082
0.746999
0.597101
0.759394
0.92923
0.287165
0.399551
0.992492
0.341055
-0.00767064
-0.00598733
0.0130585
0.26182
0.125815
0.88148
0.689347
0.346833
0.0260477
0.0854934
0.0132929
0.421034
0.802423
0.463842
0.0371193
0.165386
0.365902
0.958414
)
;

boundaryField
{
    frontAndBack
    {
        type            empty;
    }
    hot
    {
        type            fixedValue;
        value           uniform 1;
    }
    cold
    {
        type            fixedValue;
        value           uniform 0;
    }
    defaultFaces
    {
        type            zeroGradient;
    }
}


// ************************************************************************* //
