/*--------------------------------*- C++ -*----------------------------------*\
  =========                 |
  \\      /  F ield         | OpenFOAM: The Open Source CFD Toolbox
   \\    /   O peration     | Website:  https://openfoam.org
    \\  /    A nd           | Version:  7
     \\/     M anipulation  |
\*---------------------------------------------------------------------------*/
FoamFile
{
    version     2.0;
    format      ascii;
    class       volScalarField;
    location    "0.7";
    object      T;
}
// * * * * * * * * * * * * * * * * * * * * * * * * * * * * * * * * * * * * * //

dimensions      [0 0 0 1 0 0 0];

internalField   nonuniform List<scalar> 
10000
(
0.5
0.0669146
-0.0353169
-0.0277115
-0.00789976
0.00112931
0.00220711
0.000963794
3.88563e-05
-0.000206219
-0.000130475
-2.60559e-05
1.76156e-05
1.74837e-05
6.08561e-06
-9.06071e-07
-2.20759e-06
-1.13469e-06
-1.06163e-07
2.47859e-07
1.87024e-07
4.9395e-08
-2.13888e-08
-2.77866e-08
-1.17496e-08
4.15033e-10
3.66278e-09
2.25287e-09
3.9625e-10
-4.00521e-10
-3.77204e-10
-1.28469e-10
2.72484e-11
5.58408e-11
2.85469e-11
2.15683e-12
-7.08101e-12
-5.31098e-12
-1.40443e-12
6.25818e-13
7.86597e-13
2.87733e-13
-7.27888e-14
-1.35506e-13
-4.33215e-14
5.31533e-14
9.30937e-14
8.2481e-14
4.82707e-14
1.24503e-14
-1.37199e-14
-2.70375e-14
-2.89159e-14
-2.30628e-14
-1.38377e-14
-4.94517e-15
1.38012e-15
4.51271e-15
5.01029e-15
3.95397e-15
2.38274e-15
9.89072e-16
6.98733e-17
-3.68707e-16
-4.64037e-16
-3.7931e-16
-2.39959e-16
-1.16577e-16
-3.45812e-17
7.46251e-18
2.17266e-17
2.11191e-17
1.49963e-17
8.54429e-18
3.81007e-18
1.05151e-18
-2.12099e-19
-5.87849e-19
-5.4824e-19
-3.7837e-19
-2.1377e-19
-9.85896e-20
-3.3032e-20
-2.59867e-21
7.73704e-21
8.70579e-21
6.46682e-21
3.89508e-21
1.97859e-21
8.25448e-22
2.41584e-22
-6.44411e-25
-7.0703e-23
-6.98622e-23
-4.88463e-23
-2.83491e-23
-1.41372e-23
-5.95024e-24
-1.94891e-24
8.88544e-26
0.933085
0.5
0.14482
-0.0139075
-0.0411718
-0.0230289
-0.00507433
0.00215701
0.00250723
0.00101071
-9.38734e-08
-0.000255324
-0.000158213
-3.18213e-05
2.20241e-05
2.24005e-05
8.17946e-06
-9.48178e-07
-2.86443e-06
-1.56602e-06
-2.00131e-07
3.13491e-07
2.58847e-07
7.77035e-08
-2.39625e-08
-3.79444e-08
-1.77304e-08
-5.20297e-10
4.83208e-09
3.30976e-09
7.4725e-10
-4.8499e-10
-5.38959e-10
-2.10532e-10
2.14897e-11
7.682e-11
4.43026e-11
6.39043e-12
-8.90761e-12
-7.68347e-12
-2.34677e-12
7.22137e-13
1.04965e-12
2.75007e-13
-3.48345e-13
-4.81822e-13
-2.99193e-13
-4.86003e-14
1.3052e-13
2.06117e-13
1.99422e-13
1.45348e-13
7.56721e-14
1.3697e-14
-2.75464e-14
-4.51273e-14
-4.37423e-14
-3.16822e-14
-1.69355e-14
-4.81627e-15
2.55322e-15
5.45951e-15
5.36427e-15
3.86922e-15
2.14855e-15
8.11565e-16
2.00479e-17
-3.14609e-16
-3.63802e-16
-2.82506e-16
-1.72152e-16
-8.18253e-17
-2.49455e-17
3.07253e-18
1.23785e-17
1.22002e-17
8.67474e-18
4.98396e-18
2.30085e-18
7.38731e-19
7.80137e-21
-2.34006e-19
-2.44655e-19
-1.7718e-19
-1.04391e-19
-5.12487e-20
-1.98665e-20
-4.45975e-21
1.50829e-21
2.85077e-21
2.40753e-21
1.56531e-21
8.56247e-22
3.97402e-22
1.47929e-22
3.30943e-23
-9.06577e-24
-1.81033e-23
-1.51448e-23
-9.25823e-24
1.03532
0.85518
0.5
0.182448
0.00830364
-0.0419281
-0.032441
-0.0120093
3.84408e-05
0.00307766
0.00201936
0.000522644
-0.000189734
-0.000261936
-0.000118925
-6.07707e-06
2.86043e-05
2.02421e-05
5.19525e-06
-2.29056e-06
-2.95623e-06
-1.27806e-06
8.46554e-09
3.71768e-07
2.40892e-07
5.03709e-08
-3.68802e-08
-3.89006e-08
-1.47959e-08
1.67176e-09
5.45502e-09
3.1046e-09
4.35551e-10
-6.33152e-10
-5.48314e-10
-1.74363e-10
4.81032e-11
8.39713e-11
4.13425e-11
2.50389e-12
-1.02885e-11
-7.00891e-12
-1.04033e-12
1.71959e-12
1.45174e-12
1.6036e-13
-7.87589e-13
-1.05158e-12
-8.38588e-13
-4.47097e-13
-7.8649e-14
1.74432e-13
2.9173e-13
2.93885e-13
2.22548e-13
1.2395e-13
3.51273e-14
-2.37773e-14
-4.94722e-14
-4.9851e-14
-3.67537e-14
-2.0455e-14
-7.16331e-15
9.37653e-16
4.33372e-15
4.63879e-15
3.49419e-15
2.05065e-15
8.91598e-16
1.79186e-16
-1.50608e-16
-2.3551e-16
-2.01501e-16
-1.32123e-16
-6.9466e-17
-2.72767e-17
-4.60829e-18
4.59858e-18
6.44293e-18
5.21941e-18
3.31017e-18
1.72679e-18
7.12556e-19
1.80166e-19
-4.11939e-20
-9.86374e-20
-8.76309e-20
-5.85752e-20
-3.25439e-20
-1.51347e-20
-5.485e-21
-1.01721e-21
5.89306e-22
8.79021e-22
7.00184e-22
4.40207e-22
2.35133e-22
1.07172e-22
4.0128e-23
3.43999e-24
1.02771
1.01391
0.817552
0.5
0.206389
0.0268058
-0.0388677
-0.0384381
-0.0184166
-0.00302402
0.00284105
0.00282245
0.00118552
4.2633e-05
-0.000296282
-0.000211922
-6.02234e-05
1.88442e-05
2.95095e-05
1.43558e-05
1.17969e-06
-3.31264e-06
-2.541e-06
-7.3481e-07
2.46588e-07
3.7721e-07
1.7883e-07
8.57305e-09
-4.67553e-08
-3.36151e-08
-8.56672e-09
4.24368e-09
5.36574e-09
2.31176e-09
-5.86217e-11
-7.29437e-10
-4.6913e-10
-9.48928e-11
7.66692e-11
7.88235e-11
2.89834e-11
-4.33293e-12
-1.08355e-11
-4.57198e-12
1.74499e-12
3.81025e-12
2.71231e-12
7.00909e-13
-8.37524e-13
-1.53131e-12
-1.53732e-12
-1.14619e-12
-6.15997e-13
-1.31787e-13
2.00355e-13
3.50459e-13
3.48803e-13
2.57439e-13
1.39884e-13
4.06334e-14
-2.10042e-14
-4.58958e-14
-4.54359e-14
-3.28573e-14
-1.81605e-14
-6.67054e-15
1.28492e-16
2.96001e-15
3.30602e-15
2.52514e-15
1.51103e-15
6.94443e-16
1.88537e-16
-5.36806e-17
-1.27466e-16
-1.17965e-16
-8.10267e-17
-4.49743e-17
-1.96671e-17
-5.41605e-18
9.23418e-19
2.75575e-18
2.55736e-18
1.75147e-18
9.85005e-19
4.56129e-19
1.57907e-19
1.96677e-20
-2.82888e-20
-3.44392e-20
-2.61103e-20
-1.59171e-20
-8.20569e-21
-3.52476e-21
-1.12602e-21
-1.0471e-22
2.15829e-22
2.41166e-22
1.75994e-22
9.61217e-23
1.0079
1.04117
0.991696
0.793611
0.5
0.223365
0.042154
-0.0343031
-0.0421139
-0.0239644
-0.00647534
0.00197761
0.00332499
0.00186777
0.000400612
-0.000245072
-0.000285991
-0.000129611
-8.12739e-06
3.15022e-05
2.39228e-05
7.25577e-06
-1.97863e-06
-3.44893e-06
-1.76137e-06
-1.8454e-07
3.9124e-07
3.18273e-07
9.9371e-08
-2.70433e-08
-4.76357e-08
-2.40385e-08
-2.00431e-09
5.81838e-09
4.51226e-09
1.29325e-09
-4.82862e-10
-7.12646e-10
-3.34101e-10
-1.13139e-11
9.06025e-11
6.11409e-11
1.08833e-11
-1.27256e-11
-1.16266e-11
-2.12509e-12
4.86981e-12
6.75312e-12
5.21664e-12
2.54739e-12
1.71082e-13
-1.35635e-12
-1.98204e-12
-1.89048e-12
-1.36654e-12
-7.04642e-13
-1.33471e-13
2.27774e-13
3.67496e-13
3.44459e-13
2.40263e-13
1.23332e-13
3.31589e-14
-1.83498e-14
-3.6914e-14
-3.50414e-14
-2.45527e-14
-1.32955e-14
-4.92583e-15
-1.51519e-16
1.79105e-15
2.04656e-15
1.56848e-15
9.46025e-16
4.48224e-16
1.40074e-16
-1.00076e-17
-6.00022e-17
-6.01711e-17
-4.29564e-17
-2.47855e-17
-1.15844e-17
-3.89493e-18
-2.69813e-19
9.70822e-19
1.08082e-18
7.99307e-19
4.77827e-19
2.38893e-19
9.60448e-20
2.47844e-20
-3.7463e-21
-1.10421e-20
-9.89002e-21
-6.61049e-21
-3.69626e-21
-1.7616e-21
-6.87128e-22
-1.85569e-22
5.33618e-23
0.998871
1.02303
1.04193
0.973194
0.776635
0.5
0.236308
0.0551561
-0.0291433
-0.0442026
-0.0286476
-0.0100134
0.000663016
0.00351519
0.00249279
0.000838178
-0.000110139
-0.000325109
-0.00020245
-4.98925e-05
2.37007e-05
3.12705e-05
1.49634e-05
1.26022e-06
-3.52123e-06
-2.80623e-06
-8.96015e-07
2.13495e-07
4.11962e-07
2.18731e-07
2.69773e-08
-4.67859e-08
-3.99562e-08
-1.32134e-08
2.98635e-09
5.99814e-09
3.17805e-09
3.53641e-10
-7.14834e-10
-5.87773e-10
-1.80158e-10
5.47907e-11
8.70879e-11
3.52547e-11
-1.00846e-11
-2.33034e-11
-1.53182e-11
-2.51272e-12
6.25308e-12
9.38603e-12
8.52844e-12
5.74683e-12
2.57149e-12
-5.95093e-14
-1.69064e-12
-2.26748e-12
-2.03262e-12
-1.36915e-12
-6.38361e-13
-7.43583e-14
2.39644e-13
3.3329e-13
2.88437e-13
1.88287e-13
9.03523e-14
2.14231e-14
-1.47144e-14
-2.60937e-14
-2.35886e-14
-1.59776e-14
-8.45361e-15
-3.12416e-15
-1.90471e-16
9.73384e-16
1.13042e-15
8.66759e-16
5.25053e-16
2.54078e-16
8.67738e-17
4.32033e-18
-2.48885e-17
-2.74793e-17
-2.03835e-17
-1.21555e-17
-5.96884e-18
-2.25828e-18
-4.29937e-19
2.6536e-19
4.01622e-19
3.2493e-19
2.05902e-19
1.09431e-19
4.84342e-20
1.61549e-20
1.96266e-21
-2.7119e-21
-3.2362e-21
-2.41464e-21
-1.46628e-21
-6.51697e-22
0.997793
1.00507
1.03244
1.03887
0.957846
0.763692
0.5
0.246668
0.0663827
-0.0238073
-0.0451887
-0.0325522
-0.0134733
-0.000959178
0.00341734
0.00301639
0.00131432
9.733e-05
-0.000320961
-0.000268331
-0.000102053
5.40097e-06
3.42592e-05
2.29965e-05
6.2179e-06
-2.43292e-06
-3.56994e-06
-1.78399e-06
-1.83405e-07
4.05354e-07
3.37003e-07
1.12392e-07
-2.33431e-08
-4.99227e-08
-2.74116e-08
-3.83028e-09
5.63828e-09
5.0288e-09
1.74547e-09
-3.20435e-10
-7.3708e-10
-3.93482e-10
-3.42649e-11
1.00346e-10
7.48486e-11
9.69278e-12
-3.01342e-11
-3.63607e-11
-2.41887e-11
-8.44829e-12
3.45686e-12
9.77024e-12
1.12584e-11
9.4515e-12
5.9991e-12
2.36665e-12
-4.24638e-13
-1.94324e-12
-2.28748e-12
-1.865e-12
-1.14074e-12
-4.62665e-13
-1.88708e-15
2.19313e-13
2.61949e-13
2.0894e-13
1.27645e-13
5.71324e-14
1.15116e-14
-1.05001e-14
-1.64356e-14
-1.41621e-14
-9.28854e-15
-4.80768e-15
-1.76898e-15
-1.48675e-16
4.80023e-16
5.66882e-16
4.35016e-16
2.64507e-16
1.30216e-16
4.74546e-17
6.24188e-18
-9.08229e-18
-1.14052e-17
-8.82445e-18
-5.42946e-18
-2.77685e-18
-1.14045e-18
-3.03542e-19
3.97814e-20
1.31114e-19
1.19432e-19
8.05277e-20
4.52057e-20
2.15022e-20
8.27549e-21
2.02997e-21
-3.12913e-22
-1.05142e-21
0.999036
0.997843
1.01201
1.03844
1.0343
0.944844
0.753332
0.5
0.255249
0.0762288
-0.0184971
-0.0453946
-0.0357829
-0.0167686
-0.00277966
0.00306919
0.00341666
0.00179625
0.000362307
-0.000271062
-0.000319196
-0.000159502
-2.26983e-05
3.14482e-05
3.00039e-05
1.24139e-05
-5.01572e-08
-3.78026e-06
-2.69448e-06
-7.81473e-07
2.5829e-07
4.18758e-07
2.17163e-07
2.59549e-08
-4.75566e-08
-4.11123e-08
-1.4256e-08
2.54813e-09
6.08816e-09
3.43506e-09
5.21813e-10
-6.75499e-10
-6.01878e-10
-1.77864e-10
9.0541e-11
1.35501e-10
6.93516e-11
-4.05209e-12
-4.31802e-11
-4.95484e-11
-3.79327e-11
-2.07393e-11
-4.98163e-12
6.12924e-12
1.16501e-11
1.21989e-11
9.43265e-12
5.35432e-12
1.61805e-12
-8.70021e-13
-1.95801e-12
-1.98546e-12
-1.45664e-12
-8.01316e-13
-2.72905e-13
4.38764e-14
1.72656e-13
1.80512e-13
1.33465e-13
7.65998e-14
3.20153e-14
5.26702e-15
-6.65841e-15
-9.3446e-15
-7.70649e-15
-4.91004e-15
-2.49307e-15
-9.14875e-16
-9.59105e-17
2.16451e-16
2.61267e-16
2.01045e-16
1.22791e-16
6.13931e-17
2.35586e-17
4.52209e-18
-2.85306e-18
-4.33747e-18
-3.52668e-18
-2.23997e-18
-1.18767e-18
-5.19337e-19
-1.6588e-19
-1.20337e-20
3.66714e-20
3.99038e-20
2.89201e-20
1.71209e-20
8.72438e-21
2.8599e-21
0.999961
0.997493
0.999962
1.01842
1.04211
1.02914
0.933617
0.744751
0.5
0.262537
0.0849758
-0.0133115
-0.0450396
-0.0384394
-0.0198576
-0.00471768
0.00251112
0.00368607
0.00225945
0.000669094
-0.000176905
-0.000349474
-0.000217239
-5.89605e-05
2.2113e-05
3.47796e-05
1.91931e-05
3.57793e-06
-3.2318e-06
-3.45354e-06
-1.52336e-06
-4.80484e-08
4.29808e-07
3.22489e-07
9.90334e-08
-2.79455e-08
-5.00146e-08
-2.68089e-08
-3.6305e-09
5.60866e-09
4.99891e-09
1.7381e-09
-3.43916e-10
-7.70728e-10
-3.98672e-10
1.29762e-11
1.89581e-10
1.7351e-10
8.5343e-11
4.93625e-12
-4.17476e-11
-5.75257e-11
-5.27895e-11
-3.71811e-11
-1.83551e-11
-2.00605e-12
8.55112e-12
1.26321e-11
1.1652e-11
7.99139e-12
3.86733e-12
6.74423e-13
-1.11429e-12
-1.67905e-12
-1.48251e-12
-9.81253e-13
-4.83817e-13
-1.31454e-13
5.5769e-14
1.18332e-13
1.10674e-13
7.64512e-14
4.14349e-14
1.62147e-14
2.06656e-15
-3.78716e-15
-4.85126e-15
-3.84901e-15
-2.39119e-15
-1.195e-15
-4.38722e-16
-5.4969e-17
8.97256e-17
1.11671e-16
8.64148e-17
5.30859e-17
2.6939e-17
1.07941e-17
2.58161e-18
-7.17627e-19
-1.51648e-18
-1.31104e-18
-8.61543e-19
-4.72454e-19
-2.17437e-19
-7.8222e-20
-1.45812e-20
8.06285e-21
1.20235e-20
9.51968e-21
1.00021
0.998989
0.996922
1.00302
1.02396
1.0442
1.02381
0.923771
0.737463
0.5
0.268847
0.0928295
-0.00829713
-0.0442768
-0.0406094
-0.0227243
-0.00671456
0.00178129
0.00382595
0.00268654
0.001003
-4.24486e-05
-0.000355818
-0.000270828
-0.000101219
6.15712e-06
3.63676e-05
2.58328e-05
8.25193e-06
-1.80508e-06
-3.89323e-06
-2.32337e-06
-5.09072e-07
3.42816e-07
4.06028e-07
1.88695e-07
1.13186e-08
-4.98253e-08
-3.91121e-08
-1.25733e-08
3.06417e-09
5.97775e-09
3.18616e-09
2.97499e-10
-8.59138e-10
-7.31598e-10
-2.24755e-10
1.38864e-10
2.57534e-10
2.20026e-10
1.28892e-10
4.18934e-11
-2.02655e-11
-5.41377e-11
-6.28408e-11
-5.30656e-11
-3.3658e-11
-1.32591e-11
2.12479e-12
1.0204e-11
1.18247e-11
9.44818e-12
5.65071e-12
2.22725e-12
-2.18499e-14
-1.05882e-12
-1.2324e-12
-9.64916e-13
-5.79951e-13
-2.55485e-13
-5.01814e-14
4.67067e-14
7.1814e-14
6.12318e-14
3.98344e-14
2.04991e-14
7.53781e-15
6.87444e-16
-1.95434e-15
-2.32262e-15
-1.78232e-15
-1.08377e-15
-5.34915e-16
-1.97161e-16
-2.88079e-17
3.4298e-17
4.4571e-17
3.4807e-17
2.15427e-17
1.10943e-17
4.61513e-18
1.28059e-18
-1.0371e-19
-4.86617e-19
-4.55554e-19
-3.10953e-19
-1.76229e-19
-8.46947e-20
-3.37233e-20
-4.2391e-21
1.00013
1
0.997981
0.997159
1.00648
1.02865
1.04519
1.0185
0.915024
0.731153
0.5
0.274394
0.0999444
-0.00347339
-0.0432147
-0.0423674
-0.025367
-0.00872811
0.000913719
0.00384278
0.00306586
0.00135109
0.000126998
-0.000336704
-0.000316604
-0.000147094
-1.60181e-05
3.41025e-05
3.16251e-05
1.36644e-05
5.30393e-07
-3.87081e-06
-3.08009e-06
-1.09845e-06
1.40973e-07
4.45199e-07
2.83612e-07
6.9595e-08
-3.70609e-08
-4.83133e-08
-2.3312e-08
-1.73281e-09
5.9957e-09
4.74593e-09
1.3563e-09
-7.21628e-10
-1.12684e-09
-6.92187e-10
-1.58783e-10
1.69397e-10
2.83788e-10
2.67708e-10
1.93048e-10
1.0259e-10
2.12808e-11
-3.58147e-11
-6.28101e-11
-6.31512e-11
-4.67201e-11
-2.48632e-11
-6.1438e-12
5.43894e-12
9.8678e-12
9.33585e-12
6.49153e-12
3.3571e-12
9.95127e-13
-3.30617e-13
-8.12089e-13
-7.87956e-13
-5.56367e-13
-3.05633e-13
-1.19606e-13
-1.31625e-14
3.13627e-14
3.92174e-14
3.0955e-14
1.91057e-14
9.38596e-15
3.25716e-15
1.84573e-16
-9.24913e-16
-1.03421e-15
-7.71516e-16
-4.60863e-16
-2.25392e-16
-8.36856e-17
-1.40076e-17
1.20934e-17
1.67003e-17
1.32158e-17
8.25626e-18
4.31584e-18
1.85616e-18
5.74317e-19
2.58769e-20
-1.4206e-19
-1.4834e-19
-1.06146e-19
-5.59641e-20
1.00003
1.00026
0.999477
0.997178
0.998022
1.01001
1.03255
1.04539
1.01331
0.90717
0.725606
0.5
0.279329
0.106439
0.00115474
-0.041932
-0.0437761
-0.0277924
-0.0107283
-6.2262e-05
0.00374582
0.00339021
0.00170247
0.000325544
-0.000292008
-0.000351728
-0.000194215
-4.36511e-05
2.76072e-05
3.59343e-05
1.94425e-05
3.72373e-06
-3.28055e-06
-3.68832e-06
-1.77215e-06
-1.80259e-07
4.20077e-07
3.69803e-07
1.43152e-07
-9.6936e-09
-5.16299e-08
-3.44969e-08
-8.71892e-09
4.7227e-09
6.29939e-09
3.03238e-09
-1.48146e-11
-1.29867e-09
-1.26584e-09
-7.44192e-10
-2.3949e-10
9.09423e-11
2.55891e-10
2.99242e-10
2.59874e-10
1.73598e-10
7.59298e-11
-3.97155e-12
-5.06729e-11
-6.39573e-11
-5.39492e-11
-3.38214e-11
-1.41076e-11
-3.50006e-13
6.41506e-12
7.81364e-12
6.27288e-12
3.82955e-12
1.69081e-12
3.04779e-13
-3.58661e-13
-5.28345e-13
-4.46997e-13
-2.88549e-13
-1.45638e-13
-5.01141e-14
-2.59611e-16
1.80887e-14
1.95376e-14
1.44532e-14
8.51987e-15
4.01662e-15
1.32217e-15
3.28983e-17
-4.05199e-16
-4.3139e-16
-3.14333e-16
-1.85086e-16
-8.99668e-17
-3.37492e-17
-6.37555e-18
3.91865e-18
5.89803e-18
4.75237e-18
3.00295e-18
1.59397e-18
7.06569e-19
2.37564e-19
3.37027e-20
-5.15061e-20
0.999982
1.00016
1.00019
0.998814
0.996675
0.999337
1.01347
1.03578
1.04504
1.0083
0.900056
0.720671
0.5
0.283765
0.112406
0.00559006
-0.0404869
-0.0448875
-0.0300111
-0.0126941
-0.0011218
0.00354557
0.00365566
0.00204819
0.000547226
-0.000222631
-0.000374148
-0.000240368
-7.5744e-05
1.67653e-05
3.82309e-05
2.51857e-05
7.65635e-06
-2.05943e-06
-4.04895e-06
-2.47363e-06
-6.13007e-07
3.15662e-07
4.32373e-07
2.25657e-07
3.25661e-08
-4.6794e-08
-4.47361e-08
-1.78362e-08
1.61836e-09
7.46179e-09
5.39455e-09
1.69173e-09
-6.96471e-10
-1.48387e-09
-1.35112e-09
-9.09463e-10
-4.55607e-10
-8.63711e-11
1.6827e-10
2.96607e-10
3.07962e-10
2.36935e-10
1.31716e-10
3.50884e-11
-2.85988e-11
-5.51201e-11
-5.37063e-11
-3.80883e-11
-1.98539e-11
-5.66108e-12
2.47343e-12
5.43924e-12
5.21455e-12
3.65254e-12
1.96908e-12
7.22371e-13
1.6437e-14
-2.66998e-13
-3.01193e-13
-2.28658e-13
-1.364e-13
-6.34915e-14
-1.88878e-14
2.46668e-15
9.28304e-15
8.98167e-15
6.28971e-15
3.56216e-15
1.61974e-15
5.08762e-16
-1.51925e-18
-1.65621e-16
-1.69597e-16
-1.21229e-16
-7.0584e-17
-3.41944e-17
-1.2992e-17
-2.73344e-18
1.15447e-18
1.96903e-18
1.62467e-18
1.04033e-18
5.65868e-19
2.06113e-19
0.999983
1.00003
1.00026
0.999957
0.998132
0.996485
1.00096
1.01677
1.03844
1.04428
1.00347
0.893561
0.716235
0.5
0.287787
0.11792
0.00983944
-0.0389223
-0.0457452
-0.0320359
-0.0146108
-0.00224409
0.00325288
0.00386074
0.00238115
0.000786327
-0.00013018
-0.000382519
-0.00028358
-0.000111168
1.68152e-06
3.81078e-05
3.04962e-05
1.21583e-05
-1.87643e-07
-4.0765e-06
-3.1394e-06
-1.1381e-06
1.23395e-07
4.57313e-07
3.09187e-07
8.85581e-08
-3.20491e-08
-5.26377e-08
-2.91294e-08
-4.31334e-09
7.16715e-09
7.87739e-09
4.45308e-09
1.18189e-09
-6.63766e-10
-1.34622e-09
-1.39541e-09
-1.14383e-09
-7.51903e-10
-3.27715e-10
2.95708e-11
2.50818e-10
3.21346e-10
2.76744e-10
1.76008e-10
7.26059e-11
-1.89355e-12
-3.92395e-11
-4.6683e-11
-3.71886e-11
-2.2359e-11
-9.37178e-12
-1.00201e-12
2.8917e-12
3.72055e-12
3.01357e-12
1.87593e-12
8.93198e-13
2.56781e-13
-5.99767e-14
-1.62244e-13
-1.53907e-13
-1.06916e-13
-5.94346e-14
-2.5575e-14
-6.40043e-15
2.04968e-15
4.33235e-15
3.84645e-15
2.57089e-15
1.40635e-15
6.19793e-16
1.87027e-16
-4.80786e-18
-6.35762e-17
-6.31703e-17
-4.44728e-17
-2.56776e-17
-1.24281e-17
-4.79179e-18
-1.10958e-18
3.02117e-19
6.18909e-19
5.29994e-19
0.999994
0.999978
1.00012
1.0003
0.999599
0.997507
0.996583
1.00278
1.01986
1.04061
1.04321
0.998845
0.887594
0.712213
0.5
0.291459
0.123039
0.0139117
-0.0372711
-0.0463857
-0.0338802
-0.0164687
-0.00341188
0.00287833
0.00400571
0.00269582
0.00103755
-1.67195e-05
-0.000376094
-0.000322165
-0.000148743
-1.7363e-05
3.52843e-05
3.50018e-05
1.70249e-05
2.31414e-06
-3.70412e-06
-3.70434e-06
-1.72727e-06
-1.58347e-07
4.32899e-07
3.85386e-07
1.56431e-07
-5.54397e-09
-5.61921e-08
-4.21951e-08
-1.42257e-08
3.59058e-09
8.85052e-09
7.30857e-09
4.12684e-09
1.56753e-09
-4.22177e-11
-9.5647e-10
-1.3691e-09
-1.36651e-09
-1.04998e-09
-5.81835e-10
-1.36713e-10
1.66728e-10
2.95331e-10
2.8467e-10
1.99902e-10
1.00669e-10
2.32543e-11
-2.05452e-11
-3.52886e-11
-3.21002e-11
-2.16582e-11
-1.10283e-11
-3.40716e-12
7.22016e-13
2.20004e-12
2.1682e-12
1.54142e-12
8.62503e-13
3.6015e-13
7.0383e-14
-5.59985e-14
-8.56596e-14
-7.16908e-14
-4.62144e-14
-2.4102e-14
-9.59852e-15
-1.93188e-15
1.18317e-15
1.86645e-15
1.54676e-15
9.93529e-16
5.27465e-16
2.26369e-16
6.61214e-17
-2.78557e-18
-2.30449e-17
-2.23919e-17
-1.55827e-17
-8.94551e-18
-4.33204e-18
-1.72527e-18
-1.97986e-19
1
0.999978
1.00001
1.00021
1.00025
0.999162
0.996984
0.996931
1.00472
1.02272
1.04237
1.04193
0.99441
0.88208
0.708541
0.5
0.294834
0.127814
0.0178165
-0.035558
-0.0468395
-0.0355575
-0.0182615
-0.00461091
0.00243196
0.00409206
0.00298801
0.00129613
0.000115423
-0.000354624
-0.00035473
-0.000187304
-3.9954e-05
2.95995e-05
3.83717e-05
2.20315e-05
5.3899e-06
-2.88662e-06
-4.10663e-06
-2.34622e-06
-5.25097e-07
3.49988e-07
4.45954e-07
2.34118e-07
3.53623e-08
-5.16963e-08
-5.48468e-08
-2.81612e-08
-4.97414e-09
5.93324e-09
8.05595e-09
6.61891e-09
4.52991e-09
2.61714e-09
9.4959e-10
-3.92624e-10
-1.23745e-09
-1.49888e-09
-1.27537e-09
-7.95974e-10
-2.98895e-10
6.10303e-11
2.36974e-10
2.61667e-10
2.00656e-10
1.14723e-10
4.19743e-11
-3.21608e-12
-2.25338e-11
-2.46295e-11
-1.85834e-11
-1.08128e-11
-4.57539e-12
-7.754e-13
9.42883e-13
1.34125e-12
1.11205e-12
7.09816e-13
3.59188e-13
1.29276e-13
9.99799e-15
-3.49671e-14
-4.05832e-14
-3.08378e-14
-1.86423e-14
-9.17098e-15
-3.38061e-15
-5.05048e-16
5.72324e-16
7.50524e-16
5.87947e-16
3.65056e-16
1.88913e-16
7.9309e-17
2.26074e-17
-1.16107e-18
-7.92347e-18
-7.58147e-18
-5.2574e-18
-2.65797e-18
1
0.999992
0.999971
1.00006
1.00029
1.00011
0.998686
0.996583
0.997489
1.00671
1.02537
1.04378
1.04049
0.990161
0.876961
0.705166
0.5
0.297951
0.132283
0.0215636
-0.0338022
-0.0471324
-0.0370806
-0.0199854
-0.00582946
0.00192307
0.00412207
0.00325471
0.00155785
0.0002638
-0.000318255
-0.000380175
-0.000225738
-6.55834e-05
2.10024e-05
4.03262e-05
2.69476e-05
8.95483e-06
-1.60107e-06
-4.29159e-06
-2.95812e-06
-9.68361e-07
2.00754e-07
4.81522e-07
3.18314e-07
9.35964e-08
-3.3364e-08
-6.18103e-08
-4.3173e-08
-1.81766e-08
-2.46743e-09
4.12715e-09
6.01198e-09
6.13147e-09
5.39762e-09
3.94709e-09
2.05764e-09
2.53509e-10
-9.91484e-10
-1.4949e-09
-1.37994e-09
-9.30962e-10
-4.27269e-10
-4.45307e-11
1.60996e-10
2.1614e-10
1.81479e-10
1.14375e-10
5.1947e-11
9.86804e-12
-1.09963e-11
-1.66693e-11
-1.43005e-11
-9.30181e-12
-4.68747e-12
-1.56187e-12
7.81759e-14
6.73751e-13
7.02817e-13
5.13059e-13
2.98245e-13
1.36697e-13
4.09764e-14
-3.85069e-15
-1.80271e-14
-1.76033e-14
-1.23762e-14
-7.07409e-15
-3.29766e-15
-1.12436e-15
-1.05199e-16
2.46522e-16
2.84101e-16
2.12449e-16
1.28149e-16
6.48959e-17
2.67685e-17
7.49823e-18
-3.16488e-19
-3.09225e-18
1
1
0.99998
0.999981
1.00013
1.00033
0.999903
0.998204
0.996314
0.998219
1.00873
1.02779
1.04489
1.03892
0.986088
0.872186
0.702049
0.5
0.300845
0.136483
0.0251626
-0.0320184
-0.0472861
-0.0384617
-0.0216386
-0.00705794
0.0013602
0.00409858
0.0034938
0.00181902
0.00042595
-0.000267441
-0.000397668
-0.000263019
-9.36834e-05
9.53675e-06
4.06419e-05
3.15478e-05
1.29033e-05
1.55134e-07
-4.21311e-06
-3.52573e-06
-1.47745e-06
-2.32459e-08
4.79069e-07
4.01349e-07
1.69414e-07
4.72515e-09
-5.51769e-08
-5.2321e-08
-3.16113e-08
-1.48143e-08
-5.3212e-09
-1.39911e-11
3.55746e-09
5.79312e-09
6.31417e-09
5.16651e-09
3.04766e-09
8.81837e-10
-6.58399e-10
-1.35273e-09
-1.35182e-09
-9.70302e-10
-5.02741e-10
-1.3081e-10
8.38053e-11
1.59951e-10
1.49366e-10
1.02585e-10
5.34443e-11
1.75869e-11
-2.23326e-12
-9.65517e-12
-9.88504e-12
-7.17735e-12
-4.10097e-12
-1.77222e-12
-4.00566e-13
2.16952e-13
3.78448e-13
3.27935e-13
2.16324e-13
1.15564e-13
4.78402e-14
1.11509e-14
-4.33339e-15
-8.19912e-15
-7.08863e-15
-4.67328e-15
-2.54242e-15
-1.1275e-15
-3.55113e-16
-1.16275e-17
9.73334e-17
1.01928e-16
7.33279e-17
4.31353e-17
2.16926e-17
6.54393e-18
1
1
0.999995
0.99997
1.00001
1.0002
1.00032
0.999638
0.997741
0.996174
0.999086
1.01073
1.03001
1.04575
1.03727
0.982184
0.867717
0.699155
0.5
0.303542
0.14044
0.0286225
-0.0302183
-0.0473191
-0.0397121
-0.0232206
-0.00828853
0.000751047
0.00402473
0.00370393
0.00207651
0.00059947
-0.000202868
-0.000406619
-0.000298224
-0.000123655
-4.67367e-06
3.91531e-05
3.56216e-05
1.71176e-05
2.36903e-06
-3.83169e-06
-4.01011e-06
-2.03839e-06
-3.30961e-07
4.20138e-07
4.67366e-07
2.5534e-07
6.36232e-08
-2.81582e-08
-4.65091e-08
-3.67086e-08
-2.48606e-08
-1.70837e-08
-1.1097e-08
-4.8581e-09
1.16999e-09
5.40773e-09
6.9123e-09
5.98572e-09
3.74936e-09
1.40109e-09
-2.91853e-10
-1.10759e-09
-1.21175e-09
-9.20664e-10
-5.20537e-10
-1.86428e-10
1.84378e-11
1.0436e-10
1.12285e-10
8.39969e-11
4.85208e-11
2.03366e-11
3.29466e-12
-4.34672e-12
-6.07384e-12
-5.01016e-12
-3.18996e-12
-1.61184e-12
-5.79306e-13
-4.40613e-14
1.57742e-13
1.83005e-13
1.39244e-13
8.43671e-14
4.1648e-14
1.54511e-14
2.38461e-15
-2.54948e-15
-3.39545e-15
-2.67763e-15
-1.67188e-15
-8.70513e-16
-3.68568e-16
-1.07055e-16
3.6355e-18
3.58358e-17
3.48802e-17
2.29013e-17
1
1
1
0.999986
0.999968
1.00005
1.00027
1.00027
0.999331
0.997313
0.996157
1.00006
1.01269
1.03204
1.04639
1.03556
0.978436
0.863517
0.696458
0.5
0.306067
0.144179
0.0319521
-0.0284107
-0.0472471
-0.0408424
-0.0247318
-0.00951485
0.000102559
0.00390383
0.00388439
0.00232765
0.000782064
-0.000125388
-0.000406656
-0.00033054
-0.000154893
-2.14423e-05
3.57477e-05
3.89776e-05
2.1474e-05
5.01743e-06
-3.10969e-06
-4.36527e-06
-2.62778e-06
-7.26321e-07
2.83839e-07
4.91699e-07
3.32106e-07
1.33283e-07
1.82543e-08
-2.00243e-08
-2.42094e-08
-2.28451e-08
-2.32071e-08
-2.23261e-08
-1.73797e-08
-9.21555e-09
-9.08247e-10
4.8185e-09
6.9889e-09
6.26804e-09
4.08022e-09
1.748e-09
4.82763e-11
-8.13472e-10
-1.00021e-09
-8.05324e-10
-4.88613e-10
-2.09126e-10
-2.80171e-11
5.7324e-11
7.6911e-11
6.32701e-11
3.99249e-11
1.94138e-11
5.94866e-12
-8.86257e-13
-3.20905e-12
-3.16015e-12
-2.24452e-12
-1.27602e-12
-5.68223e-13
-1.57834e-13
2.93484e-14
8.4918e-14
7.93022e-14
5.46148e-14
3.07265e-14
1.40566e-14
4.60671e-15
2.51569e-16
-1.19901e-15
-1.30426e-15
-9.56451e-16
-5.70014e-16
-2.85416e-16
-1.15647e-16
-3.18378e-17
9.9489e-18
1
1
1
0.999999
0.999976
0.999976
1.0001
1.00032
1.00018
0.998997
0.996934
0.996254
1.00112
1.01461
1.03388
1.04684
1.0338
0.974837
0.85956
0.693933
0.5
0.308436
0.147722
0.0351593
-0.0266028
-0.0470838
-0.0418621
-0.0261733
-0.0107318
-0.000579061
0.00373921
0.00403491
0.00257022
0.000971578
-3.59663e-05
-0.000397592
-0.000359271
-0.000186804
-4.05376e-05
3.03595e-05
4.14426e-05
2.58445e-05
8.06811e-06
-2.00865e-06
-4.53193e-06
-3.20278e-06
-1.19633e-06
5.76966e-08
4.47954e-07
3.70628e-07
1.89713e-07
6.91215e-08
2.20211e-08
9.01149e-09
-4.24889e-10
-1.35542e-08
-2.46499e-08
-2.77715e-08
-2.2394e-08
-1.23898e-08
-2.55789e-09
3.98955e-09
6.52719e-09
6.02566e-09
4.04462e-09
1.8987e-09
3.15001e-10
-5.23696e-10
-7.62302e-10
-6.54508e-10
-4.22653e-10
-2.03925e-10
-5.44064e-11
2.2634e-11
4.74636e-11
4.39619e-11
3.01906e-11
1.63692e-11
6.51023e-12
9.92789e-13
-1.31483e-12
-1.77694e-12
-1.43661e-12
-9.0746e-13
-4.64457e-13
-1.79509e-13
-3.13966e-14
2.72875e-14
3.89001e-14
3.15016e-14
2.00082e-14
1.05314e-14
4.4677e-15
1.26232e-15
-1.03911e-16
-4.95413e-16
-4.70464e-16
-3.25047e-16
-1.87704e-16
-7.38083e-17
1
1
1
1
0.999993
0.999969
0.999995
1.00016
1.00035
1.00004
0.998649
0.99661
0.996454
1.00224
1.01647
1.03556
1.04713
1.03202
0.971377
0.855821
0.691564
0.5
0.310668
0.151087
0.0382517
-0.0248
-0.0468406
-0.0427801
-0.0275469
-0.0119352
-0.00128828
0.0035342
0.00415565
0.00280238
0.00116602
6.43614e-05
-0.000379392
-0.000383832
-0.00021882
-6.16989e-05
2.29551e-05
4.28527e-05
3.00872e-05
1.14705e-05
-4.96268e-07
-4.43866e-06
-3.69444e-06
-1.69754e-06
-2.45409e-07
3.24167e-07
3.43878e-07
2.00741e-07
9.52913e-08
5.88986e-08
5.28394e-08
4.20662e-08
1.83642e-08
-8.52098e-09
-2.67502e-08
-3.14507e-08
-2.52087e-08
-1.41165e-08
-3.7225e-09
2.99828e-09
5.65116e-09
5.37684e-09
3.71266e-09
1.86791e-09
4.84768e-10
-2.77316e-10
-5.35748e-10
-4.96585e-10
-3.40299e-10
-1.79743e-10
-6.38173e-11
4.90779e-13
2.56232e-11
2.81153e-11
2.11315e-11
1.25469e-11
5.83005e-12
1.73501e-12
-2.26592e-13
-8.56738e-13
-8.33117e-13
-5.87398e-13
-3.358e-13
-1.54898e-13
-5.02056e-14
-1.28387e-15
1.50327e-14
1.59596e-14
1.16427e-14
6.90604e-15
3.41889e-15
1.34314e-15
3.13879e-16
-9.149e-17
-1.86167e-16
-1.59376e-16
1
1
1
1
1
0.999985
0.999966
1.00002
1.00022
1.00036
0.999873
0.998298
0.996344
0.996747
1.00341
1.01826
1.03708
1.04729
1.03022
0.968048
0.852278
0.689332
0.5
0.312776
0.154289
0.0412361
-0.0230068
-0.0465277
-0.0436044
-0.0288545
-0.0131217
-0.0020202
0.00329202
0.00424703
0.00302265
0.00136355
0.000174526
-0.00035215
-0.000403737
-0.000250402
-8.46452e-05
1.3526e-05
4.30419e-05
3.40306e-05
1.51346e-05
1.43103e-06
-4.01951e-06
-4.01522e-06
-2.15175e-06
-5.72887e-07
1.4273e-07
2.47181e-07
1.42351e-07
6.32926e-08
5.73429e-08
8.14826e-08
8.9867e-08
6.86236e-08
3.01154e-08
-6.19663e-09
-2.77325e-08
-3.24829e-08
-2.56559e-08
-1.44558e-08
-4.39187e-09
1.97982e-09
4.5514e-09
4.48849e-09
3.18864e-09
1.69795e-09
5.5796e-10
-9.3978e-11
-3.44804e-10
-3.52528e-10
-2.56686e-10
-1.46079e-10
-6.13509e-11
-1.11907e-11
1.11325e-11
1.63984e-11
1.3725e-11
8.87011e-12
4.60981e-12
1.78763e-12
2.88969e-13
-3.13009e-13
-4.30109e-13
-3.47004e-13
-2.19953e-13
-1.1487e-13
-4.7476e-14
-1.19773e-14
2.86301e-15
6.74997e-15
6.01943e-15
4.04639e-15
2.26164e-15
1.05615e-15
3.90463e-16
1.01988e-17
1
1
1
1
1
0.999999
0.999977
0.999969
1.00006
1.00027
1.00034
0.999674
0.997952
0.996139
0.997122
1.00461
1.01999
1.03846
1.04732
1.02841
0.964841
0.848913
0.687224
0.5
0.314771
0.157342
0.0441189
-0.0212264
-0.0461536
-0.0443425
-0.0300982
-0.0142888
-0.00277045
0.00301579
0.00430971
0.00322984
0.00156252
0.000293453
-0.000316052
-0.000418581
-0.000281029
-0.000109067
2.09464e-06
4.18433e-05
3.74627e-05
1.89055e-05
3.71285e-06
-3.25125e-06
-4.08937e-06
-2.46293e-06
-8.33963e-07
-2.78377e-08
1.18224e-07
2.09661e-08
-4.52476e-08
-1.50895e-08
5.9833e-08
1.14081e-07
1.19129e-07
8.42831e-08
3.53953e-08
-5.05853e-09
-2.68361e-08
-3.09267e-08
-2.41007e-08
-1.36722e-08
-4.60205e-09
1.06627e-09
3.41657e-09
3.52477e-09
2.58048e-09
1.44329e-09
5.52306e-10
2.4185e-11
-1.99694e-10
-2.34107e-10
-1.82125e-10
-1.10745e-10
-5.22367e-11
-1.54261e-11
2.63267e-12
8.52549e-12
8.25536e-12
5.82603e-12
3.31966e-12
1.50491e-12
4.52622e-13
-3.424e-14
-1.88255e-13
-1.85716e-13
-1.31727e-13
-7.6369e-14
-3.6581e-14
-1.33507e-14
-2.15697e-15
1.97105e-15
2.68063e-15
2.11987e-15
1.34292e-15
6.01478e-16
1
1
1
1
1
1
0.999994
0.99997
0.999978
1.0001
1.00032
1.00029
0.999453
0.997619
0.995994
0.997568
1.00583
1.02164
1.03971
1.04725
1.0266
0.961748
0.845711
0.685229
0.5
0.316664
0.160259
0.0469061
-0.0194615
-0.0457261
-0.045001
-0.0312804
-0.0154344
-0.0035352
0.00270846
0.00434452
0.00342304
0.00176143
0.000420079
-0.000271351
-0.000428012
-0.000310174
-0.000134595
-1.12517e-05
3.91186e-05
4.01449e-05
2.25554e-05
6.19381e-06
-2.19978e-06
-3.90335e-06
-2.5605e-06
-9.27748e-07
-8.28852e-08
4.32509e-08
-1.09406e-07
-2.11931e-07
-1.69574e-07
-4.11378e-08
8.05202e-08
1.40382e-07
1.34357e-07
8.89897e-08
3.58442e-08
-4.14711e-09
-2.41627e-08
-2.74279e-08
-2.11776e-08
-1.21241e-08
-4.43166e-09
3.46417e-10
2.3893e-09
2.61381e-09
1.97766e-09
1.15635e-09
4.93673e-10
8.68096e-11
-9.96848e-11
-1.44926e-10
-1.2181e-10
-7.88899e-11
-4.0686e-11
-1.51547e-11
-1.59642e-12
3.72414e-12
4.56018e-12
3.5641e-12
2.21036e-12
1.12053e-12
4.33711e-13
8.06427e-14
-5.9109e-14
-8.79371e-14
-7.20845e-14
-4.6312e-14
-2.4809e-14
-1.08958e-14
-3.41369e-15
-1.13149e-16
9.19457e-16
1.00161e-15
1
1
1
1
1
1
1
0.999988
0.999965
0.999994
1.00015
1.00035
1.00022
0.999214
0.997304
0.995908
0.998077
1.00706
1.02322
1.04084
1.04708
1.0248
0.958764
0.842658
0.683336
0.5
0.318465
0.16305
0.0496032
-0.0177142
-0.0452515
-0.0455862
-0.0324034
-0.016557
-0.00431104
0.00237282
0.0043524
0.00360151
0.0019589
0.000553349
-0.000218367
-0.000431725
-0.000337278
-0.000160763
-2.63014e-05
3.48248e-05
4.18702e-05
2.58169e-05
8.6245e-06
-1.05039e-06
-3.55766e-06
-2.45886e-06
-7.97059e-07
7.98482e-08
1.37898e-07
-1.48196e-07
-3.69465e-07
-3.77268e-07
-2.25034e-07
-3.45838e-08
1.01596e-07
1.52601e-07
1.35246e-07
8.50385e-08
3.32237e-08
-3.09465e-09
-2.03097e-08
-2.28505e-08
-1.75661e-08
-1.01744e-08
-3.98802e-09
-1.46938e-10
1.55023e-09
1.83464e-09
1.44062e-09
8.78186e-10
4.07953e-10
1.08871e-10
-3.74945e-11
-8.29116e-11
-7.68141e-11
-5.30459e-11
-2.9479e-11
-1.26951e-11
-3.14447e-12
1.10203e-12
2.26725e-12
2.02661e-12
1.37088e-12
7.61627e-13
3.42658e-13
1.073e-13
8.68929e-17
-3.44761e-14
-3.562e-14
-2.575e-14
-1.52488e-14
-7.58612e-15
-3.0932e-15
-3.57855e-16
1
1
1
1
1
1
1
1
0.999981
0.999964
1.00002
1.00019
1.00037
1.00013
0.998962
0.997012
0.995878
0.99864
1.00829
1.02473
1.04186
1.04684
1.02301
0.955881
0.839741
0.681535
0.5
0.32018
0.165724
0.0522152
-0.015986
-0.0447357
-0.0461036
-0.0334697
-0.0176553
-0.00509497
0.00201153
0.00433437
0.00376472
0.00215367
0.000692179
-0.000157516
-0.000429489
-0.000361766
-0.000186979
-4.2656e-05
2.91074e-05
4.25669e-05
2.8474e-05
1.072e-05
-9.03624e-08
-3.28858e-06
-2.30725e-06
-4.90945e-07
5.00319e-07
5.01079e-07
2.47275e-08
-4.09885e-07
-5.63145e-07
-4.55693e-07
-2.28003e-07
-1.4825e-08
1.13302e-07
1.49936e-07
1.24926e-07
7.55001e-08
2.89815e-08
-1.92024e-09
-1.60082e-08
-1.80007e-08
-1.38435e-08
-8.13054e-09
-3.38665e-09
-4.28536e-10
9.23482e-10
1.22003e-09
1.00005e-09
6.34841e-10
3.15919e-10
1.05597e-10
-3.3423e-12
-4.30092e-11
-4.5574e-11
-3.37536e-11
-2.00633e-11
-9.59145e-12
-3.23692e-12
-1.31653e-13
9.65146e-13
1.06236e-12
7.93816e-13
4.79759e-13
2.4061e-13
9.46197e-14
2.07992e-14
-8.59123e-15
-1.53721e-14
-1.30623e-14
-8.65181e-15
-4.08384e-15
1
1
1
1
1
1
1
1
0.999996
0.999974
0.999966
1.00004
1.00024
1.00038
1.00002
0.998704
0.996745
0.995901
0.999249
1.00951
1.02617
1.04278
1.04653
1.02123
0.953094
0.83695
0.67982
0.5
0.321818
0.168292
0.0547468
-0.0142781
-0.0441837
-0.0465584
-0.0344816
-0.0187285
-0.0058843
0.00162709
0.00429152
0.00391224
0.00234451
0.000835399
-8.93893e-05
-0.000421232
-0.000383116
-0.000212568
-5.97116e-05
2.23778e-05
4.24185e-05
3.04973e-05
1.22822e-05
3.76717e-07
-3.42983e-06
-2.39714e-06
-2.06193e-07
1.09701e-06
1.15452e-06
4.99635e-07
-2.16546e-07
-6.19963e-07
-6.56683e-07
-4.60066e-07
-2.0039e-07
4.96183e-09
1.13105e-07
1.35722e-07
1.07744e-07
6.32432e-08
2.41447e-08
-7.95971e-10
-1.18782e-08
-1.34755e-08
-1.04152e-08
-6.21486e-09
-2.73172e-09
-5.42057e-10
4.9322e-10
7.68121e-10
6.62717e-10
4.38219e-10
2.31266e-10
8.94882e-11
1.22208e-11
-1.93427e-11
-2.52975e-11
-2.03393e-11
-1.29021e-11
-6.70213e-12
-2.69209e-12
-5.74109e-13
2.98294e-13
5.03448e-13
4.28152e-13
2.82071e-13
1.54754e-13
7.00077e-14
2.322e-14
1.90512e-15
-5.18745e-15
-6.1545e-15
1
1
1
1
1
1
1
1
1
0.999992
0.999968
0.999972
1.00008
1.00028
1.00038
0.999885
0.998442
0.996506
0.995975
0.999897
1.01073
1.02755
1.0436
1.04615
1.01946
0.950397
0.834276
0.678182
0.5
0.323384
0.170759
0.0572023
-0.0125914
-0.0436001
-0.0469553
-0.0354415
-0.0197759
-0.00667665
0.00122188
0.00422501
0.00404378
0.00253022
0.000981689
-1.48656e-05
-0.000407198
-0.000401032
-0.000236908
-7.67379e-05
1.53142e-05
4.19429e-05
3.21797e-05
1.33576e-05
1.78212e-07
-4.30253e-06
-3.10249e-06
-2.77377e-07
1.63828e-06
1.99218e-06
1.28111e-06
2.87655e-07
-4.41807e-07
-7.28722e-07
-6.58577e-07
-4.15566e-07
-1.60638e-07
1.85092e-08
1.03041e-07
1.14781e-07
8.7775e-08
5.04755e-08
1.93685e-08
1.15004e-10
-8.31907e-09
-9.62314e-09
-7.5081e-09
-4.55945e-09
-2.10294e-09
-5.4108e-10
2.22401e-10
4.56549e-10
4.19604e-10
2.89522e-10
1.60994e-10
6.92422e-11
1.68286e-11
-6.56608e-12
-1.29836e-11
-1.15912e-11
-7.86569e-12
-4.38964e-12
-1.98417e-12
-6.23131e-13
1.94996e-15
2.05626e-13
2.1323e-13
1.55087e-13
9.24759e-14
4.63514e-14
1.90642e-14
2.2699e-15
1
1
1
1
1
1
1
1
1
1
0.999986
0.999964
0.999983
1.00011
1.00032
1.00035
0.999736
0.998181
0.996296
0.996096
1.00058
1.01194
1.02885
1.04434
1.04573
1.01771
0.947785
0.831708
0.676616
0.5
0.324883
0.173133
0.0595859
-0.0109264
-0.0429886
-0.0472987
-0.0363517
-0.0207973
-0.00746982
0.000798294
0.00413616
0.00415925
0.0027097
0.00112958
6.4808e-05
-0.000388112
-0.000415669
-0.000259681
-9.30899e-05
8.73023e-06
4.19616e-05
3.42013e-05
1.43727e-05
-5.6048e-07
-6.05371e-06
-4.75293e-06
-1.0999e-06
1.76869e-06
2.76599e-06
2.24914e-06
1.09286e-06
3.25933e-08
-5.81619e-07
-7.37297e-07
-5.96482e-07
-3.47001e-07
-1.2072e-07
2.46285e-08
8.70163e-08
9.16174e-08
6.80955e-08
3.86394e-08
1.50289e-08
7.29572e-10
-5.50518e-09
-6.57399e-09
-5.20059e-09
-3.21897e-09
-1.55083e-09
-4.7514e-10
6.8049e-11
2.54563e-10
2.53816e-10
1.83379e-10
1.07033e-10
4.99729e-11
1.58754e-11
-4.81189e-13
-6.0085e-12
-6.22166e-12
-4.55199e-12
-2.71558e-12
-1.34321e-12
-5.1427e-13
-9.96088e-14
6.20862e-14
9.60607e-14
7.94633e-14
5.2062e-14
2.41791e-14
1
1
1
1
1
1
1
1
1
1
0.999999
0.999981
0.999962
0.999998
1.00015
1.00035
1.00032
0.999574
0.997923
0.996116
0.996261
1.00129
1.01312
1.0301
1.045
1.04525
1.01599
0.945253
0.829241
0.675117
0.5
0.326321
0.175421
0.0619012
-0.00928365
-0.042353
-0.0475926
-0.0372146
-0.0217922
-0.00826173
0.000358779
0.00402662
0.00425896
0.00288209
0.00127758
0.000148042
-0.000365286
-0.000427865
-0.000281181
-0.000108534
3.29263e-06
4.34111e-05
3.75569e-05
1.61713e-05
-1.29616e-06
-8.49483e-06
-7.4709e-06
-2.9966e-06
1.09613e-06
3.12463e-06
3.15813e-06
2.07578e-06
7.82723e-07
-1.7037e-07
-6.23973e-07
-6.72451e-07
-5.00808e-07
-2.72997e-07
-8.6626e-08
2.48426e-08
6.89095e-08
6.95414e-08
5.06066e-08
2.85032e-08
1.1309e-08
1.04889e-09
-3.43895e-09
-4.30473e-09
-3.46886e-09
-2.19168e-09
-1.09891e-09
-3.82408e-10
-9.00013e-12
1.31472e-10
1.46487e-10
1.11458e-10
6.81664e-11
3.40509e-11
1.27341e-11
1.861e-12
-2.35661e-12
-3.11802e-12
-2.49887e-12
-1.59364e-12
-8.49947e-13
-3.69878e-13
-1.1158e-13
2.08664e-15
3.69747e-14
3.80531e-14
1
1
1
1
1
1
1
1
1
1
1
0.999996
0.999975
0.999962
1.00002
1.00019
1.00038
1.00027
0.999401
0.997672
0.995965
0.996466
1.00202
1.01429
1.03128
1.04559
1.04474
1.01428
0.942798
0.826867
0.673679
0.5
0.327702
0.177627
0.0641517
-0.00766332
-0.0416962
-0.0478409
-0.0380323
-0.0227608
-0.00905044
-9.40322e-05
0.0038985
0.00434387
0.00304712
0.0014245
0.000233136
-0.000340538
-0.000439233
-0.000302567
-0.00012361
-8.66086e-07
4.70014e-05
4.33148e-05
1.98994e-05
-1.06398e-06
-1.10075e-05
-1.10279e-05
-6.06546e-06
-6.78583e-07
2.70299e-06
3.68272e-06
3.00889e-06
1.69104e-06
4.78043e-07
-2.88383e-07
-5.88874e-07
-5.67137e-07
-3.96084e-07
-2.04887e-07
-6.01819e-08
2.15115e-08
5.16114e-08
5.04817e-08
3.61886e-08
2.03304e-08
8.26474e-09
1.13003e-09
-2.02003e-09
-2.70517e-09
-2.23184e-09
-1.44165e-09
-7.5009e-10
-2.87915e-10
-3.95423e-11
6.12309e-11
8.0418e-11
6.50239e-11
4.16788e-11
2.20728e-11
9.24735e-12
2.33859e-12
-6.25623e-13
-1.43317e-12
-1.29701e-12
-8.88894e-13
-5.07582e-13
-2.42649e-13
-9.22673e-14
-3.5297e-15
1
1
1
1
1
1
1
1
1
1
1
1
0.999992
0.99997
0.999965
1.00004
1.00023
1.0004
1.0002
0.999218
0.99743
0.995844
0.996708
1.00277
1.01543
1.0324
1.0461
1.04418
1.01259
0.940414
0.82458
0.672298
0.5
0.32903
0.179758
0.066341
-0.0060655
-0.0410214
-0.0480473
-0.0388076
-0.0237032
-0.00983422
-0.000557327
0.00375458
0.00441592
0.00320555
0.00156994
0.000318752
-0.000315843
-0.000452016
-0.000325937
-0.000139886
-4.53077e-06
5.27944e-05
5.22374e-05
2.67251e-05
1.37038e-06
-1.25733e-05
-1.47804e-05
-1.00615e-05
-3.62901e-06
1.23924e-06
3.50235e-06
3.60796e-06
2.55862e-06
1.25828e-06
2.39961e-07
-3.27618e-07
-5.0701e-07
-4.49386e-07
-2.98268e-07
-1.47968e-07
-4.09233e-08
1.67441e-08
3.67917e-08
3.52006e-08
2.49862e-08
1.4057e-08
5.87133e-09
1.05183e-09
-1.10607e-09
-1.63212e-09
-1.38682e-09
-9.17458e-10
-4.9425e-10
-2.05227e-10
-4.51742e-11
2.40576e-11
4.17481e-11
3.63876e-11
2.44997e-11
1.36807e-11
6.248e-12
2.03659e-12
8.07313e-14
-5.80485e-13
-6.31939e-13
-4.70874e-13
-2.90154e-13
-1.23685e-13
1
1
1
1
1
1
1
1
1
1
1
1
1
0.999988
0.999965
0.99997
1.00007
1.00026
1.00041
1.00013
0.999028
0.997198
0.995753
0.996984
1.00354
1.01656
1.03347
1.04656
1.0436
1.01093
0.938099
0.822373
0.67097
0.5
0.330308
0.181817
0.0684722
-0.00449012
-0.0403312
-0.0482157
-0.0395435
-0.0246204
-0.0106118
-0.00102831
0.00359823
0.00447821
0.00335963
0.00171494
0.000404611
-0.000292695
-0.000468604
-0.000354079
-0.000159975
-9.63429e-06
5.98299e-05
6.4356e-05
3.74475e-05
7.21288e-06
-1.195e-05
-1.77278e-05
-1.43625e-05
-7.51358e-06
-1.3168e-06
2.4005e-06
3.60644e-06
3.14983e-06
2.0051e-06
8.71581e-07
8.24752e-08
-3.11235e-07
-4.06607e-07
-3.38148e-07
-2.15497e-07
-1.03479e-07
-2.74644e-08
1.19749e-08
2.50818e-08
2.36581e-08
1.67019e-08
9.44043e-09
4.05739e-09
8.89168e-10
-5.54273e-10
-9.4491e-10
-8.3294e-10
-5.65545e-10
-3.14952e-10
-1.39577e-10
-3.95406e-11
6.19198e-12
2.0271e-11
1.94966e-11
1.38547e-11
8.13509e-12
3.985e-12
1.51594e-12
2.91163e-13
-1.84758e-13
-2.84738e-13
-2.28938e-13
1
1
1
1
1
1
1
1
1
1
1
1
1
1
0.999983
0.999962
0.999979
1.00009
1.0003
1.00041
1.00004
0.998834
0.996977
0.99569
0.997292
1.00431
1.01766
1.03448
1.04696
1.04299
1.00928
0.935849
0.820243
0.669691
0.499999
0.331541
0.183811
0.0705487
-0.00293682
-0.0396283
-0.0483502
-0.0402436
-0.0255146
-0.0113829
-0.00150467
0.00343312
0.00453494
0.00351329
0.0018625
0.000492251
-0.000271256
-0.00049075
-0.00038988
-0.000187199
-1.92003e-05
6.59454e-05
7.86328e-05
5.20959e-05
1.72633e-05
-7.96628e-06
-1.86964e-05
-1.80446e-05
-1.17661e-05
-4.74149e-06
3.47735e-07
2.83481e-06
3.25391e-06
2.53227e-06
1.47539e-06
5.6892e-07
-5.79276e-09
-2.64521e-07
-3.0779e-07
-2.43485e-07
-1.50224e-07
-7.04026e-08
-1.8293e-08
7.95649e-09
1.64105e-08
1.53673e-08
1.08319e-08
6.16761e-09
2.72916e-09
6.99445e-10
-2.43701e-10
-5.24026e-10
-4.83737e-10
-3.37982e-10
-1.94385e-10
-9.10635e-11
-3.036e-11
-1.22129e-12
9.00702e-12
9.96629e-12
7.53638e-12
4.65142e-12
2.42008e-12
1.02445e-12
3.00481e-13
-8.11033e-14
1
1
1
1
1
1
1
1
1
1
1
1
1
1
0.999998
0.999978
0.99996
0.99999
1.00012
1.00033
1.0004
0.999936
0.998636
0.99677
0.995655
0.997627
1.0051
1.01873
1.03544
1.0473
1.04235
1.00766
0.93366
0.818183
0.668458
0.499998
0.332731
0.185743
0.0725742
-0.00140483
-0.0389151
-0.0484554
-0.040913
-0.0263893
-0.0121491
-0.00198544
0.00326245
0.00459089
0.00367201
0.00201781
0.000585622
-0.000249507
-0.00051862
-0.00043543
-0.000224894
-3.69277e-05
6.79033e-05
9.28427e-05
6.96468e-05
3.15615e-05
1.35942e-07
-1.66131e-05
-2.00609e-05
-1.55796e-05
-8.54602e-06
-2.45934e-06
1.28039e-06
2.74497e-06
2.68073e-06
1.9105e-06
1.03203e-06
3.53078e-07
-4.505e-08
-2.07486e-07
-2.21929e-07
-1.68728e-07
-1.01476e-07
-4.67584e-08
-1.21261e-08
4.93389e-09
1.03322e-08
9.66797e-09
6.82768e-09
3.92482e-09
1.78792e-09
5.19248e-10
-8.29012e-11
-2.77396e-10
-2.71619e-10
-1.95951e-10
-1.16347e-10
-5.72196e-11
-2.14261e-11
-3.47369e-12
3.48286e-12
4.82886e-12
3.93904e-12
2.55891e-12
1.42243e-12
5.07509e-13
1
1
1
1
1
1
1
1
1
1
1
1
1
1
1
0.999995
0.999973
0.999959
1
1.00015
1.00036
1.00038
0.999825
0.998437
0.996577
0.995648
0.997989
1.00588
1.01978
1.03635
1.04759
1.0417
1.00607
0.93153
0.81619
0.667266
0.499997
0.333881
0.187619
0.074553
0.000107402
-0.0381935
-0.0485361
-0.0415579
-0.0272505
-0.0129146
-0.00247211
0.00308774
0.00465035
0.00384207
0.00218793
0.000691257
-0.000222659
-0.000549913
-0.000491033
-0.000275478
-6.64493e-05
6.18585e-05
0.000103757
8.79672e-05
4.91669e-05
1.24064e-05
-1.0799e-05
-1.94806e-05
-1.80672e-05
-1.2059e-05
-5.61767e-06
-8.91501e-07
1.62241e-06
2.36167e-06
2.06202e-06
1.36945e-06
6.92458e-07
2.09867e-07
-5.47428e-08
-1.52847e-07
-1.53431e-07
-1.13018e-07
-6.66421e-08
-3.03911e-08
-8.00208e-09
2.8527e-09
6.27165e-09
5.90111e-09
4.18876e-09
2.43535e-09
1.14153e-09
3.67126e-10
-8.63282e-12
-1.39253e-10
-1.47351e-10
-1.10251e-10
-6.76019e-11
-3.47301e-11
-1.4208e-11
-3.49144e-12
9.99178e-13
2.19082e-12
1.98211e-12
1.24549e-12
1
1
1
1
1
1
1
1
1
1
1
1
1
1
1
1
0.999991
0.999968
0.999961
1.00002
1.00019
1.00038
1.00035
0.999707
0.998238
0.996398
0.995666
0.998373
1.00668
1.0208
1.03721
1.04784
1.04102
1.00449
0.929455
0.814258
0.666113
0.499994
0.334995
0.189444
0.0764906
0.00160279
-0.0374646
-0.0485974
-0.0421861
-0.028107
-0.0136869
-0.00296981
0.00290741
0.00471562
0.0040292
0.00238087
0.000817807
-0.000183077
-0.000579326
-0.000554358
-0.00033947
-0.000110402
4.41046e-05
0.00010763
0.000104034
6.81539e-05
2.80281e-05
-1.20083e-06
-1.57275e-05
-1.84613e-05
-1.45638e-05
-8.59273e-06
-3.36192e-06
1.9861e-08
1.58208e-06
1.87037e-06
1.50152e-06
9.40759e-07
4.48792e-07
1.20295e-07
-4.9567e-08
-1.06918e-07
-1.02215e-07
-7.34253e-08
-4.26606e-08
-1.93651e-08
-5.24868e-09
1.52576e-09
3.67448e-09
3.49917e-09
2.50406e-09
1.47479e-09
7.10775e-10
2.488e-10
1.95336e-11
-6.55027e-11
-7.71107e-11
-6.02024e-11
-3.81602e-11
-2.04088e-11
-8.9625e-12
-2.75025e-12
-5.23649e-15
1.07617e-12
1
1
1
1
1
1
1
1
1
1
1
1
1
1
1
1
1
0.999987
0.999964
0.999964
1.00004
1.00022
1.0004
1.00032
0.99958
0.998041
0.996235
0.995709
0.998779
1.00747
1.02179
1.03803
1.04805
1.04033
1.00294
0.927433
0.812382
0.664993
0.499988
0.336076
0.191225
0.0783944
0.00308655
-0.0367276
-0.0486435
-0.0428062
-0.0289699
-0.0144778
-0.00348837
0.00271528
0.00478522
0.00423675
0.00260394
0.000974875
-0.000120906
-0.000598607
-0.000620004
-0.00041473
-0.000169523
1.19438e-05
0.000100908
0.000114409
8.58457e-05
4.53506e-05
1.15037e-05
-8.75273e-06
-1.62968e-05
-1.54555e-05
-1.08297e-05
-5.72198e-06
-1.81958e-06
4.46095e-07
1.34636e-06
1.39032e-06
1.04488e-06
6.23408e-07
2.82559e-07
6.69779e-08
-3.89075e-08
-7.15544e-08
-6.58688e-08
-4.63944e-08
-2.66739e-08
-1.21117e-08
-3.41315e-09
7.39609e-10
2.07892e-09
2.01769e-09
1.46001e-09
8.72293e-10
4.31894e-10
1.62377e-10
2.55566e-11
-2.81895e-11
-3.88191e-11
-3.18921e-11
-2.09391e-11
-1.16227e-11
-5.49698e-12
-1.27219e-12
1
1
1
1
1
1
1
1
1
1
1
1
1
1
1
1
1
1
0.999983
0.999961
0.99997
1.00006
1.00025
1.00042
1.00027
0.999446
0.997846
0.996088
0.995776
0.999203
1.00826
1.02276
1.0388
1.04821
1.03963
1.00142
0.92546
0.810557
0.663902
0.499979
0.337128
0.19297
0.0802747
0.00456737
-0.0359784
-0.0486765
-0.0434264
-0.0298522
-0.0153027
-0.00404272
0.00249945
0.00485227
0.00446375
0.00286177
0.00117123
-2.53928e-05
-0.000597306
-0.000679669
-0.000496137
-0.000242005
-3.55207e-05
8.09993e-05
0.000115871
9.92484e-05
6.21178e-05
2.59626e-05
9.03239e-07
-1.15344e-05
-1.43765e-05
-1.18715e-05
-7.55857e-06
-3.5944e-06
-8.67253e-07
5.68451e-07
1.04766e-06
9.81952e-07
6.99635e-07
4.00521e-07
1.73636e-07
3.65271e-08
-2.78563e-08
-4.60642e-08
-4.11846e-08
-2.85737e-08
-1.63167e-08
-7.44156e-09
-2.19432e-09
3.08522e-10
1.13545e-09
1.13212e-09
8.30894e-10
5.04245e-10
2.56278e-10
1.02427e-10
2.25333e-11
-1.04948e-11
-1.87123e-11
-1.63671e-11
-1.12621e-11
-5.54812e-12
1
1
1
1
1
1
1
1
1
1
1
1
1
1
1
1
1
1
0.999998
0.999979
0.999959
0.999977
1.00008
1.00028
1.00043
1.00022
0.999307
0.997655
0.995956
0.995866
0.999644
1.00905
1.0237
1.03954
1.04835
1.03892
0.999915
0.923532
0.808775
0.662832
0.499963
0.338154
0.19469
0.0821459
0.00605891
-0.0352079
-0.0486945
-0.0440527
-0.030767
-0.0161793
-0.00465242
0.00224197
0.00490332
0.00470316
0.00315421
0.00141269
0.000113257
-0.000564169
-0.000722979
-0.000575857
-0.000323285
-9.68663e-05
4.69357e-05
0.000106074
0.000105593
7.5845e-05
4.03569e-05
1.21767e-05
-4.591e-06
-1.12989e-05
-1.14553e-05
-8.53985e-06
-5.00793e-06
-2.14302e-06
-3.35671e-07
5.30803e-07
7.6303e-07
6.64484e-07
4.53107e-07
2.50493e-07
1.04562e-07
1.97046e-08
-1.86274e-08
-2.86407e-08
-2.5046e-08
-1.71843e-08
-9.77754e-09
-4.49392e-09
-1.39117e-09
9.28935e-11
5.97895e-10
6.18351e-10
4.61804e-10
2.85045e-10
1.486e-10
6.26267e-11
1.69619e-11
-2.80644e-12
-8.54887e-12
-8.03661e-12
1
1
1
1
1
1
1
1
1
1
1
1
1
1
1
1
1
1
1
0.999995
0.999974
0.999957
0.999986
1.00011
1.00031
1.00043
1.00016
0.999163
0.997468
0.995842
0.995977
1.0001
1.00983
1.02461
1.04023
1.04845
1.03821
0.998437
0.921642
0.807026
0.661775
0.499937
0.339161
0.196399
0.0840273
0.00758129
-0.0344001
-0.0486893
-0.0446866
-0.031725
-0.0171259
-0.0053401
0.00191963
0.00491828
0.0049409
0.00347471
0.00170015
0.000301801
-0.000488978
-0.000738883
-0.000644192
-0.000406378
-0.000168245
-2.3362e-07
8.40661e-05
0.000102862
8.42601e-05
5.27115e-05
2.36582e-05
3.72623e-06
-6.53482e-06
-9.56398e-06
-8.48028e-06
-5.82785e-06
-3.17524e-06
-1.21753e-06
-7.18582e-08
4.28679e-07
5.2736e-07
4.33452e-07
2.84985e-07
1.53007e-07
6.19114e-08
1.06321e-08
-1.17858e-08
-1.72518e-08
-1.4844e-08
-1.01066e-08
-5.74554e-09
-2.66835e-09
-8.67983e-10
-1.85771e-12
3.02721e-10
3.28759e-10
2.50763e-10
1.57645e-10
8.42526e-11
3.71658e-11
1.19254e-11
-2.02695e-12
1
1
1
1
1
1
1
1
1
1
1
1
1
1
1
1
1
1
1
1
0.999992
0.99997
0.999957
0.999998
1.00013
1.00034
1.00043
1.00009
0.999016
0.997289
0.995745
0.996109
1.00056
1.01061
1.02549
1.04089
1.04854
1.0375
0.996983
0.919783
0.805296
0.660716
0.499895
0.340154
0.198114
0.0859441
0.00916236
-0.0335303
-0.0486439
-0.0453218
-0.0327315
-0.018158
-0.00612873
0.00150591
0.00487143
0.00515591
0.00380947
0.00202799
0.000542083
-0.000364489
-0.000717369
-0.000690894
-0.000482692
-0.000243732
-5.74124e-05
5.0577e-05
9.01918e-05
8.57129e-05
6.12409e-05
3.38389e-05
1.23643e-05
-6.76972e-07
-6.42506e-06
-7.37152e-06
-5.92833e-06
-3.80672e-06
-1.93857e-06
-6.60757e-07
3.83844e-08
3.16179e-07
3.49008e-07
2.73818e-07
1.74643e-07
9.15239e-08
3.61423e-08
5.8027e-09
-7.11071e-09
-1.00913e-08
-8.58764e-09
-5.81994e-09
-3.31361e-09
-1.55817e-09
-5.32193e-10
-3.45159e-11
1.46667e-10
1.70078e-10
1.33069e-10
8.52692e-11
4.72852e-11
1.67271e-11
1
1
1
1
1
1
1
1
1
1
1
1
1
1
1
1
1
1
1
1
1
0.999989
0.999966
0.999958
1.00001
1.00016
1.00036
1.00042
1.00001
0.998867
0.997119
0.995665
0.996258
1.00103
1.01136
1.02635
1.04153
1.04861
1.0368
0.99555
0.917941
0.803567
0.65964
0.49983
0.341138
0.199855
0.0879276
0.0108384
-0.0325637
-0.0485307
-0.0459416
-0.0337827
-0.0192848
-0.00703808
0.000974111
0.00473375
0.00532145
0.00413775
0.00238354
0.000829736
-0.000188093
-0.000651194
-0.000706702
-0.000543211
-0.000316081
-0.000119802
7.9946e-06
6.80624e-05
7.94673e-05
6.46534e-05
4.13694e-05
2.02111e-05
5.51367e-06
-2.46083e-06
-5.37543e-06
-5.30714e-06
-3.9553e-06
-2.3958e-06
-1.14539e-06
-3.42916e-07
6.99248e-08
2.18473e-07
2.22578e-07
1.6812e-07
1.04553e-07
5.37303e-08
2.0847e-08
3.23233e-09
-4.11032e-09
-5.7428e-09
-4.85606e-09
-3.28479e-09
-1.87691e-09
-8.94991e-10
-3.2037e-10
-3.87705e-11
6.74235e-11
8.54954e-11
6.94606e-11
4.0546e-11
1
1
1
1
1
1
1
1
1
1
1
1
1
1
1
1
1
0.999999
1
1
1
1
0.999985
0.999962
0.999961
1.00003
1.00019
1.00038
1.0004
0.999929
0.998719
0.996959
0.995602
0.996419
1.0015
1.01211
1.02719
1.04215
1.04869
1.03612
0.994132
0.916097
0.801812
0.658522
0.499728
0.34212
0.201645
0.0900144
0.0126536
-0.0314553
-0.0483102
-0.046517
-0.0348632
-0.0205053
-0.00808077
0.000301143
0.0044762
0.0054076
0.00443331
0.00274749
0.00115377
3.71228e-05
-0.000537288
-0.000684808
-0.000579797
-0.000377721
-0.000181548
-3.99485e-05
3.82473e-05
6.58233e-05
6.23562e-05
4.52792e-05
2.62838e-05
1.12446e-05
1.79546e-06
-2.78459e-06
-4.07679e-06
-3.62242e-06
-2.53751e-06
-1.46035e-06
-6.57753e-07
-1.70154e-07
6.67536e-08
1.43466e-07
1.37433e-07
1.00616e-07
6.12809e-08
3.10126e-08
1.18998e-08
1.84576e-09
-2.28255e-09
-3.18399e-09
-2.68688e-09
-1.81861e-09
-1.04472e-09
-5.05724e-10
-1.89266e-10
-3.22616e-11
2.85259e-11
4.38418e-11
1
1
1
1
1
1
1
1
1
1
1
1
1
1
1
1
1
1
1
1
1
1
0.999999
0.99998
0.999959
0.999966
1.00004
1.00021
1.0004
1.00038
0.999843
0.998575
0.996811
0.995551
0.996584
1.00196
1.01284
1.02801
1.04277
1.04878
1.03545
0.992715
0.914223
0.799996
0.65733
0.499572
0.3431
0.203508
0.0922445
0.0146589
-0.0301505
-0.0479309
-0.0470053
-0.0359434
-0.0218055
-0.00925855
-0.000528421
0.00407365
0.00538465
0.00466703
0.00309549
0.00149715
0.000302146
-0.000377582
-0.000622004
-0.000586402
-0.000421839
-0.000236568
-8.8712e-05
3.54338e-06
4.60542e-05
5.45279e-05
4.5114e-05
2.98795e-05
1.58231e-05
5.79614e-06
3.78116e-08
-2.43484e-06
-2.88461e-06
-2.36692e-06
-1.5742e-06
-8.6576e-07
-3.68523e-07
-8.05962e-08
5.20145e-08
9.03479e-08
8.24567e-08
5.88338e-08
3.52285e-08
1.76242e-08
6.72908e-09
1.07893e-09
-1.21902e-09
-1.72163e-09
-1.45593e-09
-9.88349e-10
-5.71742e-10
-2.8091e-10
-1.11758e-10
-7.43105e-12
1
1
1
1
1
1
1
1
1
1
1
1
1
1
1
1
1
1
0.999999
1
1
1
1
0.999996
0.999976
0.999958
0.999973
1.00006
1.00024
1.00041
1.00035
0.999758
0.99844
0.996674
0.995505
0.996744
1.00241
1.01356
1.02885
1.04343
1.0489
1.03481
0.991276
0.912276
0.798067
0.656019
0.499336
0.344075
0.205462
0.0946582
0.0169084
-0.0285883
-0.0473316
-0.0473513
-0.0369793
-0.0231565
-0.0105594
-0.00151876
0.00350876
0.00522681
0.00481006
0.00340058
0.00183838
0.000592688
-0.00017909
-0.000519291
-0.000559954
-0.000443322
-0.000279398
-0.000133598
-3.26545e-05
2.21862e-05
4.20552e-05
4.09751e-05
3.06652e-05
1.87579e-05
9.06822e-06
2.72411e-06
-6.22098e-07
-1.87205e-06
-1.93499e-06
-1.49068e-06
-9.48531e-07
-5.00968e-07
-2.02158e-07
-3.63195e-08
3.63312e-08
5.49023e-08
4.82086e-08
3.36776e-08
1.98924e-08
9.87238e-09
3.77173e-09
6.41646e-10
-6.25777e-10
-9.0849e-10
-7.73187e-10
-5.27172e-10
-3.11184e-10
-1.23997e-10
1
1
1
1
1
1
1
1
1
1
1
1
1
1
1
1
1
1
1
0.999999
1
1
1
1
0.999993
0.999973
0.999958
0.999981
1.00008
1.00026
1.00042
1.00032
0.999679
0.998313
0.996541
0.995452
0.996886
1.00284
1.01428
1.02971
1.04413
1.04908
1.03416
0.989775
0.910196
0.79596
0.654533
0.49898
0.345033
0.207523
0.0972919
0.0194553
-0.026705
-0.0464445
-0.0474894
-0.0379137
-0.0245145
-0.0119561
-0.00266026
0.00277524
0.00491583
0.00483736
0.00363618
0.00215371
0.00089062
4.67354e-05
-0.000381865
-0.000500785
-0.000439424
-0.000305907
-0.000170394
-6.68484e-05
-3.32713e-06
2.6361e-05
3.34637e-05
2.86964e-05
1.98144e-05
1.1279e-05
4.96059e-06
1.12115e-06
-7.40486e-07
-1.32559e-06
-1.24307e-06
-9.09549e-07
-5.57092e-07
-2.83798e-07
-1.08938e-07
-1.54804e-08
2.35954e-08
3.23374e-08
2.75283e-08
1.89021e-08
1.10468e-08
5.45576e-09
2.09592e-09
3.84951e-10
-3.08039e-10
-4.67792e-10
-4.05164e-10
-2.50741e-10
1
1
1
1
1
1
1
1
1
1
1
1
1
1
1
1
1
1
1
1
1
1
1
1
1
0.99999
0.999971
0.999961
0.99999
1.0001
1.00027
1.00042
1.0003
0.999609
0.998193
0.996402
0.995378
0.997004
1.00327
1.01504
1.03065
1.04492
1.04931
1.0335
0.988153
0.907902
0.793588
0.652795
0.498454
0.345951
0.209693
0.100173
0.0223461
-0.02444
-0.0452003
-0.047348
-0.038679
-0.0258221
-0.0134065
-0.00392848
0.00188004
0.00444385
0.00473081
0.00377914
0.00241975
0.00117595
0.000285272
-0.000218522
-0.000412571
-0.000410062
-0.000313783
-0.000195901
-9.59087e-05
-2.79675e-05
9.16425e-06
2.35507e-05
2.43704e-05
1.90221e-05
1.22694e-05
6.52867e-06
2.59247e-06
3.56992e-07
-6.3709e-07
-8.84197e-07
-7.70115e-07
-5.39796e-07
-3.19863e-07
-1.57809e-07
-5.78503e-08
-6.18127e-09
1.45124e-08
1.8523e-08
1.53817e-08
1.04163e-08
6.03922e-09
2.97642e-09
1.15462e-09
2.30633e-10
-1.42043e-10
-2.49645e-10
1
1
1
1
1
1
1
1
1
1
1
1
1
1
1
1
1
1
1
1
1
1
1
1
1
0.999999
0.999988
0.999971
0.999964
0.999997
1.00011
1.00028
1.00043
1.00029
0.999549
0.998069
0.996238
0.995267
0.997097
1.00371
1.01587
1.03171
1.04583
1.04959
1.03277
0.98632
0.905284
0.790842
0.650712
0.497687
0.346787
0.21196
0.103314
0.0256148
-0.0217418
-0.0435348
-0.0468554
-0.0392025
-0.0270125
-0.0148558
-0.00528482
0.000843917
0.00381509
0.00448159
0.00381239
0.0026161
0.00142902
0.000520389
-4.05834e-05
-0.000301803
-0.00035772
-0.000302726
-0.000208269
-0.000117449
-4.94879e-05
-7.77825e-06
1.24059e-05
1.83327e-05
1.6638e-05
1.20549e-05
7.32422e-06
3.65229e-06
1.29307e-06
3.52759e-08
-4.7486e-07
-5.62862e-07
-4.6246e-07
-3.12592e-07
-1.79986e-07
-8.63326e-08
-3.03647e-08
-2.27597e-09
8.54351e-09
1.03451e-08
8.423e-09
5.64207e-09
3.25317e-09
1.60235e-09
6.42147e-10
4.52563e-11
1
1
1
1
1
1
1
1
1
1
1
1
1
1
1
1
1
1
1
1
1
1
1
1
1
1
0.999998
0.999988
0.999972
0.999966
0.999999
1.00011
1.0003
1.00045
1.00029
0.999494
0.997926
0.996031
0.995109
0.997177
1.00421
1.01683
1.03292
1.04685
1.04987
1.03188
0.984156
0.902204
0.787584
0.648166
0.49659
0.347483
0.214292
0.106707
0.0292767
-0.018575
-0.0413952
-0.0459459
-0.0394118
-0.028014
-0.0162401
-0.00667891
-0.000299447
0.0030462
0.00409154
0.0037269
0.0027275
0.00163263
0.000736234
0.00013944
-0.000176922
-0.000287015
-0.000274343
-0.000207119
-0.000130057
-6.61705e-05
-2.29034e-05
1.21971e-06
1.13581e-05
1.30806e-05
1.07984e-05
7.3554e-06
4.23459e-06
1.98102e-06
6.13374e-07
-7.29679e-08
-3.24558e-07
-3.44843e-07
-2.70232e-07
-1.77092e-07
-9.94613e-08
-4.65582e-08
-1.57974e-08
-7.5231e-10
4.8466e-09
5.64483e-09
4.52634e-09
3.00441e-09
1.74806e-09
6.82003e-10
1
1
1
1
1
1
1
1
1
1
1
1
1
1
1
1
1
1
1
1
1
1
1
1
1
1
1
0.999998
0.999989
0.999973
0.999963
0.999995
1.00012
1.00032
1.00048
1.0003
0.99943
0.997742
0.995762
0.994906
0.997277
1.00482
1.01797
1.03433
1.048
1.0501
1.0307
0.981499
0.898489
0.783653
0.645018
0.495054
0.347955
0.216635
0.110323
0.0333232
-0.0149258
-0.0387467
-0.0445668
-0.0392419
-0.0287563
-0.0174916
-0.00805243
-0.00150594
0.0021651
0.00357316
0.00352261
0.00274529
0.00177372
0.000918895
0.000309253
-4.72792e-05
-0.000204024
-0.000231807
-0.000193448
-0.00013336
-7.69782e-05
-3.50144e-05
-8.95207e-06
4.23167e-06
8.85062e-06
8.76518e-06
6.72356e-06
4.34393e-06
2.38022e-06
1.04466e-06
2.74627e-07
-8.96717e-08
-2.08743e-07
-2.04525e-07
-1.54125e-07
-9.83637e-08
-5.40738e-08
-2.47936e-08
-8.16658e-09
-2.12918e-10
2.66147e-09
3.01226e-09
2.40764e-09
1.40709e-09
1
1
1
1
1
1
1
1
1
1
1
1
1
1
1
1
1
1
1
1
1
1
1
1
1
1
1
1
1
0.999991
0.999971
0.999955
0.999988
1.00013
1.00036
1.00054
1.00032
0.999335
0.997491
0.995421
0.994679
0.997448
1.00561
1.01936
1.03596
1.04921
1.05015
1.02908
0.978149
0.893933
0.778861
0.641107
0.492947
0.348101
0.218907
0.114102
0.0377187
-0.0108067
-0.0355778
-0.0426842
-0.0386408
-0.0291763
-0.0185441
-0.0093438
-0.00272459
0.00120869
0.00294851
0.00320833
0.00266815
0.00184454
0.0010577
0.000458038
7.79314e-05
-0.000115498
-0.000179352
-0.000169369
-0.000127953
-8.1592e-05
-4.33775e-05
-1.73008e-05
-2.35301e-06
4.45258e-06
6.27126e-06
5.59351e-06
4.04233e-06
2.49345e-06
1.30487e-06
5.36852e-07
1.14315e-07
-7.42606e-08
-1.28149e-07
-1.17934e-07
-8.60109e-08
-5.36625e-08
-2.89663e-08
-1.30567e-08
-4.20414e-09
-4.66143e-11
1.4141e-09
1.58383e-09
1
1
1
1
1
1
1
1
1
1
1
1
1
1
1
1
1
1
1
1
1
1
1
1
1
1
1
1
1
1
0.999992
0.999964
0.99994
0.999981
1.00015
1.00043
1.00061
1.00033
0.999182
0.997155
0.995016
0.994472
0.997764
1.00665
1.02104
1.03778
1.05038
1.04986
1.02678
0.973861
0.888303
0.772996
0.636255
0.490121
0.347797
0.221005
0.117959
0.0423984
-0.00625881
-0.0319038
-0.0402877
-0.0375754
-0.0292241
-0.0193388
-0.0104933
-0.00390184
0.000219577
0.00224709
0.00280066
0.00250186
0.00184308
0.00114605
0.000577416
0.000190598
-2.80839e-05
-0.000121697
-0.000137742
-0.000115199
-8.03499e-05
-4.77414e-05
-2.33247e-05
-7.86483e-06
3.30566e-07
3.63331e-06
4.16026e-06
3.43014e-06
2.35809e-06
1.39584e-06
6.99633e-07
2.69451e-07
4.28211e-08
-5.25985e-08
-7.57617e-08
-6.6333e-08
-4.70613e-08
-2.87986e-08
-1.53093e-08
-6.80094e-09
-2.21087e-09
3.87237e-10
1
1
1
1
1
1
1
1
1
1
1
1
1
1
1
1
1
1
1
1
1
1
1
1
1
1
0.999999
0.999999
1
1.00001
1.00001
0.999989
0.999949
0.999922
0.999981
1.00019
1.00052
1.00069
1.0003
0.998948
0.996729
0.994578
0.994352
0.99831
1.00802
1.02301
1.03972
1.05136
1.04898
1.02353
0.968357
0.881337
0.765833
0.630271
0.486413
0.346902
0.222805
0.121785
0.04727
-0.00135224
-0.0277685
-0.0373928
-0.0360347
-0.0288673
-0.019829
-0.011448
-0.00498596
-0.000757555
0.00150307
0.00232222
0.00225838
0.00177282
0.00118171
0.00066204
0.000284389
5.2342e-05
-6.34982e-05
-0.000101771
-9.6978e-05
-7.41101e-05
-4.82903e-05
-2.68379e-05
-1.19714e-05
-3.17584e-06
1.12877e-06
2.61815e-06
2.62526e-06
2.03412e-06
1.33979e-06
7.64237e-07
3.67794e-07
1.32363e-07
1.32438e-08
-3.4057e-08
-4.33921e-08
-3.64866e-08
-2.52908e-08
-1.52101e-08
-8.09885e-09
-2.63841e-09
1
1
1
1
1
1
1
1
1
1
1
1
1
1
1
1
1
1
1
1
1
1
1
1
1
1
1
0.999998
0.999998
1
1.00001
1.00001
0.99998
0.999928
0.999905
0.999998
1.00027
1.00062
1.00075
1.0002
0.998615
0.996229
0.994164
0.994404
0.999167
1.00975
1.02524
1.04163
1.05191
1.04722
1.019
0.961327
0.87276
0.757137
0.622957
0.481653
0.345263
0.224164
0.125448
0.0522166
0.00381629
-0.0232428
-0.0340417
-0.0340323
-0.0280941
-0.0199837
-0.0121657
-0.00593114
-0.00167968
0.000752225
0.00179933
0.00195436
0.00164201
0.00116658
0.000709771
0.000355156
0.000121159
-8.87815e-06
-6.46187e-05
-7.54037e-05
-6.40744e-05
-4.55501e-05
-2.79361e-05
-1.45418e-05
-5.85269e-06
-1.03062e-06
1.13658e-06
1.74446e-06
1.59145e-06
1.17194e-06
7.43696e-07
4.1024e-07
1.89999e-07
6.37727e-08
2.27651e-09
-2.07433e-08
-2.41815e-08
-1.96529e-08
-1.34983e-08
-6.80409e-09
1
1
1
1
1
1
1
1
1
1
1
1
1
1
1
1
1
1
1
1
1
1
1
1
1
1
1
0.999999
0.999997
0.999999
1.00001
1.00002
1.00001
0.999964
0.999905
0.999896
1.00004
1.00036
1.00073
1.00077
1.00001
0.998188
0.995699
0.993852
0.99472
1.0004
1.01182
1.0276
1.04329
1.05171
1.04423
1.01286
0.952445
0.862295
0.74668
0.614122
0.475675
0.342725
0.224934
0.128804
0.0571031
0.00912814
-0.018422
-0.0303013
-0.0316051
-0.0269139
-0.0197902
-0.0126179
-0.00670073
-0.00250871
2.89852e-05
0.00125958
0.00160931
0.00146244
0.0011061
0.000721496
0.000401042
0.000175274
3.89005e-05
-2.90931e-05
-5.25662e-05
-5.16012e-05
-4.02709e-05
-2.69343e-05
-1.56236e-05
-7.61197e-06
-2.71088e-06
-1.55511e-07
8.88969e-07
1.09886e-06
9.33015e-07
6.58373e-07
4.04341e-07
2.16368e-07
9.66553e-08
3.0205e-08
-1.04394e-09
-1.20601e-08
-1.32208e-08
-9.72316e-09
1
1
1
1
1
1
1
1
1
1
1
1
1
1
1
1
1
1
1
1
1
1
1
1
1
1
1
1
0.999997
0.999996
1
1.00001
1.00002
1
0.999943
0.999883
0.999903
1.0001
1.00047
1.00082
1.00072
0.999728
0.997694
0.995204
0.993735
0.995378
1.00202
1.01416
1.0299
1.0444
1.0504
1.0396
1.0047
0.941383
0.849673
0.734247
0.603592
0.468323
0.339138
0.224963
0.131702
0.0617831
0.0144492
-0.0134198
-0.0262592
-0.028812
-0.0253571
-0.0192539
-0.0127915
-0.00726953
-0.00321403
-0.000636159
0.000729487
0.00124375
0.0012481
0.00100835
0.000700654
0.000422337
0.000213189
7.7616e-05
2.57257e-06
-3.03245e-05
-3.80363e-05
-3.33044e-05
-2.42898e-05
-1.54012e-05
-8.47574e-06
-3.85498e-06
-1.17634e-06
1.35534e-07
6.15584e-07
6.6274e-07
5.31566e-07
3.61684e-07
2.1579e-07
1.12334e-07
4.85176e-08
1.40816e-08
-1.43609e-09
-7.60159e-09
1
1
1
1
1
1
1
1
1
1
1
1
1
1
1
1
1
1
1
1
1
1
1
1
1
1
1
1
0.999999
0.999996
0.999997
1.00001
1.00002
1.00002
0.999987
0.999919
0.999867
0.999927
1.00018
1.00058
1.00087
1.0006
0.999365
0.997185
0.994828
0.993896
0.996417
1.00397
1.01659
1.03184
1.04456
1.04753
1.03291
0.994161
0.92783
0.834655
0.719655
0.591217
0.459464
0.33437
0.224112
0.133995
0.0661076
0.0196378
-0.0083623
-0.0220186
-0.0257292
-0.0234724
-0.0183981
-0.0126885
-0.00762482
-0.00377421
-0.00121859
0.000232607
0.000877432
0.00101372
0.000882991
0.000652579
0.000421124
0.000234881
0.000106123
2.88347e-05
-1.01636e-05
-2.45778e-05
-2.54958e-05
-2.05247e-05
-1.41477e-05
-8.55006e-06
-4.47247e-06
-1.8902e-06
-4.67101e-07
1.86372e-07
3.95134e-07
3.85825e-07
2.95387e-07
1.94764e-07
1.1326e-07
5.74521e-08
2.45029e-08
3.1511e-09
1
1
1
1
1
1
1
1
1
1
1
1
1
1
1
1
1
1
1
1
1
1
1
1
1
1
1
1
1
0.999997
0.999995
0.999998
1.00001
1.00002
1.00002
0.99997
0.999896
0.999862
0.999969
1.00027
1.00067
1.00086
1.0004
0.998959
0.996732
0.994655
0.99439
0.997815
1.00613
1.01884
1.03303
1.04332
1.04264
1.02372
0.980871
0.91151
0.817042
0.702763
0.576888
0.448996
0.328312
0.222257
0.135546
0.0699342
0.0245531
-0.00337978
-0.0176918
-0.0224454
-0.0213228
-0.0172609
-0.0123256
-0.00776628
-0.00417766
-0.00170077
-0.000211958
0.00052792
0.000773534
0.000740289
0.000583758
0.000400814
0.000241556
0.000124266
4.88586e-05
6.87726e-06
-1.21869e-05
-1.75983e-05
-1.61573e-05
-1.2176e-05
-7.99466e-06
-4.62322e-06
-2.30081e-06
-8.97258e-07
-1.60391e-07
1.5575e-07
2.40319e-07
2.18026e-07
1.60571e-07
1.02918e-07
5.92876e-08
2.30872e-08
1
1
1
1
1
1
1
1
1
1
1
1
1
1
1
1
1
1
1
1
1
1
1
1
1
1
1
1
1
0.999999
0.999995
0.999994
1
1.00002
1.00003
1.00001
0.999948
0.999874
0.999868
1.00002
1.00036
1.00074
1.0008
1.00014
0.998566
0.99641
0.994746
0.995217
0.999461
1.00824
1.02052
1.03299
1.04015
1.03523
1.01162
0.964512
0.892201
0.796696
0.683486
0.560544
0.436858
0.320888
0.219304
0.136241
0.0731355
0.0290629
0.00140045
-0.013393
-0.019056
-0.0189811
-0.0158921
-0.0117313
-0.0077049
-0.00442248
-0.0020727
-0.000590393
0.00020954
0.000540219
0.000590172
0.000501116
0.000365629
0.000235328
0.000132713
6.24587e-05
2.02147e-05
-1.54274e-06
-1.02182e-05
-1.16502e-05
-9.79737e-06
-6.99344e-06
-4.39899e-06
-2.44145e-06
-1.15617e-06
-4.11913e-07
-3.92314e-08
1.09366e-07
1.40233e-07
1.19986e-07
8.63993e-08
4.66497e-08
1
1
1
1
1
1
1
1
1
1
1
1
1
1
1
1
1
1
1
1
1
1
1
1
1
1
1
1
1
1
0.999997
0.999993
0.999995
1.00001
1.00003
1.00003
0.999996
0.999924
0.999856
0.999882
1.00009
1.00045
1.00077
1.0007
0.999887
0.998249
0.996278
0.995113
0.996293
1.00115
1.00995
1.02118
1.03121
1.03454
1.02483
0.996224
0.944826
0.869754
0.773545
0.661801
0.542179
0.423039
0.312065
0.215191
0.135994
0.0756059
0.0330516
0.00586133
-0.00923217
-0.0156571
-0.016525
-0.014349
-0.0109433
-0.00746107
-0.00451544
-0.00233167
-0.000894454
-6.72035e-05
0.000324175
0.000441512
0.000411377
0.000320107
0.000218868
0.000132735
6.99844e-05
2.96799e-05
6.96137e-06
-3.78743e-06
-7.37672e-06
-7.28959e-06
-5.72938e-06
-3.9058e-06
-2.36394e-06
-1.26206e-06
-5.68466e-07
-1.82459e-07
2.00784e-09
6.98056e-08
7.95425e-08
6.06806e-08
1
1
1
1
1
1
1
1
1
1
1
1
1
1
1
1
1
1
1
1
1
1
1
1
1
1
1
1
1
1
0.999999
0.999994
0.999992
0.999999
1.00002
1.00003
1.00003
0.999977
0.999894
0.999839
0.999905
1.00015
1.00052
1.00079
1.0006
0.999672
0.998058
0.996351
0.995691
0.997437
1.00254
1.01081
1.02028
1.0271
1.02595
1.01101
0.977237
0.921641
0.844103
0.747601
0.637756
0.521847
0.407575
0.301851
0.209895
0.134752
0.0772676
0.0364253
0.00990202
-0.00530892
-0.0123397
-0.0140322
-0.0126928
-0.0100051
-0.00706227
-0.00447048
-0.00248147
-0.00112124
-0.000295798
0.000133124
0.000301628
0.000320568
0.000268673
0.000195068
0.000125974
7.21779e-05
3.54451e-05
1.31915e-05
1.43761e-06
-3.60456e-06
-4.87718e-06
-4.36591e-06
-3.24918e-06
-2.12832e-06
-1.24375e-06
-6.39916e-07
-2.73912e-07
-7.75547e-08
1.11821e-08
4.65589e-08
1
1
1
1
1
1
1
1
1
1
1
1
1
1
1
1
1
1
1
1
1
1
1
1
1
1
1
1
1
1
1
0.999996
0.999992
0.999994
1.00001
1.00003
1.00004
1.00002
0.999947
0.99986
0.999827
0.999939
1.00023
1.00061
1.00081
1.00052
0.999539
0.998006
0.996577
0.996322
0.998353
1.00322
1.01027
1.01721
1.02011
1.01391
0.993415
0.954449
0.894881
0.815278
0.718958
0.611471
0.499665
0.390557
0.290302
0.203433
0.132496
0.0780744
0.0391166
0.0134424
-0.00170781
-0.00918572
-0.0115757
-0.0109838
-0.00896302
-0.00654044
-0.00430686
-0.00253119
-0.00127255
-0.000473535
-2.79913e-05
0.000176018
0.000233691
0.000215311
0.000166764
0.000114227
7.00238e-05
3.79316e-05
1.72256e-05
5.35911e-06
-4.95858e-07
-2.72222e-06
-3.03518e-06
-2.52335e-06
-1.79435e-06
-1.13466e-06
-6.42086e-07
-3.18526e-07
-1.3193e-07
-1.27904e-08
1
1
1
1
1
1
1
1
1
1
1
1
1
1
1
1
1
1
1
1
1
1
1
1
1
1
1
1
1
1
1
0.999998
0.999994
0.999992
0.999999
1.00002
1.00004
1.00004
0.999993
0.999907
0.999824
0.999826
0.999994
1.00033
1.00072
1.00087
1.00051
0.999492
0.998042
0.996813
0.996737
0.998635
1.00266
1.00776
1.01139
1.00969
0.997995
0.971796
0.927763
0.864581
0.783407
0.687793
0.583138
0.475805
0.372127
0.277518
0.195863
0.129246
0.0780122
0.0410863
0.0164258
0.00150487
-0.00626372
-0.00922043
-0.00927891
-0.00786276
-0.00592941
-0.00404715
-0.00249381
-0.00135405
-0.00060104
-0.000156862
6.8294e-05
0.000154537
0.00016334
0.000136517
9.92653e-05
6.46113e-05
3.77154e-05
1.92966e-05
8.00838e-06
1.88223e-06
-9.24366e-07
-1.83307e-06
-1.80457e-06
-1.41535e-06
-9.68151e-07
-5.92654e-07
-3.30182e-07
-1.21709e-07
1
1
1
1
1
1
1
1
1
1
1
1
1
1
1
1
1
1
1
1
1
1
1
1
1
1
1
1
1
1
1
0.999999
0.999996
0.999993
0.999995
1.00001
1.00003
1.00004
1.00002
0.999955
0.999859
0.999794
0.999849
1.00009
1.00049
1.00088
1.00098
1.00054
0.999477
0.998032
0.996808
0.996555
0.997781
1.00026
1.00264
1.00226
0.995403
0.977916
0.946019
0.897203
0.830889
0.748714
0.654365
0.553011
0.450497
0.35247
0.263638
0.187279
0.125054
0.077099
0.0423237
0.0188201
0.00428291
-0.0036271
-0.00702068
-0.00762822
-0.00674702
-0.00526268
-0.00371538
-0.00238479
-0.00137417
-0.000681629
-0.000253475
-1.97054e-05
8.56569e-05
0.000115299
0.000106471
8.26926e-05
5.70188e-05
3.54413e-05
1.9734e-05
9.51088e-06
3.53956e-06
4.72418e-07
-8.19289e-07
-1.1483e-06
-1.03455e-06
-7.7296e-07
-5.17182e-07
-2.59718e-07
1
1
1
1
1
1
1
1
1
1
1
1
1
1
1
1
1
1
1
1
1
1
1
1
1
1
1
1
1
1
1
1
0.999997
0.999994
0.999995
1
1.00002
1.00004
1.00003
0.999989
0.999904
0.999812
0.999788
0.999919
1.00025
1.00071
1.00109
1.00113
1.00057
0.99936
0.997739
0.996207
0.995298
0.995216
0.99542
0.99433
0.989295
0.976887
0.953496
0.916086
0.86292
0.79406
0.711514
0.619002
0.521402
0.424013
0.331812
0.248837
0.177808
0.120005
0.0753819
0.0428453
0.0206173
0.00660051
-0.00131277
-0.00501839
-0.00607349
-0.00565349
-0.00457147
-0.0033353
-0.0022206
-0.00134311
-0.000720586
-0.000319664
-8.76832e-05
2.8436e-05
7.29324e-05
7.82801e-05
6.58588e-05
4.82278e-05
3.17513e-05
1.8911e-05
1.0051e-05
4.54208e-06
1.46925e-06
-2.14633e-08
-5.89576e-07
-6.82612e-07
-5.80086e-07
-3.74059e-07
1
1
1
1
1
1
1
1
1
1
1
1
1
1
1
1
1
1
1
1
1
1
1
1
1
1
1
1
1
1
1
1
0.999998
0.999996
0.999995
1
1.00001
1.00003
1.00003
1.00001
0.999942
0.999849
0.999784
0.999831
1.00006
1.00049
1.001
1.00135
1.00125
1.00045
0.998911
0.996821
0.994549
0.992409
0.990328
0.987522
0.982299
0.97212
0.953926
0.924704
0.882137
0.825187
0.754451
0.672198
0.582093
0.488665
0.39666
0.310405
0.233315
0.167602
0.114209
0.0729332
0.0426911
0.0218314
0.00845135
0.000658636
-0.00324261
-0.00464698
-0.00461348
-0.00388328
-0.00292907
-0.0020176
-0.00127185
-0.000724426
-0.000358608
-0.000136579
-1.67512e-05
3.72334e-05
5.30985e-05
4.98133e-05
3.9067e-05
2.72319e-05
1.72016e-05
9.84036e-06
4.9909e-06
2.09999e-06
5.5864e-07
-1.44929e-07
-3.82094e-07
-3.83126e-07
1
1
1
1
1
1
1
1
1
1
1
1
1
1
1
1
1
1
1
1
1
1
1
1
1
1
1
1
1
1
1
1
0.999998
0.999997
0.999997
1
1.00001
1.00002
1.00003
1.00001
0.999966
0.999887
0.99981
0.999804
0.999952
1.0003
1.00082
1.00133
1.00156
1.00118
0.999955
0.997799
0.994838
0.991299
0.987288
0.98251
0.976019
0.966117
0.950471
0.926454
0.891661
0.844448
0.784389
0.712505
0.631221
0.544067
0.455184
0.368765
0.28852
0.217291
0.156833
0.107793
0.0698448
0.0419215
0.0224955
0.00984654
0.00228171
-0.00170982
-0.00337121
-0.00365128
-0.00322102
-0.00251622
-0.00179107
-0.0011713
-0.000700233
-0.000374338
-0.000168232
-5.03384e-05
8.55077e-06
3.16112e-05
3.52977e-05
3.01852e-05
2.23804e-05
1.49488e-05
9.0924e-06
5.00375e-06
2.4192e-06
9.37032e-07
1.90657e-07
-1.95326e-07
1
1
1
1
1
1
1
1
1
1
1
1
1
1
1
1
1
1
1
1
1
1
1
1
1
1
1
1
1
1
1
0.999999
0.999998
0.999998
0.999998
1
1.00001
1.00002
1.00002
1.00001
0.999977
0.999914
0.999843
0.999815
0.999904
1.00018
1.00064
1.0012
1.00162
1.00158
1.00071
0.998754
0.995594
0.991271
0.985874
0.979335
0.971202
0.960457
0.945487
0.924241
0.894561
0.85463
0.803417
0.741006
0.668732
0.58908
0.505379
0.421358
0.340665
0.266437
0.20099
0.145679
0.100899
0.0662228
0.0406116
0.0226581
0.0108119
0.00356443
-0.000424952
-0.00225928
-0.002784
-0.00260251
-0.00211305
-0.00155447
-0.00105169
-0.000655087
-0.000371289
-0.00018506
-7.33494e-05
-1.32836e-05
1.40994e-05
2.2767e-05
2.20461e-05
1.7588e-05
1.24442e-05
8.00348e-06
4.70042e-06
2.48836e-06
1.16451e-06
2.56423e-07
1
1
1
1
1
1
1
1
1
1
1
1
1
1
1
1
1
1
1
1
1
1
1
1
1
1
1
1
1
1
1
0.999999
0.999998
0.999998
0.999999
1
1.00001
1.00001
1.00002
1.00001
0.99998
0.99993
0.999871
0.99984
0.999898
1.00011
1.00051
1.00105
1.00155
1.00171
1.00116
0.999498
0.996428
0.991792
0.985552
0.977683
0.967991
0.955935
0.940511
0.920269
0.893489
0.858492
0.814012
0.759547
0.695591
0.623688
0.546297
0.466495
0.387585
0.312695
0.244429
0.184638
0.134325
0.0936735
0.0621812
0.0388468
0.0223786
0.0113849
0.00452588
0.000617043
-0.00131579
-0.00202193
-0.0020405
-0.00173232
-0.0013191
-0.000922059
-0.000595634
-0.000353923
-0.000189758
-8.71872e-05
-2.88157e-05
5.21608e-07
1.24287e-05
1.49418e-05
1.31376e-05
9.91858e-06
6.74188e-06
4.1863e-06
2.41229e-06
9.70425e-07
1
1
1
1
1
1
1
1
1
1
1
1
1
1
1
1
1
1
1
1
1
1
1
1
1
1
1
1
1
1
1
0.999999
0.999998
0.999998
0.999999
1
1.00001
1.00001
1.00001
1
0.999977
0.999936
0.99989
0.999866
0.999913
1.00009
1.00043
1.00092
1.00143
1.0017
1.00136
0.999981
0.997129
0.99248
0.985838
0.977105
0.966174
0.95278
0.936365
0.91601
0.890488
0.858436
0.818638
0.77032
0.713424
0.648748
0.577952
0.503396
0.42787
0.35425
0.285172
0.222759
0.168449
0.122947
0.086261
0.0578367
0.0367177
0.021724
0.0116111
0.00519359
0.00142935
-0.000538072
-0.00136928
-0.00154289
-0.00138326
-0.00109382
-0.000789991
-0.000527768
-0.000326441
-0.000185061
-9.34465e-05
-3.88362e-05
-9.40046e-06
4.29336e-06
9.01626e-06
9.21083e-06
7.54102e-06
5.43415e-06
3.60911e-06
1.83408e-06
1
1
1
1
1
1
1
1
1
1
1
1
1
1
1
1
1
1
1
1
1
1
1
1
1
1
1
1
1
1
1
0.999999
0.999998
0.999998
1
1
1.00001
1.00001
1.00001
0.999998
0.999973
0.999937
0.9999
0.999886
0.999934
1.00009
1.00039
1.00083
1.00131
1.00162
1.00141
1.00024
0.99762
0.993111
0.986367
0.977169
0.965386
0.950871
0.933347
0.9123
0.886954
0.856338
0.819455
0.77551
0.724158
0.665687
0.601105
0.532103
0.460887
0.389935
0.321709
0.25839
0.201667
0.152624
0.11171
0.0787998
0.0533031
0.0343154
0.0207643
0.0115409
0.00560096
0.00203126
8.23671e-05
-0.000825073
-0.00111336
-0.00107181
-0.000885172
-0.000661508
-0.000456459
-0.000292585
-0.000173556
-9.37594e-05
-4.42635e-05
-1.60995e-05
-1.77373e-06
4.29513e-06
5.90336e-06
5.4145e-06
4.23439e-06
2.59973e-06
1
1
1
1
1
1
1
1
1
1
1
1
1
1
1
1
1
1
1
1
1
1
1
1
1
1
1
1
1
1
1
0.999999
0.999998
0.999998
1
1
1.00001
1.00001
1.00001
0.999996
0.999969
0.999934
0.999903
0.999898
0.999953
1.00011
1.00039
1.00078
1.00122
1.00152
1.00136
1.00033
0.997908
0.993587
0.986909
0.977535
0.965251
0.949925
0.931417
0.909486
0.883715
0.85351
0.818172
0.777049
0.729721
0.676191
0.617003
0.55329
0.486701
0.419248
0.353087
0.290284
0.232606
0.181365
0.137337
0.100766
0.0714169
0.0486874
0.0317281
0.0195691
0.0112268
0.00578478
0.00244622
0.00055837
-0.000384236
-0.000751962
-0.000800978
-0.000697443
-0.000541073
-0.000385667
-0.000255519
-0.000157555
-8.96785e-05
-4.60473e-05
-2.0091e-05
-6.00271e-06
7.17738e-07
3.23606e-06
3.6382e-06
2.89403e-06
1
1
1
1
1
1
1
1
1
1
1
1
1
1
1
1
1
1
1
1
1
1
1
1
1
1
1
1
1
1
1
0.999999
0.999998
0.999997
0.999999
1
1.00001
1.00001
1.00001
0.999995
0.999967
0.999931
0.999902
0.999904
0.999966
1.00012
1.00039
1.00076
1.00117
1.00143
1.00129
1.00032
0.99804
0.993891
0.987348
0.977974
0.96546
0.949623
0.930366
0.907599
0.881157
0.850758
0.81601
0.77648
0.731828
0.68195
0.627114
0.568041
0.505907
0.442266
0.378908
0.317671
0.26025
0.208043
0.162032
0.12274
0.0902409
0.0642243
0.0440863
0.0290375
0.0182052
0.0107206
0.00578301
0.00269999
0.000905674
-3.86666e-05
-0.000455938
-0.000571354
-0.000532998
-0.000431707
-0.000318365
-0.00021778
-0.00013902
-8.25968e-05
-4.50968e-05
-2.19145e-05
-8.67618e-06
-1.83368e-06
1.17678e-06
2.27138e-06
1
1
1
1
1
1
1
1
1
1
1
1
1
1
1
1
1
1
1
1
1
1
1
1
1
1
1
1
1
1
1
0.999999
0.999998
0.999997
0.999999
1
1.00001
1.00001
1.00001
0.999995
0.999965
0.999928
0.9999
0.999905
0.999974
1.00014
1.0004
1.00076
1.00114
1.00138
1.00122
1.00027
0.998071
0.994051
0.987651
0.978363
0.965792
0.949687
0.929931
0.906494
0.879365
0.84849
0.81374
0.774926
0.731863
0.684477
0.632912
0.577629
0.519444
0.459516
0.399266
0.340244
0.283979
0.231834
0.184877
0.143812
0.108953
0.0802424
0.0573166
0.039584
0.0263167
0.0167339
0.0100715
0.0056329
0.00281904
0.00114161
0.000221746
-0.000220444
-0.000381606
-0.000392586
-0.000335168
-0.000256603
-0.00018129
-0.000119536
-7.37016e-05
-4.22312e-05
-2.20919e-05
-1.00828e-05
-3.59559e-06
3.1242e-07
1
1
1
1
1
1
1
1
1
1
1
1
1
1
1
1
1
1
1
1
1
1
1
1
1
1
1
1
1
1
1
0.999999
0.999998
0.999997
0.999999
1
1.00001
1.00001
1.00001
0.999995
0.999965
0.999927
0.999898
0.999905
0.999977
1.00014
1.00042
1.00077
1.00113
1.00135
1.00116
1.00022
0.998049
0.994112
0.987829
0.97865
0.966118
0.949913
0.92987
0.905962
0.878252
0.846833
0.811779
0.773116
0.730848
0.685005
0.635722
0.58333
0.528409
0.471808
0.414621
0.358103
0.303564
0.252246
0.205208
0.16324
0.126812
0.0960675
0.0708526
0.0507699
0.0352505
0.0236287
0.0152095
0.00932439
0.00536957
0.00282925
0.00128397
0.000408209
-3.92585e-05
-0.000228998
-0.000275686
-0.000252168
-0.000201631
-0.000147397
-0.000100308
-6.39544e-05
-3.81549e-05
-2.10691e-05
-1.07084e-05
-3.24292e-06
1
1
1
1
1
1
1
1
1
1
1
1
1
1
1
1
1
1
1
1
1
1
1
1
1
1
1
1
1
1
1
0.999999
0.999998
0.999997
0.999999
1
1.00001
1.00001
1.00001
0.999995
0.999964
0.999926
0.999896
0.999903
0.999978
1.00015
1.00042
1.00078
1.00113
1.00133
1.00113
1.00017
0.998008
0.994115
0.987912
0.978832
0.966377
0.950172
0.929998
0.9058
0.877661
0.845753
0.810288
0.771466
0.729465
0.684453
0.636633
0.5863
0.533903
0.480083
0.425669
0.371651
0.319107
0.269112
0.222643
0.180496
0.143222
0.111101
0.0841461
0.0621305
0.0446419
0.0311416
0.0210255
0.0136787
0.00851878
0.00502494
0.00275493
0.00135012
0.000532264
9.45959e-05
-0.000109865
-0.000180847
-0.000182595
-0.000154035
-0.000116955
-8.21982e-05
-5.40998e-05
-3.33969e-05
-1.95733e-05
-8.34955e-06
1
1
1
1
1
1
1
1
1
1
1
1
1
1
1
1
1
1
1
1
1
1
1
1
1
1
1
1
1
1
1
0.999999
0.999998
0.999997
0.999999
1
1.00001
1.00001
1.00001
0.999996
0.999965
0.999925
0.999895
0.999901
0.999977
1.00015
1.00043
1.00079
1.00114
1.00133
1.00111
1.00013
0.997967
0.994091
0.987936
0.97893
0.966555
0.950395
0.930188
0.905839
0.87742
0.845134
0.809272
0.770158
0.728116
0.683452
0.636467
0.587491
0.536925
0.485284
0.433212
0.381483
0.330959
0.282533
0.237061
0.195283
0.157768
0.12487
0.0967181
0.0732234
0.0541127
0.0389723
0.0272987
0.0185482
0.0121798
0.00768847
0.00462706
0.00261808
0.00135634
0.000605171
0.000188343
-2.00178e-05
-0.000105998
-0.000125737
-0.000113881
-9.04012e-05
-6.57718e-05
-4.46139e-05
-2.88446e-05
-1.45273e-05
1
1
1
1
1
1
1
1
1
1
1
1
1
1
1
1
1
1
1
1
1
1
1
1
1
1
1
1
1
1
1
0.999999
0.999998
0.999997
0.999999
1
1.00001
1.00001
1.00001
0.999996
0.999965
0.999925
0.999895
0.9999
0.999976
1.00015
1.00043
1.00079
1.00115
1.00133
1.0011
1.00011
0.997936
0.99406
0.987927
0.97897
0.966659
0.950559
0.930372
0.905965
0.877387
0.84484
0.808654
0.76923
0.726999
0.682386
0.635799
0.587634
0.538305
0.488269
0.438057
0.388282
0.339626
0.292815
0.248562
0.20752
0.170223
0.13705
0.108195
0.0836679
0.0633087
0.0468155
0.0337841
0.0237499
0.0162273
0.0107429
0.00686115
0.00419975
0.00243797
0.00131732
0.000637468
0.000249048
4.49147e-05
-4.8715e-05
-8.04715e-05
-8.0848e-05
-6.78627e-05
-5.12702e-05
-3.63823e-05
-2.07773e-05
1
1
1
1
1
1
1
1
1
1
1
1
1
1
1
1
1
1
1
1
1
1
1
1
1
1
1
1
1
1
1
0.999999
0.999998
0.999997
0.999999
1
1.00001
1.00001
1.00001
0.999996
0.999965
0.999926
0.999895
0.9999
0.999975
1.00015
1.00043
1.0008
1.00115
1.00133
1.0011
1.0001
0.997915
0.994033
0.987907
0.978976
0.96671
0.950664
0.930516
0.906107
0.877455
0.844749
0.808329
0.768636
0.726173
0.681456
0.634989
0.587247
0.538685
0.489758
0.440936
0.392729
0.345686
0.300386
0.257408
0.217301
0.180535
0.14747
0.118326
0.0931721
0.0719302
0.0543901
0.0402372
0.0290855
0.0205111
0.0140833
0.00939054
0.00605868
0.00376259
0.00223097
0.0012459
0.000638666
0.000283326
8.92285e-05
-6.43414e-06
-4.54421e-05
-5.43661e-05
-4.91488e-05
-3.93402e-05
-2.55686e-05
1
1
1
1
1
1
1
1
1
1
1
1
1
1
1
1
1
1
1
1
1
1
1
1
1
1
1
1
1
1
1
0.999999
0.999998
0.999997
0.999999
1
1.00001
1.00001
1.00001
0.999996
0.999965
0.999926
0.999895
0.999899
0.999974
1.00015
1.00043
1.0008
1.00115
1.00134
1.0011
1.0001
0.997903
0.994013
0.987886
0.978966
0.966728
0.950722
0.930615
0.906228
0.877556
0.844768
0.808196
0.768299
0.725621
0.680741
0.634238
0.586663
0.538527
0.49031
0.442466
0.395448
0.349714
0.305731
0.263963
0.224853
0.188793
0.1561
0.126985
0.101544
0.0797507
0.0614616
0.0464368
0.0343612
0.0248724
0.0175878
0.0121283
0.00813806
0.0052974
0.00333102
0.0020105
0.00115298
0.000617072
0.000297148
0.000116953
2.33798e-05
-1.91974e-05
-3.36488e-05
-3.43794e-05
-2.69098e-05
1
1
1
1
1
1
1
1
1
1
1
1
1
1
1
1
1
1
1
1
1
1
1
1
1
1
1
1
1
1
1
0.999999
0.999998
0.999997
0.999999
1
1.00001
1.00001
1.00001
0.999996
0.999965
0.999926
0.999895
0.999899
0.999974
1.00015
1.00043
1.0008
1.00116
1.00134
1.0011
1.0001
0.997898
0.994001
0.987869
0.978951
0.966726
0.950747
0.930674
0.906318
0.877652
0.844832
0.808174
0.768139
0.725289
0.680243
0.633634
0.586076
0.538136
0.490332
0.443132
0.396965
0.352236
0.309334
0.268631
0.230479
0.195189
0.163021
0.134158
0.108693
0.0866255
0.0678564
0.0522011
0.0394038
0.0291584
0.02113
0.0149765
0.0103668
0.00699477
0.00458875
0.0029167
0.00178719
0.0010475
0.000579727
0.000295727
0.00013173
4.31117e-05
-2.71307e-07
-1.79857e-05
-2.25021e-05
1
1
1
1
1
1
1
1
1
1
1
1
1
1
1
1
1
1
1
1
1
1
1
1
1
1
1
1
1
1
1
0.999999
0.999998
0.999997
0.999999
1
1.00001
1.00001
1.00001
0.999996
0.999965
0.999926
0.999895
0.999899
0.999974
1.00015
1.00043
1.0008
1.00116
1.00134
1.00111
1.0001
0.997897
0.993995
0.987857
0.978937
0.966717
0.950753
0.930705
0.906375
0.877729
0.844904
0.808206
0.768087
0.725115
0.679929
0.633197
0.585581
0.537695
0.490101
0.44329
0.397696
0.353697
0.311635
0.271816
0.234517
0.199978
0.168398
0.139918
0.114615
0.0924892
0.073466
0.0573977
0.0440737
0.0332349
0.0245905
0.0178355
0.0126669
0.00879722
0.00596478
0.00393991
0.00252792
0.00156913
0.00093658
0.000532418
0.000283484
0.000136747
5.48635e-05
1.31531e-05
-9.95782e-06
1
1
1
1
1
1
1
1
1
1
1
1
1
1
1
1
1
1
1
1
1
1
1
1
1
1
1
1
1
1
1
0.999999
0.999998
0.999997
0.999999
1
1.00001
1.00001
1.00001
0.999996
0.999965
0.999926
0.999895
0.999899
0.999973
1.00015
1.00043
1.0008
1.00116
1.00134
1.00111
1.0001
0.997897
0.993992
0.98785
0.978926
0.966707
0.950749
0.930716
0.906407
0.877781
0.844966
0.808256
0.768093
0.725042
0.679751
0.632909
0.585207
0.537301
0.489786
0.443187
0.397951
0.354454
0.313011
0.273886
0.237302
0.203439
0.172441
0.144405
0.119376
0.097346
0.0782453
0.0619468
0.0482712
0.0369956
0.0278664
0.0206128
0.0149603
0.010643
0.00741308
0.00504798
0.00335449
0.00217008
0.00136214
0.000825641
0.000479749
0.000264075
0.000134542
6.17636e-05
1.29445e-05
1
1
1
1
1
1
1
1
1
1
1
1
1
1
1
1
1
1
1
1
1
1
1
1
1
1
1
1
1
1
1
0.999999
0.999998
0.999997
0.999999
1
1.00001
1.00001
1.00001
0.999996
0.999965
0.999926
0.999895
0.999899
0.999974
1.00015
1.00043
1.0008
1.00116
1.00135
1.00111
1.00011
0.997898
0.993992
0.987847
0.97892
0.966699
0.950743
0.930717
0.906422
0.877813
0.845012
0.808304
0.768122
0.725027
0.679665
0.632737
0.584951
0.53699
0.489482
0.442978
0.397947
0.354772
0.313762
0.275156
0.239139
0.205849
0.175382
0.147792
0.123093
0.101255
0.0822031
0.0658179
0.0519379
0.0403657
0.0308768
0.0232296
0.017176
0.0124718
0.00888531
0.00620441
0.00424097
0.00283325
0.00184617
0.00117014
0.000718649
0.000425302
0.000240097
0.000129652
4.80057e-05
1
1
1
1
1
1
1
1
1
1
1
1
1
1
1
1
1
1
1
1
1
1
1
1
1
1
1
1
1
1
1
0.999999
0.999998
0.999997
0.999999
1
1.00001
1.00001
1.00001
0.999996
0.999965
0.999926
0.999895
0.999899
0.999974
1.00015
1.00043
1.0008
1.00116
1.00135
1.00111
1.00011
0.9979
0.993992
0.987846
0.978916
0.966692
0.950736
0.930714
0.906427
0.87783
0.845042
0.808342
0.768157
0.72504
0.679635
0.632646
0.58479
0.536768
0.48923
0.442752
0.397823
0.354841
0.314115
0.275877
0.24029
0.20746
0.177447
0.150269
0.125909
0.104312
0.0853907
0.0690228
0.0550543
0.0433036
0.0335669
0.0256256
0.0192543
0.0142292
0.010335
0.00737163
0.00515868
0.00353795
0.00237472
0.00155727
0.000995449
0.000618394
0.000371206
0.000217467
9.63872e-05
1
1
1
1
1
1
1
1
1
1
1
1
1
1
1
1
1
1
1
1
1
1
1
1
1
1
1
1
1
1
1
0.999999
0.999998
0.999997
0.999999
1
1.00001
1.00001
1.00001
0.999996
0.999965
0.999926
0.999895
0.999899
0.999974
1.00015
1.00043
1.0008
1.00116
1.00135
1.00111
1.00011
0.997901
0.993993
0.987845
0.978914
0.966689
0.950731
0.93071
0.906427
0.877838
0.84506
0.808369
0.768187
0.725062
0.679635
0.632606
0.584699
0.536623
0.489044
0.442555
0.397665
0.354785
0.314235
0.276244
0.240966
0.208488
0.178843
0.152022
0.127979
0.106636
0.0878884
0.0716056
0.0576334
0.0457974
0.0359071
0.0277605
0.0211504
0.0158704
0.0117209
0.00851415
0.00607868
0.00426186
0.00293146
0.00197582
0.00130299
0.000839227
0.000525881
0.000324589
0.00015846
1
1
1
1
1
1
1
1
1
1
1
1
1
1
1
1
1
1
1
1
1
1
1
1
1
1
1
1
1
1
1
0.999999
0.999998
0.999997
0.999999
1
1.00001
1.00001
1.00001
0.999996
0.999965
0.999926
0.999895
0.999899
0.999974
1.00015
1.00043
1.0008
1.00116
1.00135
1.00111
1.00011
0.997901
0.993994
0.987846
0.978913
0.966687
0.950728
0.930706
0.906424
0.877839
0.845068
0.808385
0.76821
0.725085
0.679647
0.632596
0.584654
0.536536
0.488917
0.442402
0.397515
0.354681
0.31423
0.276396
0.241329
0.209107
0.179748
0.153219
0.129453
0.108352
0.0897925
0.0736326
0.0597129
0.0478604
0.037891
0.0296139
0.0228351
0.0173625
0.0130098
0.00960102
0.00697405
0.00498283
0.00349913
0.00241301
0.00163235
0.00108197
0.000700629
0.000449161
0.000233739
1
1
1
1
1
1
1
1
1
1
1
1
1
1
1
1
1
1
1
1
1
1
1
1
1
1
1
1
1
1
1
0.999999
0.999998
0.999997
0.999999
1
1.00001
1.00001
1.00001
0.999996
0.999965
0.999926
0.999895
0.999899
0.999974
1.00015
1.00043
1.0008
1.00116
1.00134
1.00111
1.00011
0.997901
0.993994
0.987846
0.978914
0.966686
0.950725
0.930703
0.906421
0.877839
0.845072
0.808394
0.768225
0.725103
0.679663
0.6326
0.584637
0.53649
0.488837
0.442294
0.397393
0.354572
0.31417
0.276428
0.241498
0.209455
0.180305
0.154005
0.130469
0.109582
0.0912041
0.0751817
0.0613471
0.0495243
0.0395312
0.031183
0.0242947
0.0186846
0.0141775
0.0106076
0.00782172
0.00568063
0.00406096
0.00285562
0.00197363
0.00133959
0.00089077
0.000588245
0.000320907
1
1
1
1
1
1
1
1
1
1
1
1
1
1
1
1
1
1
1
1
1
1
1
1
1
1
1
1
1
1
1
0.999999
0.999998
0.999997
0.999999
1
1.00001
1.00001
1.00001
0.999996
0.999965
0.999926
0.999895
0.999899
0.999974
1.00015
1.00043
1.0008
1.00116
1.00134
1.00111
1.00011
0.997902
0.993995
0.987847
0.978914
0.966686
0.950724
0.930701
0.906419
0.877837
0.845072
0.808399
0.768234
0.725116
0.679677
0.632609
0.584635
0.536469
0.488792
0.442224
0.397304
0.354478
0.314095
0.276401
0.241555
0.20963
0.180629
0.154499
0.131145
0.110436
0.0922214
0.0763345
0.0625989
0.0508334
0.0408546
0.0324796
0.0255288
0.0198277
0.0152093
0.0115165
0.00860365
0.00633818
0.00460184
0.00329103
0.0023168
0.00160451
0.00109084
0.00073808
0.00041793
1
1
1
1
1
1
1
1
1
1
1
1
1
1
1
1
1
1
1
1
1
1
1
1
1
1
1
1
1
1
1
0.999999
0.999998
0.999997
0.999999
1
1.00001
1.00001
1.00001
0.999996
0.999965
0.999926
0.999895
0.999899
0.999974
1.00015
1.00043
1.0008
1.00116
1.00134
1.00111
1.00011
0.997902
0.993995
0.987847
0.978914
0.966686
0.950724
0.9307
0.906417
0.877835
0.845071
0.8084
0.768238
0.725124
0.679687
0.632619
0.58464
0.536463
0.488769
0.442182
0.397243
0.354406
0.314024
0.276353
0.241554
0.209702
0.180801
0.154794
0.131576
0.11101
0.0929332
0.0771693
0.0635335
0.0518383
0.0418968
0.0335258
0.0265479
0.0207929
0.0160997
0.0123176
0.00930738
0.00694238
0.00510922
0.00370804
0.00265241
0.00186915
0.00129508
0.000894409
0.000522227
1
1
1
1
1
1
1
1
1
1
1
1
1
1
1
1
1
1
1
1
1
1
1
1
1
1
1
1
1
1
1
0.999999
0.999998
0.999997
0.999999
1
1.00001
1.00001
1.00001
0.999996
0.999965
0.999926
0.999895
0.999899
0.999974
1.00015
1.00043
1.0008
1.00116
1.00134
1.00111
1.00011
0.997902
0.993995
0.987847
0.978914
0.966686
0.950724
0.930699
0.906416
0.877834
0.84507
0.8084
0.76824
0.725129
0.679694
0.632628
0.584646
0.536463
0.48876
0.442159
0.397205
0.354355
0.313968
0.276303
0.241527
0.209718
0.180881
0.154957
0.131839
0.111381
0.0934158
0.0777572
0.0642134
0.0525908
0.0426982
0.0343505
0.0273702
0.0215893
0.0168505
0.0130075
0.00992601
0.00748442
0.00557367
0.00409752
0.00297224
0.00212652
0.00149781
0.00105282
0.000630895
1
1
1
1
1
1
1
1
1
1
1
1
1
1
1
1
1
1
1
1
1
1
1
1
1
1
1
1
1
1
1
0.999999
0.999998
0.999997
0.999999
1
1.00001
1.00001
1.00001
0.999996
0.999965
0.999926
0.999895
0.999899
0.999974
1.00015
1.00043
1.0008
1.00116
1.00134
1.00111
1.00011
0.997902
0.993995
0.987847
0.978915
0.966686
0.950724
0.930699
0.906416
0.877833
0.845069
0.808399
0.768241
0.725131
0.679699
0.632633
0.584652
0.536467
0.488758
0.442148
0.397183
0.354322
0.313927
0.276261
0.241493
0.209707
0.180909
0.155039
0.13199
0.111612
0.0937321
0.0781591
0.064695
0.0531404
0.0433
0.0349857
0.0280188
0.022232
0.0174695
0.0135883
0.0104577
0.00795969
0.00598904
0.00445273
0.00326969
0.00237059
0.00169389
0.00120907
0.00074093
1
1
1
1
1
1
1
1
1
1
1
1
1
1
1
1
1
1
1
1
1
1
1
1
1
1
1
1
1
1
1
0.999999
0.999998
0.999997
0.999999
1
1.00001
1.00001
1.00001
0.999996
0.999965
0.999926
0.999895
0.999899
0.999974
1.00015
1.00043
1.0008
1.00116
1.00134
1.00111
1.00011
0.997902
0.993995
0.987847
0.978915
0.966686
0.950724
0.930699
0.906415
0.877832
0.845068
0.808399
0.768241
0.725132
0.679701
0.632637
0.584657
0.536471
0.488759
0.442144
0.397172
0.354302
0.313899
0.276228
0.241462
0.209686
0.180909
0.155074
0.13207
0.111748
0.0939317
0.0784254
0.0650267
0.0535318
0.0437412
0.0354638
0.0285192
0.0227392
0.017969
0.0140669
0.0109047
0.00836735
0.00635233
0.00476943
0.00353999
0.00259665
0.00187899
0.00135936
0.00084945
1
1
1
1
1
1
1
1
1
1
1
1
1
1
1
1
1
1
1
1
1
1
1
1
1
1
1
1
1
1
1
0.999999
0.999998
0.999997
0.999999
1
1.00001
1.00001
1.00001
0.999996
0.999965
0.999926
0.999895
0.999899
0.999974
1.00015
1.00043
1.0008
1.00116
1.00134
1.00111
1.00011
0.997902
0.993995
0.987847
0.978915
0.966686
0.950724
0.930699
0.906415
0.877832
0.845068
0.808398
0.76824
0.725132
0.679702
0.63264
0.58466
0.536475
0.488762
0.442144
0.397167
0.354291
0.313881
0.276205
0.241437
0.209664
0.180898
0.155082
0.132107
0.111824
0.0940521
0.0785958
0.0652485
0.0538032
0.0440568
0.0358155
0.0288967
0.023131
0.0183634
0.014453
0.0112728
0.00870967
0.00666334
0.00504576
0.00378029
0.00280138
0.00204975
0.00150056
0.000953888
1
1
1
1
1
1
1
1
1
1
1
1
1
1
1
1
1
1
1
1
1
1
1
1
1
1
1
1
1
1
1
0.999999
0.999998
0.999997
0.999999
1
1.00001
1.00001
1.00001
0.999996
0.999965
0.999926
0.999895
0.999899
0.999974
1.00015
1.00043
1.0008
1.00116
1.00134
1.00111
1.00011
0.997902
0.993995
0.987847
0.978915
0.966686
0.950724
0.930699
0.906415
0.877832
0.845067
0.808398
0.76824
0.725132
0.679703
0.632641
0.584662
0.536477
0.488764
0.442145
0.397166
0.354286
0.313871
0.27619
0.241418
0.209646
0.180884
0.155078
0.132121
0.111861
0.0941209
0.0787005
0.0653922
0.0539862
0.044277
0.0360681
0.0291751
0.0234271
0.0186683
0.0147579
0.0115695
0.00899113
0.00692401
0.00528174
0.00398932
0.00298273
0.00220376
0.00163017
0.00105201
1
1
1
1
1
1
1
1
1
1
1
1
1
1
1
1
1
1
1
1
1
1
1
1
1
1
1
1
1
1
1
0.999999
0.999998
0.999997
0.999999
1
1.00001
1.00001
1.00001
0.999996
0.999965
0.999926
0.999895
0.999899
0.999974
1.00015
1.00043
1.0008
1.00116
1.00134
1.00111
1.00011
0.997902
0.993995
0.987847
0.978915
0.966686
0.950724
0.930699
0.906415
0.877832
0.845067
0.808397
0.76824
0.725132
0.679703
0.632641
0.584663
0.536479
0.488766
0.442146
0.397166
0.354284
0.313866
0.276181
0.241406
0.209631
0.18087
0.15507
0.132122
0.111878
0.0941575
0.0787621
0.0654821
0.0541062
0.0444269
0.0362457
0.0293764
0.0236467
0.0188999
0.0149946
0.0118048
0.00921888
0.00713909
0.00548018
0.00416839
0.00314097
0.0023406
0.00174738
0.00114283
1
1
1
1
1
1
1
1
1
1
1
1
1
1
1
1
1
1
1
1
1
1
1
1
1
1
1
1
1
1
1
0.999999
0.999998
0.999997
0.999999
1
1.00001
1.00001
1.00001
0.999996
0.999965
0.999926
0.999895
0.999899
0.999974
1.00015
1.00043
1.0008
1.00116
1.00134
1.00111
1.00011
0.997902
0.993995
0.987847
0.978915
0.966686
0.950724
0.930699
0.906415
0.877832
0.845067
0.808397
0.768239
0.725131
0.679702
0.632641
0.584664
0.53648
0.488768
0.442148
0.397167
0.354283
0.313863
0.276176
0.241398
0.209622
0.18086
0.155061
0.132118
0.111882
0.0941746
0.0787955
0.065535
0.0541806
0.0445237
0.0363642
0.0295145
0.0238012
0.0190665
0.0151686
0.0119811
0.00939272
0.0073062
0.005637
0.00431224
0.00327013
0.00245404
0.00184601
0.00122074
1
1
1
1
1
1
1
1
1
1
1
1
1
1
1
1
1
1
1
1
1
1
1
1
1
1
1
1
1
1
1
0.999999
0.999998
0.999997
0.999999
1
1.00001
1.00001
1.00001
0.999996
0.999965
0.999926
0.999895
0.999899
0.999974
1.00015
1.00043
1.0008
1.00116
1.00134
1.00111
1.00011
0.997902
0.993995
0.987847
0.978915
0.966686
0.950724
0.930699
0.906415
0.877832
0.845067
0.808397
0.768239
0.725131
0.679702
0.632641
0.584664
0.536481
0.488769
0.442149
0.397168
0.354284
0.313862
0.276173
0.241393
0.209613
0.18085
0.155051
0.13211
0.11188
0.0941822
0.0788165
0.0655729
0.0542384
0.0446032
0.036466
0.0296378
0.0239439
0.0192251
0.0153389
0.0121584
0.00957213
0.00748298
0.00580696
0.0044719
0.00341687
0.00258595
0.00196332
0.00131627
)
;

boundaryField
{
    upperWall
    {
        type            zeroGradient;
    }
    outlet
    {
        type            zeroGradient;
    }
    inlet
    {
        type            fixedValue;
        value           uniform 1;
    }
    lowerWall
    {
        type            fixedValue;
        value           uniform 0;
    }
    frontAndBack
    {
        type            empty;
    }
}


// ************************************************************************* //
