/*--------------------------------*- C++ -*----------------------------------*\
  =========                 |
  \\      /  F ield         | OpenFOAM: The Open Source CFD Toolbox
   \\    /   O peration     | Website:  https://openfoam.org
    \\  /    A nd           | Version:  7
     \\/     M anipulation  |
\*---------------------------------------------------------------------------*/
FoamFile
{
    version     2.0;
    format      ascii;
    class       volScalarField;
    location    "0.8";
    object      T;
}
// * * * * * * * * * * * * * * * * * * * * * * * * * * * * * * * * * * * * * //

dimensions      [0 0 0 1 0 0 0];

internalField   nonuniform List<scalar> 
5936
(
0.509388
0.913124
0.999003
0.982342
1.00586
1.01594
1.00206
1.00701
1.00021
1.00101
0.999887
0.999757
0.99995
0.999843
0.999998
0.999979
1
1
0.999999
0.999998
0.999999
0.999996
0.999999
0.999998
1
1
1
1
1
1
1
1
1
1
1
1
1
1
1
1
1
1
1
1
1
1
1
1
1
1
1
1
1
1
1
1
1
1
1
1
1
1
1
1
1
1
1
1
1
1
1
1
1
1
1
1
1
1
1
1
1
1
1
1
1
1
1
1
1
1
1
1
1
1
1
1
1
1
1
0.116255
-0.00308433
-0.000220626
4.08817e-05
-3.12618e-07
4.17017e-07
-4.23739e-09
-1.40026e-08
2.90361e-09
-1.08891e-11
-6.94596e-11
1.12967e-11
-5.61695e-13
-1.51747e-13
5.8859e-14
-8.22617e-15
-5.1367e-16
5.14082e-16
-2.96915e-17
-1.65638e-17
-1.45623e-19
4.26121e-19
3.98078e-20
-2.26969e-21
1.50429e-37
-1.93759e-21
-7.46024e-21
-2.10779e-18
-2.08264e-17
-1.21097e-16
-1.71304e-15
-7.21199e-14
-1.78546e-13
8.91456e-12
9.50432e-11
4.34424e-10
-5.39001e-10
-1.02334e-09
5.58499e-08
4.37891e-08
-2.13198e-06
7.92687e-06
-3.54245e-05
0.000100038
-0.000151555
0.000378462
-0.00117353
-0.000193235
0.00739488
0.0192837
1
1
1
1
1
1
1
1
1
1
1
1
1
1
1
1
1
1
1
1
1
1
1
1
1
1
1
1
1
1
1
1
1
1
0.999998
1
0.999988
0.999992
0.999999
0.999995
1.00004
1.00002
1.00004
1.00004
0.999975
1.00001
0.999803
0.999871
0.999675
0.999712
0.999972
0.999848
1.00102
1.00065
1.00235
1.00188
1.00266
1.00252
0.999864
1.0008
0.991399
0.994219
0.973809
0.979627
0.94303
0.952852
0.898221
0.912508
0.838165
0.857054
0.766491
0.788562
0.685143
0.710503
0.59685
0.623915
0.509163
0.53565
0.422513
0.448777
0.341891
0.36586
0.272757
0.293241
0.210602
0.228875
0.159847
0.175058
0.115752
0.129304
0.0835888
0.0944356
0.0590779
0.0670998
0.0358131
0.0227154
0.0412607
-1.3515e-21
0.0130571
0.0134562
-0.00159039
6.86186e-05
7.16026e-06
1.01484e-07
1.83366e-07
-3.61295e-08
7.26615e-10
1.14101e-09
-1.85712e-10
2.08208e-12
3.6218e-12
-7.45013e-13
8.04962e-14
7.53674e-15
-4.82117e-15
7.62938e-16
1.20772e-16
-3.79015e-17
-4.35046e-18
6.18082e-19
1.64659e-19
3.47232e-21
-0.000922382
-2.08472e-21
0.0161039
8.55601e-21
3.05972e-19
4.86028e-18
1.15691e-16
-3.32234e-16
1.73323e-14
2.28081e-13
-1.731e-12
-2.82299e-11
-2.5284e-10
-4.44952e-10
3.13194e-09
-1.51883e-08
-1.35539e-07
8.20575e-07
3.46251e-07
-5.48354e-06
2.68358e-05
-4.10292e-05
-2.42183e-05
-0.000181306
-0.0014857
0.00460978
0.000131136
0.0664675
1.98391e-06
0.457247
0.0001441
3.03963e-05
6.54724e-07
5.36433e-07
-9.96366e-08
6.91149e-10
3.44609e-09
-4.95788e-10
-5.19553e-12
1.10785e-11
-2.04638e-12
1.90542e-13
2.57112e-14
-1.35969e-14
2.11702e-15
3.8864e-16
-1.25194e-16
-1.53571e-17
1.94595e-18
5.80566e-19
1.76234e-20
-4.87718e-21
1.50121e-19
2.94604e-18
8.31441e-17
-2.92813e-16
1.54502e-14
2.13932e-13
-1.06497e-12
-1.62456e-11
-1.5548e-10
-3.39522e-10
1.75005e-09
-9.02048e-09
-9.77055e-08
6.32722e-07
6.49941e-07
-6.71658e-06
2.76794e-05
-3.65036e-05
-2.3506e-06
-0.000290375
-0.0014438
0.00534521
6.5936e-21
1.14995e-06
4.3657e-09
-4.18439e-08
7.51529e-09
1.18422e-10
-2.15222e-10
2.83939e-11
-9.8072e-13
-4.79568e-13
1.60776e-13
-2.13471e-14
-1.59473e-15
1.60551e-15
-8.61652e-17
-5.76638e-17
-8.28681e-19
1.41449e-18
1.5032e-19
-5.87195e-21
-1.54026e-18
-1.01748e-17
-8.94705e-17
-1.58004e-15
-6.31555e-14
-2.86221e-13
5.89737e-12
5.69369e-11
2.65961e-10
-7.52831e-11
-3.51174e-10
3.34126e-08
4.80525e-08
-1.78749e-06
6.68418e-06
-2.94504e-05
8.90886e-05
-0.000138614
0.000306593
-0.0012903
0.000375735
0.00905273
-0.0055644
-0.00532448
5.90284e-21
0.596807
-0.00118086
0.957427
1.0026
0.985737
1.00456
1.0082
1.00136
1.00401
0.999967
1.00053
0.999869
0.999794
0.999989
0.999958
1.00002
1.00005
1.00001
1.00003
1
1.00001
0.999998
0.999998
0.999999
0.999998
1
1
1
1
1
1
1
1
1
1
1
1
1
1
1
1
1
1
1
1
1
1
1
1
1
1
1
1
1
1
1
1
1
1
1
1
1
1
1
1
1
1
1
1
1
1
1
1
1
1
1
1
1
1
1
1
1
1
1
1
1
1
1
1
1
1
1
1
1
1
1
1.69598e-20
0.00151943
6.23973e-05
0.260823
-5.70122e-06
5.20646e-08
2.91934e-07
-5.98098e-08
1.72147e-09
1.47092e-09
-2.64765e-10
1.49903e-11
3.7156e-12
-1.23045e-12
1.78708e-13
7.45493e-15
-9.18689e-15
1.30692e-15
3.10317e-16
-4.36306e-17
-1.1658e-17
-1.77042e-19
1.86397e-19
1.61452e-20
-1.87856e-18
-0.00316853
-0.00458952
-0.0032785
-4.54848e-22
0.0237528
0.0359812
-3.68932e-06
-8.98206e-06
-1.32075e-06
0.532986
-5.55768e-18
-2.01572e-16
-6.41231e-16
-6.95605e-14
-6.08699e-13
6.64496e-12
7.32855e-11
4.21009e-10
3.2532e-10
-2.43408e-09
3.94377e-08
1.93339e-07
-2.69362e-06
8.22322e-06
-3.46623e-05
0.000107345
-0.000168415
0.000386099
-0.00201864
0.00226566
0.0126163
0.0229077
0.0517236
0.189634
0.0225263
-9.55505e-05
-0.000690296
4.39733e-05
1.58816e-05
-6.93586e-06
1
1
1
1
1
1
1
1
1
1
1
1
1
1
1
1
1
1
1
1
1
1
1
1
1
1
1
1
1
1
1
1
0.999998
1
0.99999
0.999991
1
0.999993
1.00003
1.00002
1.00004
1.00005
0.999978
1.00002
0.999821
0.999886
0.999703
0.999689
1.00002
0.999789
1.00102
1.00054
1.0022
1.0018
1.00232
1.00262
0.999536
1.00155
0.991113
0.996099
0.973457
0.982424
0.943125
0.957872
0.898661
0.918806
0.839463
0.865436
0.767938
0.797984
0.688113
0.721105
0.601121
0.636702
0.512727
0.547457
0.426984
0.459788
0.346857
0.377625
0.275661
0.301552
0.213583
0.235591
0.163157
0.180822
0.120434
0.134921
0.0910922
0.103519
0.780431
1.04264e-20
0.830481
2.48911e-20
3.08769e-13
2.78737e-13
4.15287e-05
1.13289e-20
1.0737e-20
-5.66372e-13
7.6824e-07
-1.96673e-08
-2.1219e-08
4.30607e-09
-1.12813e-10
-7.83966e-11
1.77927e-11
-1.70051e-12
-1.38949e-13
1.00873e-13
-1.56141e-14
-1.20099e-15
9.87593e-16
9.9488e-18
-2.83915e-17
-3.10937e-18
3.04759e-19
6.21812e-20
-1.93509e-18
1.93772e-14
1.52237e-14
1.05116e-16
1.0694e-16
4.05926e-18
-1.14502e-16
3.14451e-18
-4.95205e-16
-8.18194e-14
1.42716e-06
-8.21648e-13
-1.98413e-11
-2.18789e-10
-6.2633e-10
2.29589e-09
-8.8681e-09
-1.52206e-07
6.62469e-07
2.63851e-06
-1.62656e-05
6.55847e-05
-0.000111413
0.000100493
-0.000812314
-0.00140037
0.0101233
-1.15586e-07
2.86092e-13
-2.80815e-12
1.12927e-19
1.3192e-11
0.063984
-2.48396e-12
0.00211203
-0.00206586
0.000376762
-0.00017294
0.000117165
-3.78108e-05
8.76362e-06
-2.56637e-06
1.16728e-07
3.42608e-08
1.8056e-11
2.43969e-10
5.77389e-20
4.83642e-19
-1.53854e-18
-3.25394e-17
-8.18064e-17
9.836e-16
1.92114e-15
-2.29631e-14
4.80676e-14
0.0107609
-0.00173967
-0.000719455
5.85305e-05
-7.95777e-05
5.25631e-05
-1.30807e-05
1.82501e-06
7.88522e-07
-1.39193e-07
-1.0662e-08
1.52819e-09
-4.51745e-10
-1.82187e-10
-1.99202e-11
-5.55045e-16
1.94327e-19
4.88693e-19
-1.04342e-17
-7.16755e-17
1.34285e-16
2.3294e-15
-5.85513e-15
-2.78631e-14
2.48512e-13
-6.88987e-13
-1.86967e-12
3.71004e-11
-2.36544e-10
3.8938e-10
8.41357e-09
-6.17565e-08
7.19374e-08
-1.02109e-12
-4.9964e-10
4.34443e-09
-5.1855e-09
8.47416e-07
-6.83915e-18
3.13405e-10
-1.75755e-15
6.66812e-11
6.73843e-12
8.0514e-05
3.50822e-13
0.994132
1.00615
1.00363
1.00319
1.00652
1.00017
1.00137
0.999567
0.999319
0.99981
0.999466
0.999986
0.999885
1.00002
1.00003
1.00001
1.00003
1
1
0.999999
0.999998
0.999999
0.999998
1
1
1
1
1
1
1
1
1
1
1
1
1
1
1
1
1
1
1
1
1
1
1
1
1
1
1
1
1
1
1
1
1
1
1
1
1
1
1
1
1
1
1
1
1
1
1
1
1
1
1
1
1
1
1
1
1
1
1
1
1
1
1
1
1
1
1
1.73701e-14
3.07289e-11
3.98208e-10
0.076292
4.74293e-18
-1.98602e-13
-1.29636e-12
8.40352e-07
5.41112e-07
1.6514e-06
-5.15439e-08
-1.60363e-08
4.05673e-09
0.00555269
-3.57681e-10
0.0477703
-4.1295e-11
3.69405e-11
-1.13088e-19
1.25157e-12
-2.72397e-12
-4.14455e-12
-3.40204e-12
0.0186455
2.34092e-13
4.73245e-15
-1.05046e-14
1.37312e-15
4.26321e-16
-1.01942e-17
-1.07073e-17
-7.87641e-19
-3.64602e-06
-7.59848e-07
8.31567e-10
-2.14266e-10
4.20477e-18
2.03959e-18
-9.74103e-13
-9.00268e-13
-5.9372e-13
-2.55067e-16
6.36199e-11
-7.40886e-14
-8.63943e-14
3.91782e-13
1.09245e-16
-1.39292e-16
0.000171361
0.000193265
-1.93206e-11
5.97521e-11
-3.62069e-16
2.11028e-14
-2.07712e-10
-1.71115e-10
2.73804e-10
9.69006e-10
-1.5105e-09
2.31966e-08
3.09993e-07
-3.35346e-06
7.96506e-06
-3.29423e-05
0.000112728
-0.000159119
0.000275909
-0.00275503
-0.000997298
0.00449433
2.42673e-07
2.55168e-08
1
1
1
1
1
1
1
1
1
1
1
1
1
1
1
1
1
1
1
1
1
1
1
1
1
1
1
1
1
1
0.999999
1
0.999991
0.999992
0.999999
0.999993
1.00002
1.00001
1.00004
1.00004
1
1.00004
0.999854
0.999914
0.999702
0.999701
0.999958
0.999745
1.00083
1.00041
1.0019
1.00154
1.00218
1.00248
1.00016
1.0019
0.993126
0.997523
0.977023
0.985701
0.94888
0.962628
0.907424
0.926593
0.850647
0.876635
0.780892
0.810547
0.703213
0.735253
0.617765
0.653334
0.529231
0.564037
0.442705
0.477203
0.361248
0.392707
0.288147
0.315335
0.222191
0.245469
0.168866
0.185615
0.126218
0.139923
-2.69953e-10
-5.9888e-10
-1.79547e-10
0.0315338
0.0473565
1.12595e-16
3.4117e-20
4.35584e-11
1.77104e-11
-0.00209076
6.34135e-21
0.92558
7.76873e-07
0.0782059
5.58844e-20
-5.68857e-13
-2.14188e-14
0.017712
3.10786e-09
-1.24355e-07
-6.15994e-08
-5.54517e-08
3.90269e-09
9.41106e-12
4.25197e-13
1.09682e-13
-1.97204e-14
-1.40504e-15
1.10972e-15
8.44276e-17
-1.91419e-17
-3.74998e-18
-1.87637e-18
0.00947254
0.0324613
-1.09001e-05
-1.1325e-05
-4.7997e-10
-6.8883e-10
0.959572
-7.53754e-16
6.48518e-12
-1.04765e-08
-8.3024e-09
1.2323e-09
2.43499e-08
6.32877e-10
-1.76345e-07
6.13566e-07
4.91371e-06
-2.64966e-05
0.000103012
-0.000175282
0.000207085
-0.00159438
-0.00151704
0.0767339
0.0425133
0.0988166
-2.59785e-17
8.82704e-07
2.95549e-05
-1.961e-05
-0.00291641
0.000316636
-0.000180919
0.00013268
-3.9338e-05
9.17764e-06
2.46752e-18
-2.91754e-18
-0.00146462
0.000154356
-0.000134374
-0.00337853
0.000562474
-0.00375685
8.7116e-05
0.684452
-2.25633e-05
3.82963e-06
8.41887e-07
-1.10763e-17
-3.73587e-17
3.31559e-16
2.49148e-15
-7.06394e-15
-3.22716e-14
-1.45471e-09
5.16212e-20
-0.000220651
-0.000990867
0.000205258
-9.30517e-16
0.78693
9.38139e-20
2.878e-13
2.16538e-17
1.2404e-15
-2.80328e-19
1.73812e-15
8.09465e-09
-2.71621e-14
5.64728e-14
-1.98951e-18
7.29215e-10
-1.61598e-07
-1.79487e-11
-1.40513e-15
6.75587e-12
1.47031e-09
-3.2875e-06
2.18112e-07
0.322933
-6.72599e-12
1.0091
1.00853
1.01706
1.00223
1.00742
0.999796
1.00081
0.999654
0.999394
0.999897
0.999686
1.00001
0.999964
1.00002
1.00003
1.00001
1.00002
0.999999
1
0.999999
0.999998
1
0.999999
1
1
1
1
1
1
1
1
1
1
1
1
1
1
1
1
1
1
1
1
1
1
1
1
1
1
1
1
1
1
1
1
1
1
1
1
1
1
1
1
1
1
1
1
1
1
1
1
1
1
1
1
1
1
1
1
1
1
1
1
1
1
1
-2.37684e-06
-2.55113e-19
-1.68305e-07
1.99706e-17
1.20213e-09
-1.19179e-15
-6.88551e-08
-5.1131e-15
0.0653974
-7.08986e-18
-2.3195e-10
-1.20852e-10
1.44135e-09
-1.27613e-12
0.000149453
4.15318e-16
0.0265344
-1.89333e-18
2.39575e-13
9.68426e-14
3.90043e-14
-5.80185e-09
-2.5099e-15
8.61257e-16
1.03728e-15
1.2944e-16
9.28891e-17
-0.00267934
-6.22872e-10
1.05719e-09
3.34386e-09
0.0449323
1.75041e-17
6.06396e-12
0.000166277
5.50987e-11
1.96023e-14
-3.18093e-12
-3.59346e-12
0.873027
-3.79765e-06
8.61983e-09
-1.55511e-07
0.211792
-7.33573e-18
-1.39472e-17
5.41353e-07
-3.78692e-06
4.64121e-18
1.5975e-18
1.9099e-17
5.65483e-06
-2.33253e-05
0.000132844
-0.000245788
0.000287735
-2.83292e-05
-0.00257105
0.000381539
7.49266e-07
-3.33948e-16
-1.50771e-15
1
1
1
1
1
1
1
1
1
1
1
1
1
1
1
1
1
1
1
1
1
1
1
1
1
1
1
1
1
1
0.999992
0.999994
0.999997
0.999991
1.00002
1.00001
1.00004
1.00004
1.00002
1.00005
0.999879
0.999941
0.9997
0.99972
0.999889
0.999708
1.00064
1.00026
1.00165
1.00126
1.00219
1.0023
1.00096
1.00229
0.995102
0.99908
0.980752
0.989004
0.955253
0.968191
0.916571
0.935927
0.862622
0.888181
0.795921
0.825542
0.719198
0.752825
0.634727
0.670475
0.547842
0.583934
0.461204
0.497239
0.378128
0.411499
0.302216
0.331297
0.232309
0.258165
0.173527
0.192767
0.125199
0.13739
-1.68436e-10
-6.31542e-10
4.56885e-09
0.0103291
0.00973871
0.0251075
-3.8732e-05
-3.24255e-05
-1.06098e-05
-9.12719e-06
-1.20052e-14
-1.03608e-14
-0.00345243
-0.000296611
9.74612e-17
1.10695e-16
-1.98957e-16
6.17977e-09
6.51387e-09
7.98091e-09
1.39652e-07
6.02424e-07
-2.46434e-08
2.60183e-14
-5.86944e-13
3.84642e-13
-2.54014e-18
-1.60697e-18
0.000386236
0.000200572
9.16652e-07
0.0728844
-3.09706e-16
6.9498e-16
0.10776
2.73427e-13
-3.51039e-05
3.83172e-11
0.0406571
3.92358e-16
5.68906e-11
-3.31474e-18
-4.75364e-08
-0.00378283
-2.29744e-14
-1.04027e-07
1.60378e-15
1.57949e-06
4.35619e-11
1.52149e-11
-3.21673e-08
-3.10411e-14
0.104248
1.45874e-07
-3.97642e-14
2.03003e-09
2.64615e-10
-8.35045e-06
-1.99214e-05
5.2708e-13
5.95463e-12
0.97501
-1.71086e-11
0.658389
4.8389e-11
5.95432e-16
-5.84662e-16
-1.11503e-08
3.24085e-10
-3.45837e-10
-1.39516e-08
0.739487
6.80386e-09
6.0793e-06
1.00093
4.599e-07
7.7001e-06
0.0211096
0.000106051
-0.000122343
-4.86856e-10
-6.21848e-10
-5.91222e-10
-1.31838e-12
1.47713e-13
7.98307e-07
-8.54613e-18
4.07608e-13
-1.23028e-12
6.51298e-06
-0.00115442
-0.000199005
-8.27722e-13
-5.33491e-12
-0.00506771
-0.00383963
-1.53777e-10
-1.88681e-10
3.66241e-07
0.91765
-1.46175e-11
2.31908e-14
0.000235694
-0.000199271
7.46598e-06
0.000135066
-0.000154968
2.2686e-14
-8.0903e-06
6.50993e-07
1.00927
1.00429
1.00996
1.0005
1.00288
0.999622
0.999815
0.999768
0.999512
0.999959
0.999821
1.00002
1
1.00001
1.00003
1
1.00001
0.999999
0.999999
0.999999
0.999998
1
0.999999
1
1
1
1
1
1
1
1
1
1
1
1
1
1
1
1
1
1
1
1
1
1
1
1
1
1
1
1
1
1
1
1
1
1
1
1
1
1
1
1
1
1
1
1
1
1
1
1
1
1
1
1
1
1
1
1
0.705216
0.0911273
-1.18232e-14
1.59663e-09
-7.62762e-18
2.54061e-13
-5.85021e-15
0.0526417
0.0817341
1.12014e-05
-1.40818e-11
-8.6495e-08
-1.60118e-10
1.37893e-16
-0.00391826
-5.34067e-05
6.12435e-09
-1.15177e-07
0.323259
3.40818e-16
3.59501e-16
-2.11042e-08
-4.61706e-05
2.0273e-13
4.96023e-13
5.14617e-16
7.46074e-16
7.99704e-05
-5.18064e-10
-4.97127e-10
-3.277e-15
-1.70702e-15
-7.65198e-14
2.37553e-15
2.64092e-14
-0.000695855
-0.0092957
0.00117501
4.414e-18
3.37045e-17
1.16698e-16
2.4482e-17
-4.11263e-06
9.64533e-06
0.000208731
0.000125296
0.0676589
3.79397e-07
-4.36454e-06
-8.19913e-14
-0.00541554
0.000585025
4.09155e-13
0.0712045
0.0315684
0.109768
-0.000325509
-0.000103013
0.882953
0.720368
-2.14383e-06
0.00019067
8.63023e-14
4.06229e-14
1
1
1
1
1
1
1
1
1
1
1
1
1
1
1
1
1
1
1
1
1
1
1
1
1
1
1
0.999993
0.999996
0.999994
0.99999
1.00001
1
1.00004
1.00003
1.00004
1.00006
0.999905
0.999973
0.999707
0.999749
0.999826
0.999684
1.00045
1.00011
1.00138
1.00096
1.00212
1.00203
1.00161
1.00261
0.997098
1.00048
0.984962
0.992427
0.962318
0.974517
0.927173
0.945358
0.877384
0.902138
0.813162
0.843646
0.738009
0.772439
0.655652
0.691877
0.569758
0.60749
0.482828
0.520223
0.399546
0.435153
0.319546
0.352634
0.245775
0.275202
0.182024
0.207015
0.122808
5.27704e-05
0.000174644
1.24349e-05
-1.54547e-05
-1.96931e-05
-1.89356e-15
7.72076e-16
-2.12897e-14
-2.81768e-14
-0.00424976
-0.0045515
-1.32307e-07
5.42783e-07
-2.1186e-12
-1.91028e-05
5.78943e-12
2.64455e-13
2.09177e-09
8.32166e-17
-0.00409897
0.0189517
6.71511e-16
-0.0110106
-0.00772794
3.77191e-13
0.14474
0.0398011
0.0758034
4.27089e-06
5.37144e-07
0.18927
-1.08913e-14
-4.02694e-11
2.5832e-11
-4.93342e-05
4.953e-07
2.6422e-07
-3.27829e-10
1.13041e-09
0.000269029
0.000310961
-1.30091e-08
-1.09927e-08
1.66784e-12
1.66211e-05
-1.37105e-05
-0.000272706
5.51324e-12
6.16583e-12
-1.08634e-11
-5.91076e-07
-1.8012e-09
-1.63039e-09
-3.35751e-14
4.45176e-11
1.74152e-10
-2.49288e-10
-9.10048e-10
1.00726
0.992244
5.79134e-18
-6.48718e-14
7.18437e-07
3.96649e-17
4.42565e-17
1.09538e-16
0.239597
-0.000568332
-5.03946e-06
-6.99716e-14
-3.45433e-08
-9.43415e-08
-1.41772e-08
1
1
5.74915e-09
9.66314e-09
-2.43156e-08
4.11246e-11
1.07566e-06
1.14923e-06
1.21498e-06
-0.000322716
-1.72131e-12
-1.63155e-12
1.01711e-12
-8.07603e-13
-1.00969e-13
0.0033092
-0.00301171
-0.00762379
-0.00187655
1.13649e-11
2.81487e-12
4.17637e-13
-4.76205e-16
-3.00395e-16
-2.35724e-15
1.06845e-08
6.70361e-09
-1.38163e-07
0.00181335
-1.28712e-10
-1.75768e-10
0.926392
0.0183447
3.11917e-13
-0.000396731
1.00652
1.0016
1.0051
0.999788
1.00058
0.99964
0.999493
0.999871
0.999658
1
0.999934
1.00002
1.00003
1.00001
1.00002
1
1
0.999999
0.999998
0.999999
0.999998
1
1
1
1
1
1
1
1
1
1
1
1
1
1
1
1
1
1
1
1
1
1
1
1
1
1
1
1
1
1
1
1
1
1
1
1
1
1
1
1
1
1
1
1
1
1
1
1
1
1
1
1
1
1
1
0.461913
1
-6.69973e-06
-8.27304e-06
-0.00602041
0.0423318
-3.76971e-15
0.000152063
8.13121e-14
-2.92997e-12
2.77732e-14
1.39391e-05
-4.46779e-06
0.441637
-1.72614e-14
-5.37534e-14
-4.66132e-14
3.1408e-13
-5.10847e-10
-0.00181181
-0.00598427
-4.02466e-13
2.81752e-07
3.20935e-11
0.00795097
3.8191e-11
6.9507e-11
3.66325e-11
1.16609e-16
0.000193266
0.000256987
0.480209
-7.90444e-16
-2.78432e-16
0.980044
-1.00347e-14
-1.01605e-14
-6.70781e-08
0.145562
1.88411e-10
2.96005e-11
-1.9179e-11
-5.44206e-12
-2.67741e-12
0.380168
0.0627593
5.54618e-12
-2.81806e-08
-8.20808e-08
1
1.0092
1.01154
1.00152
9.19193e-08
-4.3684e-06
1.22602e-05
2.79221e-05
-0.000342735
0.811422
0.898621
0.516607
4.62325e-05
0.000101165
2.30907e-09
6.74295e-09
7.89141e-10
0.000266991
9.09715e-05
2.54161e-13
2.5415e-13
1
1
1
1
1
1
1
1
1
1
1
1
1
1
1
1
1
1
1
1
1
1
1
0.999995
0.999998
0.999992
0.99999
1.00001
0.999996
1.00003
1.00002
1.00005
1.00006
0.999937
1
0.999741
0.999797
0.999795
0.999699
1.00027
0.999973
1.00105
1.00065
1.00191
1.00167
1.00205
1.00269
0.998957
1.00159
0.989163
0.995582
0.969373
0.980905
0.938305
0.954927
0.892956
0.916655
0.832494
0.861701
0.760634
0.793459
0.679041
0.716065
0.594727
0.631408
0.509495
0.547477
0.423324
0.460481
0.343078
0.376794
0.267374
0.299632
0.199176
0.228652
0.100355
0.094673
0.135791
5.07651e-15
2.99972e-14
-1.15143e-15
-2.53902e-14
-0.00363987
0.00604773
8.14411e-07
4.47056e-07
3.2817e-05
0.000251117
-1.68655e-08
-3.19302e-15
-2.20234e-05
-1.43011e-05
-1.97347e-12
-3.23129e-12
-0.0016731
-6.34324e-05
-6.3907e-05
-8.70081e-10
-4.16743e-10
-0.00471349
3.11463e-11
2.45579e-11
4.11947e-14
-2.40827e-12
-1.91006e-12
-2.38377e-14
0.227186
3.18631e-16
1.97183e-16
7.07127e-07
8.02063e-05
3.26367e-05
1.05773e-06
9.21179e-07
1.36926e-09
-0.00126084
0.0310028
-9.07621e-12
2.13887e-11
0.028509
0.0593333
3.04599e-13
-4.62424e-06
-2.9712e-05
1.25565e-09
-7.055e-11
-6.91685e-16
4.90393e-17
-5.25253e-16
-7.6956e-08
-6.57466e-08
1
5.50278e-12
-5.99508e-12
0.0898452
0.017623
-3.97456e-08
-3.30777e-08
0.160942
0.000143365
0.000315527
9.11758e-05
2.83053e-12
5.91283e-12
-1.97443e-12
-1.79651e-12
1.85911e-12
-0.00493101
-0.00382035
-1.04491e-10
-1.4867e-10
3.66893e-08
-7.36875e-08
-2.61772e-15
-3.24135e-15
3.45627e-15
-1.27377e-05
-4.04011e-06
1.19631e-05
2.16733e-13
-2.05547e-09
-2.23149e-09
5.11756e-13
-7.30977e-15
-1.85348e-12
1.00315
1.00032
1.00206
0.999611
0.999788
0.999759
0.999524
0.999949
0.99981
1.00002
0.999991
1.00002
1.00003
1
1.00001
0.999999
1
0.999999
0.999998
1
0.999999
1
1
1
1
1
1
1
1
1
1
1
1
1
1
1
1
1
1
1
1
1
1
1
1
1
1
1
1
1
1
1
1
1
1
1
1
1
1
1
1
1
1
1
1
1
1
1
1
3.30943e-14
-4.82521e-05
1.09198e-14
2.40138e-13
2.09627e-05
0.120341
2.87945e-08
-0.00809532
-7.69047e-05
-0.000373861
0.000169748
0.0467002
0.156162
0.0836232
0.082162
0.118761
-7.83359e-15
-1.23588e-14
-0.000373806
-4.54756e-06
0.000136066
-0.000323544
-0.000456925
3.58933e-05
7.73281e-17
1
3.20798e-13
4.9162e-13
1
1
1
1
1
1
1
1
1
1
1
1
1
1
1
1
1
1
1
1
0.999997
1
0.999992
0.999992
0.999999
0.999992
1.00003
1.00001
1.00005
1.00006
0.99997
1.00002
0.999788
0.999854
0.999781
0.999731
1.0001
0.999874
1.00073
1.00035
1.00167
1.00131
1.00236
1.00256
1.00052
1.0025
0.99305
0.998008
0.976945
0.98667
0.949287
0.964223
0.909016
0.929663
0.852761
0.880808
0.782361
0.815474
0.704845
0.741135
0.621108
0.6594
0.536362
0.573355
0.450692
0.486308
0.366433
0.398836
0.293167
0.323522
0.225638
0.187546
0.259198
1.12384e-08
-4.26721e-08
8.58664e-07
-8.22715e-07
1.87898e-06
8.9282e-14
6.7452e-14
0.0153768
0.04323
-3.51188e-07
-4.95465e-06
-0.00742323
-0.00937783
0.000329899
5.18435e-05
-0.00363693
-0.00823719
-3.40692e-10
6.30677e-09
-2.34179e-05
-7.92916e-05
9.3559e-17
2.02435e-16
9.52042e-17
0.800147
-5.21858e-12
1.00668
-3.77607e-14
-4.45861e-14
1
1.00742
1.0082
-3.30899e-10
-7.76139e-11
-0.00339937
1.55198e-08
1
4.39607e-11
-2.70077e-15
-5.66699e-08
-3.67861e-12
-4.68786e-12
-0.000401336
1
1.01123
5.48742e-11
2.22003e-11
-0.00306925
-1.63175e-09
7.74004e-10
0.000170291
0.000111068
1.32783e-06
-1.44928e-10
5.35142e-12
1.499e-05
1.62358e-05
-3.59144e-15
-0.00162016
6.18781e-12
-9.40484e-11
8.60678e-07
9.68379e-07
-1.53298e-13
-8.31357e-15
5.00844e-18
-0.00224638
-1.10347e-15
4.06207e-09
-1.52891e-07
0.967021
0.990011
0.880757
-8.80525e-08
-1.22187e-07
-1.25832e-12
0.406815
0.52581
0.186207
5.84071e-09
4.92216e-09
2.10569e-10
3.37216e-13
-5.6163e-12
-1.15412e-12
3.55333e-13
-3.6307e-08
-9.14587e-09
2.56986e-13
-1.33107e-05
-1.8578e-05
-2.11031e-12
0.000257582
0.000234589
1.75049e-07
4.22915e-11
6.63366e-11
-0.00392399
-1.46301e-10
4.00591e-11
-0.00714446
-0.00703087
8.67251e-05
9.83228e-15
3.65236e-14
2.69098e-09
3.43291e-10
-3.36503e-15
-4.25373e-15
7.81246e-15
-1.66421e-05
5.67024e-10
-9.58808e-10
1.81115e-06
8.25568e-07
5.41843e-05
-3.44207e-15
0.0122283
0.00032294
-0.000470397
1.35629e-12
1.40699e-11
-4.44985e-12
1.00543
2.08722e-08
1.66193e-08
1.00132
1.00409
0.999727
1.00042
0.999636
0.999493
0.999871
0.999672
1
0.999931
1.00002
1.00002
1.00001
1.00002
1
1.00001
0.999999
0.999999
0.999999
0.999999
1
1
1
1
1
1
1
1
1
1
1
1
1
1
1
1
1
1
1
1
1
1
1
1
1
1
1
1
1
1
1
1
1
1
1
1
1
1
1
1
1
1
1
1
1
1
1
-1.697e-13
0.000387387
1.00185
7.33175e-14
-0.00140069
0.000429476
-1.90801e-12
-3.31864e-10
-1.36833e-10
1.81378e-13
-4.35401e-15
-1.67418e-12
-1.19869e-12
-6.94192e-08
-4.3938e-08
1.0359e-06
-1.1593e-15
1.69527e-05
0.000158379
0.000386471
0.0266445
1.92665e-13
-8.38938e-16
-3.25061e-15
-8.61254e-16
1.15717e-07
6.26655e-07
-5.34794e-08
1.86288e-13
1.93656e-13
5.08323e-10
0.00012028
-0.00129153
0.00142772
0.0236479
1
1
2.66768e-12
4.09903e-12
1
1
1
1
1
1
1
1
1
1
1
1
1
1
1
1
1
1
0.999999
1
0.999993
0.999994
0.999995
0.999991
1.00002
1.00001
1.00005
1.00005
0.999996
1.00004
0.999844
0.999905
0.999805
0.999789
0.999986
0.999838
1.00044
1.00012
1.00138
1.00098
1.00239
1.0023
1.00154
1.00285
0.995806
0.999796
0.982841
0.990444
0.958986
0.972031
0.92181
0.94032
0.870986
0.895489
0.805092
0.835218
0.730219
0.76353
0.649729
0.686328
0.56194
0.599283
0.472285
0.508252
0.383996
0.414623
0.308299
0.328643
-3.91743e-12
-4.45258e-12
-4.3573e-06
1.57687e-05
-0.00509821
-0.00953309
-0.000134868
-0.000433318
-0.00992136
-0.000765625
1.17335e-08
-8.04342e-05
0.000118699
1.00993
1.0101
-1.97279e-12
-7.06005e-08
1.9105e-08
-2.3723e-08
-5.15424e-14
6.82769e-09
-2.0584e-05
1.22421e-09
2.36844e-08
1.01004
0.262635
2.0063e-11
-2.48494e-12
-6.68951e-12
-0.00202113
9.09723e-10
1.17251e-09
-1.33804e-11
4.70307e-11
1.00789e-06
-4.15429e-08
-1.82164e-11
2.4817e-13
-0.000344297
1.60329e-07
9.63489e-07
-2.35099e-10
-3.50659e-15
2.43867e-07
1.94975e-13
1.76002e-14
0.97733
0.948336
-0.00607975
0.415644
0.152791
0.190146
6.07774e-12
-3.31992e-05
-4.12056e-05
0.0642597
0.0672471
-1.21603e-14
2.09327e-14
-1.77383e-12
0.0315322
-0.0102587
-8.35077e-05
-1.33088e-10
-4.6767e-10
-2.18574e-12
-7.72421e-07
6.14898e-14
9.83156e-09
0.00943255
0.775529
0.856433
0.520652
3.6746e-13
0.120649
7.46628e-09
5.48287e-12
3.01079e-12
0.113274
0.114225
0.15781
0.000297382
0.000351134
-2.47024e-05
-1.10646e-05
-1.68782e-10
9.66933e-05
4.02017e-14
-3.12563e-14
-1.41737e-06
-0.0052235
-4.2116e-06
-0.00840622
-0.00933471
-1.21137e-07
-9.10115e-08
-0.00588785
-5.90925e-10
-5.6933e-10
0.000307756
0.000276426
-6.22711e-09
-6.81351e-06
-3.43634e-06
1.06969e-14
-4.60821e-06
-2.14998e-07
2.11289e-09
9.95364e-09
-6.78802e-11
1.99781e-11
-1.09016e-07
-1.10205e-07
1.00836
-7.69326e-06
-0.000264924
1.00287
1.00695
1.00006
1.00149
0.999541
0.999561
0.999767
0.999516
0.999963
0.999843
1.00002
1
1.00002
1.00003
1
1.00001
0.999999
1
0.999999
0.999998
1
0.999999
1
1
1
1
1
1
1
1
1
1
1
1
1
1
1
1
1
1
1
1
1
1
1
1
1
1
1
1
1
1
1
1
1
1
1
1
1
1
1
1
1
1
1
6.35624e-09
-0.00917546
0.203942
0.00017319
2.05359e-09
1.84639e-09
1.49831e-14
1.69829e-14
-3.58808e-12
1.73181e-06
1.27132e-06
-1.23851e-06
1.3459e-13
-1.6027e-08
1.32789e-07
-6.65986e-05
-1.7807e-13
2.91157e-14
0.233191
5.04042e-12
3.25535e-12
6.71224e-12
-2.20961e-11
-2.0757e-11
2.9704e-14
3.00263e-14
-4.9575e-10
6.96392e-09
2.40592e-09
-0.00315159
-0.00882602
0.044562
4.13381e-05
-6.5577e-06
-6.42563e-05
-7.98534e-05
0.000430996
-0.000109235
6.36351e-14
6.32351e-14
1
1
1
1
1
1
1
1
1
1
1
1
1
1
1
1
1
1
1
1
0.999994
0.999996
0.999993
0.999991
1.00001
0.999999
1.00005
1.00004
1.00001
1.00004
0.999887
0.999942
0.999829
0.999835
0.999902
0.999814
1.00019
0.999947
1.00109
1.00068
1.00232
1.00203
1.00227
1.00304
0.99813
1.00108
0.987375
0.993751
0.966676
0.977918
0.933458
0.949609
0.885731
0.908558
0.823655
0.852028
0.753427
0.785618
0.674327
0.709669
0.585802
0.621176
0.493555
0.530484
0.395147
0.431565
0.303192
0.330392
-3.69266e-12
-6.79544e-12
-2.87776e-10
-7.09835e-10
-1.87177e-10
-0.00384498
-0.00122037
-0.000144801
-0.00283042
1.62726e-05
-5.31987e-05
0.00343602
-0.00547394
-0.000506874
-0.000228944
0.00900869
0.0401379
0.000260495
0.000455558
0.988895
-3.33769e-08
-9.4045e-08
-1.65783e-08
2.20221e-07
-1.86895e-05
-2.79407e-05
-1.88489e-05
-0.000487377
-3.91509e-10
1.55492e-08
-1.33933e-05
-5.89891e-10
-1.0494e-09
2.33158e-09
6.43563e-12
-5.90655e-13
-5.10365e-10
-0.0115318
-0.0108747
1.82831e-07
0.141512
-0.00865425
1.12484e-06
-5.59385e-07
1.01093
4.39494e-14
0.246466
-3.80507e-12
-1.40508e-12
-4.11244e-06
-3.55456e-06
-3.02136e-08
0.000206718
0.0278305
4.69697e-07
-1.07261e-12
-1.55454e-07
-1.57732e-07
2.79733e-09
-8.59266e-11
0.000255706
-0.000274372
0.000526558
-1.61499e-12
-3.51458e-10
2.85877e-09
-5.01697e-10
-7.7408e-10
6.53828e-09
-1.40906e-08
1.93707e-10
1.2064e-13
6.51779e-11
4.01875e-11
1.26631e-11
3.93589e-11
3.42865e-12
0.00552188
0.0440114
0.398475
0.201112
0.0925565
0.0967456
1.01332
0.000210731
-6.46188e-14
-8.96678e-13
2.00149e-13
1.30391e-13
-0.0083109
-0.0137785
9.07918e-07
7.17726e-07
-1.69723e-13
-1.14365e-13
-1.48908e-12
0.943215
0.905741
3.54951e-12
5.79389e-12
0.000357631
0.000429946
1.71881e-05
-1.07708e-05
-2.78004e-06
1.00546
-5.48336e-11
-5.48484e-11
0.15114
0.153124
1.4106e-05
-3.18805e-10
-7.55402e-11
1.00554
1.00098
1.00383
0.999559
1.00004
0.999625
0.999374
0.99989
0.999693
1.00001
0.999959
1.00002
1.00003
1.00001
1.00002
1
1
0.999998
0.999998
0.999999
0.999998
1
1
1
1
1
1
1
1
1
1
1
1
1
1
1
1
1
1
1
1
1
1
1
1
1
1
1
1
1
1
1
1
1
1
1
1
1
1
1
1
1
3.47809e-07
1.12884e-06
-0.00802306
-0.00320816
-1.49409e-09
-8.62357e-08
0.134406
-0.000585066
1.29069e-06
4.6888e-14
5.3089e-14
-3.47549e-14
0.960607
-3.45237e-12
4.38623e-08
1.13901e-08
2.86176e-07
-2.82993e-06
1.48176e-05
-1.02463e-12
0.108714
-2.21686e-09
-1.89385e-09
-2.72069e-12
-2.76649e-12
-1.38976e-10
-6.26508e-10
6.73438e-12
6.54703e-12
9.79175e-10
-2.4972e-10
1.03622e-08
5.20763e-09
0.0221967
-0.0122141
0.722887
0.786149
0.474099
0.000161444
3.70051e-05
0.203462
-3.3293e-05
-8.37625e-10
-0.00039341
-0.000582248
6.13828e-14
5.69614e-14
1
1
1
1
1
1
1
1
1
1
1
1
1
1
1
1
1
1
0.999996
0.999998
0.999992
0.999991
1
0.999995
1.00004
1.00003
1.00002
1.00004
0.99992
0.999967
0.999864
0.99988
0.999858
0.999811
1.00003
0.999835
1.00087
1.00046
1.00218
1.00179
1.00258
1.00297
0.999458
1.00176
0.990583
0.995876
0.972562
0.981943
0.94224
0.957084
0.89771
0.918844
0.840825
0.86683
0.774793
0.80531
0.695538
0.729287
0.603076
0.63691
0.50798
0.53948
0.412478
0.447544
3.64391e-12
-1.91151e-12
-0.00915939
-0.0107741
0.0182004
-0.00564743
-0.012035
-8.50281e-05
-6.1935e-05
0.0222844
0.00242452
-0.000820691
-0.00522918
4.63857e-14
4.90118e-14
1.00759
0.987439
0.0695609
0.132118
0.000449344
-0.000204502
0.210599
1.14955e-06
-1.45887e-07
1.74415e-06
-5.57271e-10
2.00815e-08
-1.78146e-05
3.40856e-07
-2.52877e-05
-0.000863085
-5.1743e-12
0.000315915
-9.53335e-11
0.196525
0.197308
6.41341e-09
-5.76576e-10
-0.0097382
2.62669e-11
2.05778e-11
-1.0238e-10
-1.99772e-05
0.138454
0.335944
0.0776274
6.17417e-12
-4.3928e-08
-1.58417e-12
-8.88572e-11
-0.000273617
0.000249317
3.62148e-09
8.90265e-12
-3.04543e-13
1.01194
6.23492e-11
-6.40602e-10
0.872111
0.820733
0.0658971
-7.37224e-05
3.24103e-11
2.75062e-11
1.01534
-1.56775e-13
9.61033e-10
4.19639e-09
-8.19315e-11
0.00114671
-0.00828852
0.000377073
0.313428
-7.00072e-08
-1.29512e-07
-5.7244e-08
1.30089e-06
-1.07277e-12
-1.27415e-12
3.54937e-12
-6.32717e-06
-2.59244e-05
0.000262823
0.000466894
0.000510762
-1.56053e-06
-3.72948e-06
1.3531e-06
5.48186e-07
-2.07529e-07
-2.08473e-07
-7.95723e-13
0.000315588
-2.63654e-08
-1.24832e-09
-3.14279e-09
-3.2421e-09
1.01175
-7.97545e-14
4.27291e-11
6.81166e-11
6.73451e-09
1.4952e-11
-3.71054e-13
0.000102348
4.55679e-05
1.00272
0.999805
1.00106
0.999435
0.99927
0.999748
0.99943
0.999976
0.999851
1.00003
1.00002
1.00002
1.00004
1
1.00001
0.999998
1
0.999999
0.999997
1
0.999999
1
1
1
1
1
1
1
1
1
1
1
1
1
1
1
1
1
1
1
1
1
1
1
1
1
1
1
1
1
1
1
1
1
1
1
1
1
-1.31255e-10
-1.51146e-10
-0.00202083
-0.00216676
0.000272812
-0.0100082
-0.00525976
-8.96427e-14
-1.94692e-05
-7.59296e-06
0.000449288
-1.59534e-12
-1.39743e-12
-0.0149797
0.000503017
0.000528518
7.43324e-09
-4.83429e-14
7.01544e-06
-2.34261e-12
-3.20795e-12
-3.8891e-10
-6.26761e-10
3.70842e-09
9.54096e-12
1.28016e-11
6.8629e-12
0.10846
0.256042
1.61057e-12
-1.78651e-12
0.359223
0.992798
1.21605e-08
-0.000833439
-0.00217259
1.15283e-06
-8.17234e-07
1
1
1.01298
1.00739
1
1
1
1
1
1
1
1
1
1
1
1
1
1
0.999997
0.999999
0.999992
0.999992
0.999999
0.999992
1.00003
1.00002
1.00003
1.00004
0.99995
0.999988
0.999897
0.999919
0.999825
0.999812
0.999902
0.999749
1.00069
1.0003
1.002
1.00157
1.00267
1.00285
1.00031
1.00208
0.993078
0.997499
0.977026
0.985658
0.949293
0.963195
0.909263
0.928626
0.856585
0.88145
0.793323
0.822661
0.712795
0.746023
0.611809
0.64619
0.5073
0.536577
1.89703e-11
1.31533e-11
1.85947e-05
0.000439485
0.0718793
0.0410178
-0.00909327
-0.015026
-0.000540816
-0.00083511
-2.67285e-13
1.00914
1.01584
-6.3127e-10
-2.59509e-10
-4.1805e-13
-3.0028e-08
-1.50558e-13
1.33444e-07
-3.82743e-06
1.6056e-06
-0.0105195
1.00733
4.69033e-11
5.16479e-11
1.2667e-06
-1.73634e-10
-0.00856367
0.000415984
8.01535e-08
1.44054e-07
0.256365
8.47142e-09
7.36842e-09
0.708988
-2.16774e-05
-0.000332957
-0.00612179
-0.00353335
1.31351e-08
-9.59584e-05
-0.000107117
-1.07026e-07
4.92968e-09
-0.00116949
-0.000344827
0.252089
3.00223e-05
-8.83856e-06
0.0105287
-0.0047783
-9.86591e-08
5.02471e-11
6.21577e-11
3.17136e-09
8.10581e-09
1.836e-09
0.595367
0.642154
0.359034
1.46329e-09
-7.98571e-08
0.30574
0.351337
-2.01175e-05
1.44046e-11
0.411578
8.03049e-10
-1.15266e-07
0.0445075
0.0394493
0.105562
-1.44571e-10
-1.77643e-10
6.28849e-12
1.8859e-11
-7.87749e-13
3.73506e-12
5.32747e-07
4.51916e-07
1.18778e-06
-1.46353e-13
0.911601
0.189681
-2.48697e-07
-2.51471e-07
-3.29121e-05
0.000436691
-2.81741e-06
8.65999e-06
3.05093e-07
-1.30998e-12
0.766558
-2.72592e-06
-1.70225e-08
0.946465
-2.96425e-09
-3.74807e-09
-8.38273e-08
-1.39592e-07
2.89403e-10
-4.41057e-10
0.431786
0.263698
0.190594
-6.04095e-10
-2.32477e-10
1.01314
1.97893e-06
1.0262e-06
-0.0134232
1.00086
0.999447
0.999897
0.999557
0.99922
0.999874
0.999617
1.00001
0.999944
1.00003
1.00004
1.00001
1.00003
1
1.00001
0.999998
0.999998
0.999999
0.999998
1
0.999999
1
1
1
1
1
1
1
1
1
1
1
1
1
1
1
1
1
1
1
1
1
1
1
1
1
1
1
1
1
1
1
0.175388
1
-1.31562e-12
-0.00387183
0.314076
0.000403078
0.448532
0.206969
1.73975e-08
1.86988e-08
-2.07201e-08
0.262052
0.181363
0.655316
7.57505e-13
4.8255e-09
0.000104007
0.38289
-2.87933e-05
-1.42313e-05
1.00585
1.00404
1.01324
1.1743e-11
8.48119e-12
0.000210062
0.000445646
0.000144304
-0.000124693
4.86526e-05
-0.00442414
-0.0126564
-6.80846e-08
-1.98389e-08
8.07651e-13
6.73777e-11
0.343705
0.356297
0.406399
-1.93015e-06
-3.60866e-06
-8.77837e-12
-1.3485e-10
0.842991
0.699429
-2.28207e-12
0.958931
0.877531
1
0.120813
1
1
1
1
1
1
1
1
1
1
1
1
0.999998
1
0.999992
0.999993
0.999997
0.999991
1.00003
1.00002
1.00003
1.00004
0.999973
1
0.999923
0.999951
0.999801
0.999818
0.999801
0.99969
1.00054
1.00015
1.00181
1.00133
1.00264
1.00265
1.00086
1.00222
0.995051
0.998913
0.981038
0.989012
0.956583
0.969638
0.920501
0.939347
0.871764
0.895639
0.811267
0.840253
0.726857
0.762381
0.616452
0.659442
0.495335
3.59579e-11
3.594e-11
2.38036e-07
3.42097e-08
0.000639923
0.000535752
-0.00137555
-0.00415284
1.00822
1.01758
0.984551
-1.44392e-10
-7.40919e-13
0.323115
0.408394
0.115642
-8.57735e-06
4.46891e-11
7.06779e-11
-0.0168769
-0.0161715
0.0565513
-0.0125687
0.408364
1.94239e-07
2.84097e-07
7.4664e-12
7.65372e-12
-3.22815e-11
-0.00860766
-0.000790911
-7.31328e-08
-2.0228e-10
8.26821e-07
2.94273e-08
5.1197e-09
-5.02379e-06
-1.53917e-07
-0.00255742
-0.0013001
0.000393422
6.09773e-09
-8.49009e-10
-4.80049e-10
0.000577746
-1.06782e-05
0.00010515
0.0355906
0.00841865
3.5247e-11
7.71702e-11
5.90569e-09
-0.00783295
3.81079e-09
-0.00133263
-2.18464e-11
-4.47307e-10
5.85015e-09
-2.38931e-09
-3.25042e-09
0.161725
0.258109
2.20054e-11
2.59754e-11
-2.66185e-11
1.08606e-06
-1.12338e-06
-0.000920105
-7.573e-05
-3.95888e-06
-0.000116776
7.37154e-09
8.74209e-09
0.00282822
0.00770645
-2.79824e-07
-2.75614e-07
-0.000537205
-9.97979e-08
-1.02765e-07
4.77351e-05
-8.75756e-06
-3.69449e-06
2.89488e-07
6.97213e-07
6.30652e-07
1.20176e-06
0.999869
0.999424
0.999339
0.999729
0.999414
0.999966
0.999817
1.00003
1.00002
1.00002
1.00004
1
1.00002
0.999998
1
0.999998
0.999997
1
0.999999
1
1
1
1
1
1
1
1
1
1
1
1
1
1
1
1
1
1
1
1
1
1
1
1
1
1
1
1
0.000224495
-0.0157691
5.89946e-09
1.04903e-08
-0.00640065
0.337296
0.513698
0.163072
0.000577086
0.000349585
2.08819e-08
2.27252e-08
-5.54659e-08
0.0766623
0.0659138
0.154864
2.52957e-09
3.12571e-10
-0.0175829
-3.65955e-09
-1.24521e-10
-4.37821e-10
-3.04368e-11
-0.00238344
0.429044
0.00029779
-2.13583e-10
-1.99136e-10
-2.36898e-10
0.700363
1.67156e-11
1
1
1
1
1
1
1
1
1
1
1
0.999999
1
0.999994
0.999995
0.999995
0.999991
1.00002
1.00001
1.00003
1.00003
0.999991
1.00001
0.99995
0.999984
0.999795
0.999839
0.999744
0.999671
1.00039
1.00001
1.00156
1.00105
1.00246
1.00231
1.00116
1.00221
0.996932
1.00011
0.985365
0.992646
0.964606
0.976798
0.933055
0.950811
0.887882
0.911654
0.827745
0.855908
0.739033
0.771964
3.57887e-11
6.46684e-07
3.95343e-07
0.000287711
-0.00757792
-0.0168272
-0.00115959
-0.000884127
-0.00228005
-2.16621e-05
-2.87986e-05
-2.14842e-05
0.000779329
0.000726407
0.000459318
0.504595
3.54177e-07
4.88228e-07
-0.0113647
0.53131
0.0265892
3.75607e-10
0.00405661
2.89381e-07
-2.3532e-06
-4.33218e-06
0.5051
-1.75325e-11
3.95469e-11
-1.1866e-07
-5.0427e-08
1.44133e-06
0.111869
-1.62832e-05
-0.00504313
-0.00354704
-1.22294e-07
-3.01098e-09
0.0844745
0.0494765
1.01342
-5.58046e-11
1.55269e-11
1.0014
1.00275
1.15707e-06
9.60305e-07
6.47614e-09
1.59156e-06
-0.0140886
0.000476091
-1.95595e-10
3.59824e-12
7.4113e-09
-1.24059e-09
-2.97675e-10
-2.77477e-10
-0.00711669
4.63492e-11
1
1
0.633031
0.339391
0.420699
1.56191e-06
-2.43907e-05
-3.06097e-05
-8.98762e-11
-2.82681e-10
-3.43432e-09
-3.26527e-08
6.45735e-09
1.00914
1.01603
0.567302
0.000112853
0.000550172
0.897912
0.742282
-0.00246464
-0.00113399
0.990407
1.00669
0.934043
-0.000128289
0.000152325
5.16233e-09
1.04983e-08
-0.0155694
0.000480329
0.000217726
-2.7173e-07
-2.54016e-07
1.00765
0.0195351
0.676659
1.00522
-5.89745e-10
-6.01733e-10
-0.00833133
6.99754e-09
1.00076
1.00364
0.104309
0.116759
0.999434
0.999878
0.999554
0.99925
0.999873
0.999624
1.00002
0.999947
1.00003
1.00004
1.00001
1.00003
1
1.00001
0.999998
0.999998
0.999999
0.999998
1
0.999999
1
1
1
1
1
1
1
1
1
1
1
1
1
1
1
1
1
1
1
1
1
1
1
1
1
7.55844e-08
-7.43422e-08
1
0.55718
0.501171
0.634158
-0.00601828
1.00953
2.61143e-05
-1.29139e-05
0.290108
-1.24275e-05
-3.29661e-06
-0.0109345
-1.67167e-05
-0.000122531
-0.0209035
-0.00860141
1.76898e-08
2.04112e-08
-1.01015e-07
6.04839e-09
1.91183e-09
2.84559e-11
4.78571e-12
-1.10473e-10
1.33791e-06
2.03741e-06
-0.0115528
-0.0201897
1.01142
1.01082
1.01432
1
1
1
1
1
1
1
1
1
1
0.999995
0.999997
0.999994
0.999991
1.00001
1
1.00002
1.00003
1.00001
1.00002
0.999979
1.00001
0.999811
0.999871
0.999721
0.999671
1.00024
0.999913
1.00121
1.00074
1.00211
1.00186
1.00126
1.00194
0.998679
1.00107
0.989912
0.996014
0.973446
0.984318
0.946536
0.962667
0.904642
0.927309
0.841093
0.868782
0.74127
0.77342
-0.000643527
0.238523
-0.0121964
1.04085e-06
-1.43981e-06
7.9823e-07
8.64597e-07
9.0186e-09
0.65792
0.990509
0.969979
1
0.0248765
-0.00825165
-0.00669612
-1.58073e-10
-7.89736e-11
0.000139908
5.4427e-07
7.20197e-07
7.40963e-07
-2.40414e-07
6.5987e-05
-2.65906e-10
-1.73582e-10
0.000388745
8.41652e-09
7.71745e-09
1.55616e-06
1.68562e-06
-3.37064e-10
-7.63142e-10
-2.69616e-10
0.0564143
-3.21363e-09
1.30576e-08
-1.41025e-10
1.18687e-09
6.29409e-10
8.60239e-09
-1.90946e-07
0.047405
0.000169251
0.000485586
-1.35133e-05
-3.893e-10
-2.71226e-10
-0.00399303
-0.0106067
-2.24369e-08
-6.30196e-09
0.000901175
0.000869057
0.000327333
-0.00482636
-0.0031479
0.131047
0.0890693
-4.64651e-09
5.97843e-09
0.221884
0.21383
0.333917
-6.40352e-06
-1.33136e-05
0.152272
0.167697
-3.24383e-05
-2.3316e-05
-7.21466e-10
0.606915
1.00874
1.00243
1.00692
0.999701
1.00095
0.999386
0.999218
0.999724
0.999388
0.999969
0.999817
1.00003
1.00002
1.00002
1.00004
1
1.00002
0.999998
1
0.999998
0.999997
1
0.999999
1
1
1
1
1
1
1
1
1
1
1
1
1
1
1
1
1
1
1
1
9.53851e-05
3.8056e-05
0.00435719
5.10977e-07
-0.00139071
-0.00176162
-0.00266607
-0.00370309
-0.000115801
0.000287042
-8.41124e-08
-7.18367e-08
-0.0139241
0.0124094
-1.77325e-07
-3.59333e-10
-0.0207081
0.00838864
9.83819e-09
7.57434e-07
9.79921e-07
0.511749
-1.4759e-07
1
1
1
1
1
1
1
0.999997
0.999999
0.999993
0.999992
1.00001
0.999997
1.00002
1.00002
1.00002
1.00002
1
1.00003
0.999837
0.999912
0.999716
0.999708
1.00009
0.999838
1.00085
1.00041
1.00166
1.00131
1.00119
1.00151
1.00027
1.00189
0.994371
0.998957
0.982633
0.991925
0.959941
0.974563
0.920585
0.9414
0.85054
0.881382
0.734574
0.772858
4.71666e-09
1.69665e-06
0.346474
0.622718
0.833725
0.88118
0.684939
5.9244e-10
4.55221e-09
-3.87407e-10
-2.39883e-07
-7.372e-08
-1.49665e-07
0.267512
-2.20825e-07
-1.24098e-07
0.000350959
-2.9965e-06
-6.50073e-06
1.28247e-06
0.640613
0.000287942
-3.27973e-05
-0.000119976
0.0002046
1
-0.0103095
-0.011471
-0.0106715
1.27471e-06
5.05597e-09
-3.89701e-10
-5.2187e-10
-5.2446e-10
9.49784e-07
9.7128e-07
0.47685
-8.62927e-06
-4.78018e-06
0.000578842
-0.00585882
-0.00627823
0.235289
-0.00767234
0.000621077
0.095111
0.103793
1.04229e-08
-6.10635e-10
-9.22424e-10
-6.68417e-10
0.0664724
-2.2125e-05
-1.02142e-08
-1.92079e-07
1.44512e-06
2.126e-06
7.00005e-08
1.00402
2.23657e-09
9.71355e-09
1.19268e-10
1.63659e-09
1
1.01541
1.01414
-0.0156943
-0.0147249
-0.0207493
-5.20621e-08
-3.49812e-08
-0.000315078
-0.00227779
0.000950895
0.000951142
1.03848e-05
0.22091
0.174747
-5.12491e-09
-1.43844e-09
-3.03106e-09
-2.34483e-08
-7.81638e-09
0.433644
9.88281e-07
1.2232e-06
1
-0.00592733
-0.00198228
0.000126829
1.78572e-05
0.224383
0.978469
0.951112
1.00491
0.0358867
1.00053
1.00326
0.999383
0.99972
0.999575
0.999247
0.999889
0.999657
1.00002
0.999961
1.00003
1.00004
1.00001
1.00003
1
1.00001
0.999998
0.999998
0.999999
0.999998
1
0.999999
1
1
1
1
1
1
1
1
1
1
1
1
1
1
1
1
1
1.10735e-08
1.07529e-06
0.429851
-7.93955e-10
-5.50657e-10
1.6791e-10
0.437174
1.07721e-06
1.04531e-06
-1.64419e-05
0.346416
-1.0204e-07
-8.35054e-08
-1.19985e-07
0.292049
0.803209
0.877272
0.559652
0.0428769
-2.69253e-05
-1.94318e-05
-3.1998e-05
0.000479901
0.000458643
1.1136e-08
1
1
0.33916
1
1
1
1
0.999999
1
0.999993
0.999993
1
0.999994
1.00001
1.00001
1.00002
1.00002
1.00002
1.00004
0.999882
0.999953
0.999752
0.999768
0.999992
0.999814
1.00048
1.00014
1.0011
1.00074
1.00093
1.00098
1.0016
1.00253
0.998196
1.00162
0.990995
0.998063
0.971596
0.984516
0.931867
0.950502
0.855347
0.886652
0.725561
0.761792
-3.16194e-06
-1.22467e-05
-1.58398e-07
-0.015964
9.25034e-07
1.20989e-06
-2.03006e-06
0.2731
0.360857
1.24649e-07
1.01371
1.25516e-06
1.51143e-06
-6.12962e-10
-9.4366e-10
0.000527755
-7.57237e-05
0.000470538
-0.000287045
0.128616
3.30842e-07
1.60133e-06
-0.013472
-0.0144673
-8.35844e-08
-7.36615e-08
0.154291
0.17297
0.341204
0.533558
0.289265
-0.00935245
0.000289454
-0.000741114
0.000640468
0.906247
-5.10597e-08
0.000929431
-1.12058e-05
-2.78598e-05
0.599393
-2.47496e-07
1.17879e-08
2.67346e-07
1.80499e-06
-4.43035e-09
-9.93629e-09
1.01162
1.01238
0.50921
3.44791e-09
1.032e-08
-0.010565
0.44551
0.444049
0.650657
-0.0166106
0.031083
0.000813065
0.00100324
0.981158
0.92895
-0.00402401
-0.00851684
3.40151e-09
7.18701e-09
6.16707e-10
1.16669e-06
1.05059e-06
0.479732
0.000620495
0.000338898
-0.0119362
-0.0160637
0.335939
-3.64308e-08
-4.69813e-09
0.0876916
8.64908e-08
-7.60921e-08
1.00173
0.999604
1.00064
0.999431
0.999252
0.999759
0.999442
0.999977
0.999838
1.00003
1.00002
1.00002
1.00004
1
1.00002
0.999998
1
0.999998
0.999997
0.999999
0.999998
1
0.999999
1
1
1
1
1
1
1
1
1
1
1
1
1
1.65875e-06
6.8553e-07
-0.0124204
1.22248e-06
7.16176e-07
-0.000427843
-0.000897823
0.581062
1.01328
0.453042
-0.0186588
-0.0198857
1
1
1.01787
-0.00932724
-0.00389188
1.01195
1
1
1
1
0.999994
0.999995
0.999997
0.999993
1.00001
1.00001
1.00002
1.00002
1.00004
1.00005
0.999926
0.999992
0.999802
0.999836
0.99992
0.999807
1.00014
0.999904
1.00054
1.00019
1.00067
1.0005
1.00296
1.00321
1.00178
1.00421
0.998482
1.00385
0.981209
0.993107
0.937986
0.958199
0.848922
0.874993
0.576361
0.24545
0.413948
-3.33012e-08
-2.28505e-08
-2.21644e-07
0.0202866
0.997624
2.46441e-10
-4.78999e-10
-0.00652444
-8.4869e-05
-1.38508e-07
0.763882
3.17194e-06
0.000672332
7.49198e-09
-7.62097e-08
1.00161
-0.0192423
1.00725
-1.00278e-07
-1.13383e-07
1.51742e-06
-0.0034323
2.18524e-09
0.63379
4.5749e-09
7.56632e-09
3.61175e-07
1.01144
-0.00026489
-0.00233333
0.000359962
-1.67257e-08
0.70465
0.460538
-0.0224722
-1.82117e-05
1.00559
0.000592157
-0.00169882
8.38114e-05
0.000270393
2.73752e-05
-2.38379e-06
2.49221e-07
9.74408e-07
4.16453e-07
8.81748e-09
-1.19606e-08
-8.99176e-08
-1.30273e-07
1.01362
0.0793908
0.213583
0.957663
0.92776
0.717719
-8.44476e-06
-4.41477e-06
0.000755947
-0.00114501
-4.30586e-06
-3.03258e-06
-1.06376e-05
-4.53541e-05
0.820437
-0.0126903
-0.0213858
-2.65176e-10
1.21165e-06
9.82048e-07
0.000390999
-0.0147561
-0.0127698
1.46239e-06
1.71797e-06
-0.00132135
-0.000364339
0.387795
0.20309
0.827453
2.69496e-08
4.09188e-07
-9.21981e-08
0.728687
2.9417e-09
0.0492095
0.147492
0.0201104
1.0133
-0.00632606
-0.0045931
-0.00754461
-0.0126784
0.0587389
1.00019
0.999395
0.999584
0.999612
0.999309
0.999903
0.999692
1.00002
0.999968
1.00003
1.00004
1.00001
1.00003
1
1.00001
0.999998
0.999998
0.999999
0.999998
1
0.999999
1
1
1
1
1
1
1
1
1
1
1
-3.89704e-08
-5.81618e-08
2.01907e-06
1.09179e-06
-0.00574571
-0.00496739
-0.0116061
2.67959e-09
0.653227
1.00967
1.015
0.756083
-2.36672e-05
0.602074
2.12448e-09
1
1
1
1
0.999995
0.999997
0.999996
0.999993
1.00001
1
1.00002
1.00001
1.00005
1.00006
0.999969
1.00002
0.999856
0.999893
0.999859
0.999794
0.999829
0.999667
1
0.999689
1.00049
1.00024
1.00444
1.00421
1.00521
1.00689
1.00498
1.00887
0.988477
0.997981
0.944867
0.966633
-3.47052e-05
9.32416e-06
-2.19693e-05
0.536839
0.000661178
0.000473063
-6.71398e-08
-2.07992e-08
1.00356
1.0084
0.738574
1.12895e-06
7.74193e-07
2.16444e-07
2.67468e-08
-3.42758e-05
0.0875564
-0.0125939
-7.02865e-08
1.00221
-0.00288746
0.993516
1.00751
0.940191
0.878479
7.84562e-07
7.03099e-09
6.53432e-09
7.77309e-09
-4.08946e-05
0.0507072
0.00424132
0.000179563
0.000435438
0.00010732
-5.19583e-05
0.686984
0.599717
0.00943594
-9.26373e-08
-4.99665e-06
-6.3961e-06
0.00101067
0.000904274
1.82013e-06
-5.16244e-08
-1.24679e-07
-1.52079e-05
-1.08474e-05
0.315921
0.493428
1.92934e-07
-1.80215e-05
-0.00807445
0.841658
-2.21736e-05
-2.72664e-05
-2.46736e-07
-0.00296263
-0.00725415
-0.0222755
0.00261016
5.11673e-07
-2.43893e-07
-6.46313e-06
-2.68521e-06
-0.00164961
-5.02182e-05
1.0499e-08
6.31499e-07
1.60217e-06
0.000109552
0.00086073
-0.00880195
-0.00728414
-1.94962e-07
0.123656
0.0994049
0.277206
1.00112
0.999536
1.00028
0.999477
0.999282
0.999785
0.999501
0.999982
0.999855
1.00003
1.00002
1.00002
1.00004
1.00001
1.00002
0.999999
1
0.999999
0.999998
1
0.999999
1
1
1
1
1
1
1
1
1
8.26612e-07
-0.0162369
-0.0151903
-0.0222846
0.985419
0.288061
0.225981
2.06244e-06
1.45076e-06
0.79573
1.01144
0.99959
-2.28734e-07
-6.10456e-08
8.06486e-07
2.92864e-07
0.541504
-3.74824e-08
-1.67256e-05
1
1
0.999997
0.999999
0.999995
0.999993
1
0.999997
1.00001
1.00001
1.00006
1.00006
1
1.00005
0.999891
0.999931
0.999772
0.999753
0.999492
0.9994
0.999537
0.999251
1.00074
1.00044
1.00646
1.00583
1.00863
1.00979
1.01001
1.01271
0.990328
0.999124
-1.92186e-07
-7.73032e-10
-1.71198e-08
2.90633e-09
1.01176
1.01455
-8.02435e-08
-5.41322e-08
4.92156e-07
1.32006e-06
2.03015e-07
-0.0112273
-1.25556e-06
-0.0132099
0.180034
0.893709
1.00569
1.00419
1.01099
0.338375
4.25514e-07
5.23795e-05
0.653829
-3.798e-08
0.665984
-0.0103636
-0.0050352
0.872842
-9.18718e-09
1.79914e-06
-0.00880671
0.000295647
0.264643
0.120573
-3.06318e-05
-0.0147845
0.000336876
-0.00234883
0.942367
-2.21318e-05
-1.87471e-05
0.614354
0.76773
-4.69033e-07
-1.45802e-06
0.927355
0.869073
-0.0109953
0.0355793
0.14662
-7.65018e-06
-9.87251e-06
-2.66583e-05
-2.42512e-05
-4.93097e-05
-1.30088e-05
-8.48669e-06
0.00053065
0.000458175
0.000577165
1.91819e-07
-4.77549e-07
0.000220582
6.17596e-05
-0.0182054
-0.0196131
-4.53904e-05
1.28646e-06
1.61839e-06
4.72504e-07
1.00271
0.999967
1.0015
0.999399
0.999475
0.999646
0.999358
0.999914
0.999725
1.00002
0.999973
1.00003
1.00004
1.00001
1.00003
1
1.00001
0.999999
0.999999
1
0.999998
1
1
1
1
1
1
1
-0.0191363
-0.0203955
0.022219
9.1875e-07
7.33588e-07
1.66059e-06
0.000254166
0.390484
0.344107
0.56926
-2.16503e-06
-3.4738e-06
-7.10998e-08
-2.25212e-05
-3.52906e-05
0.570564
0.00115903
0.00102825
0.00055216
0.967891
0.999998
1
0.999993
0.999992
0.999998
0.999994
1.00001
1
1.00007
1.00006
1.00003
1.00007
0.999906
0.999951
0.999655
0.999683
0.999146
0.999115
0.999224
0.998955
1.00162
1.00088
1.00937
1.00822
1.01185
1.01263
1.01235
1.01554
0.671142
-0.0111866
-0.0151103
1.0082
0.989854
1.25677e-06
1.30871e-06
-1.65595e-06
1.0144
1.01544
1.13274e-05
0.463156
-0.00985031
-0.00358283
-0.000900854
0.0776623
0.0181797
1.55268e-06
1.18747e-06
-1.0741e-06
8.94066e-07
0.953127
0.936389
-0.0138323
-0.00473798
0.00155396
-0.0197005
-0.0206179
0.983887
-5.10668e-06
0.000436305
-3.42095e-05
-4.64814e-05
0.243224
0.41801
-2.71203e-05
-2.86355e-05
0.865288
-1.16478e-05
-1.43678e-05
0.586383
0.370003
1.0069
1.00856
0.85759
0.910342
0.668479
-0.00598246
-2.04914e-05
-1.68154e-05
0.000457066
-9.25702e-05
0.000654964
-0.0137399
-0.0133782
-4.03472e-06
-6.15342e-06
-1.62635e-05
0.000193788
-6.26297e-06
-8.91655e-06
-1.29238e-06
-2.80435e-05
1.00069
0.999444
0.999917
0.999499
0.999257
0.999815
0.999549
0.999993
0.999889
1.00003
1.00003
1.00002
1.00004
1
1.00001
0.999997
0.999999
0.999997
0.999995
0.999999
0.999997
0.684642
0.634727
0.828185
0.000386913
0.000149636
-1.46768e-06
-0.0125586
-3.13193e-05
0.0383787
0.0165616
0.999991
0.999995
0.999992
1.00001
1
1.00008
1.00006
1.00005
1.00009
0.999897
0.999956
0.999504
0.999579
0.998831
0.998858
0.999167
0.998867
1.00288
1.00183
1.01211
1.01042
1.01477
1.01514
1.01469
1.01881
-1.66882e-05
-1.9903e-05
0.920023
1.94518e-06
1.07042e-06
0.156875
1.01464
1.00319
1.00474
0.987531
-0.00384045
-0.00675815
0.745853
-0.0161668
8.17466e-05
-0.0101077
-0.0084661
-5.11274e-06
0.30163
-0.0138667
-0.00796822
-3.8562e-05
-3.64949e-05
-2.52517e-05
-0.000399461
0.00943293
0.0806594
0.0546642
0.542253
0.697438
0.999992
-2.59427e-05
-3.59696e-05
-1.13942e-05
0.112263
0.999998
0.0735141
0.0590537
0.211223
-2.57313e-05
-2.67529e-05
0.994354
0.949441
0.803964
0.772312
-1.10443e-05
0.000164181
0.00125655
-8.88309e-06
2.29395e-06
-2.16746e-05
-2.57388e-05
0.000435865
0.00115587
0.969498
0.902859
0.993988
1.01006
1.01146
-0.0188715
-0.0190734
0.000610128
0.000553592
4.51813e-05
-4.44767e-06
1.01449
1.008
0.857726
-0.0147996
0.999748
0.999394
0.999361
0.99967
0.999368
0.999926
0.999741
1.00002
0.999977
1.00002
1.00004
1.00001
1.00002
0.999996
1
0.999993
0.999991
0.999991
0.999999
0.000276535
0.000567936
0.000191665
-2.52313e-05
-2.91764e-05
-1.19094e-06
-8.7369e-06
1.63021e-07
-0.00499077
-0.0131116
0.199715
0.171017
0.999994
1.00749
-2.66112e-05
1.00001
1.00008
1.00006
1.00005
1.00008
0.999861
0.99993
0.999339
0.999451
0.998641
0.998697
0.999588
0.999294
1.00469
1.0035
1.01452
1.01261
1.01555
1.01607
1.01354
1.01164
-0.00230096
-0.00105822
-0.00145816
-0.00559993
1.00209
1.00593
1.00099
0.00458033
0.0117351
-5.81035e-06
-0.0174707
1.01716
-2.49822e-05
0.435721
0.0372472
-0.00630516
0.999997
3.39983e-05
0.000333234
-8.3497e-06
-3.21927e-05
0.792558
-3.0109e-05
1.01375
1.01394
0.384246
-0.00066411
0.32623
0.495688
-2.60774e-05
0.978467
0.85151
-0.00443271
-0.00310176
0.167539
0.129251
-0.00895693
0.927591
0.898751
0.647953
0.699436
0.435297
0.00115576
-0.000868201
-0.0138002
-0.0130162
-2.58815e-05
0.969707
0.893585
-2.87122e-05
-2.67216e-05
1.01035
1.01677
0.990658
1.00403
0.999396
0.999531
0.999276
0.999834
0.9996
0.999995
0.999906
1.00003
1.00003
1.00002
1.00004
1.00006
-0.0162556
-3.72915e-05
-0.00772088
-0.0113651
-0.0110763
-0.0165621
-0.0100798
6.04897e-06
0.299933
-1.4614e-05
0.128539
0.104139
0.293116
-4.82725e-06
2.7189e-05
5.86845e-05
0.000108936
0.000528736
-1.6945e-06
4.9885e-05
2.8603e-05
0.947657
1.00227
0.622848
1.00004
1.00006
0.9998
0.999884
0.999189
0.999354
0.998624
0.998714
1.00065
1.00008
1.00741
1.00617
1.01653
1.01469
1.01488
1.00765
1.01601
1.02627e-05
0.00012622
6.16116e-05
-3.71619e-05
0.0162213
-0.00751884
0.758095
0.634591
0.876471
1.00041
1.00257
-1.242e-05
-2.48597e-05
0.300527
0.99974
1.00005
1
0.0573537
-0.00299792
-0.000499941
0.000417315
0.00070231
0.000355987
-0.00735786
0.000595274
0.0010819
-0.00593333
-0.00211692
0.505847
-1.11581e-06
1.00913
1.01068
0.563285
0.220859
0.446843
0.151712
0.000110932
7.58173e-05
0.000487789
-0.0166216
-0.00353843
0.778863
0.0271925
0.0404991
1.00002
1.01645
1.01497
0.000147012
0.999418
0.99972
0.999438
0.999949
0.999796
1.00003
1.00006
0.999994
0.0328649
-0.0100708
0.999992
0.999997
-0.00225564
-0.00492232
0.0613861
0.07804
-0.0129173
-0.0142717
-0.0130246
1.00144
0.831263
0.999714
0.999792
0.999126
0.999274
0.999046
0.999102
1.00235
1.00175
1.01042
1.00905
1.01879
1.01623
0.000233737
0.999568
1.00044
1.01368
0.0724525
0.000242532
0.000547807
0.000526393
-0.0106501
0.93664
0.983622
1.0115
1.00048
0.000781379
-0.0135709
-0.0159723
0.999276
0.127216
1.01231
0.609005
-0.0132187
-0.0154112
0.00025683
-0.000934926
0.000670018
0.735529
0.535939
0.425879
0.000373322
0.222608
0.429868
0.164832
0.881007
0.000207385
0.19592
0.168565
0.393152
1.00648
0.00022241
0.00015591
1.00475
1.01277
1.01795
1.01322
0.000259853
2.45119e-05
0.000297444
0.0205156
0.108339
0.000343248
-0.00974779
-0.00445882
0.964253
0.989085
0.999363
0.00035193
0.999594
0.999309
0.999882
0.999892
0.999659
0.283909
0.771983
-0.00402109
0.227044
0.342734
0.272599
-0.00885722
0.000733084
0.00084829
0.999131
0.999827
0.99965
1.00472
1.00364
1.01366
1.01152
1.01799
1.01702
1.00948
0.000619019
0.0574167
0.0186381
0.00066952
1.00306
1.00778
0.999599
0.999261
0.999683
0.000620429
0.968195
0.000664897
0.000602951
0.000620287
0.751449
0.542375
0.86427
0.999504
1.00004
-0.0122893
0.015348
0.000762335
-0.00733596
-0.0122902
0.000558885
0.21251
0.000117688
1.00175
1.00581
0.423918
-0.0133939
0.000597997
0.9008
0.786856
0.000505131
0.133343
1.01529
1.00095
0.199949
0.387237
1.01595
1.0152
-0.00284761
-0.000396434
-0.000364219
1.0119
0.00672574
-0.00912976
0.999411
0.982875
0.999522
-0.0137944
-0.00752662
0.000289253
-0.00012718
0.587308
0.500177
0.366612
-0.0150035
0.000360852
1.00699
1.01505
1.01308
1.01307
1.01243
0.99197
0.930979
0.147081
-0.00100149
-0.000770392
-0.00621091
0.999865
0.965955
0.00397001
1.00505
1.01061
0.0693447
-0.00217718
0.046187
1.00014
1.00095
0.0565636
0.180992
0.999341
0.48908
-0.0146631
-0.0121973
0.543502
0.653047
0.622647
-0.00149915
-0.00357508
-0.00309195
0.736395
0.693076
0.974939
1.01435
0.947788
1.00558
1.00092
0.506513
0.370612
0.999296
1.00557
0.942343
0.908986
0.808676
0.986528
-0.00649639
-0.0131124
0.547476
0.724847
1.00369
1.01702
0.848823
1.00052
1.01096
0.795987
0.874605
-0.00561134
0.800823
0.702273
0.768157
0.44197
0.851855
0.689615
1.0092
-0.0103303
-0.00947243
-0.013604
0.130384
1.01409
1.01368
1.00257
1.00799
1.00262
0.941934
0.999115
0.944309
0.999996
-0.00728639
1.01379
1.01609
-0.0103861
-0.0156231
-0.0105173
0.298604
0.514089
-0.00097538
0.0503057
0.330457
0.873348
0.0838865
0.869162
1.00696
1.00627
0.0239314
-0.0105914
-0.00977279
0.975071
1.01284
0.91268
0.99342
0.157408
0.427024
0.658063
0.342962
0.840177
1.01401
0.00903964
-0.00843583
0.985626
0.927881
1.00334
1.00524
1.01245
1.01425
1.01149
0.82981
0.950605
0.975333
0.870564
1.01507
0.111171
0.268659
-0.0149124
0.734468
1.0149
-0.0136371
-0.00107788
-0.0140587
-0.0131444
-0.0127015
-0.0138301
0.669696
0.13831
0.0654113
0.621906
0.683846
0.422969
-0.012387
-0.0136907
0.608822
0.00584434
0.0437036
-0.00379675
1.00007
-0.0152614
0.0190393
0.0943742
0.570558
0.950097
1.01032
0.746828
0.596985
0.759354
0.929074
0.287153
0.39995
0.992263
0.34102
-0.0079523
-0.00612605
0.01283
0.261786
0.125841
0.881289
0.68913
0.346834
0.0260196
0.0854778
0.0131867
0.420984
0.802224
0.463876
0.0370172
0.165467
0.365832
0.958141
)
;

boundaryField
{
    frontAndBack
    {
        type            empty;
    }
    hot
    {
        type            fixedValue;
        value           uniform 1;
    }
    cold
    {
        type            fixedValue;
        value           uniform 0;
    }
    defaultFaces
    {
        type            zeroGradient;
    }
}


// ************************************************************************* //
