/*--------------------------------*- C++ -*----------------------------------*\
  =========                 |
  \\      /  F ield         | OpenFOAM: The Open Source CFD Toolbox
   \\    /   O peration     | Website:  https://openfoam.org
    \\  /    A nd           | Version:  7
     \\/     M anipulation  |
\*---------------------------------------------------------------------------*/
FoamFile
{
    version     2.0;
    format      ascii;
    class       surfaceScalarField;
    location    "0.55";
    object      phi;
}
// * * * * * * * * * * * * * * * * * * * * * * * * * * * * * * * * * * * * * //

dimensions      [0 3 -1 0 0 0 0];

internalField   nonuniform List<scalar> 
8804
(
0.004
0.00240827
-0.00040827
-0.00066767
0.00266767
0.0017406
-0.00070076
0.00270076
0.00196691
-0.00067146
0.00267146
0.0020293
-0.00071107
0.00271107
0.00196039
-0.00072314
0.00272314
0.00198793
-0.00072388
0.00272388
0.00199926
-0.00068078
0.00268078
0.0020431
-0.00069751
0.00269751
0.00198327
-0.00069119
0.00269119
0.00200632
-0.0006886
0.0026886
0.00200259
-0.00073114
0.00273114
0.00195746
-0.00071885
0.00271885
0.00201229
-0.00065949
0.00265949
0.00205936
-0.00072358
0.00272358
0.00193591
-0.00075228
0.00275228
0.0019713
-0.00068847
0.00268847
0.00206381
-0.000739
0.002739
0.00194947
-0.00070257
0.00270257
0.00203643
-0.00074724
0.00274724
0.00195533
-0.00072918
0.00272918
0.00201806
-0.00069137
0.00269137
0.00203781
-0.00072046
0.00272046
0.00197091
-0.00065911
0.00265911
0.00206135
-0.00068031
0.00268031
0.0019788
-0.00075758
0.00275758
0.00192273
-0.0007155
0.0027155
0.00204208
-0.00068955
0.00268955
0.00202595
-0.00072787
0.00272787
0.00196168
-0.00071733
0.00271733
0.00201054
-0.00065809
0.00265809
0.00205924
-0.00072306
0.00272306
0.00193503
-0.00075228
0.00275228
0.00197078
-0.00068732
0.00268732
0.00206496
-0.0007313
0.0027313
0.00195602
-0.00067932
0.00267932
0.00205198
-0.00071768
0.00271768
0.00196164
-0.00070766
0.00270766
0.00201002
-0.00068086
0.00268086
0.0020268
-0.00074876
0.00274876
0.0019321
-0.00074842
0.00274842
0.00200034
-0.00074385
0.00274385
0.00200457
-0.00078363
0.00278363
0.00196022
-0.00078556
0.00278556
0.00199807
-0.00075471
0.00275471
0.00203085
-0.00085002
0.00285002
0.00190469
-0.00098294
0.00298294
0.00186708
-0.00116827
0.00316827
0.00181467
0.00348431
-0.00148431
0.00148431
0.00168396
0.00294721
-0.00094721
-0.00069303
0.00269303
-0.00065506
0.00265506
-0.00064741
0.00264741
-0.0006985
0.0026985
0.00267876
-0.00067876
0.0026891
-0.0006891
0.00265614
-0.00065614
0.00275499
-0.00075499
0.00268601
-0.00068601
0.00266757
-0.00066757
0.00274203
-0.00074203
0.0026735
-0.0006735
0.00270228
-0.00070228
0.00271791
-0.00071791
0.00269198
-0.00069198
0.00268818
-0.00068818
0.00265964
-0.00065964
0.0027001
-0.0007001
0.00267626
-0.00067626
0.00271525
-0.00071525
0.00270794
-0.00070794
0.00271581
-0.00071581
0.00275455
-0.00075455
1.73472e-18
-0.00250988
0.00050988
0.00067138
-0.00267138
0.0007582
-0.0027582
0.0007366
-0.0027366
0.0006869
-0.0026869
0.0007151
-0.0027151
0.0007171
-0.0027171
0.0007803
-0.0027803
0.000751
-0.002751
0.0007545
-0.0027545
0.0007345
-0.0027345
0.0006926
-0.0026926
0.0007371
-0.0027371
0.0007647
-0.0027647
0.0007678
-0.0027678
0.0007147
-0.0027147
0.0006931
-0.0026931
0.0007518
-0.0027518
0.0007792
-0.0027792
0.0007736
-0.0027736
0.0007988
-0.0027988
0.0007963
-0.0027963
0.0009441
-0.0029441
0.0009236
-0.0029236
-0.004
-0.00315437
0.00115437
-0.00167006
-0.00326989
0.00126989
-0.00211552
-0.00309502
0.00109502
-0.00182513
-0.00311806
0.00111806
-0.00202304
-0.0031451
0.0011451
-0.00202704
-0.0031385
0.0011385
-0.0019934
-0.0031727
0.0011727
-0.0020342
-0.0030224
0.0010224
-0.0018497
-0.0030577
0.0010577
-0.0020353
-0.0030908
0.0010908
-0.0020331
-0.0031295
0.0011295
-0.0020387
-0.00304
0.00104
-0.0019105
-0.0030896
0.0010896
-0.0020496
-0.0030826
0.0010826
-0.001993
-0.0030192
0.0010192
-0.0019366
-0.003075
0.001075
-0.0020558
-0.0030149
0.0010149
-0.0019399
-0.0030634
0.0010634
-0.0020485
-0.0031831
0.0011831
-0.0021197
-0.0030314
0.0010314
-0.0018483
-0.0030419
0.0010419
-0.0020105
-0.0030234
0.0010234
-0.0019815
-0.0030152
0.0010152
-0.0019918
-0.0031055
0.0011055
-0.0020903
-0.0030204
0.0010204
-0.0019149
-0.0030035
0.0010035
-0.0019831
-0.0030615
0.0010615
-0.002058
-0.0030467
0.0010467
-0.0019852
-0.0030404
0.0010404
-0.0019937
-0.0030911
0.0010911
-0.0020507
-0.0030864
0.0010864
-0.0019953
-0.0030225
0.0010225
-0.0019361
-0.0030753
0.0010753
-0.0020528
-0.0030187
0.0010187
-0.0019434
-0.0030549
0.0010549
-0.0020362
-0.0030523
0.0010523
-0.0019974
-0.0029914
0.0009914
-0.0019391
-0.003042
0.001042
-0.0020506
-0.0030066
0.0010066
-0.0019646
-0.0030047
0.0010047
-0.0019981
-0.0031021
0.0011021
-0.0020974
-0.0030565
0.0010565
-0.0019544
-0.003032
0.001032
-0.0019755
-0.0028605
0.0008605
-0.0018285
-0.0027599
0.0007599
-0.0018994
-0.0029357
0.0009357
-0.0021758
-0.0032214
0.0012214
-0.0022857
0.0022017
-0.0042017
-0.0017983
-0.0029803
-0.00250988
-0.0037983
-0.00084282
0.00284282
0.00260654
-0.00060654
0.00268059
-0.00068059
0.00266406
-0.00066406
-0.00062621
0.00262621
-0.00064533
0.00264533
-0.00066955
0.00266955
-0.00066417
0.00266417
-0.00070841
0.00270841
-0.00069944
0.00269944
-0.00067898
0.00267898
-0.00070304
0.00270304
-0.0006549
0.0026549
-0.00070579
0.00270579
-0.00069986
0.00269986
-0.00070095
0.00270095
-0.00075412
0.00275412
-0.0006816
0.0026816
-0.00067264
0.00267264
-0.00071389
0.00271389
-0.00071899
0.00271899
-0.00069413
0.00269413
-0.00070184
0.00270184
0.00195148
-0.0008595
0.0028595
-0.0028747
-0.00263125
0.00063125
-0.00276318
0.00076318
-0.0027689
0.0007689
-0.0027298
0.0007298
-0.0027719
0.0007719
-0.0027298
0.0007298
-0.0027742
0.0007742
-0.0026932
0.0006932
-0.0027796
0.0007796
-0.0027517
0.0007517
-0.0027585
0.0007585
-0.0027072
0.0007072
-0.002788
0.000788
-0.0027726
0.0007726
-0.0027364
0.0007364
-0.0027566
0.0007566
-0.002741
0.000741
-0.0027587
0.0007587
-0.0027426
0.0007426
-0.0028382
0.0008382
-0.0028288
0.0008288
-0.0029738
0.0009738
-0.0025859
0.0005859
0.00203318
0.00210439
0.00196556
0.00305279
0.00197447
0.00198335
0.00207229
0.00203343
0.00201955
0.00199197
0.00204658
0.00198657
0.00198859
0.00203899
0.0020186
0.00199649
0.00201805
0.00199103
0.00193406
0.00197804
0.00202746
0.00196237
0.00199626
0.00201381
0.00201397
0.00189505
-0.0020918
-0.0020107
-0.0019932
-0.002085
-0.0020147
-0.0020571
-0.0019129
-0.0020286
-0.0019972
-0.002024
-0.0020146
-0.0020509
-0.0020079
-0.0019686
-0.0020419
-0.0020479
-0.0020069
-0.0019634
-0.0020646
-0.00203
-0.0021775
-0.0016418
-0.00212137
0.00194745
0.00195623
0.00201341
0.00190918
0.0020224
0.00203187
0.00193695
0.00202954
0.00195262
0.00198788
0.00200788
0.00201277
0.00209448
0.0019815
0.00199638
0.00199864
0.00201105
0.00197832
0.00194729
-0.00199502
-0.0019677
-0.0019571
-0.0019432
-0.0019873
-0.0020061
-0.0020578
-0.0019749
-0.0019828
-0.0019341
-0.0020299
-0.0019767
-0.0019952
-0.0019783
-0.0019365
-0.0020108
-0.0020205
-0.002031
-0.0019606
-0.0019675
-0.0019703
-0.0023377
0.00214979
0.00208649
-0.00204013
0.00264452
-0.00080475
0.00277922
0.00273098
-0.00076407
-0.00062283
0.00265213
0.00210815
-0.00073913
0.00269952
0.001913
-0.00078989
0.00277782
0.00190963
-0.0007561
0.00275536
0.00202172
-0.00063969
0.00268279
0.00211567
-0.00067044
0.00265371
0.00201235
-0.00064617
0.00265249
0.00200754
-0.00066745
0.00267004
0.00198504
-0.00069639
0.00265385
0.00197365
-0.00064963
0.00266192
0.00200422
-0.00064179
0.00270115
0.00202013
-0.00071289
0.0026488
0.00198826
-0.00066566
0.00263696
0.00198314
-0.00064466
0.00270847
0.0019923
-0.00070834
0.00265781
0.00200013
-0.0006323
0.00266873
0.00202551
-0.00067396
0.00262929
0.00199477
-0.0007245
0.00274256
0.00190479
-0.00059821
0.00263602
0.00214435
-0.00070228
0.00267319
0.00193374
-0.00068981
0.00275116
0.00198338
-0.00070256
0.00268136
0.0020486
-0.00073721
0.00265994
0.00194415
-0.00062057
0.00266265
0.00203937
-0.00062956
0.00265551
0.00203309
-0.00069142
0.0026531
0.00196409
-0.00064895
0.00265949
0.00200415
-0.00063995
0.00269919
0.00201954
-0.00071278
0.00264781
0.00198641
-0.00066644
0.00263722
0.00198137
-0.00064593
0.00271089
0.00199129
-0.00070791
0.00266393
0.00200298
-0.00062393
0.00267591
0.00204
-0.00066709
0.00262873
0.00200882
-0.00064864
0.00265866
0.00198009
-0.0006698
0.0026966
0.00198886
-0.00073471
0.00266681
0.00196189
-0.00069621
0.00269655
0.0019706
-0.0006584
0.00266297
0.00203815
-0.00078128
0.0027415
0.00188169
-0.00072688
0.00272495
0.00201462
-0.00079129
0.00282214
0.00193366
-0.00087431
0.002779
0.00194783
-0.0008533
0.00272038
0.0019257
-0.00110724
0.00292191
0.00161314
0.0030594
-0.00137544
0.00138934
0.00154647
-0.00271146
0.00067133
0.00276748
-0.00068099
-0.0007639
0.00274725
-0.00116387
0.00326826
0.00284559
-0.0007733
-0.00078088
0.00281431
0.00274913
-0.00072958
-0.00079813
0.0027901
0.0027468
-0.00070022
0.00275212
-0.00076555
0.0027829
-0.00079431
-0.00072167
0.00276066
-0.00076727
0.00278587
-0.00076777
0.00276426
-0.00073622
0.00275427
-0.00067658
0.00266761
-0.00076785
0.00270191
-0.0008228
0.00280084
-0.00073472
0.00276218
-0.00077236
0.00273473
-0.00078881
0.00278507
-0.0007664
0.00278021
-0.00073868
0.00275265
0.00245807
-0.00056302
-0.00269464
0.00069962
-0.00079607
0.00274755
0.00197141
0.0019428
0.00034962
-0.000117
-0.0027577
-0.0030973
-0.00081045
0.0027579
0.00203514
0.00197702
0.00148065
0.0007394
-0.0027071
-0.0027148
0.0007577
0.0007016
-0.0026448
0.0006937
-0.002681
-0.002691
0.0006849
0.000741
-0.0027988
0.0007015
-0.0026764
0.0007139
-0.0026967
-0.0026261
0.000692
-0.0027327
0.0007028
-0.0027364
0.0007597
-0.0027237
0.0007285
-0.0027102
0.0007319
-0.0026235
0.000687
-0.0027068
0.000696
-0.0027019
0.0006814
-0.0027718
0.0007408
-0.0026898
0.0007292
-0.0028134
0.0008459
-0.0030028
0.0010325
-0.000316
-0.0020217
-0.0030737
-0.00061369
0.00276348
0.00265457
0.00208249
-0.0007968
0.00282998
0.00198242
0.00206608
0.00273866
-0.0007731
0.00196536
-0.00332281
0.00120729
-0.00193347
-0.00294809
0.00112296
-0.0017408
-0.00309282
0.00106978
-0.00196986
-0.00303784
0.0010108
-0.00196806
-0.0030111
0.0010177
-0.0020003
-0.0030685
0.0010343
-0.0020508
-0.0029342
0.0010845
-0.0018999
-0.0031033
0.001068
-0.0020188
-0.0031312
0.0010981
-0.0020632
-0.0030507
0.001012
-0.0019526
-0.0030042
0.0010937
-0.0019922
-0.0030729
0.0010233
-0.0019792
-0.0030116
0.0010186
-0.0019883
-0.0030815
0.0011449
-0.0020629
-0.0030669
0.0010111
-0.001922
-0.00302
0.0010801
-0.0020089
-0.0031845
0.001136
-0.0021044
-0.0030977
0.000978
-0.0019617
-0.0029173
0.001069
-0.0019393
-0.0031242
0.0011137
-0.0020552
-0.0030375
0.001056
-0.0019238
-0.0030439
0.0010521
-0.0019879
-0.003179
0.0010887
-0.0021269
-0.0029937
0.0010788
-0.001905
-0.0031277
0.0011446
-0.0020489
-0.0030605
0.0010025
-0.0019159
-0.002947
0.0009618
-0.0019445
-0.0031426
0.0011489
-0.0021808
-0.003069
0.0010183
-0.0019201
-0.0030172
0.0010219
-0.0019989
-0.0030868
0.0011507
-0.0020649
-0.0030659
0.0010131
-0.0019152
-0.0029987
0.0010553
-0.0019856
-0.0031768
0.0011406
-0.0021215
-0.003062
0.0010646
-0.0019214
-0.0029868
0.0010477
-0.0019222
-0.0031164
0.0010658
-0.0020687
-0.0029715
0.0010069
-0.0019057
-0.0030937
0.0010956
-0.0020868
-0.0031342
0.0010368
-0.0020386
-0.0030489
0.0010945
-0.0020121
-0.003128
0.0011525
-0.0020335
-0.0028232
0.0009947
-0.0016707
-0.0028357
0.0009363
-0.001841
-0.0024463
0.0002705
-0.00151
0.00322125
0.00280769
0.00245718
-0.00068632
-0.00202514
0.0027338
-0.0020401
0.0006767
0.00197415
0.00068535
-0.00277715
-0.0020143
-0.00077999
0.00273622
0.00276367
-0.00075026
-0.00073715
0.00264633
-0.00076443
0.00278683
-0.00073649
0.00276836
0.0027116
-0.00077465
0.00280003
-0.00077049
0.00265805
-0.00070543
0.00271544
-0.00072756
0.00277053
-0.00076265
0.00276801
-0.00075524
0.00281862
-0.00072414
0.00279397
-0.00081247
0.0027778
-0.00078142
0.00274938
-0.00075074
0.00276076
-0.00074971
0.00278199
-0.00080367
0.00263868
-0.00069139
-0.00200929
0.0027158
-0.0020142
0.0007011
0.0027436
-0.0020042
0.0007504
-0.0027073
0.0006966
-0.0019644
-0.00200768
-0.0028186
0.0007336
-0.0019799
0.00203432
-0.0026432
0.0007303
-0.0026781
0.0006495
-0.0027205
0.0007233
0.0007014
-0.0027254
0.0007324
-0.002747
0.0006365
-0.0026874
0.0006773
-0.0026852
0.0007376
-0.0027062
0.0006829
-0.0027248
0.000718
-0.0027659
0.0007268
-0.0027337
0.0007012
-0.0026646
0.0006524
-0.002717
0.0007052
-0.0027352
0.0007358
-0.0029133
-0.0036635
0.00196554
0.00197922
0.00189028
-0.00210582
0.00203276
-0.0026297
0.000344
0.00198993
-0.002267
-0.0021082
-0.0020374
-0.0020706
-0.0019751
-0.0019888
-0.0019406
-0.0019726
-0.0020464
-0.0020999
-0.0020003
-0.0019247
0.00207566
0.00204331
0.00199436
0.00196057
0.00200544
0.00205925
0.00199582
0.00200016
0.00209395
-0.002631
-0.0020674
-0.002006
-0.0019762
-0.0019832
-0.0020377
-0.0020789
-0.0019929
-0.0019777
-0.0019255
-0.0019846
-0.002055
-0.0020115
-0.002019
-0.0019371
-0.0020609
0.00206126
0.00197654
0.00203536
0.00198399
0.00198076
0.00198837
0.00197777
0.00191237
0.00199162
0.0020367
0.00208044
0.00199017
0.00200825
0.00201563
0.00198237
0.00205295
0.00199887
-0.0019583
0.00197405
0.00202128
0.00194611
0.00200664
-0.0020105
-0.0019734
-0.0019112
-0.0020269
-0.0020685
-0.00074894
0.0027143
0.0006411
-0.0026812
0.00277144
-0.00085844
-0.00100594
0.00291557
0.0017655
-0.00091619
0.00293791
0.00199938
-0.00085797
0.00297364
0.00207994
-0.00089678
0.00290913
0.00207686
-0.00080147
0.00280901
0.00210766
-0.00081356
0.0027986
0.00199545
-0.00080923
0.00278288
0.00198937
-0.00077978
0.002784
0.0020031
-0.00081995
0.00284008
0.00196405
-0.00080899
0.00279725
0.00203109
-0.00083304
0.00281618
0.00196421
-0.00081299
0.00280529
0.00200319
-0.00080246
0.00280259
0.00200283
-0.00082077
0.00284628
0.00198182
-0.00084492
0.00283969
0.00200136
-0.00082722
0.00273201
0.00201247
-0.00080061
0.00294496
0.0019314
-0.00088523
0.00281897
0.00205973
-0.00080099
0.00278437
0.00201798
-0.00080751
0.00285611
0.00197686
-0.00082982
0.00277397
0.00202629
-0.00080346
0.00284283
0.00197051
-0.00080628
0.00283937
0.00203655
-0.00083247
0.00279656
0.0020069
-0.00078008
0.00278423
0.00201648
-0.00081792
0.00283746
0.00196631
-0.00080874
0.00279515
0.00202872
-0.00083404
0.00281541
0.00196111
-0.00081514
0.00280643
0.00200027
-0.00080605
0.00280903
0.00200038
-0.0008258
0.0028658
0.00198323
-0.00085396
0.00286278
0.00201184
-0.00081597
0.00279606
0.00204681
-0.00081535
0.00280421
0.00198071
-0.00082266
0.00278455
0.00198155
-0.00079286
0.00276346
0.00199169
-0.00081987
0.00285802
0.00194359
-0.00088036
0.00276205
0.00197766
-0.00079692
0.00281154
0.00196513
-0.00090393
0.00283759
0.00190761
-0.00092313
0.00287096
0.00191446
-0.00098755
0.00291325
0.00188341
-0.00119892
0.00281206
0.00171433
0.00318863
-0.00164216
0.00125516
0.0011699
0.0007424
-0.0027566
-0.00063471
0.00266747
-0.0027074
0.000734
-0.0023592
-0.002662
0.0006515
-0.0026489
0.0006906
-0.00069941
0.00267863
-0.00070885
0.00270772
0.00272576
-0.00071912
0.00201691
-0.00066225
0.0027152
-0.00067901
0.00266138
0.0027191
-0.00070347
-0.002819
0.000552
-0.00068757
0.00269582
-0.0027533
0.00268914
-0.00069897
0.00205443
-0.00275174
0.00064592
0.00265805
-0.00076777
-0.00071144
0.00274814
0.00194661
0.00204873
-0.003127
0.000496
-0.00067006
0.00276401
0.00269116
-0.000691
0.00265691
-0.00066109
0.00275405
-0.0006948
0.00268038
-0.00067494
0.00269311
-0.00073254
-0.00071782
0.00271218
-0.00073998
0.00278329
0.0026746
-0.00064028
0.00195548
0.00266312
-0.00068907
0.00197555
0.0007221
-0.00272978
-0.0019399
-0.0027081
0.0006938
-0.002067
-0.0019551
-0.0027234
0.000759
-0.0027321
0.0007052
-0.0026846
0.0007047
-0.0019422
-0.0019765
0.000737
-0.0027412
-0.0019864
0.00269027
-0.00071612
0.00194133
0.0007273
-0.0026644
-0.0020048
0.000757
-0.0026682
-0.0019996
-0.0027602
0.0007412
-0.002055
-0.0019662
0.0007139
-0.0026386
0.0007473
-0.0027476
-0.0027735
0.0006736
0.0006831
-0.0027295
0.0007024
-0.002675
-0.0026519
0.0007113
-0.0026906
0.0007018
-0.0026476
0.0006725
-0.0027367
0.0006661
-0.002695
0.0006576
0.0007213
-0.0028295
0.0007303
-0.0027977
-0.0020887
0.00270479
-0.00073925
0.00204254
-0.00293521
0.00119441
-0.00168005
-0.00299437
0.00102451
-0.00179996
-0.00300226
0.0010342
-0.00197775
-0.0030658
0.0010655
-0.0020316
-0.003033
0.0009822
-0.0019675
-0.0028549
0.000955
-0.0018727
-0.0030773
0.0010585
-0.0021223
-0.0030661
0.0010029
-0.0020076
-0.0029697
0.0010171
-0.0019668
-0.0030713
0.0010791
-0.0020542
-0.0030326
0.0010534
-0.0019535
-0.0030422
0.0010539
-0.0019888
-0.0030765
0.0010136
-0.0020226
-0.0029225
0.0010005
-0.0019089
-0.0030699
0.001061
-0.0020694
-0.0030653
0.0009609
-0.0020043
-0.0029531
0.0009914
-0.0019922
-0.0030348
0.0010955
-0.0020434
-0.0030423
0.0009871
-0.0019468
-0.0029292
0.0010054
-0.0019421
-0.0030869
0.001099
-0.0020815
-0.0031026
0.0009757
-0.0020036
-0.0029162
0.0010112
-0.0019405
-0.0030731
0.0010242
-0.0020619
-0.0029162
0.0010003
-0.001892
-0.0030576
0.0011131
-0.0020573
-0.003237
0.0010562
-0.0021239
-0.0029436
0.0010235
-0.0018874
-0.0030503
0.0010514
-0.0020268
-0.0030898
0.0010249
-0.0020384
-0.0029269
0.0010117
-0.001902
-0.0030793
0.0010937
-0.0020676
-0.0031007
0.0009792
-0.002007
-0.0029336
0.0010122
-0.0019544
-0.0030291
0.0011069
-0.0020169
-0.0030262
0.0009575
-0.0019193
-0.0029154
0.0010097
-0.0019579
-0.0030505
0.0009637
-0.0020408
-0.0030142
0.0009756
-0.0020505
-0.0030035
0.0009914
-0.0020279
-0.003156
0.0011225
-0.0021646
-0.0030904
0.0014197
-0.0019679
-0.0028234
0.0009824
-0.0014037
-0.00067106
0.00266099
0.00202476
0.00196202
0.0005635
-0.0036372
-0.0021898
-0.0020897
0.00071145
-0.00273659
0.00066783
0.00199964
0.00274827
-0.00072129
0.00270371
-0.00204029
0.00254365
-0.0004355
0.00196847
-0.0013701
-0.0009891
-0.00066093
0.0006827
0.00199593
0.00267432
-0.002575
0.00203003
0.00071024
0.00200496
0.00265635
0.00197734
-0.00069389
0.00271517
0.0019805
0.00200426
-0.00074479
0.00265716
-0.00068504
0.00266281
-0.00070047
0.00268884
-0.0007219
0.00270266
-0.00074459
0.00272858
0.00270238
-0.00066702
0.00264945
-0.00067291
0.00078057
-0.00278986
-0.00062485
0.00259626
-0.0031412
0.00262945
-0.00065243
0.00198917
0.0026779
-0.0019439
0.0006664
0.00168521
-0.0027784
0.0007175
0.0007024
-0.0027709
0.0027302
-0.0019829
0.0007456
-0.0027573
0.0007023
-0.0020279
-0.0020434
-0.0026516
0.0007261
-0.0026481
0.0006704
0.0006932
-0.0026861
0.000696
-0.0027749
0.0006882
-0.0027259
0.0007146
-0.0026978
0.0006894
-0.0026656
0.0007548
-0.0027608
-0.0020764
0.0023925
-0.00031001
0.00176765
-0.0028801
0.00198456
-0.0006164
0.00265154
0.0020979
0.00199911
-0.0020747
-0.0020056
-0.0020221
-0.0019594
-0.0019946
-0.0019587
-0.00194921
0.00190947
-0.0021032
-0.0019995
-0.0020253
-0.00075457
0.00269737
0.00184169
0.00197608
-0.0020241
0.00253158
-7.44e-05
-0.0020636
-0.0019837
-0.001965
0.00203927
0.00202609
0.00193579
0.00203215
0.00195644
0.00200612
0.00196749
0.00279596
-0.0007347
-0.00066335
0.00272943
0.00204036
0.00201331
-0.0020194
0.00209608
0.00213503
0.00201922
0.00199604
0.00202772
0.00204859
0.00199404
0.0020117
0.00200172
0.00196616
-0.00214394
-0.0019722
-0.001978
-0.001962
-0.0019507
-0.0020803
-0.0020453
-0.0020046
-0.0020034
0.00258017
-0.00085461
0.00285425
0.00294576
-0.00094638
-0.00073612
0.00281606
0.00220964
-0.00065255
0.00272941
0.00216351
-0.00061037
0.00271803
0.00211904
-0.00060458
0.00260003
0.00211345
-0.00065755
0.00264692
0.00194248
-0.000662
0.0026651
0.00198492
-0.00065658
0.00262063
0.00200852
-0.00062291
0.002654
0.00199772
-0.00070093
0.00266514
0.00195307
-0.00066443
0.00266762
0.00200071
-0.00066838
0.00267121
0.00199924
-0.00072271
0.00270453
0.0019485
-0.00063244
0.0026338
0.00207209
-0.000628
0.00264047
0.0020058
-0.00069692
0.00262832
0.00194355
-0.00061933
0.00267906
0.00200899
-0.00065754
0.00267552
0.00202152
-0.0006503
0.00262716
0.00202522
-0.00062609
0.00265238
0.00200107
-0.00070043
0.00267094
0.00195195
-0.00065058
0.00268713
0.00202036
-0.00068691
0.00269381
0.00200022
-0.00065416
0.00267064
0.00203965
-0.00065057
0.00261688
0.00202007
-0.00062169
0.00265041
0.00199519
-0.00070169
0.0026628
0.00194872
-0.00066604
0.00266631
0.00199676
-0.00067044
0.00267082
0.00199587
-0.0007254
0.00270863
0.00194542
-0.00064277
0.00265461
0.00206586
-0.00065637
0.00270318
0.00199824
-0.00063549
0.0026162
0.00206769
-0.00067458
0.00265613
0.00194162
-0.00066994
0.00266163
0.00198619
-0.00066136
0.00260495
0.00200027
-0.00064115
0.00261881
0.0019638
-0.00075022
0.00271535
0.00186859
-0.00077034
0.00267795
0.00194501
-0.00073295
0.00264741
0.001945
-0.00070557
0.00258898
0.00194184
-0.00082861
0.00254294
0.00176037
0.00274127
-0.00157137
0.00106122
0.00097157
-0.00081996
0.00283687
9.474e-05
-0.0027801
0.0008021
-0.00084087
0.00282543
-0.0028638
0.0008185
-0.0027542
0.0007348
-0.00077031
0.00274765
-0.00073503
0.00273675
-0.0031789
-0.00078238
0.00269185
0.00286761
-0.00081318
0.002013
-0.0028243
0.0008521
-0.00084702
0.00285128
-0.0027941
0.00077
-0.00075731
0.00275335
-0.0027533
0.0001783
0.00069498
-0.00283892
-0.00080587
0.00277203
0.00278119
-0.00077507
0.00204616
0.00275653
-0.00074483
-0.00069576
0.00272791
0.00269794
-0.00076215
0.00194063
0.00284178
-0.00081569
0.00200091
-0.0028845
0.0007813
0.0007343
-0.0026782
-0.00209
-0.00078262
0.00275817
-0.0003897
-0.0027515
-0.0027466
0.0008067
-0.0029381
0.0008578
0.00263599
-0.00069466
-0.0027833
0.0007785
-0.0027396
0.00074
0.00283981
-0.00084388
0.00199279
-0.00087551
0.00256072
-0.0027649
0.0007603
0.0007401
-0.002768
-0.00204
0.00227016
0.00278832
-0.00074905
0.00200594
0.0007317
-0.0026967
-0.0020332
-0.00270759
0.00075838
-0.00201261
-0.00198822
0.0007927
-0.0027514
0.0007901
-0.0027847
-0.002004
-0.0027407
0.0007154
0.0007912
-0.0027907
0.0007945
-0.0028001
-0.00209
0.0008484
-0.0029248
0.00287316
-0.00083062
0.000818
-0.0028044
-0.0019362
-0.00279162
0.00099166
-0.0017304
-0.00285815
0.0008804
-0.00186649
-0.002914
0.0008824
-0.0020336
-0.0029285
0.000961
-0.0020461
-0.0029519
0.0010792
-0.0019909
-0.0030305
0.0009082
-0.0019513
-0.0029843
0.0009767
-0.0020761
-0.0029066
0.0009398
-0.0019299
-0.0029598
0.0009056
-0.00202
-0.0029726
0.0010191
-0.002067
-0.0029711
0.0009823
-0.001952
-0.0029704
0.0009478
-0.0019881
-0.0029442
0.0010353
-0.0019964
-0.0030044
0.000935
-0.0019691
-0.0029772
0.0009729
-0.0020422
-0.0029948
0.0010026
-0.0020219
-0.0029504
0.000907
-0.0019478
-0.0028849
0.0009381
-0.0019779
-0.0029802
0.0010381
-0.0020421
-0.003029
0.0009475
-0.0019909
-0.0030075
0.0010039
-0.00206
-0.0029648
0.0010243
-0.0019609
-0.0030217
0.0009598
-0.0019974
-0.0029416
0.0010496
-0.0019818
-0.0030102
0.0009529
-0.0019606
-0.0029954
0.0008715
-0.0020425
-0.0029547
0.0010673
-0.0020832
-0.0029954
0.0009686
-0.0019281
-0.002992
0.0009536
-0.0020234
-0.0029388
0.0010368
-0.0019852
-0.0030076
0.00094
-0.0019708
-0.0029812
0.0009742
-0.0020412
-0.0029725
0.0010181
-0.0019983
-0.0029353
0.0009184
-0.0019172
-0.0028659
0.0009466
-0.0019475
-0.0028929
0.000935
-0.0019463
-0.002878
0.0008372
-0.001943
-0.002962
0.0009115
-0.0021248
-0.0029638
0.0009359
-0.0020523
-0.003077
0.0009124
-0.0021411
-0.0032565
0.0012886
-0.0023441
-0.0035594
0.0021557
-0.0022708
-0.0028438
0.0008004
-0.0019917
-0.0020634
-0.0028777
0.000789
-0.0020293
-0.0019643
0.0007743
-0.0028379
-0.0020104
0.00282923
-0.00087375
0.00200927
0.00273288
-0.00073884
0.00203712
0.0007726
-0.0028473
-0.0021522
-0.0028784
0.0007887
-0.0020717
-0.0020157
-0.000729
0.00275903
0.00202753
0.00197641
-0.00080181
0.00280677
0.00207135
0.00203646
-0.00078713
0.00280635
0.00206415
0.00200048
-0.00274418
0.00207638
0.0007757
0.00186029
0.0028736
0.00276953
-0.00080106
-0.0033106
0.0029209
0.00075434
0.00197357
0.00278206
-0.0018977
0.00199696
-0.0020452
-0.00080618
0.00278668
-0.0025732
0.00193766
0.00204807
-0.00069559
-0.00073974
0.00270723
-0.002066
0.00269344
-0.000737
0.00200791
0.00201991
0.00193891
0.00068688
0.0020998
0.00263349
0.0019624
0.0019546
0.000258
0.00203581
0.00199975
0.00079516
0.00196301
0.00281992
0.00279738
-0.00080821
0.00192363
0.0007903
-0.0027454
-0.0021478
0.00274012
-0.00097462
0.000791
-0.002753
0.00218743
-9.135e-05
-0.0019923
-0.0027148
0.0007641
-0.00198
-0.0027875
0.0008046
0.0007403
-0.0027065
-0.0019379
-0.001969
0.00131192
-0.0019634
-0.0020089
0.00179374
0.0007624
-0.0027658
-0.0027381
0.0007544
0.00275301
-0.00091132
0.0007443
-0.0027037
0.0007644
-0.0027865
-0.00077515
0.00273717
0.00204477
0.00192399
0.0008246
-0.0028916
-0.0019208
-0.0019343
0.00199626
0.0008163
-0.0027928
-0.0020753
-0.0019778
0.00266925
-0.00065594
0.00197459
0.00274765
-0.00069892
0.00190377
0.00292382
-0.00088346
0.00226788
0.0027566
-0.0019781
0.0007016
-0.0019637
0.0015861
-0.0018952
-0.0019755
-0.0020263
-0.0019964
-0.001997
-0.0019337
-0.0020711
-0.0026862
0.0007107
-0.00066967
0.00270548
-0.0026177
0.000654
0.00276712
-0.00060361
-0.00069974
0.00281878
0.00206738
-0.00077307
0.00288652
0.00204571
-0.00081934
0.00276182
0.00206718
-0.00082997
0.00281489
0.00193185
-0.00087502
0.00288354
0.00193987
-0.00083639
0.00283411
0.00204715
-0.00083521
0.00278828
0.0019989
-0.00078984
0.00279055
0.00199844
-0.00080958
0.00280882
0.00198097
-0.00082156
0.00277006
0.00198726
-0.00075366
0.00282575
0.0020164
-0.00084167
0.00284747
0.00198408
-0.00083009
0.00277364
0.00201738
-0.00077747
0.00278646
0.00199617
-0.00081344
0.00283496
0.00197302
-0.00086954
0.00289476
0.00196542
-0.00083368
0.00283475
0.00206108
-0.00084141
0.00279336
0.00199334
-0.00086943
0.00288979
0.00192393
-0.00081231
0.00281253
0.00207748
-0.00085931
0.00289896
0.00195322
-0.00084148
0.00286155
0.00205748
-0.00083305
0.00282824
0.0020285
-0.00083608
0.0027848
0.00199216
-0.00079214
0.0027889
0.00199266
-0.00081282
0.00280869
0.00197608
-0.00082708
0.0027725
0.00198161
-0.00076774
0.0028336
0.00200476
-0.00087401
0.00287225
0.00195959
-0.00088948
0.00295717
0.00198277
-0.00087067
0.00281229
0.0020865
-0.00084492
0.00283111
0.00196737
-0.00088172
0.00288199
0.00194939
-0.00084956
0.00281336
0.00203243
-0.00086673
0.00273532
0.00194663
-0.00081007
0.00275508
0.00192525
-0.00086584
0.00281084
0.00188924
-0.00078417
0.00272601
0.00202667
-0.00035424
0.00211461
0.00237177
0.00312127
-0.00153517
-0.0023375
-0.0009731
-0.00074484
0.00271841
-0.0027534
0.0006634
-0.00071252
0.00265315
-0.0007296
0.00277576
-0.00078658
0.00274118
-0.0009072
-0.001666
-0.0032447
-0.0026896
0.0007118
-0.0026315
0.0007363
-0.00081577
0.00277817
-0.00069809
0.00274616
-0.00081038
0.00288676
-0.0027188
0.0006528
0.0007695
-0.0028147
0.00281181
-0.0008039
0.00199604
0.00217881
0.0027404
-0.00073949
0.00193002
0.0006826
-0.0026516
-0.0028063
0.0007352
0.00271952
-0.00072256
0.00198992
0.00274387
-0.00080621
0.00200438
-0.0026673
0.0007336
0.00269389
-0.00068089
0.0019958
0.00276937
-0.00074946
0.00205685
-0.0026934
0.0007512
0.0007204
-0.0027004
-0.0019658
0.0006843
-0.0026932
-0.00284746
0.001964
0.00087138
0.00188163
-0.00106722
0.00306348
-0.00076725
0.00277319
0.00211951
0.00170597
0.0006631
-0.0026963
-0.0020265
0.0006689
-0.0026729
-0.0019984
-0.00254119
0.00162987
0.0006998
-0.0026341
-0.0019965
-0.0019534
-0.00070977
0.00267377
-0.0020416
0.00285019
-0.00096856
0.00214042
-0.00077354
0.0007304
-0.0027268
-0.0020759
-0.0015779
0.00337164
0.00154337
0.0006898
-0.0027002
-0.0019831
0.00279847
-0.00079872
0.00201189
0.00058811
-0.0024546
-0.0027736
0.00074
-0.00218549
-0.0028935
0.0008474
-0.0021535
-0.0028528
0.0008619
-0.0020054
-0.0028813
0.00093
-0.0020194
-0.002948
0.0008719
-0.002018
-0.0028067
0.0008768
-0.0019348
-0.0029677
0.0009477
-0.0020909
-0.00298
0.000913
-0.0020323
-0.0028207
0.0008687
-0.0019077
-0.002856
0.0008679
-0.0019873
-0.0029243
0.0009279
-0.0020564
-0.0028606
0.0008915
-0.0019327
-0.0029196
0.0008774
-0.0020281
-0.0028599
0.000838
-0.0019825
-0.0027871
0.0008393
-0.0019491
-0.0028953
0.0009174
-0.002056
-0.0029275
0.0008854
-0.0020101
-0.0028996
0.0009087
-0.0020142
-0.002932
0.000872
-0.0020233
-0.0028203
0.0008594
-0.0019483
-0.0028719
0.0008745
-0.0020125
-0.0028987
0.0009169
-0.0020242
-0.0028316
0.000871
-0.0019147
-0.0028848
0.0008423
-0.0020138
-0.0029813
0.0008981
-0.002139
-0.002828
0.0008999
-0.0019299
-0.0029208
0.0008974
-0.0020209
-0.0029106
0.0009254
-0.0020132
-0.0028565
0.0008857
-0.0019311
-0.0029329
0.0008917
-0.0020472
-0.0028395
0.0008412
-0.0019478
-0.0027684
0.0008512
-0.0019272
-0.0028537
0.0009062
-0.0020025
-0.0027654
0.0008191
-0.0018592
-0.0028231
0.0008801
-0.002004
-0.0028679
0.0007431
-0.0019878
-0.0026955
0.0006432
-0.0019524
-0.0028388
0.0006977
-0.0021956
-0.003126
0.0007819
-0.0024283
-0.0032439
-0.00082245
0.00282156
0.00205115
0.00201335
0.00271773
-0.00070846
0.00204806
0.0007545
-0.0026907
-0.0019459
0.00278724
-0.00075012
0.0020424
0.0006605
-0.0027505
-0.0020583
0.0006934
-0.0027334
-0.0019243
-0.00070541
0.0026982
-0.0019307
0.00193457
0.00197704
-0.00070486
0.00268127
-0.0028346
0.0007629
-0.0020662
-0.002947
0.0009177
0.00184694
0.00057874
0.00209503
0.00284662
0.0006777
-0.0027193
-0.002462
-0.0036303
0.002671
-0.0019592
0.000674
-0.00281189
0.00184333
0.00196895
0.0007035
0.00204266
0.0028033
-0.0021407
0.00280093
-0.00076447
0.00199703
0.0007336
-0.0026715
-0.0020198
0.0026909
-0.0019557
0.0006646
0.0026564
-0.0019738
0.000693
0.000791
-0.0027118
0.00266658
-0.00074295
0.00195812
-0.0019932
-0.002779
0.0006312
-0.001988
-0.0020003
-0.00075813
0.00269704
0.0026872
-0.0020238
0.0006955
0.00199106
-0.0026137
0.0006214
-0.0020049
0.00270382
-0.00077983
0.00202293
-0.00290603
0.00230242
-0.00069639
0.00105087
-0.0026758
0.0007224
-0.0019801
-0.00282232
0.0008341
-0.00177145
-0.0020005
-0.00118202
-0.0020286
0.00194735
-0.0019651
-0.00072524
0.00275277
0.00205293
0.00204791
-0.00135578
-0.00109882
-0.00308618
-0.0027232
0.0006598
-0.0020277
-0.0019918
-0.0018774
-0.00068588
0.00275723
0.00201116
0.00199276
-0.00072646
0.00258675
-0.0026823
0.000607
-0.0020046
-0.0021048
0.00270487
-0.00070439
0.00198231
-0.002772
0.0006198
-0.00071836
0.00269295
0.00212826
0.00196649
0.00264134
-0.00073757
0.00193593
-0.0019969
-0.002735
0.0007193
-0.0019721
-0.0019714
0.00070653
0.00197474
0.00266954
-0.0020404
-0.0021192
0.0026731
-0.0020517
0.000695
0.00267525
-0.0023272
-0.0028438
0.0008469
-0.0027766
0.0007834
0.00261571
-0.00057
-0.00054041
0.00260759
0.0020753
-0.00071029
0.00264214
0.0018973
-0.00070834
0.00264821
0.0019338
-0.00063161
0.00267876
0.0020166
-0.00070656
0.00270546
0.0019722
-0.00069016
0.0026886
0.0020153
-0.0006715
0.00265247
0.0020171
-0.00068387
0.00267113
0.0019686
-0.00071043
0.00272683
0.0019607
-0.00062523
0.00260931
0.0021016
-0.00066321
0.00268059
0.0019461
-0.00067549
0.00267166
0.0020051
-0.00067456
0.00264758
0.0019971
-0.00070198
0.0026674
0.0019456
-0.0006225
0.00268358
0.0020449
-0.00070178
0.00269512
0.0019818
-0.00067912
0.00260305
0.002016
-0.00061855
0.00269603
0.0019845
-0.00069963
0.00265285
0.0019964
-0.00071215
0.00276963
0.0019407
-0.00066433
0.00269283
0.0021053
-0.00071253
0.00270469
0.0019803
-0.00069309
0.00268575
0.0020116
-0.00067395
0.00265003
0.0020118
-0.00068643
0.00266804
0.0019636
-0.00071474
0.0027195
0.0019533
-0.0006356
0.00259519
0.0020839
-0.00068699
0.00266976
0.0019082
-0.00065306
0.00273956
0.0020167
-0.00070816
0.00267553
0.0020314
-0.00072363
0.00267302
0.0019519
-0.00065022
0.00268265
0.0020228
-0.00073955
0.00268618
0.0019431
-0.00074448
0.00266973
0.0019417
-0.00073473
0.00262397
0.001935
-0.00078487
0.00281154
0.0018391
0.00315141
-0.00077964
0.00205259
0.0020319
-0.00271719
0.00271053
-0.00066247
-0.0028084
0.0008492
-0.0027781
0.0007119
-0.0027126
-0.00080883
0.00265577
-0.0027708
0.0008151
-0.00066327
0.00265433
-0.00070239
0.00276654
0.0008441
-0.0028099
0.0008398
-0.0028663
-0.0019686
0.0033867
-0.00069903
0.00266798
-0.002861
0.0008959
-0.0020169
-0.0019479
0.00270976
-0.00071396
0.0007484
-0.002777
-0.0020297
-0.00068502
0.00267494
-0.00069953
0.00269557
-0.0026784
0.000801
-0.0028096
0.0006904
-0.00079435
0.00272892
0.00200895
0.00199135
-0.00078835
0.00271837
0.000688
0.00189875
0.00273915
-0.00140527
0.00275515
-0.00075077
0.0019668
0.00253522
-0.0002328
0.00273093
-0.00067408
0.0019221
-0.0027843
0.0007439
-0.00061915
0.00275957
-0.0026926
0.0006877
-0.0019976
-0.0019838
0.00199581
0.00206215
0.00276755
5.92e-05
-0.0027718
0.00267486
-0.00067905
0.0007852
-0.002759
-0.0019991
-0.0001329
0.0024949
-0.00042752
0.0019249
0.0021077
-0.002804
0.0008239
0.0007539
-0.0027504
-0.0021124
0.0008264
-0.0028248
-0.0019502
0.002803
-0.00012775
0.0025702
0.0026398
0.0006782
-0.0027541
-0.0020926
-0.00071214
0.00275691
0.0019574
0.00197708
0.0008173
-0.0028004
-0.0020075
0.00275127
-0.00073938
0.002088
0.0006311
-0.0027846
-0.0028578
0.0008524
-0.0022267
-0.0029252
0.0009058
-0.0020728
-0.0028715
0.0008535
-0.0019657
-0.0029747
0.0010399
-0.0021212
-0.0030338
0.0009429
-0.0019939
-0.0029365
0.0009042
-0.0019936
-0.0028516
0.0009439
-0.0019474
-0.0029357
0.0009484
-0.0019918
-0.0029847
0.0009283
-0.0020363
-0.0028946
0.0009619
-0.0019663
-0.0029243
0.0008962
-0.0019624
-0.0029324
0.0009499
-0.0020362
-0.002945
0.0009959
-0.0019951
-0.0029405
0.0008845
-0.0019446
-0.0029336
0.0009235
-0.0020491
-0.0029366
0.0009224
-0.0020131
-0.0029021
0.0008788
-0.0019797
-0.0029256
0.0009773
-0.0020468
-0.0029116
0.0008991
-0.0019343
-0.0029523
0.0009281
-0.0020532
-0.0028861
0.0009714
-0.001958
-0.002931
0.0009172
-0.0019596
-0.0030915
0.0009525
-0.0021743
-0.0029149
0.000985
-0.0019624
-0.0029143
0.0008934
-0.0019293
-0.0029235
0.0009103
-0.0020301
-0.0028634
0.0009323
-0.0019531
-0.002917
0.0008698
-0.0019847
-0.002894
0.0009462
-0.0020242
-0.0029219
0.0009947
-0.0019757
-0.0029324
0.0009299
-0.0019377
-0.002873
0.0010138
-0.0019431
-0.0029597
0.0009557
-0.0019459
-0.0028631
0.0008753
-0.0019074
-0.0026257
0.0006733
-0.0017504
-0.0026089
0.0004133
-0.0019356
-0.0028456
0.0004173
-0.0024323
-0.0027576
-0.0004871
-0.0026984
-0.0029491
0.0008083
-0.0027542
-0.0020016
0.00273673
-0.00069433
0.0020377
0.0006685
-0.0027268
-0.0021411
0.0007798
-0.0027041
-0.0020242
0.0007705
-0.0027012
-0.0020299
-0.00062991
0.00260465
0.001905
0.00073383
0.0019767
0.00268118
0.00067726
0.0019976
0.00273941
-0.0019619
0.0028597
-0.0020105
0.000719
0.00073596
0.0019738
0.00277862
-0.0020149
0.00263385
-0.00069792
0.0019548
0.00196
0.00269842
-0.00071611
0.0020134
0.0019939
0.00074327
0.0019751
0.00286278
-0.0019602
0.00266527
-0.00070715
0.0020028
0.00269933
-0.0007023
0.0019998
0.000776
-0.0027958
-0.00070015
0.0025989
-0.0028698
0.0005426
0.0007155
-0.0027158
-0.0019629
-0.0021794
-0.0022292
-0.00068544
0.00266248
-0.0019265
-0.0019707
0.00274546
-0.00072253
0.0020315
-0.0028134
0.0008413
0.000738
-0.0027385
-0.0020754
0.00270321
-0.0006553
0.0020733
-0.0029175
0.0007247
-0.0027127
-0.0019911
0.00046237
0.0022972
0.0025574
0.0007554
-0.0027472
-0.0020036
-0.0025318
-0.00073927
0.00275262
0.00199988
0.00200967
0.0007979
-0.0029027
-0.0019148
-0.0028249
0.0008203
-0.001978
-0.0020824
0.00251895
-0.00055246
0.0018188
0.0028145
-0.0020135
0.0007628
0.00066637
0.0020292
0.0027193
-0.0028399
0.0008685
-0.0019986
-0.0018857
0.00066098
0.0020202
0.00267214
-0.0019822
0.0019895
0.0027561
-0.0019801
0.0007323
0.0019231
-0.000889
0.002794
-0.0007033
0.0026928
0.0026408
-0.0007435
-0.0008071
0.0027409
0.0018337
-0.000805
0.0028216
0.0019359
-0.0008035
0.0027757
0.0020181
-0.0008491
0.0028644
0.0019266
-0.0007879
0.002805
0.0020765
-0.0008181
0.0027867
0.0019869
-0.0008572
0.0028179
0.0019295
-0.0007942
0.0028958
0.0020237
-0.0008361
0.0027822
0.0020597
-0.0008333
0.0028384
0.0019489
-0.0007852
0.0027823
0.0020532
-0.0008497
0.0027953
0.0019326
-0.0007949
0.0028398
0.0020004
-0.0007841
0.0027659
0.0020557
-0.0008307
0.0028467
0.0019352
-0.0008235
0.002808
0.0020232
-0.0007522
0.0027486
0.0020558
-0.0007739
0.0027146
0.0019747
-0.000714
0.0028193
0.0020006
-0.0007943
0.0027746
0.002025
-0.0008478
0.0028594
0.0019268
-0.0007894
0.0028012
0.00207
-0.0008198
0.0027834
0.0019814
-0.000857
0.0028103
0.0019264
-0.000795
0.0028789
0.0020153
-0.0008352
0.0027434
0.0020437
-0.0008132
0.0028299
0.0019302
-0.0007941
0.0028255
0.0020358
-0.0008582
0.0028101
0.0019673
-0.0008276
0.0028504
0.0019825
-0.0008494
0.0027925
0.002001
-0.0009385
0.0028802
0.001854
-0.0009752
0.0029102
0.001905
-0.0009991
0.0028382
0.0019111
0.0007693
-0.0027709
-0.0026462
0.0006387
-0.0008193
0.0028132
-0.0008209
0.0027809
-0.0007546
0.0027313
-0.0001008
-0.0025976
0.0006473
-0.0026464
-0.0026381
0.0006084
-0.0026653
0.0006548
0.0006783
0.0019206
0.00267818
0.000509
-0.0026884
-0.0026326
-0.0026329
0.0004037
-0.0021239
-0.0021939
0.0027569
-0.0008348
0.0018679
-0.0027996
0.000707
-0.0026262
0.0006997
0.0007247
-0.0026954
-0.0020749
0.0007477
-0.0026979
-0.0019477
-0.00250355
0.0007321
0.001088
-0.0033147
0.0028149
-0.0007269
0.001994
-0.003016
0.0009432
-0.001928
-0.0028934
0.0009277
-0.0019502
-0.0029549
0.0008337
-0.0020272
-0.0028931
0.0008992
-0.0020594
-0.0028334
0.0008398
-0.0019342
-0.002803
0.0008556
-0.0019632
-0.002862
0.0008702
-0.0020064
-0.002846
0.0008097
-0.0019758
-0.0029145
0.0009482
-0.0021048
-0.0028307
0.0008683
-0.0018825
-0.0029062
0.00087
-0.0020379
-0.0028836
0.0008885
-0.0020136
-0.0027861
0.0008415
-0.0018976
-0.0029684
0.0009193
-0.0021269
-0.002952
0.0009389
-0.0020327
-0.00283
0.0008503
-0.0018911
-0.0029113
0.0008645
-0.002061
-0.0028234
0.0008891
-0.0019589
-0.0028619
0.0008087
-0.0019728
-0.0029095
0.0009515
-0.0021008
-0.0028854
0.0009258
-0.0019339
-0.0029685
0.0007942
-0.0020427
-0.0028652
0.0009028
-0.002071
-0.0028434
0.0009141
-0.0019406
-0.0028639
0.0008338
-0.0019498
-0.0029209
0.0009678
-0.0020871
-0.0028475
0.0008628
-0.0018797
-0.0028884
0.0008642
-0.0020256
-0.0028538
0.0008781
-0.0019896
-0.0027363
0.0007986
-0.0018582
-0.0028226
0.0008795
-0.002024
-0.0027914
0.0008455
-0.0019119
-0.0027568
0.0008494
-0.0019113
-0.002619
0.0008686
-0.0017696
-0.00217
0.0002344
-0.0013014
0.0001126
-0.0025449
-0.00252
-0.0023105
0.0006978
-0.0027255
-0.0020494
-0.00069084
0.0026836
0.0019813
0.0019813
0.002857
-0.0008193
0.0020377
0.0005438
-0.0026849
-0.0021446
0.0007078
-0.002732
-0.0019184
0.00255266
-0.0004244
0.0020002
0.0006749
-0.0027048
-0.0019713
0.0007094
-0.0026713
-0.0019287
0.00078065
0.001824
0.00273805
0.0007584
-0.002727
-0.0019069
-0.00079758
0.0020652
-0.0020064
0.0026353
-6.51e-05
0.0020233
0.0024912
-0.0005663
0.0027469
-0.0019776
0.00073
-0.0008856
-0.002724
0.0019805
-0.0006487
0.00070742
0.0020712
0.00271637
-0.0019643
-0.0019932
-0.0019526
-0.0013621
0.0027642
-0.0008094
0.0019784
-0.0008567
0.0026807
0.0027365
-0.0007231
0.0020332
-0.0020592
0.0018425
0.0007794
0.0019848
0.002777
-0.0008748
0.0027954
-0.0027328
0.0007527
-0.0007973
-0.0019985
0.002775
-0.0007722
0.0020204
0.0027716
-0.0007718
-0.0026881
0.0006746
0.0007057
-0.0026205
0.0028126
-0.0021129
0.0007002
-0.0009094
0.0028762
0.002133
0.0007789
-0.0027418
-0.0019092
0.0026962
-0.0020489
0.000736
-0.000747
0.0026701
0.0018846
5.88e-05
-0.0026454
0.0006305
0.0008264
-0.0029018
0.0027403
-0.0007088
0.002064
0.0025876
-0.0004799
0.0020213
0.0021554
0.0029006
-0.0008273
0.0020439
0.0019458
0.0023751
0.0002647
0.00231
0.0025619
0.00268363
-0.00070655
0.0019611
-0.0027811
0.0019432
-0.0026903
0.0006992
-0.0019846
-0.0020426
0.0006509
-0.0026545
-0.0019955
0.0019616
0.0007914
0.0019399
0.0028116
-0.0027339
0.0007559
0.00268115
-0.00067148
0.001974
-0.001996
0.00265182
-0.00066047
0.0019539
-0.002037
0.0027302
-0.0019674
0.0007326
0.00273
-0.0009112
0.0018552
-0.0027233
0.0007411
0.0008467
-0.0027324
-0.0019242
0.0007584
0.0019819
0.0027322
-0.0028684
0.0008698
-0.002042
-0.0018626
-0.0020268
0.0007474
-0.0027459
-0.0019854
0.0008463
0.0019253
0.0028755
-0.0020685
0.0020083
0.0008679
-0.0020544
-0.0019637
-0.0028451
0.0007859
-0.0007943
0.0028176
0.0019827
0.0020945
0.002577
-0.0007433
0.0027257
-0.001973
0.0007325
-0.0007179
0.0026538
0.0018591
-0.000681
0.0026991
0.0019728
-0.000738
0.0026646
0.0019611
-0.000691
0.0027675
0.0019736
-0.0007288
0.0027157
0.0020387
-0.0006956
0.0026251
0.0020201
-0.0006676
0.0026913
0.0019575
-0.0007232
0.0027829
0.0019681
-0.0007427
0.0026916
0.0020402
-0.0006686
0.0027218
0.002023
-0.0007045
0.0026371
0.0020173
-0.0006925
0.0026929
0.0019446
-0.0006434
0.0026991
0.0020495
-0.0007166
0.0026518
0.0019825
-0.0006714
0.0026946
0.0019804
-0.0006673
0.0027231
0.0020273
-0.0006969
0.0026716
0.0020262
-0.00075
0.0027506
0.0019216
-0.0006784
0.0027034
0.0020722
-0.0007289
0.0026557
0.0019745
-0.0006905
0.0027605
0.0019652
-0.0007342
0.0027156
0.0020263
-0.000695
0.0026214
0.0020206
-0.0006674
0.0026827
0.001954
-0.0007166
0.0027603
0.0019661
-0.0007077
0.0026379
0.0020526
-0.0007227
0.0027585
0.0019152
-0.0007854
0.0027527
0.0019731
-0.000777
0.0027595
0.0019757
-0.0008366
0.0028376
0.0019229
-0.0009609
0.0028149
0.0018767
-0.0009612
0.0028662
0.0018537
0.0029844
-0.0010733
0.0016223
0.0017929
-0.0007006
0.0026946
-0.0027866
0.0008229
0.0025102
-0.0006677
-0.0006968
0.0026752
-0.0028371
0.0007622
0.0020067
-0.0007943
-0.0019396
0.0027899
-0.0021153
0.0008225
-0.0027422
-0.001199
0.0032073
0.0026814
-0.0007382
0.0019808
0.0007274
-0.0027768
-0.0019271
-0.0028964
0.0008475
0.002843
-0.0029319
0.000819
0.0007816
-0.0028501
-0.002005
-0.0027679
0.0007135
-0.0020122
0.0028111
-0.0009265
0.0016121
-0.0008427
0.0029067
0.0020328
0.0020794
0.0027176
-0.0006799
0.0020208
-0.0020485
0.0008193
-0.002767
-0.0020178
0.0007515
-0.0027885
-0.0020164
-0.0032991
0.0013711
-0.0016768
0.0027947
-0.0020388
0.0007123
-0.003151
0.0012008
-0.0017799
-0.0032289
0.0012017
-0.0020281
-0.0031638
0.0011044
-0.0019621
-0.0030246
0.0010904
-0.0019202
-0.0030655
0.0011023
-0.0019751
-0.0030921
0.0010857
-0.0019898
-0.003188
0.0012122
-0.0021023
-0.0031852
0.0010804
-0.001973
-0.0029546
0.0010721
-0.0018742
-0.0031532
0.0011153
-0.0020811
-0.0030989
0.0010853
-0.0019836
-0.0030555
0.0011579
-0.0019702
-0.003235
0.0011081
-0.0020771
-0.0030708
0.0010381
-0.0019627
-0.0029391
0.001048
-0.001901
-0.0031538
0.0010928
-0.0021058
-0.0030809
0.001122
-0.0019881
-0.0031058
0.001133
-0.0019838
-0.0031902
0.0010894
-0.0020572
-0.0030028
0.0010689
-0.0019134
-0.0031474
0.0011047
-0.0020785
-0.0031038
0.0010328
-0.0019991
-0.0030104
0.0010698
-0.0019776
-0.0030648
0.001115
-0.001995
-0.0031226
0.0010355
-0.0020076
-0.0029426
0.0010629
-0.0019071
-0.0031415
0.0011159
-0.0020786
-0.0030691
0.0010795
-0.0019532
-0.0030096
0.0011514
-0.0019301
-0.0031409
0.0011169
-0.0019895
-0.0029835
0.0010716
-0.0018666
-0.0030052
0.0010939
-0.0019336
-0.0030059
0.0012363
-0.001912
-0.0028409
0.0015395
-0.0016046
0.0026683
-0.0007225
0.0019301
0.0008109
-0.0027293
-0.002121
0.0025458
-0.0005456
0.0016346
0.0008337
-0.002805
-0.0020114
0.0007686
-0.0026973
-0.0020199
0.0020315
0.0008196
-0.0027265
-0.0020305
-0.0006454
0.0026259
0.0018648
-0.0027474
0.0008078
-0.0020443
-0.0027017
0.0007287
0.0027449
-0.000701
0.0008688
-0.0028464
-0.0007693
0.0027512
-0.0019821
0.0007842
-0.0027696
-0.0019175
0.0018826
-0.000771
0.0020559
0.0027296
-0.0006964
0.0020071
0.0007812
0.0020142
-0.0027799
0.0007314
-0.0019574
-0.0020145
-0.0027575
0.0019481
-0.0027545
0.0019827
0.0020107
0.00067
-0.0008036
-0.0006815
0.0026431
0.0027879
0.0008431
-0.0028386
-0.0020533
-0.0028627
0.0007474
0.0011653
-0.0007254
0.0026507
0.0020131
-0.0008215
0.0026894
-0.002413
0.0017453
-0.0003917
0.0008021
-0.0027664
0.0022211
8.89e-05
0.0005932
-0.0027871
-0.0019268
-0.0019082
0.0027981
-0.0019791
0.0007713
0.0027606
-0.0020471
0.000616
-0.0028583
0.0008461
-0.0019895
-0.0019013
0.0024505
-0.0003175
-0.0018952
-0.0019552
0.0008432
-0.0027524
-0.0020195
-0.0028119
0.0008273
0.0007676
-0.0027636
0.0018537
-0.0027536
0.0020448
0.0019049
0.0022918
-0.0001364
0.0019001
0.0020847
0.0019632
0.0022444
-0.0007925
0.0008157
-0.0027239
-0.0019962
-0.002829
0.0007051
-0.002213
-0.002082
0.0027129
-0.0007389
0.0019407
0.0007443
0.0020673
0.0027256
0.0026656
-0.0007175
-0.0007019
0.0026418
0.0008447
-0.0027689
-0.0020017
-0.0007732
-0.0007403
0.0027545
-0.0019811
0.0026501
-0.0007949
0.0019098
0.0008193
0.0019256
0.00283
-0.0020042
0.0007544
0.0019778
0.0028256
0.0026926
-0.0006722
0.0019907
0.0027015
0.0026976
-0.0007149
0.0019722
0.0017629
-0.0019617
-0.0019161
0.0027747
-0.0007299
0.0020054
0.0007177
0.0019479
0.0027025
0.0028176
-0.0020889
0.0007733
0.0025763
-0.0007172
0.0019524
-0.0026926
0.0007105
-0.0007292
0.002702
0.0018471
-0.0007296
0.0026907
0.0019724
-0.000699
0.0026726
0.0019917
-0.000624
0.0026627
0.0020486
-0.0006718
0.0026919
0.0019909
-0.0006654
0.0026229
0.0020265
-0.0006401
0.0026082
0.0019828
-0.0006515
0.0026917
0.0019567
-0.0007458
0.0027688
0.0019459
-0.0006714
0.0026887
0.0020974
-0.0007135
0.0026581
0.0019752
-0.0006454
0.0026949
0.0020127
-0.000681
0.0026635
0.0020139
-0.0006893
0.0026697
0.0019742
-0.0006973
0.0027246
0.0019724
-0.0006272
0.0026534
0.0020974
-0.0007159
0.0026375
0.0019375
-0.0006462
0.0027184
0.0019913
-0.0006869
0.0026614
0.0020315
-0.0007077
0.0026729
0.0019537
-0.0006333
0.0026596
0.0020396
-0.0006723
0.0026929
0.0019873
-0.0006693
0.0026233
0.0020236
-0.0006442
0.0026103
0.0019791
-0.0006681
0.0027207
0.0019422
-0.0007323
0.0026475
0.0019884
-0.0006488
0.0026219
0.0019987
-0.0007187
0.0026944
0.0019032
-0.000753
0.0026759
0.0019414
-0.0007903
0.002667
0.0018856
-0.0009877
0.0028414
0.0016793
0.0031201
-0.0013272
0.0014433
0.0015142
0.001909
-0.0026831
0.0006789
0.0023333
0.002049
0.0027303
-0.0019829
0.0007729
0.0027717
-0.0016064
0.0009091
-0.0006526
0.0026334
0.0006513
0.0019994
0.0026841
-0.0026605
0.0007444
-0.000744
0.0027648
0.0008458
-0.0027729
-0.0019928
-0.0026872
0.000732
0.002717
-0.0007538
0.001973
-0.0026978
-0.0027952
0.0007564
-0.0019874
-0.0019675
0.0027249
-0.0018976
0.0006823
0.0028506
-0.0012385
0.0012442
-0.002696
0.0019785
0.0007437
0.0020075
0.0027215
0.0006573
-0.0026751
-0.0020258
-0.002646
0.0006296
0.0006989
0.0019429
0.0027662
0.0006984
-0.0026775
-0.0019888
0.0006999
-0.0027049
-0.0019927
0.0026843
-0.0009214
0.0014458
-0.0029996
0.0012197
-0.0015563
-0.0031434
0.0011153
-0.0019237
-0.003018
0.0010559
-0.0019027
-0.002947
0.0010268
-0.0018911
-0.0029888
0.0010137
-0.001962
-0.0030777
0.0010879
-0.002064
-0.0030773
0.000975
-0.0019894
-0.002953
0.00098
-0.001978
-0.0029458
0.0010716
-0.0019658
-0.0030791
0.000998
-0.0020075
-0.0029398
0.0009562
-0.0019418
-0.0029807
0.0010105
-0.0020245
-0.003008
0.0009309
-0.0019975
-0.0029051
0.0009424
-0.0019742
-0.0029754
0.0010744
-0.002033
-0.0031054
0.0009996
-0.002031
-0.0029773
0.0009892
-0.0019777
-0.0029727
0.0009889
-0.0019835
-0.0030518
0.0009946
-0.0020629
-0.0029581
0.0010447
-0.0019635
-0.0030625
0.000984
-0.0020178
-0.0029406
0.0009415
-0.0019566
-0.0029707
0.0009931
-0.0020292
-0.0029763
0.0009813
-0.0019832
-0.0029537
0.0009461
-0.0019724
-0.0029935
0.0010864
-0.0020474
-0.0030856
0.001007
-0.0019992
-0.0029202
0.000967
-0.0019132
-0.0029345
0.0010044
-0.0019675
-0.0029738
0.0009843
-0.0019694
-0.0028813
0.0010147
-0.001897
-0.0027363
0.0008027
-0.0017216
-0.0027325
0.0008205
-0.0019298
-0.0033394
0.0017348
-0.0025189
0.0027248
-0.0007947
0.0020722
-0.0008013
0.0028572
0.0020243
0.0020536
0.0007772
0.0019773
0.0028262
0.0006797
-0.0026608
-0.0019954
0.0006469
-0.0027679
-0.0020306
0.0027602
-0.0011256
0.0019653
0.0006889
-0.0027003
-0.0019719
0.0006704
-0.0026903
-0.0019756
0.0006426
-0.0026731
-0.0020623
-0.0007719
0.0026367
-0.0007385
0.0026475
0.0020915
0.0019176
-0.0027157
0.0020147
-0.0007097
0.0026621
0.0020565
0.0019472
-0.0019898
-0.0007792
0.0027271
0.0007404
-0.0026579
0.0027709
-0.0007987
-0.0027896
0.0007751
-0.0020167
-0.0019945
0.0027579
-0.0007508
0.0019632
-0.0006424
0.0026448
-0.0019659
0.0007496
-0.0007412
0.0026668
0.0002302
0.0021031
-0.0007724
0.0027497
0.0006425
-0.0026958
-0.002018
0.0025368
-0.0006542
-0.0018598
-0.000963
0.0007255
0.0019079
0.0027386
0.0027394
-0.001995
0.0007777
-0.0019996
-0.0019411
-0.0021351
0.0010095
-0.0006363
0.0019848
0.002822
-0.0020816
0.0007331
-0.0027438
0.0007609
-0.0020701
-0.0007975
0.0027382
0.0020287
0.002066
-0.0027332
0.0008319
0.0006831
-0.0027026
-0.0020607
0.0027973
-0.0008188
0.0020181
-0.0007537
0.0027612
0.002717
-0.0007116
0.0019633
-0.0008126
0.0026663
0.0006669
0.0020356
0.0026496
-0.0006484
0.0027429
0.0020012
0.0020465
-0.0019407
-0.0002554
0.0023401
0.0018477
0.0026097
-0.0019801
0.0005626
0.0018196
-0.000861
0.0028039
0.0007851
-0.0027868
0.0006361
-0.0026323
0.0019522
0.0017449
0.0028741
-0.0009643
0.0021017
0.0027614
-0.0007467
0.0020202
-0.0027168
0.0007273
-0.0019317
-0.0020059
-0.0025497
0.0017778
-0.0008044
0.0027449
-0.001913
0.0007575
0.0028231
-0.0008324
0.0019621
-0.0019902
0.0008224
0.0019485
0.0028218
0.0019825
0.0026624
-0.0020263
0.0007648
0.0027035
-0.0021409
0.0004905
-0.0027054
0.0007152
0.0007399
0.0019872
0.0027755
0.0026955
-0.0007231
-0.0007852
0.0027769
0.0019103
-0.0007771
0.0028257
0.0019998
-0.0007709
0.0027618
0.0020548
-0.0008208
0.0028473
0.001941
-0.0007949
0.0027777
0.0020524
-0.0007938
0.0027505
0.0019839
-0.0008051
0.002751
0.0019454
-0.0007417
0.0028391
0.0020093
-0.0007887
0.0027639
0.0020504
-0.0008374
0.0028501
0.0019265
-0.0007814
0.0027953
0.0020687
-0.0008389
0.0028131
0.0019564
-0.000839
0.0028114
0.0019741
-0.0007788
0.0028762
0.0020326
-0.0008673
0.0028048
0.0020089
-0.0007992
0.0027905
0.0020056
-0.0007671
0.0027986
0.0020234
-0.0008487
0.0028024
0.0019499
-0.0007959
0.0028355
0.0020065
-0.00078
0.0027673
0.0020555
-0.0008281
0.0028517
0.0019392
-0.000802
0.0027811
0.0020497
-0.0008004
0.0027426
0.0019807
-0.0007891
0.0027775
0.0019535
-0.0008366
0.0028353
0.0019409
-0.0008771
0.0027803
0.0019582
-0.0008527
0.0027941
0.0019276
-0.0009082
0.0027938
0.0018859
-0.0010351
0.0027144
0.0017587
0.0028294
-0.0013152
0.0012731
0.0013992
0.0007105
-0.0027033
-0.0019853
0.0007425
0.0020072
0.0027712
0.000653
0.0020138
0.0027445
-0.0026965
0.0007164
-0.0027255
0.0007357
0.0020478
-0.0027642
0.0009044
-0.00152
-0.0018824
0.0027656
-0.0007831
-0.0006759
0.0025838
-0.0027465
0.0007469
-0.0020134
-0.0019564
0.0007203
-0.0027153
-0.0019851
-0.0006137
0.0025867
0.0028572
0.0026617
-0.0019008
0.000645
0.0026294
-0.0006446
0.0020157
0.0007448
-0.0028149
-0.0019578
0.0007146
-0.0026821
-0.0019177
0.0006557
0.0020658
0.00268
0.0007425
0.0020187
0.0028083
-0.0027449
0.0008042
0.0006545
-0.0026803
0.0024075
-0.0005074
0.0016031
0.0018327
0.0007879
0.002016
0.0028444
-0.003045
-0.0026588
0.00067
0.0020376
0.0007224
-0.0027151
-0.0020031
0.0027344
-0.0012886
0.0012144
-0.0030065
0.0010828
-0.0017334
-0.0030881
0.0011854
-0.0020053
-0.0029717
0.0010806
-0.0017863
-0.0030875
0.0011255
-0.0020069
-0.0031123
0.0010483
-0.0019868
-0.0030344
0.001045
-0.0019861
-0.0030377
0.0010597
-0.0019927
-0.0029981
0.0010323
-0.0019384
-0.003057
0.0010495
-0.0020247
-0.0030096
0.0010678
-0.0019601
-0.0030487
0.0010242
-0.0019809
-0.0030514
0.0010539
-0.0020272
-0.0030863
0.0011121
-0.0020324
-0.0031058
0.0010728
-0.0019937
-0.0030666
0.0010356
-0.0019938
-0.0030435
0.0010658
-0.0020079
-0.0030198
0.0010363
-0.001954
-0.0031093
0.0010464
-0.002073
-0.0029968
0.0010333
-0.0019504
-0.0030285
0.0010107
-0.0019952
-0.003029
0.0010724
-0.0020183
-0.0030445
0.0010153
-0.0019721
-0.0030473
0.0010641
-0.002032
-0.0031095
0.0011371
-0.0020454
-0.0031375
0.0010901
-0.0020004
-0.003066
0.0010668
-0.0019759
-0.0029938
0.0010806
-0.001927
-0.0030061
0.0010386
-0.0019255
-0.0030491
0.0010797
-0.0020105
-0.0030895
0.0011925
-0.0020098
-0.002927
0.0012054
-0.0017345
-0.0024302
0.0005004
-0.0012248
0.0027541
-0.0006819
0.0020782
-0.0026865
0.0007206
-0.002032
-0.0020243
0.000738
-0.0027334
-0.0019423
0.0007052
-0.0027358
-0.0019536
0.0027395
-0.0007742
0.0017752
0.0007242
-0.0026961
-0.0020092
0.0024463
-0.0007014
0.0011577
-0.0008326
0.0026522
0.001933
0.0007824
-0.002758
-0.0019141
0.0006492
-0.0027115
-0.0020659
-0.0025545
-0.0007016
0.0027494
0.0021202
0.0020027
-0.0007466
0.0027338
-0.0007351
-0.0019228
-0.0008086
0.0027558
0.0020358
0.0019571
-0.0019604
0.0019392
-0.0006432
0.0026592
-0.0028063
0.00078
0.0025509
-0.0018345
0.00041
-0.0027296
0.0007179
-0.0026407
-0.0006685
0.0026757
0.0026494
-0.0006862
0.0019675
-0.0020501
-0.0006713
0.0026198
0.0006032
0.002254
0.0024359
0.0014798
-0.0027586
0.0008456
0.002715
-0.0007517
0.0007075
-0.0026252
-0.0020988
0.0028566
-0.0007906
0.0020242
0.0007052
-0.0027659
-0.0019246
0.000738
-0.0026697
-0.0008025
0.0026496
0.0027567
-0.0007386
0.0020101
-0.0027
0.0019169
-0.0009222
-0.0019538
-0.0020206
0.0027755
-0.000729
0.0020247
0.0018497
-0.0006156
0.0025678
-0.0007841
0.0028217
0.0020242
0.0020029
0.0027512
-0.0006495
0.0020827
0.0007157
-0.0026568
9.73e-05
-0.0026162
-0.0008011
0.0027187
0.0019434
0.0020071
0.0027467
-0.0007265
-0.0028207
0.0008148
-0.0020827
-0.0019438
0.002672
-0.0007149
0.0020007
0.0026779
-0.0007158
0.0020347
-0.0019958
0.0006993
-0.0027173
-0.002016
0.0007889
0.0019578
0.0028027
0.0027238
-0.0020059
0.0006422
0.0019711
-0.0019868
0.0007392
0.0019758
0.0027579
0.002617
-0.0019118
0.0007162
0.0019265
0.0018664
0.0027522
-0.000751
0.0020232
-0.0006695
-0.0019712
0.0020245
2e-06
0.0018644
0.0027195
-0.0006837
0.0020046
0.0026719
-0.0006721
-0.0006356
0.0026904
0.0020363
-0.0007272
0.0026682
0.0019632
-0.0006544
0.0027068
0.0020138
-0.0006356
0.0026195
0.0020712
-0.000699
0.0026444
0.0019205
-0.0006759
0.0026852
0.0019685
-0.0006383
0.0026887
0.0020469
-0.0007198
0.0026463
0.0019689
-0.0006924
0.0027611
0.0019539
-0.0006928
0.0026492
0.0020683
-0.000663
0.0026371
0.0019862
-0.0006304
0.002663
0.0020067
-0.0006814
0.0026903
0.0019816
-0.0007407
0.0027463
0.0019496
-0.0007305
0.0027539
0.0020158
-0.0006981
0.002648
0.0020558
-0.0006822
0.0026887
0.0019658
-0.0006449
0.0027004
0.0020438
-0.0007362
0.0026754
0.0019642
-0.0006616
0.0027113
0.0020138
-0.0006429
0.0026236
0.0020684
-0.0007043
0.0026578
0.0019193
-0.0007172
0.0026581
0.0019406
-0.0006895
0.0026477
0.0019686
-0.0007946
0.0027222
0.0018531
-0.0008025
0.0026884
0.0019197
-0.0009003
0.002659
0.0017881
0.002429
-0.0010298
0.0006956
0.0016292
0.0027945
-0.0020145
0.0007444
0.0019806
-0.0027662
0.0008058
0.0019755
0.0006818
0.0019939
0.0026624
-0.0025043
0.0006219
0.0006573
0.0019625
0.0027775
-0.0027859
0.0007901
0.0024261
-0.000455
0.0024281
-0.0027556
0.0008133
0.0008072
-0.002794
-0.0019787
-0.0020846
-0.0012899
0.0007427
-0.0027278
0.0024988
-0.0004831
0.0020438
-0.002787
0.0008292
-0.0020426
-0.0019367
-0.0027539
0.0008293
-0.0019083
-0.0017959
-0.0028448
0.000891
-0.0024572
0.0025175
-0.0005783
0.0020344
-0.0021158
0.0026565
-0.0008068
-0.0027541
0.0007749
-0.002778
-0.0019913
0.0007132
-0.0026985
-0.0020041
-0.0034694
0.0014641
-0.0027738
-0.0008528
0.0027793
0.0018037
-0.0029561
0.0011698
-0.001492
-0.0030018
0.0009949
-0.001832
-0.0030205
0.0010337
-0.0020256
-0.0030519
0.0010658
-0.0020182
-0.0029646
0.0009719
-0.0018988
-0.0029863
0.0010479
-0.0020144
-0.0030679
0.0010432
-0.00202
-0.0029679
0.0010078
-0.0019247
-0.0029994
0.0010185
-0.0019916
-0.0031378
0.0011106
-0.0021193
-0.003068
0.0010356
-0.0019574
-0.0030501
0.0010564
-0.0020145
-0.0030601
0.0010663
-0.0020037
-0.0030534
0.0010455
-0.0019871
-0.0030389
0.0010849
-0.0019934
-0.0030904
0.0010174
-0.0020055
-0.0030181
0.0010677
-0.0020007
-0.0030665
0.0010713
-0.0019988
-0.0030782
0.0010599
-0.0020069
-0.0030161
0.001044
-0.0019562
-0.0030924
0.0010604
-0.0020484
-0.0030969
0.0010515
-0.0020365
-0.0030491
0.0010487
-0.0019976
-0.0030435
0.0010676
-0.0019948
-0.0029501
0.0010231
-0.0018825
-0.002983
0.0010575
-0.0019599
-0.0030499
0.0010394
-0.0019924
-0.0032537
0.0012439
-0.0022143
-0.0031446
0.0014101
-0.0019007
0.0026696
-0.0005914
0.0020913
0.0007076
-0.0026612
-0.0020864
0.0030852
-0.00131
0.0024357
0.0007682
-0.0027774
-0.0019874
0.0007609
-0.0028268
-0.0020171
-0.0020478
-0.0006909
0.0026012
0.0020884
0.0007745
0.0019593
0.002799
-0.0017322
-0.0003156
0.0007857
-0.0027569
-0.0030221
-0.0007186
0.0027213
0.0020589
0.0019948
-0.0007255
0.0027194
0.0019291
0.0026244
-0.0006569
0.002033
-0.0007941
0.0027519
-0.0028002
0.0007857
-0.0019716
-0.000744
0.0027195
0.0026566
-0.0020144
0.0006432
-0.0027446
0.0009101
0.000708
0.0020499
0.0027322
0.0027154
-0.0007985
-0.000755
0.0027175
-0.0020367
0.0028437
-0.0020304
0.0008117
-0.0020379
0.0027543
-0.0020116
0.0007337
-0.0027367
0.001985
0.0006952
-0.0026319
0.0027137
-0.0006895
0.0019979
-0.0020472
0.0027502
-0.0007495
0.0019952
0.0026572
-0.0005745
0.0019317
-0.0007296
0.0026717
-0.000647
0.0019855
-0.0006572
0.0026601
0.002075
0.0019215
0.0026085
-0.0010054
0.0016863
0.0014305
0.0026636
-0.0006535
-0.0007027
0.0026785
0.000521
-0.0025682
-0.0015948
-0.0019275
-0.0028255
0.0009172
-0.0028196
0.0026549
-0.0007115
0.0019253
-0.0029436
0.0009193
-0.0021319
-0.0019255
0.0008217
-0.0029205
-0.0019785
0.001067
-0.0030108
-0.0017585
0.0008654
-0.0029481
-0.0021454
-0.0026252
0.0006688
-0.001982
-0.0020297
-0.0005888
0.0025218
0.0009852
-0.0028993
0.0027525
-0.0019668
0.0007466
0.0027902
-0.0007555
0.0020462
0.0007518
-0.0027678
-0.001976
0.0020912
-0.0032637
0.0021266
0.0027605
-0.0007657
0.0019664
0.001715
0.0027
-0.0020048
0.0007882
0.0026598
-0.0006748
0.0019571
0.0007407
0.0019229
0.0027
-0.0014095
-0.0017594
-0.0020083
0.0027485
-0.0019628
0.0007059
0.0027746
-0.0008455
0.0006181
0.0021338
0.0027093
-0.0027411
0.0007695
0.0027774
-0.0008142
-0.0008305
0.0028443
0.0019469
-0.0008815
0.0029527
0.0019628
-0.0008448
0.0027653
0.0021079
-0.0008212
0.0027897
0.0019441
-0.000786
0.0028329
0.0020037
-0.0008084
0.0027773
0.0020245
-0.0007697
0.0027236
0.0020076
-0.0007599
0.0028282
0.0019637
-0.0008343
0.0028205
0.0019939
-0.0008108
0.0028175
0.0020097
-0.000789
0.0027706
0.0020285
-0.0007748
0.0027244
0.0019958
-0.0007172
0.002733
0.0020072
-0.0007711
0.0028269
0.0019619
-0.0008394
0.0028052
0.0019875
-0.000795
0.0028388
0.0020102
-0.0008242
0.0027884
0.0020146
-0.0008452
0.002859
0.0019432
-0.0008811
0.0029495
0.0019779
-0.0008876
0.0028069
0.0020619
-0.0008744
0.002815
0.0019325
-0.0008884
0.002857
0.0019266
-0.0008712
0.0027243
0.0019858
-0.0007459
0.0026656
0.0019784
-0.0007148
0.0025029
0.0019508
-0.0011446
0.0024478
-0.0020601
-0.0003877
0.0013583
-0.0008356
0.0019729
-0.0016581
-0.0026655
0.0006868
0.0024881
-0.0032866
0.0029103
-0.0028094
0.0007715
-0.0020212
-0.0019854
0.000843
-0.0028513
0.0016003
0.0023317
-0.0002051
-0.0004474
0.0024912
-0.001926
-0.0026538
0.0007263
-0.0030676
0.0006484
0.0020691
0.0027073
0.0028208
-0.0007845
0.0020066
0.0019901
0.0026154
-0.000581
0.002168
-0.000769
0.0027736
0.0019505
0.0020241
0.0006455
-0.0026571
-0.0020083
0.0007266
-0.0027179
-0.0020145
0.0006882
0.0019903
0.0027381
0.0026323
-0.0006091
0.0019853
-0.0033213
0.0015619
-0.0024783
-0.0015057
0.0007262
-0.0027303
-0.0020416
0.0009114
-0.0027073
-0.0020091
-0.0010474
0.0027624
0.0012843
-0.0017901
-0.0010805
0.0028842
0.0016819
0.0013107
-0.0028027
-6.71e-05
0.0025149
-0.0027841
0.0009521
-0.0014734
-0.0030083
0.0009827
-0.0020562
-0.0029734
0.0009552
-0.0019907
-0.0029236
0.0010248
-0.0019684
-0.0030031
0.0009887
-0.0019783
-0.0029638
0.0009438
-0.0019751
-0.0029459
0.0010212
-0.0020021
-0.0029713
0.0009797
-0.0019501
-0.003052
0.0009327
-0.0020723
-0.0029378
0.0009804
-0.0020051
-0.0029518
0.0009373
-0.0019714
-0.0029919
0.0009882
-0.0020546
-0.0030297
0.0010426
-0.0020415
-0.0029308
0.0009374
-0.0018882
-0.0029357
0.0009302
-0.0019983
-0.0030345
0.0010338
-0.0021043
-0.0029577
0.0009589
-0.0019239
-0.0029243
0.0009174
-0.0019654
-0.0029911
0.0010349
-0.0020737
-0.0030118
0.0009634
-0.0019769
-0.0030538
0.0010173
-0.0020904
-0.0030041
0.0010065
-0.0019868
-0.0029537
0.0009589
-0.0019472
-0.0029206
0.0010381
-0.0019617
-0.0029117
0.0009518
-0.0018736
-0.0028094
0.000817
-0.0018576
-0.0029612
0.0007469
-0.0021442
-0.0034064
0.0027312
-0.0006399
0.0021502
0.0027212
-0.0007959
0.0020464
0.0006521
-0.0027385
-0.0020134
0.0007087
-0.0027258
-0.0020092
0.0029652
-0.0008768
0.0021197
0.0020074
0.0021899
0.0016556
0.0024257
6.24e-05
0.0022206
0.0024981
0.0027766
-0.0008102
0.002769
-0.000736
0.0021291
0.0027073
-0.0019378
0.0007199
0.0019236
0.0019457
0.0007737
0.0027485
-0.0020019
0.0007341
0.003758
-0.0021024
0.0016126
-0.0027131
0.000923
-0.0007665
0.0027122
0.0006986
-0.0027353
0.0006931
-0.0026785
0.0007758
-0.0027543
0.0019134
0.002741
-0.0007839
-0.0026184
0.0019649
0.0008066
0.00197
0.0029404
0.0027654
-0.0007675
0.0020099
-0.0008153
0.0027658
-0.0026422
0.0007162
0.000747
0.001953
0.0029369
-0.0020122
0.0019416
0.0027993
-0.0008041
0.0028172
-0.0008855
0.0020507
0.0026493
-0.0006638
0.0019924
-0.0006969
0.0027466
-0.0007055
0.0026284
-0.0020272
-0.0026706
0.0007078
-0.0018948
-0.0019344
0.0026945
-0.0019783
0.0006897
0.0007838
-0.0027093
-0.0020675
-0.0029163
0.0011578
-0.0013037
-0.0015553
0.0007845
-0.0028142
-0.0019458
0.0028849
-0.0008387
0.0020696
0.0006732
-0.0026492
-0.0019839
0.0027758
-0.0008109
0.0020703
0.0027496
-0.0020297
0.0007192
0.0026694
-0.0019763
0.0007026
-0.0020485
0.0007932
0.0019478
0.0027835
0.0007789
0.0020204
0.002848
0.0007304
-0.002772
-0.0019188
-0.0027821
0.0008001
-0.002048
-0.0020141
0.0026844
-0.0007216
-0.0006551
0.002763
0.0020293
-0.0007113
0.0026554
0.0020517
-0.0006789
0.0026826
0.0019765
-0.0006749
0.0026994
0.0020077
-0.0006747
0.0026823
0.0020247
-0.0006896
0.0026533
0.0019927
-0.0006532
0.0026471
0.0020001
-0.0006656
0.0026753
0.0019815
-0.0006652
0.0026937
0.0020101
-0.000652
0.0026478
0.0020417
-0.0006591
0.0026663
0.0019887
-0.0006841
0.002646
0.0019822
-0.0006531
0.0026406
0.0019929
-0.0006656
0.0026758
0.001975
-0.0006775
0.0026921
0.0019983
-0.0006707
0.0026139
0.0020214
-0.0006906
0.0026685
0.0019233
-0.0006598
0.0027217
0.0020087
-0.0007535
0.002686
0.0019682
-0.0007418
0.0026684
0.0019442
-0.000717
0.0027028
0.0019514
-0.0006539
0.0026323
0.0020489
-0.0003193
0.0022701
0.002313
0.0007684
-0.0027767
0.0007421
0.0019701
0.0027419
-0.0006669
0.002045
0.0019791
0.0014843
0.0007363
0.0027686
0.0026599
0.0007609
0.0020049
0.002785
-0.0027124
0.0006912
-0.0020227
-0.0019873
-0.0027838
0.0006519
-0.0020646
-0.0020574
0.0007019
0.0019265
0.0026549
-0.0027614
0.0007469
0.0020712
-0.0007036
0.0026889
0.0022333
0.0020251
-0.0027873
0.0007601
0.0001475
-0.0026258
0.0019809
-0.0027773
0.0007682
-0.0018543
-0.0019861
-0.0014906
0.0031725
6.56e-05
0.0007461
-0.0022195
-0.0027632
0.000707
-0.0020171
-0.0028249
0.0008342
-0.0021179
-0.0028936
0.0009252
-0.0020594
-0.0028696
0.0008913
-0.0019444
-0.0028865
0.0009114
-0.0019952
-0.0029177
0.0009156
-0.0020063
-0.0029184
0.0009683
-0.0020028
-0.00303
0.0009577
-0.0020617
-0.0029013
0.0008962
-0.0019436
-0.0028876
0.0009162
-0.0019914
-0.0029621
0.0009075
-0.0020459
-0.0028718
0.0008303
-0.0019643
-0.0028034
0.0009152
-0.0019731
-0.003004
0.0010057
-0.0020888
-0.0029566
0.0008523
-0.0019509
-0.0028355
0.0009116
-0.0019832
-0.0029143
0.0009489
-0.0020027
-0.0029779
0.0009042
-0.002029
-0.0028808
0.0009039
-0.0019766
-0.002971
0.0008806
-0.0020671
-0.0029263
0.0009395
-0.0020457
-0.0028901
0.0009429
-0.0019506
-0.0029022
0.0009405
-0.0019593
-0.0028972
0.0010236
-0.0019567
-0.0029038
0.0010462
-0.0018802
-0.000417
0.0025672
0.0027966
-0.0007502
0.0020127
0.0008104
-0.0028238
0.0007892
-0.0027984
-0.0019722
-0.0028435
0.000795
-0.0020331
-0.0019923
-0.0008364
0.002778
0.0020116
0.0019678
-0.0028049
0.0007927
-0.0020365
-0.0020311
0.001278
0.002741
-0.0020384
0.0007391
0.0027212
-0.0026595
-0.0027902
0.0007605
-0.0027106
0.0008158
-0.0006927
0.0026628
-0.0007196
0.0026674
0.0006968
-0.0026426
-0.0020752
-0.002512
0.0026381
-0.000509
0.0022211
0.0007382
0.0020453
0.0028094
-0.0008065
0.0027199
0.0017744
-0.0006921
0.0026621
0.002742
-0.0007321
0.0019033
0.0007393
-0.0027266
-0.0027694
0.0007911
0.0026548
-0.0006041
0.0019621
0.0026707
-0.0006806
0.0027685
-0.0007761
0.0020325
-0.0026463
0.0019247
-0.0006994
0.0027106
-0.0006979
0.001991
-0.0006921
0.0026186
0.0021339
-0.0027019
0.0007641
-0.0007385
0.0027194
0.0007868
-0.0027729
-0.0019238
0.0008129
-0.0027473
-0.0019565
0.0009591
-0.0028134
-0.0018138
-0.0020383
0.0026328
0.0008257
-0.0036284
-0.0013938
0.0002276
-0.0023718
0.0006972
-0.0027647
-0.0019286
0.0019697
0.0026589
-0.0006911
0.0019668
0.0010235
-0.0025788
-0.0017899
-0.0007591
0.0028041
0.0020503
0.0019932
-0.0006517
0.0026583
0.002019
-0.0022844
0.0027201
-0.0007152
0.0019816
-0.0007836
0.002791
0.0023889
0.0027558
-0.0006862
0.0020406
0.0028745
-0.0007548
0.0021939
0.0020362
0.0007775
-0.0027614
-0.0019992
0.0027028
-0.0006325
0.0020107
-0.001955
0.0006505
0.0020689
0.0026709
0.0027125
-0.0019732
0.0007362
0.0019589
-0.0020261
-0.0013256
0.0027957
-0.000871
0.0006154
0.0020395
0.0028487
0.0007839
0.0018789
-0.0019315
-0.0008169
0.0028462
0.0019788
0.0027912
-0.0020307
0.0007266
-0.0008224
0.0028741
0.0020238
-0.0008228
0.0027993
0.0020513
-0.0007959
0.0028036
0.0020034
-0.0008167
0.0028414
0.0019869
-0.0008074
0.0028001
0.002034
-0.000786
0.0027861
0.0020141
-0.0007958
0.0027773
0.0019903
-0.0007853
0.0027954
0.001992
-0.0008114
0.0028531
0.001984
-0.0008376
0.0028263
0.0020155
-0.0008063
0.0027885
0.00202
-0.0007865
0.0027794
0.002002
-0.0007976
0.0027726
0.0019818
-0.0007954
0.0027937
0.0019772
-0.0008373
0.0028587
0.0019564
-0.0008289
0.0027522
0.0020298
-0.0007819
0.0027906
0.0019703
-0.0008277
0.0027959
0.0019629
-0.0008856
0.0028298
0.0019103
-0.0009159
0.0028673
0.0019139
-0.0008953
0.0029442
0.001972
0.0032125
-0.0008995
0.0018187
0.0020447
0.0007308
0.0019366
0.0027761
-0.0007582
-0.0015262
-0.0026868
-0.0028518
-0.0027878
0.0008328
0.0027133
-0.0006943
0.0026758
-0.0006642
0.0019847
0.0030524
0.0006505
0.0020116
0.0027844
0.0019891
0.0007746
-0.0026934
-0.0019868
0.0007754
-0.0027476
-0.0020124
-0.0027916
0.0007689
-0.0020005
-0.0019577
0.0006496
0.001969
0.0026891
-0.0032692
0.0019655
-0.0006364
-0.0006133
0.0026898
-0.0007201
0.0019919
0.0007002
-0.0027385
-0.0020474
0.0027936
-0.0008347
0.0019226
0.0018786
-0.0001984
0.0006825
-0.0028004
-0.002995
0.0009356
-0.0023125
-0.0029246
0.0009802
-0.001989
-0.0030128
0.0010176
-0.0020326
-0.002904
0.0008977
-0.0018864
-0.0029839
0.0009811
-0.0020862
-0.0029421
0.0008804
-0.001961
-0.0028883
0.0009447
-0.0020079
-0.0029932
0.0010018
-0.0020485
-0.002919
0.0008731
-0.0019172
-0.0028979
0.0009336
-0.0020248
-0.0029788
0.0010057
-0.0020452
-0.0029741
0.0008853
-0.0019684
-0.0029006
0.0009497
-0.0020153
-0.002974
0.0009908
-0.0020243
-0.0028789
0.0008762
-0.0018881
-0.002957
0.000928
-0.0020808
-0.0029473
0.0009707
-0.0020193
-0.0029086
0.0008415
-0.0019379
-0.0030011
0.0009554
-0.0021596
-0.0029459
0.0009953
-0.0019905
-0.0029562
0.0009969
-0.0019609
-0.0031573
0.0012006
-0.0021604
-0.0030695
0.0011893
-0.0018689
0.0027055
-0.0007239
0.0024483
0.002773
0.0006514
-0.0026655
-0.0019912
0.0027206
-0.0019815
0.0006726
-0.0026229
0.0006914
-0.0016625
-0.0026645
0.0019702
-0.0004706
-0.0029988
-0.0008698
0.0027487
0.0027082
-0.0008049
0.002022
0.0027699
-0.0005488
0.0021335
0.0020067
0.0027572
-0.002021
0.0007188
-0.0008247
0.0027613
0.0020643
-0.0027208
0.0006897
0.0026877
-0.0006552
0.0021787
0.0006895
-0.0026887
-0.0027448
0.0007443
-0.0007424
0.0027114
0.0027975
-0.0008065
0.0019728
-0.0007027
0.0027278
0.002146
0.0019517
-0.002844
0.0008179
0.0006815
-0.002638
-0.0020633
0.0007229
-0.0025367
-0.0026953
0.0007715
-0.0019724
-0.0018514
0.0006739
-0.0026471
-0.0020112
0.0006579
0.0020476
0.0027268
0.0027281
-0.0007613
0.0005794
-0.0023693
-0.0019573
0.0006964
-0.0026887
-0.0020421
0.0026262
-0.000633
0.0019937
-0.0027152
0.0006787
-0.0020257
-0.0020421
0.0028059
-0.0007653
0.002082
0.0027264
-0.0007643
0.0018566
0.0027345
-0.0007238
0.0019921
-0.0029213
0.0008639
-0.0021947
-0.0019008
0.000727
-0.0028022
-0.0019664
0.0026897
-0.0018718
0.000659
0.0007174
0.0020107
0.002729
-0.0019466
0.0015556
-0.0032181
0.0027254
-0.0007466
-0.000709
0.0027328
0.0020164
-0.0006827
0.002734
0.0020501
-0.0006803
0.0026837
0.0020537
-0.0007048
0.0026917
0.0019789
-0.0006586
0.0026926
0.0020331
-0.0007173
0.0027314
0.0019753
-0.0007093
0.0026996
0.0020221
-0.0006839
0.0026759
0.0020157
-0.0007072
0.0026912
0.0019687
-0.000666
0.0026815
0.0020252
-0.0006715
0.0026915
0.00201
-0.0007217
0.0027237
0.0019698
-0.0007179
0.0026997
0.0020058
-0.000677
0.0026542
0.0020227
-0.0007362
0.0026926
0.001918
-0.0007284
0.0027582
0.0019642
-0.0007601
0.0027304
0.0019981
-0.000815
0.0027779
0.0019154
-0.0008364
0.0027467
0.0019415
-0.0008739
0.0027878
0.0018728
-0.000938
0.00291
0.0018498
0.0027494
-0.0007647
0.0019881
0.000795
0.0019537
0.0019407
0.0008206
0.0026744
-0.0019847
0.0006413
0.0008069
-0.0027916
-0.0020474
0.0007171
-0.0027039
-0.0019716
0.0026044
-0.0005541
0.0019714
0.0019681
-0.0029731
0.0009607
0.0007218
-0.0026795
-0.0029826
0.000858
-0.0029054
-0.0021151
0.000688
0.0020234
0.0027177
-0.0020438
0.0006967
-0.0011312
0.002222
0.0011302
-0.0034427
-0.0030223
0.0010333
-0.0018921
-0.0029186
0.000886
-0.0018853
-0.0027909
0.0009045
-0.0019049
-0.0029759
0.0008897
-0.0020714
-0.0028482
0.0008872
-0.0019585
-0.0028779
0.00087
-0.0019907
-0.0028425
0.000794
-0.0019725
-0.0028414
0.0009242
-0.0020474
-0.0028989
0.0008741
-0.0019747
-0.0029196
0.0008744
-0.0020455
-0.0028716
0.0009032
-0.0019972
-0.0028879
0.0008726
-0.0019847
-0.0028463
0.000822
-0.0019737
-0.0027537
0.0008656
-0.0019317
-0.0029516
0.0008708
-0.002086
-0.0028676
0.0008483
-0.0019968
-0.0027729
0.000835
-0.0019246
-0.0028729
0.0007133
-0.0020379
-0.0028681
0.0008776
-0.0021548
-0.0028773
0.0009164
-0.0019997
-0.0031342
0.0009738
-0.0022178
-0.0027426
0.0008737
-0.0017688
0.0028171
-0.0008252
0.0020106
7.22e-05
0.0023761
0.0024611
0.0030243
-0.0009881
0.0025537
0.001473
0.0020169
0.0006722
0.0027049
0.0028182
-0.0019253
-0.0027841
0.0008588
-0.0019352
0.0016118
0.0008394
-0.0027746
-0.0019447
0.0027322
-0.0007255
0.0008064
-0.0027976
-0.0019958
-0.0019929
-0.0023444
0.0019675
0.0007744
-0.0027408
-0.0019295
0.0026745
-0.0006864
-0.0009541
0.0027631
0.0027984
-0.0007764
0.0020331
-0.0006848
0.0026255
-0.0006545
0.0026779
-0.0008491
0.0030181
-0.0008394
0.0024693
0.0026902
-0.0019714
0.0007087
0.0030848
0.0028284
-0.0007641
0.0020032
0.0008322
-0.0028038
0.002827
-0.0020201
0.0007796
-0.002734
0.0008622
0.002724
-0.000642
0.0020013
0.0030277
-0.002067
0.0010165
-0.0027352
0.0008838
-0.0007636
0.0027153
0.0020546
0.0020601
-0.000827
0.0027807
0.0019649
0.0008139
-0.0028772
-0.0019607
0.0026262
-0.0006534
0.0019414
0.0030426
-0.000721
0.0025996
0.0008563
-0.0028287
-0.0018789
0.0009668
-0.0029241
-0.0018619
-0.0019559
-0.0014868
-0.0027494
0.0020028
-0.0008268
-0.0028398
0.0007977
-0.0020602
-0.0021077
0.0026952
-0.0007015
0.0019714
0.0007898
-0.0028319
-0.0020018
-0.0028615
0.0008358
-0.0020293
-0.0019961
0.0026349
-0.0007783
0.0018079
-0.0027885
0.0008419
-0.0019047
-0.0020353
0.002603
-0.0006109
0.0019485
-0.003032
0.0029214
-0.0020626
0.0008776
0.0007149
0.0020091
0.0027625
0.0006541
0.0020204
0.0026648
-0.0017175
-0.0025907
0.0018697
-0.0006205
0.0027354
-0.0006853
0.0008208
0.0019599
-0.0007014
0.0027551
0.002034
-0.0006735
0.0026524
0.0020816
-0.0006415
0.0026746
0.0020109
-0.0006869
0.0026622
0.0019877
-0.0006519
0.002674
0.0020103
-0.0006411
0.0026568
0.0020329
-0.0007272
0.0026959
0.0019296
-0.0006805
0.0027057
0.0020154
-0.0006536
0.0026636
0.0020521
-0.0006796
0.0026494
0.001984
-0.0006694
0.0026752
0.00198
-0.0006739
0.0026966
0.0020013
-0.0007359
0.0026539
0.0019607
-0.000688
0.0026522
0.0019659
-0.0006916
0.0026897
0.0019606
-0.000761
0.0026764
0.0019287
-0.0007878
0.0027293
0.0018886
-0.0009552
0.002828
0.0017741
0.0030877
-0.0012379
0.0016009
0.0015901
0.0006813
0.0019966
0.0006121
0.0020134
-0.0005259
-0.0025061
-0.0032218
0.0023727
-0.0007525
-0.0005514
0.0023065
0.0027843
-0.0020876
0.0008129
-0.0006752
0.0026784
0.0026812
-0.001819
-0.0007981
0.0027695
0.0022445
0.002068
-0.0027206
0.0023413
0.0002124
0.0017208
0.0025189
0.0007709
-0.002886
-0.0006658
0.0026307
0.001999
0.0019555
0.0026087
-0.0006412
0.0019223
0.0007909
-0.0026698
-0.0032174
0.0013253
-0.0016165
0.0016022
-0.0033197
-0.0030265
0.0011412
-0.0017012
-0.0029861
0.0010812
-0.0018449
-0.0030903
0.0010189
-0.0020091
-0.0029627
0.0010042
-0.0019438
-0.0029204
0.0009297
-0.0019162
-0.002986
0.0010135
-0.0020563
-0.0030634
0.001016
-0.0020499
-0.0030013
0.0010266
-0.0019853
-0.0030408
0.0009953
-0.0020142
-0.0029944
0.0009972
-0.0019991
-0.0029899
0.0010052
-0.0019927
-0.0029362
0.0009625
-0.001931
-0.0029476
0.0010159
-0.0019851
-0.0030749
0.0009889
-0.002059
-0.0029408
0.000944
-0.0019519
-0.002866
0.0009414
-0.001922
-0.0029842
0.0009463
-0.0020428
-0.0031684
0.0010136
-0.0022221
-0.003137
0.0011373
-0.0021234
-0.0031988
0.000981
-0.0020615
-0.0030759
0.0013071
-0.0020949
-0.0006712
0.0026818
0.0020072
0.0020284
0.0019867
-0.0028306
0.0008377
-0.0021219
-0.0019599
-0.0020616
0.0006196
0.0007355
-0.0026802
0.0017728
0.0026691
-0.0019336
0.0006065
0.0028522
-0.0007921
0.0020128
0.0026664
-0.0007441
0.000803
-0.0027325
-0.0020008
0.0028075
-0.0008403
0.0028002
0.0028566
-0.0006878
0.0027012
0.0027426
-0.0007095
0.0021006
0.0026042
-0.0006328
0.0019933
0.0029571
-0.0021862
0.0008901
-0.0012951
0.003103
0.0012238
0.0022627
-0.0026956
0.0006755
-0.0006312
0.0026325
0.0021313
0.0019913
0.0024419
-0.0005722
0.0026394
-0.0006909
-0.0027003
0.000671
0.0007406
-0.0027364
-0.0020002
0.0001963
-0.0025407
0.0007666
-0.0027273
-0.0019136
0.0026123
-0.0006709
0.0019245
0.0025948
-0.0018039
0.0006901
-0.0028066
0.0021213
-0.0007902
-0.0023098
0.0006392
-0.0025011
-0.0020306
-0.000689
0.0026981
0.0024286
-0.0008264
0.0006096
-0.0012336
0.0006569
-0.0027646
-0.0022291
0.0007331
-0.0027339
-0.0019672
-0.0010921
0.0028649
0.0013498
0.000698
-0.0026998
-0.0019976
0.0020731
0.0006318
0.0027544
0.0026864
0.0028412
-0.0019636
0.0007536
-0.0016902
0.0007505
0.0019159
0.0027709
0.002819
-0.0007184
0.00213
-0.0024296
0.0005857
0.0020537
0.0025823
0.000756
0.0020442
0.0006047
0.0022519
0.0026727
0.002741
-0.0006594
-0.0007899
0.0028008
0.0019511
-0.0007934
0.0027811
0.0020074
-0.0007654
0.0027757
0.0020157
-0.0008116
0.0028445
0.0019641
-0.000832
0.0027616
0.0020125
-0.00081
0.0028254
0.0019516
-0.0008012
0.0028533
0.0020242
-0.0008469
0.0028309
0.0020064
-0.0007868
0.0027668
0.0020441
-0.0008319
0.0028332
0.0019349
-0.0008338
0.0027945
0.0019994
-0.0008676
0.0028335
0.0019269
-0.000872
0.0028326
0.0019615
-0.0008448
0.0027735
0.0019878
-0.0010344
0.002923
0.0017391
-0.0012105
0.0029846
0.0017125
0.0029941
-0.001404
0.0013776
0.0015806
0.000677
0.0020242
0.0029289
0.002098
0.0028001
-0.0019872
0.0006782
0.002633
-0.001962
0.0006369
-0.0029238
-0.0005862
0.0027075
-0.0030826
0.000653
0.0027075
-0.002032
0.0006473
-0.0029448
0.0012436
-0.0015672
-0.0029894
0.0021992
0.0006911
0.002007
0.0028224
-0.0009866
-0.0030435
0.0011986
-0.0017999
-0.0030104
0.0010013
-0.0018118
-0.0029675
0.0010237
-0.0019662
-0.0030152
0.001099
-0.0019915
-0.0031059
0.0010496
-0.0020069
-0.0031063
0.0010564
-0.0020567
-0.0030259
0.0010406
-0.0019695
-0.0029792
0.000965
-0.0019386
-0.0030055
0.0010064
-0.0020405
-0.0029833
0.0009906
-0.0019769
-0.0029219
0.0009909
-0.0019313
-0.0030615
0.0010764
-0.0020706
-0.0030081
0.0009491
-0.0019317
-0.0029394
0.0009875
-0.0019903
-0.0029409
0.0010189
-0.0019534
-0.0029899
0.0009471
-0.001971
-0.0029935
0.0007714
-0.0020464
-0.0029765
0.0008531
-0.0022051
-0.00354
0.0014785
-0.0026869
-0.0023142
0.0006995
-0.0028857
-0.0023831
-0.0028276
0.0007923
-0.0021375
-0.001935
0.002854
0.0018783
0.0028483
-0.0008355
0.0020958
0.0027861
-0.0006561
-0.0019907
-0.0007418
0.0020399
0.0023724
-0.0029446
0.0006865
-0.0026772
-0.0020474
0.0019923
0.0007621
-0.0005332
0.0025869
0.0029268
-0.0007276
-0.0021173
0.0026276
-0.0005936
0.0027223
-0.000729
0.0020314
-0.0005932
0.0026174
-0.0020629
-0.0030525
-0.003104
0.003757
0.0007158
0.0018665
0.0027081
0.0007206
-0.0026342
0.0023406
-0.0007257
0.002717
0.0020967
0.0019729
-0.0025156
0.0007117
0.0006376
0.0017348
0.0029003
-0.0027765
0.0007445
-0.0007151
0.0026706
0.0019682
0.0021356
-0.0026821
0.0007201
-0.000766
0.002765
0.0020049
0.0020499
0.0025917
-0.0006672
0.0019985
0.0027592
-0.0020056
0.000772
0.0013386
-0.0033692
-0.001177
0.0026044
-0.000573
0.0020712
0.0021139
0.0006358
-0.0028649
-0.0022499
-0.003491
0.0027634
-0.0016127
0.0004223
-0.0025172
0.0027575
-0.0007291
0.0020866
0.0006858
-0.002653
-0.0019963
-0.0026454
0.0006855
-0.0019672
-0.0020509
-0.002742
0.0030846
0.0006855
-0.0026831
-0.002091
0.0018943
0.0026801
-0.0020736
0.0007165
-0.0007146
0.0026305
0.0006408
0.0021453
0.0026478
0.0026666
-0.001946
0.000733
0.0026663
-0.0006934
0.0019517
0.0008194
0.0020809
0.0028636
0.0014719
-0.0007352
0.0027751
0.0021937
0.0020461
0.0026564
-0.0006526
0.0027882
0.002211
0.0021321
0.0026043
-0.0004904
0.0027483
-0.0006516
0.0020549
-0.0027773
0.00066
-0.0020328
-0.0022049
0.0026552
-0.0006478
-0.0006376
0.0026533
0.0020176
-0.0006496
0.0026137
0.0020037
-0.0006267
0.0026392
0.001987
-0.0006988
0.0026504
0.0019404
-0.0006768
0.002701
0.0019736
-0.0006592
0.0026656
0.0020418
-0.0006628
0.0027069
0.0020028
-0.0006725
0.0026074
0.0020344
-0.0006477
0.0026471
0.0019597
-0.0007421
0.002669
0.001905
-0.0007266
0.0026881
0.0019424
-0.0007848
0.0027726
0.0019033
-0.0009605
0.0026996
0.0018121
-0.0010152
0.0027277
0.0016844
0.0028874
-0.0013068
0.0013202
0.0014209
0.0027531
-0.0020414
0.0006156
0.0005996
0.0020178
0.0027933
-0.0027548
0.0006919
-0.0020347
-0.0019912
-0.0009567
-0.0018919
-0.0006659
0.0026341
0.0019384
-0.0010387
-0.0007116
0.0027188
-0.0027183
0.0018209
-0.0030024
0.0012025
-0.0016822
-0.0029445
0.0011327
-0.001742
-0.0030436
0.0010774
-0.0019109
-0.0030389
0.0010474
-0.0019615
-0.0031139
0.001107
-0.0020665
-0.003102
0.0010453
-0.001995
-0.0029607
0.0009912
-0.0019154
-0.0031057
0.0011671
-0.0021145
-0.003156
0.0011155
-0.0019889
-0.0030905
0.0011136
-0.001975
-0.0030744
0.0011431
-0.0019608
-0.0031143
0.0010437
-0.0019712
-0.0029631
0.0010314
-0.0019194
-0.0030405
0.0010502
-0.0020091
-0.0029939
0.0010405
-0.0019437
-0.0029947
0.0010237
-0.0019542
-0.0029379
0.0008915
-0.0019142
-0.0025184
0.0003133
-0.0016269
0.001959
-0.0006941
0.0026531
0.0019897
0.0005948
-0.0029779
0.0006824
0.0019481
0.0026873
0.0006097
0.0019772
0.0024762
-0.0006898
0.0026409
0.0019443
-0.0030015
-0.0001025
0.0027649
-0.0020319
0.0006913
0.0026528
-0.0006067
0.0020798
-0.0006916
-0.0019856
0.0027068
-0.0005747
0.0019962
0.0002399
-0.0022813
0.0019931
0.0026482
-0.0006965
0.0026156
-0.000275
0.0021252
-0.0028658
0.0025908
-0.0001024
-0.0006148
0.0026326
-0.0028534
0.0018967
-0.0010325
-0.0014725
-0.001975
-0.000767
0.0005264
0.0021804
0.0026717
-0.0006398
0.0026897
0.0020475
0.0019956
-0.0026666
-0.0024067
0.0035528
-0.0028174
0.0007846
7.89e-05
0.0018983
0.0028059
-0.0020339
0.0008387
0.00069
-0.0027374
-0.001963
-0.0027343
0.0007883
0.0025152
-0.000444
0.0025941
0.0027689
-0.0006823
0.0021017
0.0006409
-0.0028908
-0.002337
-0.0007148
-0.0019194
-0.0028179
-0.0028521
0.0008174
-0.0027894
0.0006713
0.0019818
0.002661
-0.0026498
0.000865
-0.0028613
-0.0019871
0.0007331
-0.0028241
-0.0020843
0.0027297
-0.0020132
0.0007241
0.0026033
-0.0006048
0.0019885
0.0007106
0.0019376
0.0026587
0.0016756
0.000806
-0.0027254
-0.0019283
0.0006931
-0.0026787
-0.0020443
0.0026581
-0.0006032
0.0019616
0.0027179
-0.002478
-0.0029136
0.0007087
-0.002129
-0.0021821
0.0027781
-0.0007605
-0.0008728
0.0028765
0.0019053
-0.0008409
0.0028279
0.0020356
-0.0008309
0.0027713
0.001997
-0.0008229
0.0027965
0.0019484
-0.0008275
0.0028693
0.001969
-0.0008823
0.0028851
0.001987
-0.0008294
0.0028638
0.0020557
-0.0008749
0.0028346
0.0019889
-0.0008829
0.0027879
0.0019517
-0.0008712
0.0028136
0.0019167
-0.0009023
0.0028056
0.0019113
-0.0008932
0.0027053
0.0019124
-0.001108
0.0027924
0.0015973
0.0029055
-0.0014846
0.0012233
0.0013078
0.0021866
-0.002817
0.0008258
-0.0019996
-0.0019983
0.0025449
-0.0004197
0.002919
-0.000708
0.0023443
0.0005634
0.0020692
0.00275
0.0008776
-0.0032843
-0.0007727
0.0027111
0.0017722
-0.0020342
-0.0011141
0.0030124
0.0027336
-0.0019453
0.0007017
0.0028448
-0.0034583
-0.0019792
-0.0028748
0.0011328
-0.0016515
-0.002962
0.0010511
-0.0018292
-0.0029856
0.0010241
-0.0019345
-0.0030932
0.0010267
-0.0020691
-0.0030013
0.0010063
-0.0019746
-0.0030352
0.0011198
-0.0020289
-0.0032408
0.0011263
-0.002121
-0.003039
0.0010501
-0.0019127
-0.0030435
0.0010685
-0.0019934
-0.0030333
0.0010725
-0.0019648
-0.0029794
0.0010082
-0.0019069
-0.0030885
0.0011691
-0.0020803
-0.0030157
0.0010066
-0.0018466
-0.0029928
0.0010491
-0.0019862
-0.003071
0.0011168
-0.0020219
-0.0026862
0.000772
-0.0015694
0.0006837
-0.0013621
0.0030377
0.0015652
-0.0008182
0.0027625
0.0018929
0.0037361
-0.0026168
-0.0011193
0.0012581
-0.0005529
0.0026327
0.0021971
0.0021887
0.0026972
-0.0007356
-0.0006159
0.0026851
-0.000657
0.0026532
-0.0027109
0.0005819
-0.0024761
0.0028091
-0.000816
0.0020486
0.0019465
0.0025627
-0.0002184
-0.0020417
-0.0007294
-0.0019493
-0.0018931
0.0027424
0.0007433
0.0019539
0.0026809
-0.0015985
-2.27e-05
0.0007523
-0.0026806
0.0020147
-0.0006436
0.0026392
0.000382
0.0021807
0.0025624
0.0019787
0.00205
0.0008075
-0.0027705
-0.0020538
-0.0032254
0.0027183
-0.0006166
0.0021135
0.0006438
-0.0029808
-0.0026405
0.002747
-0.0020557
0.0007338
-0.0026682
0.0022485
-7.74e-05
0.0007094
-0.0026965
0.0006527
-0.002737
-0.0020582
0.0027106
-0.0019865
0.0006767
-0.0026899
0.0007107
-0.0020132
-0.0019559
0.0027323
-0.0007438
0.0021164
-0.0006821
0.0027296
0.0019766
0.002086
0.0026027
-0.0018504
0.0006574
0.0006939
0.0019453
0.0026757
0.0027213
-0.0020119
0.0007217
-0.0026853
0.0006052
0.0020799
0.0028023
0.0026839
-0.0027066
0.0026473
-0.000742
-0.0006796
0.0027152
0.0019677
-0.0006948
0.0026918
0.0020204
-0.0006766
0.002625
0.0020152
-0.000673
0.002642
0.001952
-0.0006505
0.0026375
0.0019915
-0.0006688
0.0027245
0.0019687
-0.0007263
0.0027152
0.0019982
-0.0007095
0.0026612
0.0020057
-0.0007723
0.002689
0.0018889
-0.0007074
0.0026187
0.0019816
-0.0007608
0.0026732
0.0018579
-0.0008232
0.0024205
0.00185
0.0028715
-0.0015637
0.00122
0.0008568
-0.0026404
0.0006421
-0.0019187
-0.0020949
-0.0031161
0.0010744
-0.001858
-0.0016062
0.0008273
-0.0027766
-0.002745
0.0005629
-0.0021631
-0.0024179
0.0028286
-0.0021269
0.0007729
0.0026465
-0.0006678
0.0020299
0.002524
-0.002846
0.0008017
-0.0020187
-0.0019688
0.0025619
-0.0007897
-0.0028392
0.00101
-0.0016192
-0.0028064
0.0008719
-0.0017964
-0.0030123
0.0009432
-0.0021404
-0.0029477
0.0009731
-0.0020045
-0.0030014
0.0009725
-0.0020283
-0.0030397
0.0009187
-0.0020672
-0.0029609
0.0010482
-0.0020422
-0.0029726
0.0009792
-0.0019244
-0.0030061
0.0010413
-0.0020269
-0.0029257
0.0010188
-0.0018844
-0.0030144
0.0009341
-0.0019956
-0.0029002
0.0010536
-0.0019661
-0.0028975
0.0009113
-0.0018439
-0.002961
0.0009391
-0.0020497
0.0024466
0.0026888
-0.0006388
0.0019532
-0.0007645
0.0026574
0.0017974
0.0034496
-0.0007657
0.0015916
-0.002502
0.0006516
-0.0007711
0.0027176
0.0018863
0.0020079
-0.0028261
0.000663
-0.0019442
-0.0007523
0.0007742
0.0019067
0.0027508
0.0005275
0.0020349
0.0025422
-0.0028752
0.001269
-0.0012836
-0.001233
-0.0005179
-0.0024534
-0.0018408
-0.0006126
0.0007672
-0.0027114
-0.0028061
0.0019034
0.002736
-0.0019688
0.0007241
-0.0034102
-0.0006582
0.0027381
-0.000827
0.0027723
0.0006969
-0.0027101
-0.0019884
0.000728
-0.0027862
-0.0020981
0.002917
-0.0008035
0.0021732
-0.0032531
0.0027107
-0.0019769
0.0007242
0.0002085
0.0022381
0.0023892
-0.0027665
0.0020245
-0.0007179
0.0023196
-7.11e-05
0.0015299
0.002167
0.0026482
-0.000695
0.0027566
-0.0006402
0.0020984
-0.000761
0.002847
0.0019898
0.00202
0.0007982
0.00185
0.0027521
0.0027485
-0.0020911
0.0006216
0.0007888
-0.0027772
-0.0019878
0.0026703
-0.0020187
0.0005792
0.0027813
-0.0007514
0.0019778
0.0027057
-0.0006853
-0.0007479
0.0027631
0.0019578
-0.0007722
0.0027242
0.0019909
-0.0006961
0.0026876
0.0020281
-0.0007175
0.0026862
0.0019701
-0.00065
0.0026482
0.0020362
-0.0006927
0.0026984
0.0019555
-0.0007245
0.0026134
0.0019739
-0.0007328
0.0027144
0.0018806
-0.0006579
0.0025158
0.0020565
-0.000239
0.002089
0.0022768
-0.0028757
0.0004578
-0.0022127
-0.0027953
0.0007289
0.0020434
0.0027368
0.0005743
0.0021638
-0.0006878
-0.0020236
-0.0019859
0.0024606
-0.0005572
0.0017656
0.0006745
-0.0024709
-0.0028209
0.0006805
-0.0021464
-0.0028233
0.0008188
-0.0021428
-0.0028615
0.0008332
-0.0020427
-0.002936
0.0008688
-0.0021028
-0.0029472
0.000905
-0.0020784
-0.0028567
0.0009323
-0.0019517
-0.0029204
0.0008935
-0.0019881
-0.0027976
0.0009132
-0.0019041
-0.0028442
0.0008486
-0.001931
-0.0028637
0.0008976
-0.0020151
-0.0027771
0.0009332
-0.0018795
-0.0024429
0.0003932
-0.0015097
0.0027229
-0.00195
0.000746
0.0027274
-0.00093
0.0022844
0.0028587
-0.0004945
0.0025294
0.0019997
-0.002654
0.0019687
-0.0006863
-0.0024711
-0.0020615
-0.0007446
-0.0027493
-0.002595
0.0003823
0.0007339
-0.0027575
0.0019854
0.0027999
-0.0020758
0.0008812
0.0020125
-0.0032455
0.0018947
0.0007379
0.0020142
0.0026446
-0.0027485
0.0007626
-0.0020025
-0.0020146
-0.0027134
-0.0009903
0.0028403
0.0028506
-0.001085
0.0018603
0.0005155
-0.0026136
-0.0020795
-0.0013266
-0.0011443
0.0027363
-0.0005631
0.0020961
-0.0009062
0.00307
0.0019722
-0.0029458
-0.0029502
0.0008553
-0.002069
-0.0019309
0.0027408
-0.0006424
0.0018346
-0.0007791
0.0026654
0.0019483
-0.0029097
0.0019797
-0.0013798
-6.2e-06
0.0026911
-0.0006711
0.0006689
-0.0026876
-0.0020445
0.002093
0.0026444
-0.0020228
0.0006944
0.0006906
-0.0026784
-0.001997
0.0001974
-0.0026685
-0.0025979
-0.0022753
-0.0026675
0.0019812
-0.000643
0.002692
-0.0019581
0.0007232
0.0007041
0.001987
0.0027475
0.0025923
-0.0006145
0.0020292
-0.0007152
0.0027149
0.0019502
-0.0022156
-0.0019978
-0.0007597
0.0027617
-0.0007708
-0.000819
0.0028471
0.0019427
-0.0008531
0.0028232
0.001994
-0.0007847
0.0028209
0.0020385
-0.0008216
0.0027771
0.0019993
-0.0008248
0.0027987
0.0019523
-0.0008673
0.0027479
0.0019314
-0.0008451
0.0029016
0.0019028
0.0030897
-0.0008129
0.0019454
0.0020887
-0.0006718
0.0026572
0.0020757
0.0020427
0.0026507
-0.0020715
0.0006279
-0.0006038
0.0026968
0.0024662
0.0014132
0.0008298
0.0020105
0.002844
0.0023706
-0.0003984
0.0012856
-0.000201
0.0027678
-0.0007991
0.002478
-0.0024842
0.0007217
-0.0028645
-0.0029055
0.0008628
-0.0021838
-0.0029782
0.0008754
-0.0021154
-0.0030136
0.0009352
-0.0021382
-0.0029317
0.00098
-0.0019965
-0.002905
0.0009169
-0.001925
-0.0029599
0.0010558
-0.002043
-0.0028085
0.0008775
-0.0017527
-0.0028289
0.0008138
-0.0019514
-0.0029227
0.0010432
-0.0021089
-0.0030893
0.0015796
-0.0020461
0.0026413
-0.0006515
0.0019702
0.0007127
-0.0027572
-0.0020366
-0.0008061
0.0027639
0.0019617
0.0019931
0.0028133
-0.0020901
0.0007375
-0.0018323
0.0007971
-0.0027949
0.0020719
0.0026218
-0.0007872
0.0026819
-0.0007872
-0.0006262
0.0026367
0.0019931
-0.0030655
0.0006907
-0.0027053
-0.0019877
0.0028244
-0.0007283
0.002182
0.0003896
-0.0024691
0.0004065
-0.0027334
0.0019343
-0.0007522
0.0022835
-0.0008935
0.0028805
0.0008323
-0.0027632
-0.0017813
-0.0027365
0.0002523
-0.0006957
-0.0009641
0.0029124
0.0027284
-0.0007582
0.0018349
0.0033544
-0.0014941
0.0027282
-0.0027963
-0.0029113
-0.0025217
0.0028031
-0.0008234
0.001839
0.0014601
0.0008109
-0.0028079
-0.0019463
0.0027482
-0.0019511
0.0007901
0.0021026
0.0005192
-0.0007789
0.0027291
0.0021335
0.0027247
-0.0020968
-0.0006339
0.0028093
-0.0007374
0.0020571
0.0019917
0.0027011
-0.000708
0.002621
-0.000627
-0.0006571
0.0026956
0.0019639
-0.0007077
0.002707
0.0019879
-0.0006993
0.0026516
0.0020077
-0.0007606
0.002692
0.001891
-0.000845
0.0027478
0.001847
0.0010326
-0.0032164
-0.0007652
-0.0020297
0.0006769
-0.0026794
-0.0020169
-0.0007794
-0.0027821
-0.0007768
0.0027699
0.0020672
0.0020117
-0.0021943
0.0027135
0.0027457
-0.0023193
0.0027258
-0.0027912
0.0007222
-0.0020537
-0.002041
-0.0028535
0.0020663
-0.0006715
-0.000128
0.0007771
0.0021034
0.0028528
-0.0024883
0.0027406
0.0002252
0.0004213
-0.0007028
-0.0018189
-0.0027489
-0.0029023
0.0007869
-0.0018697
-0.0029432
0.000805
-0.0021563
-0.0027524
0.0007559
-0.0019474
-0.0028022
0.0008772
-0.0020463
-0.0029353
0.0008923
-0.0020581
-0.0028134
0.0010607
-0.0019211
-0.0024479
0.0004965
-0.0013872
0.0007205
-0.0028294
-0.0020284
-0.0023329
-0.0020284
0.0028113
-0.0007821
0.002083
-0.001985
0.0005478
0.0020889
0.002615
-0.0010412
-0.0014279
-0.0028225
-0.0032468
-0.0007087
0.0026514
0.0019924
0.0007397
0.0012516
0.0020244
-0.001771
-0.0014454
-0.0009768
-0.0003684
0.0024573
-0.0027257
-0.0027038
0.0007527
-0.0007289
0.0027716
0.0021239
0.0019895
0.0026205
-0.0007856
0.0007178
-0.0027055
-0.0020901
0.000751
0.0018695
0.0028544
0.0030906
0.000629
-0.002702
0.001994
-0.0007403
0.0025412
0.0005494
-2.35e-05
0.0027517
0.0025177
0.0023833
-0.0028268
0.0007984
-0.0020871
-0.0019071
0.0007481
-0.0027778
-0.0019557
0.0026829
0.0027784
-0.0019883
0.0006883
-0.0026682
0.0019279
-0.0007339
0.0027546
-0.0021256
0.0027164
-0.0007285
-0.000807
0.0028147
0.0019094
-0.0008452
0.0027362
0.0019695
0.0028182
-0.0009712
0.0013728
0.001765
0.00194
0.0005173
-0.0008216
-0.0019605
-0.0029273
0.0010576
-0.0015545
-0.0019721
-0.0007536
-0.0027937
0.0027006
-0.0019479
0.0007123
-0.0006318
0.0026435
0.0019832
0.0018579
0.0027181
-0.0006937
0.0005875
0.0020954
-0.0030886
0.0009323
-0.002031
-0.0029069
0.0009595
-0.0019746
-0.0030914
0.0010451
-0.0021319
-0.0031163
0.0010582
-0.0020712
-0.0031722
0.0012511
-0.002114
-0.0034773
0.0020901
-0.0022262
-0.0005997
0.0026827
-0.0007227
0.0026866
0.0019954
0.0027398
-0.0007458
-0.0003145
0.0022545
0.0023181
-0.0024461
0.0026445
-0.000655
0.0020448
-0.00095
0.0028195
0.0025792
0.0012512
-0.0032796
-0.0026992
0.0019653
-0.0006421
-0.0028437
0.000827
-0.0027875
-0.0019508
0.0019581
-0.0027325
0.0007846
-0.0002428
-0.0011438
-0.0016787
0.002722
-0.0008641
0.001772
-0.0008541
0.002978
0.0020003
0.002323
-0.0002912
0.0023866
0.0022265
-0.0031848
0.0024938
-0.0001757
9.52e-05
0.0022881
0.0023217
0.0019736
-0.0019956
0.0006675
-0.0029912
0.0009375
-0.0023029
-0.0022473
0.0026561
-0.0006637
0.0028156
-0.0023943
0.0020112
0.0019624
0.0020761
-0.0028037
0.0020579
-0.0008758
0.002719
0.0025005
0.00069
0.0008205
-0.0027762
-0.001912
-0.0004349
0.0008596
0.0019599
0.0028599
0.0019371
-0.0035224
0.0025784
-0.000669
0.0003247
-0.0006684
0.0026379
0.00191
0.0024764
-0.0007114
0.0009219
0.0019265
0.0027123
-0.0019277
-0.0036743
-0.0020009
-0.0007928
-0.0023171
0.0030294
0.0003952
0.0007265
0.0016364
0.0007868
-0.0026939
-0.0020569
0.0008078
-0.0027824
-0.0029221
0.0007902
-0.0021143
-0.0028981
0.0008269
-0.0021079
-0.0029515
0.0008375
-0.0021246
-0.0029123
0.0006861
-0.0020748
0.002692
-0.0007296
0.0025269
-0.0027026
0.0011333
0.0011212
0.0027697
-0.0027975
0.0023626
-0.0006272
0.0026226
0.0020648
0.0007726
-0.0028036
-0.0020098
-0.0018817
-0.0020264
-0.0003093
-0.0032131
-0.0021187
0.0028087
0.0030166
-0.0026919
0.0008979
-0.0009015
-0.0027728
-0.0031488
-0.0030821
-0.0026434
0.0019744
-0.0006853
0.0008039
-0.0027547
-0.0019723
0.0007823
0.0007934
-0.0027943
-0.0019941
-0.000165
0.0016776
0.000296
-0.0028497
0.0019373
0.0026793
-0.0006214
-0.0028331
0.0009054
0.0028546
-0.0008947
-0.0007527
-0.000588
0.0025251
0.0017986
-0.00034
0.0027988
0.0027228
-0.0006467
-0.002527
0.0009855
-0.0028975
-0.0018476
0.0019932
0.0020326
0.000719
0.0021409
0.003042
0.0025562
-0.0028962
0.002689
-0.0006242
0.0010899
0.0016798
0.0028619
-0.0008507
0.0027607
-0.0009242
0.0028895
4.48e-05
0.0008374
0.0020172
0.0029783
-0.0020674
-0.0025137
0.0023487
0.0023412
-0.0014358
0.0017996
0.0005221
0.0020956
0.0019672
0.0022893
0.0007296
-0.0028375
-0.0029951
0.0008705
-0.0022655
-0.0030033
0.0009285
-0.0021328
0.0027389
-0.0007063
0.0016009
0.0018821
0.0009167
-0.0029607
0.0008933
-0.0020628
-0.001901
0.0020137
-0.0028005
0.0002735
-0.001012
0.0029792
-0.0006746
0.0026119
0.0020144
0.0035619
4.25e-05
0.0025499
-0.0027127
0.001862
-0.0007383
0.0009989
-0.0029712
-0.0018986
0.0028055
-0.0024223
0.0008656
-0.0028597
-0.0018891
-0.002314
0.0027092
2.72e-05
0.0002869
-0.0006069
0.0033639
-0.0010152
0.0013011
-0.0029221
0.0014863
0.0023207
-0.002818
0.0021966
-0.0006491
0.0026423
-0.0008043
-0.0007053
-0.0021322
-0.0028196
0.0027979
-0.0007023
0.0037146
0.0007957
0.0020898
-0.0027741
0.0020678
-0.0005775
0.0032193
-0.0016184
-0.001872
0.0009143
0.0020649
0.0029315
0.0012722
-0.0031198
-0.0016499
0.0018736
0.0020181
0.002415
-0.0020239
0.0026533
-0.0006352
-0.0027952
-0.0025217
0.0023714
-0.0024945
0.0031406
-0.0007256
0.0025631
0.002989
-0.0010082
0.0008234
-0.0029556
-0.0030176
0.0011166
-0.0017165
-0.0017431
-0.0002807
0.0028306
-0.0029604
0.0006949
-0.002137
0.001088
-0.0031119
-0.0018676
-0.0012499
-0.0028802
0.0013194
-0.0034522
-0.0015608
-0.0027573
-0.0020998
0.0021423
-0.0005547
0.0025691
0.0020986
-0.0011627
0.0035341
0.0017688
0.0014343
0.0009399
-0.0028385
-0.0021799
0.0010239
-0.002913
-0.0019473
0.0027083
0.0025042
-0.0004364
0.0007733
0.0020573
-0.0032107
0.0023956
-0.000522
0.0011457
0.0028382
0.0028661
-0.0007238
0.0018509
-0.0005654
0.0026552
0.0020471
0.0019388
0.00202
-0.0003088
0.0023661
0.0001423
0.002566
0.0027054
0.0022572
-0.0024524
-0.0007583
0.0001959
-0.0023329
0.00105
0.0017882
0.0028188
-0.0001552
-0.0026021
-0.0026076
-0.0024062
-0.0003536
0.0024522
0.0012156
-0.0030832
-0.0011173
-0.0019375
0.0025764
-0.0006376
0.0027267
-0.0007067
0.0023731
0.0018697
0.0001096
0.0008614
-0.0028087
-0.0019771
-0.0025743
0.0018505
0.002269
0.0025618
0.0009618
-0.0027049
-0.0019512
-0.0029473
0.0012308
-0.0010964
-0.0014741
-0.00114
-0.0029382
0.0014118
0.0009543
0.0032
0.0026545
-0.0003855
0.0020169
0.0018717
-0.0008629
0.0027134
0.0016788
-0.0021357
-0.0008025
-0.0010448
0.0027236
0.0021552
0.0018607
-0.0001073
0.0026691
0.001617
0.0007423
-0.0026935
-0.0020664
0.0024172
-0.0004003
-0.0027804
0.0026731
0.0015518
-0.001193
0.0030627
0.0012242
0.0007889
-0.0029246
-0.0004073
0.002826
-0.0027796
-0.0008544
0.0024257
-0.0023054
0.0008313
-0.0006884
-0.0018622
0.0006619
0.0017638
0.0028171
-0.0018187
-0.0026554
-0.0002692
-0.0023311
-0.0004485
-0.000757
0.0026177
0.0019293
0.002988
-0.0026003
)
;

boundaryField
{
    frontAndBack
    {
        type            empty;
        value           nonuniform 0();
    }
    hot
    {
        type            calculated;
        value           nonuniform List<scalar> 
50
(
-0.002
-0.002
-0.002
-0.002
-0.002
-0.002
-0.002
-0.002
-0.002
-0.002
-0.002
-0.002
-0.002
-0.002
-0.002
-0.002
-0.002
-0.002
-0.002
-0.002
-0.002
-0.002
-0.002
-0.002
-0.002
-0.002
-0.002
-0.002
-0.002
-0.002
-0.002
-0.002
-0.002
-0.002
-0.002
-0.002
-0.002
-0.002
-0.002
-0.002
-0.002
-0.002
-0.002
-0.002
-0.002
-0.002
-0.002
-0.002
-0.002
-0.002
)
;
    }
    cold
    {
        type            calculated;
        value           nonuniform List<scalar> 
50
(
-0.002
-0.002
-0.002
-0.002
-0.002
-0.002
-0.002
-0.002
-0.002
-0.002
-0.002
-0.002
-0.002
-0.002
-0.002
-0.002
-0.002
-0.002
-0.002
-0.002
-0.002
-0.002
-0.002
-0.002
-0.002
-0.002
-0.002
-0.002
-0.002
-0.002
-0.002
-0.002
-0.002
-0.002
-0.002
-0.002
-0.002
-0.002
-0.002
-0.002
-0.002
-0.002
-0.002
-0.002
-0.002
-0.002
-0.002
-0.002
-0.002
-0.002
)
;
    }
    defaultFaces
    {
        type            calculated;
        value           nonuniform List<scalar> 
100
(
0.002
0.002
0.002
0.002
0.002
0.002
0.002
0.002
0.002
0.002
0.002
0.002
0.002
0.002
0.002
0.002
0.002
0.002
0.002
0.002
0.002
0.002
0.002
0.002
0.002
0.002
0.002
0.002
0.002
0.002
0.002
0.002
0.002
0.002
0.002
0.002
0.002
0.002
0.002
0.002
0.002
0.002
0.002
0.002
0.002
0.002
0.002
0.002
0.002
0.002
0.002
0.002
0.002
0.002
0.002
0.002
0.002
0.002
0.002
0.002
0.002
0.002
0.002
0.002
0.002
0.002
0.002
0.002
0.002
0.002
0.002
0.002
0.002
0.002
0.002
0.002
0.002
0.002
0.002
0.002
0.002
0.002
0.002
0.002
0.002
0.002
0.002
0.002
0.002
0.002
0.002
0.002
0.002
0.002
0.002
0.002
0.002
0.002
0.002
0.002
)
;
    }
}


// ************************************************************************* //
