/*--------------------------------*- C++ -*----------------------------------*\
  =========                 |
  \\      /  F ield         | OpenFOAM: The Open Source CFD Toolbox
   \\    /   O peration     | Website:  https://openfoam.org
    \\  /    A nd           | Version:  7
     \\/     M anipulation  |
\*---------------------------------------------------------------------------*/
FoamFile
{
    version     2.0;
    format      ascii;
    class       volScalarField;
    location    "0.55";
    object      T;
}
// * * * * * * * * * * * * * * * * * * * * * * * * * * * * * * * * * * * * * //

dimensions      [0 0 0 1 0 0 0];

internalField   nonuniform List<scalar> 
5936
(
0.509388
0.913124
0.999003
0.982342
1.00586
1.01594
1.00206
1.00701
1.00021
1.00101
0.999887
0.999757
0.99995
0.999843
0.999998
0.999979
1
1
0.999999
0.999998
0.999999
0.999996
0.999999
0.999998
1
1
1
1
1
1
1
1
1
1
1
1
1
1
1
1
1
1
1
1
1
1
1
1
1
1
1
1
1
1
1
1
1
1
1
1
1
1
1
1
1
1
1
1
1
1
1
1
1
1
1
1
1
1
1
1
1
1
1
1
1
1
1
1
1
1
1
1
1
1
1
1
1
1
1
0.116255
-0.00308433
-0.000220626
4.08821e-05
-3.1271e-07
4.1685e-07
-4.3223e-09
-1.39688e-08
2.88377e-09
1.13151e-11
-6.99144e-11
1.0497e-11
1.08094e-12
-3.00833e-13
-2.37079e-14
1.61974e-15
4.42518e-16
3.86782e-17
-1.0999e-18
-3.28352e-19
-2.16996e-20
6.97237e-23
8.4654e-23
5.06137e-24
-7.89645e-41
2.73231e-25
-5.88885e-24
-1.0241e-21
-1.44377e-20
-2.64731e-19
-2.72496e-18
-1.30152e-16
-6.17781e-16
1.01221e-16
-1.1371e-13
-1.42993e-12
3.3945e-13
2.34515e-11
-1.17059e-10
3.01703e-10
3.91279e-09
-3.2796e-09
2.72428e-09
-6.57362e-08
1.94909e-08
4.56151e-07
-4.51959e-07
2.27063e-06
4.42349e-06
7.43778e-06
1
1
1
1
1
1
1
1
1
1
0.999999
1
0.999998
0.999998
1.00001
1.00001
0.99999
1
0.999953
0.999961
1.00002
0.999987
1.00013
1.0001
1.00014
1.00017
0.999642
0.999823
0.999127
0.999266
0.999907
0.999589
1.00224
1.00138
1.00485
1.00389
1.0046
1.0047
0.996024
0.999136
0.972206
0.980419
0.927005
0.941819
0.858961
0.881211
0.769897
0.797763
0.670698
0.700887
0.562706
0.595556
0.456491
0.488171
0.359594
0.387845
0.273506
0.298529
0.202311
0.222768
0.145827
0.161551
0.102069
0.114164
0.0692303
0.0782062
0.0460653
0.0523626
0.0295179
0.0339171
0.0187738
0.021629
0.0116551
0.0135466
0.00700058
0.00821763
0.00420457
0.00494195
0.00244254
0.00290376
0.00138641
0.00165832
0.000794911
0.000949949
0.000439091
0.000531535
0.000243855
0.000296824
0.00012971
0.000161792
7.09519e-05
8.98506e-05
3.91689e-05
5.01413e-05
1.75886e-05
9.79436e-06
2.31885e-05
3.49427e-25
5.73128e-06
0.0134562
-0.00159039
6.86189e-05
7.16044e-06
1.01278e-07
1.83231e-07
-3.61221e-08
7.19574e-10
1.1463e-09
-1.71601e-10
-2.19327e-12
5.62935e-12
-2.99836e-13
-1.12663e-13
-1.28418e-15
1.05914e-15
1.50133e-16
4.8905e-18
-8.91129e-19
-9.53583e-20
-3.06262e-21
2.09875e-22
2.36001e-23
-0.000922382
8.85031e-25
7.87773e-06
4.6799e-24
1.44952e-23
3.96993e-21
1.07943e-19
6.02709e-20
2.80515e-17
4.22697e-16
-3.56558e-16
1.70926e-14
5.10625e-13
2.25183e-12
-1.22343e-11
1.27698e-11
1.68921e-10
-2.12312e-09
-6.6692e-10
-1.00627e-08
9.99817e-08
-2.59112e-07
3.00541e-07
-3.47715e-07
6.35719e-07
4.24822e-06
0.000131136
0.0664675
1.98353e-06
0.457247
0.000144101
3.03965e-05
6.54107e-07
5.36079e-07
-9.95933e-08
6.90257e-10
3.488e-09
-4.62952e-10
-1.2334e-11
1.77297e-11
-8.38298e-13
-4.00598e-13
-7.98669e-15
3.73144e-15
5.30672e-16
2.18647e-17
-3.09293e-18
-3.56994e-19
-1.39984e-20
6.75435e-22
9.13063e-23
3.67606e-24
-1.7101e-24
4.20553e-21
9.72755e-20
-3.4119e-20
2.48227e-17
4.00339e-16
-1.32625e-16
1.70597e-14
4.87796e-13
2.36931e-12
-1.07709e-11
3.40493e-12
1.55132e-10
-1.997e-09
-5.02715e-10
-1.09921e-08
1.03925e-07
-2.94009e-07
3.77918e-07
-3.86795e-07
9.72506e-07
5.46894e-06
5.05749e-24
1.14945e-06
4.22611e-09
-4.17727e-08
7.50804e-09
1.80147e-10
-2.15192e-10
2.94773e-11
3.8578e-12
-9.55017e-13
-9.51497e-14
5.23578e-15
1.61774e-15
1.48471e-16
-2.47343e-18
-1.22717e-18
-8.55647e-20
-4.4099e-22
3.03851e-22
2.02187e-23
-1.06462e-21
-1.09947e-20
-2.63044e-19
-2.06867e-18
-1.17303e-16
-6.78115e-16
-5.45157e-16
-1.06941e-13
-1.41142e-12
-4.88393e-13
2.43598e-11
-9.58062e-11
2.35202e-10
3.92823e-09
-4.3489e-09
1.02272e-08
-8.66012e-08
2.63764e-08
5.03851e-07
-4.48206e-07
3.137e-06
5.99593e-06
-0.0055644
-0.00532448
-1.28346e-23
0.596807
-0.00118086
0.957427
1.0026
0.985737
1.00456
1.0082
1.00136
1.00401
0.999967
1.00053
0.999869
0.999794
0.999989
0.999958
1.00002
1.00005
1.00001
1.00003
1
1.00001
0.999998
0.999998
0.999999
0.999998
1
1
1
1
1
1
1
1
1
1
1
1
1
1
1
1
1
1
1
1
1
1
1
1
1
1
1
1
1
1
1
1
1
1
1
1
1
1
1
1
1
1
1
1
1
1
1
1
1
1
1
1
1
1
1
1
1
1
1
1
1
1
1
1
1
1
1
1
1
1
1
-3.16181e-23
0.00151943
6.23956e-05
0.260823
-5.70173e-06
5.29147e-08
2.92065e-07
-5.93849e-08
1.65494e-09
1.50794e-09
-2.49026e-10
6.85162e-13
9.81329e-12
1.81463e-14
-1.70066e-13
-1.36189e-14
3.44528e-16
1.74495e-16
1.41669e-17
3.369e-20
-7.38608e-20
-5.18224e-21
-5.93531e-23
1.24643e-23
-1.13274e-21
-0.00316852
-0.00458951
-0.0032785
9.43715e-25
1.27397e-05
2.10514e-05
-3.68899e-06
-8.98118e-06
-1.31917e-06
0.532986
-7.68228e-21
-4.32823e-19
-8.7494e-19
-1.37132e-16
-1.20612e-15
3.4895e-16
-1.21293e-13
-2.05147e-12
-3.08839e-12
4.00039e-11
-1.1738e-10
5.46608e-11
6.61771e-09
-7.74533e-09
3.44568e-08
-2.2002e-07
2.09188e-07
5.99584e-07
-3.45889e-07
5.88676e-06
8.63186e-06
1.48017e-05
0.0517236
0.189634
0.0225263
-9.55515e-05
-0.000690298
4.3971e-05
1.58803e-05
-6.93628e-06
1
1
1
1
1
1
1
1
1
1
0.999999
0.999998
1.00001
1.00001
0.999992
1.00001
0.999962
0.999962
1.00002
0.999984
1.00012
1.00009
1.00012
1.00019
0.999634
0.999843
0.999213
0.999244
1.00005
0.999477
1.00218
1.00118
1.00441
1.00375
1.00402
1.00553
0.995601
1.0014
0.971954
0.98504
0.927114
0.949048
0.860932
0.891221
0.772803
0.811203
0.672186
0.71271
0.56627
0.60795
0.461826
0.502623
0.36338
0.400653
0.277011
0.307988
0.206298
0.231594
0.147765
0.168203
0.103175
0.118278
0.0707853
0.081917
0.0468668
0.0546659
0.030198
0.0356255
0.0191876
0.0226829
0.011946
0.0142297
0.00725989
0.00875502
0.00435014
0.00525288
0.0025416
0.00309041
0.00145744
0.00178946
0.000824746
0.00101077
0.000460936
0.000568371
0.000262015
0.000322024
0.000146183
0.000180918
8.85766e-05
0.000110687
0.780431
7.86208e-24
0.830481
-3.31526e-23
6.15255e-16
5.33552e-16
4.1527e-05
-1.07997e-22
4.20307e-24
-1.24879e-15
7.6883e-07
-1.94081e-08
-2.1036e-08
4.24478e-09
-5.37736e-11
-9.54527e-11
1.77619e-11
2.59959e-12
-3.269e-13
-5.7264e-14
-1.80599e-15
3.494e-16
6.00676e-17
2.1563e-18
-1.46817e-19
-2.29085e-20
-8.55959e-22
2.58392e-23
-1.63668e-21
3.36911e-17
2.50776e-17
1.39074e-19
1.11216e-19
6.31609e-21
-4.39303e-19
7.60162e-21
-1.00902e-19
-1.67035e-16
1.42837e-06
2.14689e-16
1.65911e-14
6.17957e-13
3.96256e-12
-1.1846e-11
-1.68627e-11
2.83879e-10
-2.64487e-09
-2.96388e-09
-1.2731e-08
1.41177e-07
-4.24181e-07
6.50744e-07
-8.58991e-07
2.33983e-06
9.21294e-06
-1.14932e-07
-4.598e-13
9.20982e-13
-8.0257e-23
2.50366e-11
4.99439e-05
-3.43791e-11
6.89927e-06
-4.85409e-07
7.5138e-07
1.69061e-07
-2.1999e-07
3.45476e-08
-8.79744e-09
7.02554e-09
2.14232e-10
-1.19519e-10
4.13675e-11
-2.88299e-12
3.69382e-23
-4.01866e-22
-1.80675e-20
-1.9155e-19
7.9541e-19
4.98264e-17
4.38454e-16
7.50413e-17
-4.72188e-14
1.10307e-05
2.50222e-06
-9.14363e-07
7.39807e-07
-5.07409e-07
1.67662e-07
-1.66391e-08
-2.00531e-09
-3.14576e-09
2.65317e-10
-1.0217e-11
-1.35193e-11
4.3019e-12
7.59772e-13
2.71087e-14
-2.50582e-19
3.71597e-23
-3.40813e-21
-7.14664e-20
-2.77701e-19
9.11706e-18
1.75188e-16
8.34794e-16
-7.99763e-15
-1.71091e-13
-6.77515e-13
8.52465e-12
3.29941e-11
-2.65408e-10
4.88293e-10
8.29196e-09
-6.14186e-08
7.24654e-08
1.52472e-16
-4.65846e-10
4.38097e-09
-5.27182e-09
8.4798e-07
-1.10452e-20
-2.37428e-12
-2.03636e-18
-1.61863e-13
-1.15708e-15
8.0518e-05
7.31799e-16
0.994132
1.00615
1.00363
1.00319
1.00652
1.00017
1.00137
0.999567
0.999319
0.99981
0.999466
0.999986
0.999885
1.00002
1.00003
1.00001
1.00003
1
1
0.999999
0.999998
0.999999
0.999998
1
1
1
1
1
1
1
1
1
1
1
1
1
1
1
1
1
1
1
1
1
1
1
1
1
1
1
1
1
1
1
1
1
1
1
1
1
1
1
1
1
1
1
1
1
1
1
1
1
1
1
1
1
1
1
1
1
1
1
1
1
1
1
1
1
1
1
3.02928e-17
-3.73475e-12
-3.11474e-12
6.64373e-05
-3.71269e-21
9.0122e-16
6.78861e-13
8.39235e-07
5.41941e-07
1.64961e-06
-5.1584e-08
-1.64344e-08
3.89932e-09
1.18034e-05
-3.02614e-10
3.18551e-05
-1.04816e-10
-4.96042e-11
-2.21574e-22
1.04644e-11
3.68375e-12
1.10418e-11
2.71679e-12
1.80741e-05
-8.64607e-14
-1.52011e-14
-6.83186e-16
6.22995e-17
9.29507e-18
4.20928e-19
-1.82832e-20
-2.8347e-21
-3.64461e-06
-7.59378e-07
9.06676e-10
-1.21179e-10
1.13062e-20
-6.95275e-21
-1.91924e-15
-1.92505e-15
6.44049e-16
-6.84364e-19
-1.57573e-13
-1.63319e-16
-1.9995e-16
8.52315e-16
1.29951e-19
-6.8424e-19
0.000171363
0.00019327
2.71071e-14
-2.12392e-13
2.40984e-19
4.0282e-17
8.49819e-13
1.04573e-12
-3.56695e-12
-7.86617e-12
6.02084e-11
-1.00809e-10
-1.98627e-10
1.10428e-08
-1.38299e-08
8.20489e-08
-4.74884e-07
5.59728e-07
7.03181e-07
2.38931e-07
5.56103e-06
1.34461e-05
2.4141e-07
2.46509e-08
1
1
1
1
1
1
1
1
0.999999
0.999998
1.00001
1
0.999999
1.00001
0.999969
0.999971
1.00001
0.999981
1.00009
1.00006
1.00013
1.00017
0.999715
0.999897
0.999308
0.999341
0.999936
0.999472
1.00168
1.0008
1.00386
1.00318
1.00438
1.00545
0.997948
1.00299
0.977134
0.989588
0.936486
0.95721
0.874285
0.902974
0.789713
0.827484
0.690624
0.730927
0.584802
0.627959
0.479845
0.520587
0.381659
0.418782
0.291528
0.325043
0.216708
0.242694
0.15736
0.178181
0.110622
0.126677
0.0756779
0.0872751
0.0504968
0.0587493
0.0327262
0.0385899
0.0206633
0.0244479
0.0129784
0.0154129
0.00800382
0.00961347
0.00478929
0.00577969
0.00281244
0.00343033
0.00161156
0.00197746
0.000917162
0.00112637
0.000509784
0.000631044
0.00028775
0.000351278
0.000166122
0.000202149
-3.06422e-10
-6.51911e-10
-3.05917e-10
2.23554e-05
3.51768e-05
1.68938e-19
-7.89563e-23
2.65316e-11
1.55309e-11
-0.00209076
-2.24172e-22
0.92558
7.74448e-07
7.36831e-05
-1.12938e-22
2.00127e-13
-3.20311e-14
2.15455e-05
3.14374e-09
-1.24377e-07
-6.14555e-08
-5.60974e-08
3.40532e-09
2.37705e-11
-1.78338e-13
-4.47875e-14
-3.82391e-15
4.52388e-18
3.0218e-17
2.28487e-18
2.54693e-20
-9.23438e-21
-1.17184e-21
0.00947254
2.75021e-05
-1.0899e-05
-1.13237e-05
7.19096e-12
6.55375e-12
0.959572
-2.80792e-19
-2.75154e-16
-4.1904e-11
-5.01362e-11
-1.06768e-11
-1.16283e-10
-1.33885e-11
4.10723e-10
-3.60008e-09
-7.20548e-09
-1.39097e-08
1.90658e-07
-6.2921e-07
1.1486e-06
-1.67501e-06
6.09547e-06
0.0767339
0.0425133
0.000108142
-2.29322e-20
8.85492e-07
2.95595e-05
-1.96081e-05
-3.66539e-08
9.56691e-07
5.11854e-07
-4.91895e-07
8.60013e-08
-1.61989e-08
1.3159e-20
-8.45917e-21
-1.80222e-06
1.31905e-06
-7.74279e-07
-0.00337853
0.000562472
-0.00375685
2.39188e-07
0.684452
-2.06685e-08
-5.68925e-09
-4.49862e-09
-2.42036e-20
2.12142e-19
7.47524e-18
7.62155e-17
-2.74869e-16
-1.27938e-14
-2.36215e-09
-6.25675e-22
-0.000220652
-0.000990867
0.00020526
-6.79739e-19
0.78693
-4.57069e-22
-1.11258e-13
1.63115e-18
2.84928e-17
-2.19474e-21
1.07164e-16
7.65973e-09
-2.73084e-15
-4.53318e-14
-1.77777e-21
-7.67181e-12
3.7887e-10
3.95449e-14
-7.35375e-19
-2.35186e-15
6.11299e-11
1.18414e-08
4.36909e-11
0.322933
-1.21882e-10
1.0091
1.00853
1.01706
1.00223
1.00742
0.999796
1.00081
0.999654
0.999394
0.999897
0.999686
1.00001
0.999964
1.00002
1.00003
1.00001
1.00002
0.999999
1
0.999999
0.999998
1
0.999999
1
1
1
1
1
1
1
1
1
1
1
1
1
1
1
1
1
1
1
1
1
1
1
1
1
1
1
1
1
1
1
1
1
1
1
1
1
1
1
1
1
1
1
1
1
1
1
1
1
1
1
1
1
1
1
1
1
1
1
1
1
1
1
-2.37756e-06
-3.82416e-22
4.72134e-10
3.12924e-19
7.89461e-11
-6.54298e-19
-6.75688e-08
-7.3733e-15
5.60516e-05
3.21004e-21
-3.12596e-10
-3.36725e-10
-1.52704e-11
8.7822e-13
2.18224e-07
3.74465e-18
3.20113e-05
-1.73252e-22
-3.82275e-15
-1.4839e-14
-1.77315e-14
-6.72961e-09
-1.0968e-16
7.94999e-18
8.92895e-18
1.23581e-18
9.95165e-19
-2.78424e-06
1.05567e-11
-1.50278e-11
3.46965e-09
4.23934e-05
1.08078e-21
-8.25323e-16
0.00016628
-2.02893e-13
3.68863e-17
2.83933e-12
2.65251e-12
0.873027
1.71886e-08
-6.6108e-11
4.24062e-10
0.211792
5.39655e-20
2.66734e-20
-4.75079e-09
1.86293e-08
2.04675e-20
2.31018e-20
6.01257e-21
-2.27133e-08
1.6607e-07
2.84685e-07
-8.4722e-07
1.86061e-06
6.48507e-07
-3.14976e-06
1.23413e-05
7.45682e-07
-1.04282e-18
-1.49266e-18
1
1
1
1
1
1
0.999999
0.999998
1
1
1
1.00001
0.999972
0.999979
0.999995
0.999974
1.00007
1.00003
1.00014
1.00016
0.999781
0.999965
0.999378
0.999453
0.999803
0.999447
1.00118
1.00035
1.00332
1.00249
1.0048
1.00533
1.0004
1.00486
0.983047
0.994129
0.946838
0.966015
0.887994
0.916994
0.806588
0.843756
0.71079
0.751586
0.60603
0.650421
0.500375
0.542012
0.401231
0.440436
0.307806
0.344486
0.228507
0.257067
0.167707
0.19028
0.118111
0.135858
0.0811092
0.0937858
0.0545582
0.0638622
0.0353388
0.0418532
0.0225416
0.0267544
0.0142362
0.0170029
0.0087838
0.0105731
0.00533014
0.00645148
0.00314791
0.00385357
0.00180925
0.00223181
0.00103515
0.00127707
0.000575962
0.000718937
0.00031852
0.000394635
0.000173286
0.000210746
-4.74772e-12
-6.87927e-12
7.97107e-11
2.28292e-05
2.717e-05
3.71153e-05
-7.54601e-09
1.8427e-07
-1.06149e-05
-9.1295e-06
-6.58504e-16
-4.70933e-16
2.17498e-06
1.40045e-05
1.15258e-19
1.6803e-19
-1.05817e-18
5.63506e-09
5.47897e-09
8.03045e-09
1.39248e-07
6.00988e-07
-2.2663e-08
1.61402e-13
6.56376e-13
7.29018e-14
-1.76251e-21
2.20945e-19
0.000386234
0.000200573
9.13929e-07
7.94193e-05
-5.09328e-17
-7.78937e-19
0.000127863
-2.28613e-14
-1.59736e-08
-2.27425e-11
4.47654e-05
3.40332e-18
-9.59668e-11
-2.29265e-21
-4.74294e-08
1.9642e-06
-2.54243e-15
-1.03033e-07
1.11154e-17
1.57515e-06
-2.79036e-12
6.18763e-12
-3.31812e-08
-2.14716e-15
0.000128695
1.43659e-07
-7.08606e-15
2.58201e-09
5.53934e-10
-8.35842e-06
-1.99303e-05
1.8508e-15
-2.75439e-15
0.97501
4.17569e-14
0.658389
-2.61853e-13
3.17954e-18
2.40555e-18
-1.01227e-10
-4.54009e-12
1.12142e-11
-8.79691e-11
0.739487
-7.59607e-11
9.33029e-07
1.00093
-6.45921e-10
-1.53817e-08
0.0211096
-9.40077e-07
1.26597e-06
-3.95624e-10
-3.18471e-10
-6.62445e-10
-2.69701e-15
1.26599e-15
-6.00917e-09
-2.47327e-21
9.50172e-16
-2.6409e-15
-1.34739e-08
-0.00115441
-0.000199003
6.20268e-12
6.97687e-12
-0.00506771
-0.00383963
1.40884e-12
1.10862e-12
-3.96464e-10
0.91765
5.77851e-14
4.91347e-17
2.18348e-06
-1.0989e-06
-2.76245e-08
-1.01292e-06
1.25496e-06
4.765e-17
-8.07994e-06
-1.42923e-09
1.00927
1.00429
1.00996
1.0005
1.00288
0.999622
0.999814
0.999768
0.999512
0.999959
0.999821
1.00002
1
1.00001
1.00003
1
1.00001
0.999999
0.999999
0.999999
0.999998
1
0.999999
1
1
1
1
1
1
1
1
1
1
1
1
1
1
1
1
1
1
1
1
1
1
1
1
1
1
1
1
1
1
1
1
1
1
1
1
1
1
1
1
1
1
1
1
1
1
1
1
1
1
1
1
1
1
1
1
0.705216
0.000114419
-3.67855e-16
-2.61083e-11
-1.27231e-17
2.00006e-14
-2.59599e-15
6.33272e-05
0.000110602
-3.10377e-08
6.61962e-14
-8.26424e-08
-2.54813e-10
5.13819e-19
7.22902e-06
2.02966e-08
1.17805e-08
-1.07459e-07
0.323259
1.09024e-18
1.20395e-18
-1.63048e-10
2.59901e-06
1.38561e-13
9.02967e-14
1.86916e-19
1.72082e-18
-1.79796e-06
-3.01379e-10
-5.0416e-10
-8.52561e-17
-5.57484e-17
-1.92426e-16
9.45224e-18
6.40728e-17
9.08447e-08
-0.0092957
0.00117502
4.67734e-20
1.57126e-19
4.59866e-19
1.2635e-19
2.64399e-08
-2.77594e-08
1.71999e-07
-1.92677e-06
0.0676589
-6.01793e-09
2.93332e-08
-2.21794e-16
-0.00541554
0.000585028
9.99344e-16
0.0712045
0.0315684
0.109768
-1.017e-06
2.66804e-06
0.882953
0.720368
3.17431e-07
2.87158e-07
-1.58758e-15
-4.11881e-15
1
1
1
0.999999
0.999999
1
1
1.00001
1.00001
0.999978
0.999988
0.999986
0.999971
1.00004
1
1.00013
1.00014
0.999864
1.00004
0.999489
0.999592
0.999702
0.999437
1.00064
0.99993
1.00269
1.00171
1.00509
1.00498
1.00287
1.00625
0.989054
0.998566
0.957248
0.975532
0.903243
0.931028
0.827363
0.864242
0.733973
0.776604
0.630649
0.676471
0.524957
0.569152
0.423086
0.46512
0.3292
0.367718
0.246633
0.278305
0.180586
0.205239
0.128245
0.147666
0.0886332
0.102705
0.0598427
0.0700601
0.0392839
0.0465682
0.0251087
0.0300167
0.0158567
0.0190541
0.00991162
0.0119465
0.00604905
0.00735996
0.00357758
0.0043978
0.00210012
0.00259773
0.00119889
0.00149943
0.000670279
0.000848318
0.000373229
0.000478131
0.0001857
5.27675e-05
0.000174639
1.2424e-05
-1.54562e-05
-1.96805e-05
-1.44926e-18
8.90832e-18
-1.16949e-15
-1.0456e-15
-4.45243e-06
6.84913e-06
4.10347e-10
-1.05589e-09
2.53749e-12
3.5624e-07
1.25571e-11
7.22999e-15
9.89818e-10
5.66494e-20
-5.19355e-06
4.51415e-05
-5.3133e-18
-0.0110106
-0.00772794
1.00791e-15
0.000250658
5.77611e-05
7.56488e-05
-4.40189e-08
-3.43737e-08
0.18927
-2.86144e-16
-2.77364e-10
-1.0536e-10
9.94807e-09
4.9616e-07
2.71808e-07
1.56776e-11
-2.58436e-11
3.41707e-06
2.84652e-06
5.89642e-12
2.18926e-11
2.72738e-15
1.66132e-05
-1.37124e-05
-1.40576e-06
3.36311e-16
-3.12952e-15
8.84568e-14
-5.85936e-07
7.46231e-12
1.14764e-11
-2.81868e-15
-2.57755e-13
-5.14833e-12
4.35691e-10
-2.13931e-10
1.00726
0.992244
3.56679e-20
-1.93995e-16
-7.86376e-09
1.52926e-20
3.09883e-20
1.31119e-19
0.239597
4.92485e-07
-5.02673e-06
-2.24821e-16
-3.47548e-08
-9.26762e-08
-1.57363e-08
1
1
9.41928e-11
9.72486e-11
-1.33637e-10
-3.58804e-13
1.07299e-06
1.1501e-06
1.21506e-06
-0.000322731
-3.72559e-15
-3.58727e-15
1.11153e-15
5.63666e-13
4.50032e-13
2.62055e-05
-0.00301172
-0.0076238
-0.00187657
-1.38962e-12
2.76234e-12
1.12915e-15
-1.62872e-18
-1.69993e-18
-3.07971e-18
1.03562e-08
6.78002e-09
3.61827e-10
2.88019e-05
1.81632e-12
1.48834e-12
0.926392
5.3043e-05
9.51716e-16
-7.90719e-07
1.00652
1.0016
1.0051
0.999788
1.00058
0.99964
0.999494
0.999871
0.999658
1
0.999934
1.00002
1.00003
1.00001
1.00002
1
1
0.999999
0.999998
1
0.999999
1
1
1
1
1
1
1
1
1
1
1
1
1
1
1
1
1
1
1
1
1
1
1
1
1
1
1
1
1
1
1
1
1
1
1
1
1
1
1
1
1
1
1
1
1
1
1
1
1
1
1
1
1
1
1
0.461913
1
-6.69298e-06
-4.46177e-08
-5.75585e-06
7.09959e-05
-5.11394e-17
3.98086e-06
2.50021e-15
1.58288e-12
6.84309e-17
-5.53947e-08
-5.98901e-08
0.441637
-4.10567e-16
-1.90851e-16
-1.90638e-16
9.51487e-16
5.17989e-10
-1.20319e-06
-7.06404e-06
2.87865e-13
2.89466e-07
-3.79668e-13
5.08212e-05
-2.59499e-11
-8.82489e-11
-1.51452e-11
-1.89053e-18
0.00019325
0.000256975
0.480209
-1.22691e-17
-8.07953e-18
0.980044
-1.60798e-16
-1.38984e-16
9.14427e-11
0.145562
-6.20578e-12
-7.12455e-12
1.62384e-11
3.43882e-12
1.52942e-12
0.380168
0.000109397
-3.88243e-12
1.44278e-10
2.6026e-12
1
1.0092
1.01154
1.00152
-6.30969e-09
4.00198e-08
-5.16675e-08
-3.09333e-06
-1.33466e-06
0.811422
0.898621
0.516607
4.96934e-06
4.85322e-06
3.13428e-09
8.03939e-09
2.20606e-09
-7.09903e-08
-3.42421e-06
1.9892e-14
1.25627e-14
0.999999
1
0.999998
1.00001
1.00001
0.999986
0.999996
0.999981
0.999975
1.00001
0.999981
1.00013
1.00012
0.999972
1.00011
0.999631
0.999745
0.999623
0.999465
1.00012
0.999596
1.00198
1.00095
1.00493
1.00429
1.00466
1.00671
0.994336
1.0025
0.967644
0.983962
0.919981
0.945311
0.849998
0.885266
0.761325
0.802485
0.661101
0.706437
0.553368
0.600234
0.450552
0.49275
0.356215
0.395464
0.267644
0.302774
0.196697
0.223086
0.141268
0.162617
0.0976352
0.113841
0.0664929
0.0778364
0.0443442
0.0526113
0.0285055
0.0340686
0.0182439
0.0218391
0.0114081
0.0137887
0.00695852
0.00843162
0.00420646
0.00516837
0.00246525
0.00305909
0.00145017
0.00180277
0.000838842
0.00106215
0.000477808
0.000618598
0.000156524
0.000165029
0.000246774
2.18445e-17
8.66379e-17
-3.69608e-16
-7.74534e-16
1.83384e-05
5.68973e-05
-2.31243e-09
-8.45609e-09
5.46051e-07
3.05599e-08
-1.97711e-08
-4.11722e-17
-2.19972e-05
-1.42737e-05
-1.22762e-12
4.62007e-13
-9.16971e-07
7.91203e-08
9.17941e-08
1.16832e-10
-1.26657e-10
1.8622e-05
-2.26171e-11
-1.66573e-11
5.52317e-16
6.66157e-13
7.20987e-13
-4.27733e-16
0.227186
-8.48179e-19
2.22549e-20
-1.98465e-09
8.02185e-05
3.26469e-05
1.05185e-06
9.25429e-07
-4.05995e-11
-0.00126084
8.29573e-05
9.41766e-14
-4.45689e-13
9.58965e-05
0.000127785
8.72314e-14
4.48435e-08
5.27233e-06
2.84155e-09
2.2148e-09
-2.56035e-18
-1.00589e-19
-2.74849e-18
-7.56853e-08
-6.97918e-08
0.999999
2.89019e-15
1.27484e-13
0.0898452
0.017623
-1.95168e-10
1.19972e-10
0.000331722
0.000143361
0.000315523
9.1173e-05
2.24487e-15
7.93836e-16
-4.56489e-15
-4.02765e-15
-9.09416e-16
-0.00493102
-0.00382035
2.04806e-12
1.64322e-12
5.09596e-08
-6.4353e-08
-2.45295e-18
-5.14392e-18
2.34671e-17
-1.27062e-05
-4.02159e-06
6.21146e-07
2.53969e-13
3.36307e-11
3.88975e-11
6.61884e-14
-5.18584e-17
1.37759e-13
1.00315
1.00032
1.00206
0.999612
0.999788
0.999759
0.999525
0.999949
0.99981
1.00002
0.999991
1.00002
1.00003
1
1.00001
0.999999
1
0.999999
0.999998
1
0.999999
1
1
1
1
1
1
1
1
1
1
1
1
1
1
1
1
1
1
1
1
1
1
1
1
1
1
1
1
1
1
1
1
1
1
1
1
1
1
1
1
1
1
1
1
1
1
1
1
9.87735e-17
-5.31788e-06
3.4073e-16
1.21702e-14
2.09256e-05
0.000237686
-6.69013e-10
-5.71111e-06
2.37597e-07
-0.000373848
0.000169759
0.000149153
0.000349149
0.000189403
0.000221833
0.000269264
-4.10542e-17
-7.69151e-17
4.77433e-06
6.18821e-08
9.09778e-06
6.26132e-06
3.57569e-07
9.7553e-06
4.40494e-20
0.999999
4.10785e-14
3.47119e-14
1.00001
1.00001
0.999994
1
0.999981
0.99998
0.99999
0.999968
1.00012
1.00009
1.00005
1.00015
0.999743
0.999868
0.999575
0.999555
0.999714
0.999371
1.00125
1.0003
1.00445
1.00333
1.00584
1.00679
0.999288
1.00506
0.977702
0.991598
0.935573
0.958487
0.873566
0.905107
0.789553
0.830512
0.691382
0.735845
0.587092
0.634157
0.479634
0.524654
0.383427
0.422844
0.292702
0.330098
0.21489
0.244669
0.156023
0.178361
0.109795
0.127498
0.0747568
0.0874566
0.0506954
0.0595148
0.0328499
0.0393085
0.0209064
0.0251202
0.013194
0.0159381
0.00802535
0.00979695
0.00491371
0.00597492
0.00295544
0.00362228
0.00175058
0.00215176
0.00107031
0.00131976
0.00065483
0.000478277
0.000851835
9.65266e-11
-1.38867e-10
8.52732e-07
-8.22457e-07
1.8667e-06
2.7572e-15
1.79007e-15
9.67166e-05
0.000171178
-4.89554e-09
6.94695e-08
-0.00742324
-0.00937785
-8.11363e-07
-5.93974e-06
-4.18714e-06
-8.26156e-06
-4.17183e-09
4.79656e-09
-4.50544e-08
2.30116e-07
7.98825e-20
9.26525e-20
-1.03295e-20
0.800147
1.15474e-12
1.00668
-1.97938e-16
-1.9548e-16
1
1.00742
1.0082
-2.77396e-10
-1.57637e-10
-4.04392e-06
9.84098e-11
0.999998
-4.17176e-11
1.15049e-16
-6.51005e-08
-4.082e-13
-2.04707e-14
-5.10246e-07
0.999999
1.01123
-4.06327e-11
-1.52529e-11
-0.00306921
8.38598e-11
-3.94964e-11
0.000170288
0.000111009
1.29013e-06
1.97998e-12
1.57262e-14
-9.15167e-08
-9.70312e-08
-2.27058e-17
-0.00162017
-4.50311e-13
2.54628e-12
-2.96265e-09
-3.37297e-09
1.07782e-13
-5.21393e-17
-4.24892e-19
4.21662e-05
-4.11938e-18
5.20142e-09
-1.47505e-07
0.967021
0.990011
0.880757
-8.44666e-08
-1.3238e-07
2.02951e-13
0.406815
0.52581
0.186207
6.73368e-09
7.49236e-09
2.09244e-11
1.0606e-13
1.47473e-13
1.91897e-13
-5.33917e-13
2.42865e-10
-7.75708e-10
9.50568e-15
-1.33411e-05
-1.85679e-05
-5.22015e-15
0.000257611
0.000234621
-8.82089e-09
-7.35295e-11
-6.68392e-11
4.31213e-05
-9.46296e-12
-8.43881e-12
-0.00714443
-0.00703083
8.32095e-07
4.91069e-17
1.29345e-16
5.62477e-09
2.27635e-09
-3.16913e-18
-7.84745e-18
5.42486e-17
-7.25652e-08
-5.71323e-11
7.45671e-11
1.77973e-06
8.1919e-07
9.62425e-07
-1.96765e-17
0.000107069
-6.16723e-07
3.22144e-06
-3.77788e-12
-1.26043e-11
-2.47684e-12
1.00543
7.96073e-11
7.97026e-11
1.00132
1.00409
0.999727
1.00042
0.999636
0.999492
0.99987
0.999671
0.999999
0.99993
1.00002
1.00002
1.00001
1.00002
1
1
0.999998
0.999998
0.999998
0.999997
0.999999
0.999998
0.999999
0.999999
0.999999
0.999999
0.999999
0.999999
0.999999
0.999999
0.999999
0.999999
0.999999
0.999999
0.999999
0.999999
0.999999
0.999999
0.999999
0.999999
0.999999
0.999999
0.999999
0.999999
0.999999
0.999999
0.999999
0.999999
0.999999
0.999999
0.999999
0.999999
0.999999
0.999999
0.999999
0.999999
0.999999
0.999999
0.999999
0.999999
0.999999
0.999999
0.999999
0.999998
0.999998
0.999999
0.999998
2.56666e-14
-2.32796e-06
1.00185
1.42014e-15
4.45714e-06
0.000429513
-4.21459e-15
-1.19169e-11
-1.12127e-11
6.35551e-16
-3.55536e-18
-1.83423e-14
2.33928e-14
-1.57541e-10
1.88783e-10
-3.87713e-09
-7.14995e-18
-1.58043e-07
1.07125e-06
-2.29549e-06
0.000177338
6.02079e-16
4.79136e-17
2.51107e-17
-4.94319e-18
1.28263e-07
6.36733e-07
-4.3808e-08
5.32182e-15
4.27713e-15
2.10963e-11
1.53505e-05
6.47395e-06
8.90066e-05
0.0002015
1
1
-7.27361e-15
-6.66395e-16
1
1.00001
0.999984
0.999987
0.99998
0.999968
1.0001
1.00005
1.00009
1.00014
0.999842
0.99995
0.999613
0.999667
0.999503
0.999309
1.00067
0.999851
1.00367
1.00246
1.00594
1.00608
1.00223
1.00609
0.985623
0.996482
0.949605
0.969621
0.89364
0.921958
0.816697
0.853474
0.722156
0.763522
0.619034
0.663036
0.512264
0.557265
0.41027
0.450817
0.317705
0.354058
0.237758
0.268403
0.171783
0.196095
0.122366
0.140462
0.0847087
0.0985866
0.0569314
0.0666383
0.0376878
0.0445181
0.0243179
0.028953
0.0152663
0.0182573
0.00945639
0.0114472
0.0057465
0.00699534
0.00345972
0.00422837
0.00207286
0.00251892
0.00127238
0.00149899
-4.18046e-13
-2.33837e-13
8.84896e-08
-1.52894e-07
-0.00509819
-0.00953306
-8.23505e-06
2.13043e-06
7.68662e-08
9.55361e-05
1.20881e-08
5.06605e-07
1.31688e-06
1.00993
1.0101
-5.41842e-15
-6.00251e-11
3.94131e-11
-3.66406e-09
-2.70853e-16
2.86139e-09
-9.2816e-06
1.42668e-10
4.38795e-11
1.01004
0.0009399
-1.80091e-10
-2.14042e-12
-1.57483e-12
-0.0020211
2.63829e-11
2.70291e-11
-5.39888e-11
-8.48568e-11
9.45252e-07
-5.88015e-08
-7.00546e-11
1.5009e-14
-0.000344264
-2.06448e-09
-3.64145e-09
-1.29972e-11
-8.5474e-19
1.51135e-07
3.07362e-14
3.18877e-16
0.97733
0.948336
-8.39275e-06
0.415644
0.000391616
0.000544716
1.57057e-14
-5.66266e-08
-1.28028e-08
0.00030234
0.000259778
-7.18497e-17
-8.74816e-17
-4.09697e-15
0.0315322
-1.72007e-06
5.44645e-07
2.33333e-12
-1.4812e-11
2.13113e-13
-1.72954e-09
1.0413e-15
9.38763e-09
0.00943256
0.775529
0.856433
0.520652
1.3867e-14
0.120649
4.68049e-09
4.88226e-14
2.64432e-13
0.000326298
0.000387937
0.000465269
0.000297428
0.000351141
-2.46857e-05
-1.10459e-05
5.10666e-11
9.65423e-05
1.48676e-16
-2.21216e-16
-1.44462e-06
-0.00522354
1.67671e-05
-0.0084062
-0.00933476
-1.15975e-07
-9.86813e-08
-8.91142e-06
1.95487e-09
5.62921e-10
0.000307674
0.000276252
-1.46803e-08
-6.85105e-06
-3.54762e-06
2.14952e-16
9.81459e-08
-6.40948e-09
-1.12761e-08
-2.76665e-09
4.48387e-13
-2.27456e-11
1.77455e-10
2.05264e-12
1.00836
-7.71758e-06
-1.2277e-05
1.00287
1.00695
1.00006
1.00149
0.99954
0.999561
0.999766
0.999516
0.999963
0.999844
1.00002
1
1.00002
1.00003
1
1.00001
0.999999
1
0.999999
0.999999
1
1
1
1
1
1
1
1
1
1
1
1
1
1
1
1
1
1
1
1
1
1
1
1
1
1
1
1
1
1
1
1
1
1
1
1
1
1
1
1
1
1
1
1
1
-2.456e-09
-1.31397e-05
0.203942
0.000173221
3.32055e-11
3.49102e-11
1.18981e-16
1.03363e-16
-2.68891e-13
1.64252e-06
1.23125e-06
4.01272e-09
3.78497e-15
1.08308e-10
-2.41472e-09
1.00218e-06
1.58588e-15
4.83646e-15
0.000777936
-8.46092e-15
-2.02248e-14
5.74622e-14
-7.06279e-13
-5.80543e-13
2.81501e-16
2.32845e-16
2.78384e-10
5.58651e-09
3.4111e-09
1.08035e-06
-1.4994e-05
0.0003283
4.1218e-05
-6.5961e-06
8.7505e-08
1.07886e-06
-5.42911e-06
-1.41293e-05
7.39595e-16
6.17222e-16
1.00001
1.00001
0.999986
0.999992
0.999975
0.999971
1.00007
1.00002
1.00009
1.00012
0.999908
1.00001
0.999675
0.999788
0.999344
0.999301
1.00014
0.999489
1.00295
1.00165
1.00588
1.00537
1.00428
1.00678
0.99164
1.00039
0.961945
0.978636
0.912132
0.936655
0.839268
0.873671
0.747537
0.78769
0.647353
0.690553
0.54055
0.585108
0.436631
0.476975
0.340959
0.378511
0.256809
0.28844
0.188298
0.213706
0.134626
0.154252
0.0936185
0.108415
0.0636613
0.0740798
0.042372
0.0498223
0.027299
0.0323525
0.0172668
0.0206282
0.010757
0.012957
0.00660785
0.00796344
0.00405996
0.00494669
0.00238469
0.0029498
0.00136301
0.00168011
-1.12359e-12
-9.04069e-13
6.35671e-12
3.27309e-10
-7.45712e-11
-0.00384508
-0.00122044
2.42777e-05
3.9406e-06
-2.57584e-07
1.16843e-08
0.00343605
-0.00547394
9.87541e-06
2.68508e-05
0.000188293
0.000370732
1.25137e-06
-5.32134e-06
0.988895
-5.33386e-08
-1.23076e-07
-4.48502e-08
2.61429e-07
-1.86521e-05
-2.79092e-05
-1.88531e-05
8.14985e-06
3.14781e-10
-9.29541e-12
-1.32968e-05
-6.8289e-11
-6.20725e-11
1.24738e-10
-3.15706e-12
-2.85691e-12
4.28826e-10
2.25896e-05
2.34308e-05
2.65645e-07
0.141512
-0.0086544
-3.60233e-09
-2.09794e-09
1.01093
1.94548e-16
0.000926778
-1.80582e-13
-4.10557e-14
1.32807e-07
1.17864e-07
-5.92508e-11
1.71516e-06
0.0278305
4.907e-07
-1.92985e-14
6.41749e-10
3.54158e-10
3.89393e-11
2.56789e-12
0.000255683
-0.000274457
0.000526483
-5.97641e-15
-1.78756e-11
3.51002e-11
9.39074e-10
8.66456e-10
-9.25945e-09
-4.08865e-08
-3.35568e-08
1.88728e-15
-3.45429e-11
-1.87263e-11
-7.62956e-12
-1.90936e-11
-6.4415e-12
0.000201995
0.0440114
0.398475
0.201112
0.00052675
0.000457614
1.01332
0.000210555
-4.09906e-16
2.89217e-13
3.85931e-15
1.66791e-15
-0.00831096
-0.0137785
9.5515e-07
8.53357e-07
-9.81992e-16
-9.46998e-16
-4.85773e-15
0.943215
0.905741
-4.21023e-14
-2.28214e-14
0.000357625
0.000429886
-2.60034e-07
-1.0789e-05
-2.87677e-06
1.00546
-9.90962e-13
-9.4781e-13
0.000653164
0.000565591
-3.9986e-07
2.44832e-10
6.50101e-11
1.00554
1.00098
1.00383
0.999561
1.00005
0.999628
0.999378
0.999893
0.999697
1.00002
0.999963
1.00003
1.00004
1.00001
1.00003
1
1.00001
1
1
1
1
1
1.00001
1
1.00001
1
1.00001
1
1.00001
1
1.00001
1
1.00001
1
1.00001
1
1.00001
1
1.00001
1
1.00001
1
1.00001
1
1.00001
1
1.00001
1
1.00001
1
1.00001
1
1.00001
1
1.00001
1
1.00001
1
1.00001
1.00001
1.00001
1.00001
-4.59021e-09
-3.78141e-09
-0.00802318
-0.0032083
9.22012e-08
-5.61043e-08
0.00078345
2.15466e-05
1.30166e-06
2.16657e-16
2.9535e-16
-3.00346e-16
0.960607
-4.31442e-13
-7.1634e-10
-1.01171e-09
-4.99624e-09
1.505e-07
-4.0045e-07
-2.30184e-14
0.108714
-6.64775e-11
-7.33554e-11
-1.1842e-13
-8.46195e-14
1.54755e-12
-2.00322e-11
1.30764e-13
3.88215e-13
3.76546e-09
1.55522e-09
-4.08721e-09
9.15873e-10
0.00037668
-1.31859e-05
0.722887
0.786149
0.474099
0.000161408
3.7015e-05
0.000690066
1.71464e-06
1.33262e-09
-1.62705e-05
1.94917e-05
4.42084e-16
3.35486e-16
0.999989
0.999996
0.999978
0.999978
1.00003
0.999995
1.00008
1.00009
0.999963
1.00005
0.999776
0.999889
0.999329
0.999369
0.999809
0.999256
1.00226
1.00104
1.00532
1.00452
1.00514
1.0068
0.995798
1.0026
0.971021
0.98487
0.92572
0.948409
0.85733
0.889097
0.770825
0.808706
0.673498
0.714818
0.566631
0.610106
0.460711
0.501534
0.36231
0.400173
0.275902
0.307562
0.204598
0.230788
0.146858
0.167474
0.102952
0.11812
0.0705766
0.0817073
0.0466843
0.0546526
0.030379
0.0357378
0.0194499
0.0230919
0.0121642
0.014548
0.00750564
0.00897713
0.00466921
0.00557264
0.0028491
0.00346039
-1.11256e-12
-1.04554e-12
8.49888e-05
8.36407e-05
0.000410679
-6.71704e-06
-1.77327e-05
3.07147e-07
1.89865e-06
0.0222843
0.00242447
3.47095e-05
-3.57571e-06
4.14196e-16
3.58608e-16
1.00759
0.98744
0.000584854
0.000912931
-1.03406e-05
-1.92699e-05
0.00081844
1.07834e-06
-2.69143e-07
1.77476e-06
4.83886e-10
1.66455e-11
-1.75925e-05
6.24337e-07
-2.50093e-05
3.89577e-05
-3.50964e-13
0.000315799
-1.36537e-12
0.00108721
0.000933655
2.04631e-10
7.90698e-12
-0.00973819
-1.3532e-12
-1.92888e-12
2.14837e-12
-1.95607e-05
0.138454
0.335944
0.0776274
-4.48226e-14
-6.38372e-08
3.70421e-13
-1.36058e-12
-0.000273576
0.000249446
4.08946e-11
1.46731e-13
-2.4777e-15
1.01194
7.73806e-10
9.3837e-10
0.872111
0.820733
0.000670926
1.96898e-07
-5.97977e-12
-6.68803e-12
1.01534
-2.14156e-15
1.8049e-09
2.55609e-09
2.03668e-09
0.00114676
-0.00828838
1.0037e-06
0.00164761
-8.72269e-08
-1.28314e-07
-9.89698e-08
1.33841e-06
-9.24967e-15
-9.84004e-15
-7.29842e-14
-5.78385e-06
-2.52084e-05
0.000263244
0.000467038
-1.04482e-05
1.46444e-08
1.79062e-07
1.58424e-06
7.29539e-07
1.3955e-09
9.25473e-10
-1.41467e-14
1.59426e-06
-6.86843e-08
-2.88401e-08
-4.42856e-11
-6.62255e-11
1.01175
-1.03696e-15
1.46218e-13
-7.03337e-12
8.71541e-11
3.39159e-11
-4.38757e-15
0.0001024
4.60712e-05
1.00272
0.999808
1.00106
0.999437
0.999271
0.99975
0.99943
0.999978
0.999849
1.00003
1.00002
1.00002
1.00004
1.00001
1.00001
1
0.999997
1
0.999994
1
0.999996
1
0.999997
1
0.999998
1
0.999998
1
0.999998
1
0.999998
1
0.999998
1
0.999998
1
0.999998
1
0.999998
1
0.999999
1
0.999999
1
0.999999
1
0.999999
1
0.999999
1
0.999999
1
0.999999
1
0.999999
1
0.999992
0.999998
1.12539e-12
6.20984e-13
-0.00202081
4.55193e-05
0.000272726
-0.0100081
-0.00525969
-6.78533e-16
-1.93095e-05
-7.6443e-06
-1.85986e-05
-3.65464e-14
-2.41959e-14
3.40578e-06
-5.75674e-07
-1.95664e-05
1.67789e-10
-4.64449e-16
-5.55316e-07
-1.31593e-13
-1.07911e-13
-2.30172e-11
-2.45414e-11
3.64434e-11
2.90135e-13
3.32327e-13
4.95202e-13
0.00105065
0.00114232
-3.22996e-13
-3.23334e-13
0.00216382
0.992799
2.40496e-10
4.16351e-05
5.1798e-05
-1.16697e-09
5.54429e-09
0.999982
0.999983
1.01298
1.0074
1.00001
0.999977
1.00008
1.00008
1.00002
1.00008
0.999861
0.99997
0.999329
0.999439
0.999523
0.999113
1.00162
1.00051
1.00471
1.00372
1.00568
1.0066
0.998936
1.00422
0.977992
0.990073
0.93688
0.957745
0.873449
0.903125
0.791672
0.82813
0.69561
0.736382
0.589614
0.633767
0.48192
0.523515
0.382573
0.420434
0.29352
0.326752
0.218703
0.245991
0.158771
0.180329
0.111604
0.128148
0.076174
0.088191
0.0508554
0.0593045
0.0333713
0.0392213
0.0214422
0.0254077
0.0135923
0.0161794
0.00832639
0.00996184
0.00507978
0.00601939
-6.73592e-14
-4.37654e-13
2.69539e-06
1.3483e-07
0.0718793
0.0410178
-2.10533e-05
-4.02301e-08
-1.90335e-05
3.98685e-05
-2.58713e-15
1.00914
1.01584
4.53127e-10
1.79906e-10
-4.85908e-15
2.3012e-10
-1.24757e-15
-2.38822e-08
-4.06814e-06
1.54051e-06
-0.0105193
1.00733
3.66682e-12
1.64717e-12
1.02769e-06
-1.6751e-12
-1.85493e-05
0.000415438
-3.27666e-09
-2.82888e-09
0.00157835
-2.43012e-08
-7.44492e-09
0.708988
-2.09223e-05
-2.40654e-05
0.000236502
0.000224307
1.843e-10
6.34389e-07
7.73495e-07
-1.02947e-07
5.05437e-11
-0.00116899
-0.000344166
0.00126713
3.06302e-05
-7.84075e-06
0.0105291
-0.00477797
-5.67869e-08
4.89265e-12
7.42229e-13
-2.79715e-10
-4.27172e-09
6.84142e-10
0.595367
0.642154
0.359034
-5.62819e-10
-3.47687e-08
0.00177182
0.00225521
3.10244e-06
6.01635e-13
0.00307642
1.47256e-07
2.97026e-08
0.000725519
0.00080637
0.00121689
-2.2049e-12
-1.54292e-12
-5.54664e-14
6.98718e-13
-1.71479e-14
-7.71939e-14
-7.73402e-09
-8.35387e-09
-1.91179e-09
-1.43625e-15
0.911601
0.00137094
2.24614e-09
1.6171e-09
-3.22615e-05
0.000436402
1.88239e-07
-5.67667e-07
5.98078e-07
-2.23644e-14
0.766559
-3.21024e-06
-6.5318e-07
0.946465
1.91726e-11
-1.69779e-11
1.01585e-07
2.41801e-08
-3.66232e-11
2.56149e-10
0.00357906
0.00186771
0.00161004
-3.2492e-11
-2.82532e-11
1.01313
2.00208e-06
1.21076e-06
-4.31184e-05
1.00085
0.99944
0.999886
0.999547
0.999206
0.999861
0.9996
1
0.999924
1.00002
1.00002
0.999997
1.00001
0.999985
0.999984
0.999982
0.999974
0.999983
0.999973
0.999984
0.999973
0.999984
0.999974
0.999984
0.999975
0.999985
0.999975
0.999985
0.999976
0.999985
0.999976
0.999985
0.999975
0.999985
0.999975
0.999985
0.999976
0.999985
0.999975
0.999984
0.999975
0.999984
0.999974
0.999984
0.999974
0.999984
0.999974
0.999986
0.999974
0.999983
0.999976
0.999987
0.121691
0.999978
-2.99066e-14
-0.0038714
0.0020645
-3.21681e-05
0.448532
0.206969
2.67922e-10
1.76082e-10
4.33996e-10
0.00237802
0.181363
0.655316
-4.3737e-14
3.84345e-11
3.93682e-06
0.00294881
-2.85269e-05
-1.43054e-05
1.00585
1.00403
1.01323
1.33211e-13
3.14911e-14
0.000209572
0.000444577
0.000144372
1.61557e-06
4.60117e-06
5.27815e-05
-4.08845e-05
-6.1612e-08
-3.82756e-08
4.23273e-11
2.64039e-11
0.00277883
0.00330706
0.00355337
2.88037e-08
2.27554e-07
3.75971e-13
-2.1333e-12
0.842991
0.699429
4.89052e-13
0.958931
0.87753
0.99999
0.0859849
1.00009
1.00008
1.00006
1.0001
0.99993
1.00004
0.999361
0.99954
0.999345
0.999044
1.00108
1.00006
1.00409
1.00296
1.0059
1.00621
1.0013
1.00576
0.983726
0.994778
0.947405
0.966946
0.889072
0.917535
0.810607
0.846604
0.718405
0.759236
0.613492
0.658292
0.503698
0.547576
0.402561
0.441896
0.311637
0.347045
0.233645
0.262806
0.171115
0.194433
0.12046
0.138629
0.0824789
0.0956096
0.0553537
0.0647371
0.0365024
0.0429183
0.0237854
0.0281628
0.0151473
0.0181282
0.00919927
0.011218
0.00536371
1.9712e-12
1.15188e-12
5.41972e-07
4.37342e-07
-4.59768e-06
-3.39134e-05
7.337e-05
6.303e-05
1.00822
1.01758
0.984549
1.44819e-10
-5.0336e-14
0.323115
0.408394
0.115642
-9.81723e-06
1.02021e-11
7.55504e-12
6.24601e-05
7.08624e-05
0.0565515
-0.0125688
0.408364
-7.88771e-09
-6.94796e-09
7.23572e-14
3.3428e-14
3.03496e-14
-0.00860804
-1.94643e-05
9.03112e-10
-6.57275e-12
1.25861e-06
3.77584e-07
-3.21454e-09
-7.14004e-06
-1.25304e-06
-0.00255668
-0.00129935
0.000391405
5.83124e-11
3.50943e-10
2.0142e-10
-3.02126e-06
-1.13745e-05
0.000105045
0.0355908
0.00841839
2.16366e-11
1.48983e-11
-4.72596e-09
-0.00783291
-2.89967e-09
7.09371e-05
-3.80795e-11
-4.43467e-11
3.76044e-11
1.19609e-10
7.78117e-11
0.00186078
0.00272422
1.23615e-12
1.45558e-12
1.46562e-13
4.83126e-09
1.83858e-08
-0.000919654
-7.72612e-05
-7.22887e-07
1.41061e-06
-9.37667e-09
-8.24426e-09
0.000548479
0.000527916
2.99121e-09
2.06454e-09
-2.75842e-05
3.06487e-07
7.859e-08
4.86997e-05
-7.74019e-06
2.31876e-07
-7.64545e-07
-1.06886e-08
-1.1716e-08
2.97865e-09
0.99986
0.999413
0.999336
0.999713
0.999407
0.999949
0.999807
1.00002
1.00001
1.00001
1.00003
0.999988
1.00001
0.99998
0.999989
0.999977
0.999983
0.999978
0.999981
0.999978
0.999982
0.999978
0.999982
0.999979
0.999982
0.999979
0.999983
0.999979
0.999983
0.999979
0.999983
0.999979
0.999983
0.999979
0.999984
0.999979
0.999984
0.999978
0.999985
0.999978
0.999984
0.99998
0.999985
0.999981
0.999984
0.999982
0.999977
4.69188e-06
-0.0157705
-1.68809e-08
-1.42986e-08
-0.0064004
0.337296
0.513698
0.163072
0.00057338
0.000347091
2.70489e-10
1.36986e-10
1.27885e-09
0.00136775
0.001485
0.00211995
-2.11494e-09
-5.28731e-10
-5.5588e-05
-4.02539e-08
7.99323e-11
1.96192e-10
6.58814e-11
0.000117253
0.00457113
0.000295996
-3.95786e-12
-3.70959e-12
-6.97727e-12
0.700362
2.98334e-13
1.0001
1.00008
1.0001
0.999999
1.00011
0.99946
0.999699
0.999238
0.999069
1.00057
0.999644
1.00336
1.00211
1.00586
1.00563
1.00336
1.00666
0.989714
0.999184
0.957879
0.975854
0.904989
0.932179
0.832088
0.868012
0.742171
0.78355
0.639243
0.683808
0.529713
0.57603
0.424662
0.467072
0.332971
0.369854
0.252324
0.284001
0.185312
0.21066
0.131546
0.151851
0.0900741
0.104917
0.0609137
0.0713866
0.0405942
0.0479416
0.0265022
0.0314351
0.0170266
0.0202395
3.0645e-12
9.25181e-07
9.20354e-07
-4.9397e-05
5.0984e-05
-5.76866e-05
-1.22787e-05
-2.33399e-05
0.000116248
-2.1767e-05
-2.82707e-05
-2.29339e-05
-1.23743e-05
-1.12458e-05
-5.36467e-05
0.504594
-1.63621e-08
-1.48859e-08
-0.0113659
0.00653902
0.0011016
-5.17126e-11
0.0040552
6.24092e-07
4.73231e-08
2.90284e-07
0.00632061
1.0759e-11
9.36797e-12
3.21365e-08
-1.44611e-08
1.15652e-06
0.111869
-1.79852e-05
-0.00504299
-0.00354675
2.17124e-09
2.38314e-10
0.0844742
0.0494758
1.01342
3.29453e-11
2.85763e-11
1.0014
1.00274
9.01955e-07
1.10633e-06
-4.50958e-09
4.69119e-07
0.000249323
0.000470945
-1.54432e-11
-5.99827e-11
7.6374e-11
3.04525e-10
-7.24455e-12
-1.7369e-11
6.48355e-05
1.88386e-12
0.999998
1.00006
0.0106924
0.00390611
0.00506863
1.59667e-06
-2.33567e-05
-3.14171e-05
-1.38069e-12
-7.03851e-12
-1.93033e-08
-2.80293e-08
-1.99848e-08
1.00913
1.01603
0.00824238
0.000110029
0.000544559
0.897908
0.74228
-0.00246277
-0.00113409
0.990402
1.00669
0.934041
2.91735e-06
5.9279e-06
-8.90945e-09
-9.35039e-09
0.000246989
0.000476738
0.000216767
2.30569e-09
1.16679e-09
1.00764
0.00116349
0.0129247
1.00523
-2.46318e-10
2.69179e-11
-0.00833396
4.4154e-11
1.00079
1.00367
0.00264217
0.00240678
0.999461
0.999928
0.999579
0.999302
0.999899
0.999676
1.00005
1.00001
1.00007
1.00011
1.00005
1.00011
1.00004
1.00008
1.00003
1.00007
1.00003
1.00006
1.00003
1.00006
1.00003
1.00006
1.00003
1.00006
1.00003
1.00006
1.00003
1.00006
1.00003
1.00006
1.00003
1.00006
1.00003
1.00006
1.00003
1.00006
1.00003
1.00007
1.00003
1.00007
1.00003
1.00007
1.00002
1.00006
1.00007
6.02621e-07
2.50616e-07
0.999977
0.00866592
0.00703707
0.0117203
0.000676766
1.00953
2.84797e-05
-9.91849e-06
0.290107
-1.60897e-05
-5.82582e-06
-0.0109356
-8.46021e-07
2.7837e-06
-2.90501e-05
0.000704274
2.92619e-10
1.42457e-10
2.91407e-09
-3.96209e-09
-1.44039e-09
2.78647e-12
2.87832e-12
-2.15016e-12
-1.57985e-07
7.67272e-07
3.52926e-05
-3.12934e-05
1.01143
1.01084
1.01433
1.00007
1.00007
0.999646
0.999905
0.999246
0.99922
1.00009
0.999399
1.00248
1.00122
1.00548
1.00477
1.0049
1.00708
0.994951
1.00257
0.968137
0.983789
0.921284
0.94679
0.854811
0.888533
0.769741
0.809361
0.666819
0.713478
0.557359
0.604274
0.453594
0.496966
0.358454
0.397946
0.273428
0.307819
0.202498
0.229873
0.145519
0.167583
0.100225
0.116969
0.0682309
0.0798611
0.046066
0.0544217
0.0299615
0.0356544
0.019008
0.0225773
-0.000643232
0.238522
-0.0121997
1.49554e-08
3.47614e-08
-1.48481e-08
-1.26348e-08
1.19627e-10
0.0136265
0.990519
0.96998
1.00015
0.0248772
-0.00825188
-0.00669372
3.16509e-12
6.41317e-12
0.000142216
-2.9656e-08
-2.73695e-08
5.71502e-07
-3.39013e-06
-7.46416e-05
1.86775e-11
2.32772e-11
4.75398e-06
4.73937e-10
-3.28563e-09
-1.93495e-08
4.40427e-07
7.00368e-11
9.28423e-11
7.16778e-11
0.00218546
5.27838e-10
3.21862e-10
-3.23571e-11
-6.85017e-11
-8.54421e-11
6.43016e-11
-2.50062e-09
0.00235003
0.000164574
0.000478895
-7.78027e-06
-1.30886e-11
-3.6406e-11
0.000180427
5.58145e-05
-5.05094e-09
-1.19494e-08
-2.74554e-05
-2.53231e-05
-8.18121e-05
-0.00481803
-0.00314031
0.131047
0.0890716
4.61608e-10
-2.66842e-09
0.00310833
0.0035751
0.00449487
3.00515e-07
-8.60099e-07
0.00453002
0.00412604
-2.75928e-05
-2.31051e-05
6.15067e-10
0.0119002
1.00878
1.00249
1.00697
0.999777
1.00103
0.99946
0.999295
0.999799
0.999463
1.00006
0.999905
1.00014
1.00013
1.00014
1.00018
1.00013
1.00017
1.00011
1.00015
1.00011
1.00014
1.00011
1.00014
1.00011
1.00013
1.00011
1.00013
1.00011
1.00013
1.00011
1.00013
1.00011
1.00013
1.00011
1.00013
1.00011
1.00014
1.00012
1.00013
1.00012
1.00013
1.00012
1.00013
0.000101497
4.87368e-05
0.00435627
6.5303e-07
-1.27175e-05
7.10025e-06
4.36945e-05
0.000178355
5.1286e-06
6.98427e-06
4.86428e-08
1.98632e-08
-0.0139259
0.00164489
4.51529e-09
-1.08309e-11
0.000152679
0.00176161
-3.55713e-09
-4.86392e-08
-4.57502e-08
0.00823791
1.93108e-07
0.999857
0.999323
0.999401
0.999717
0.999211
1.00154
1.00041
1.00482
1.00373
1.00588
1.00682
0.999397
1.00511
0.977519
0.991576
0.937792
0.959538
0.878443
0.909515
0.79572
0.835961
0.696971
0.74132
0.590413
0.637338
0.484367
0.530404
0.38724
0.428025
0.298922
0.335666
0.222434
0.252157
0.161271
0.184682
0.113032
0.131962
0.0770411
0.0904044
0.0528062
0.0620908
0.0342717
0.0411596
0.0209247
0.0253095
-3.31061e-06
-2.01694e-06
0.346474
0.622717
0.833725
0.881184
0.684941
-1.07863e-09
-1.79374e-09
-2.98688e-10
-6.66097e-10
-1.13199e-08
5.72457e-09
0.267513
7.56039e-09
-1.07714e-08
0.000349955
7.56725e-08
3.8756e-07
1.01222e-08
0.0145536
0.000294189
-7.24493e-07
5.04444e-06
0.000216704
1.00012
-0.0103132
-0.0114689
-0.0106619
-9.79915e-09
9.75255e-10
-1.45646e-11
-2.33265e-11
-7.05943e-12
-1.51472e-08
-1.14476e-08
0.476852
-1.1966e-05
-9.99821e-06
1.88966e-06
0.00024871
0.00024768
0.00700301
-0.00765197
0.0006166
0.00472884
0.00427165
2.08154e-10
-1.73541e-11
-1.71122e-10
1.04906e-11
0.0664782
-2.48296e-05
1.04529e-09
9.39365e-09
-1.9017e-06
-1.091e-06
3.61347e-07
1.00405
-8.53833e-11
1.45546e-10
-6.01779e-11
-1.1694e-10
1.00004
1.01544
1.01418
1.37752e-05
3.60585e-05
0.000152433
3.02013e-08
1.76767e-08
-0.000102547
2.02195e-05
-5.24949e-05
-5.27843e-05
-0.000117125
0.220912
0.174754
1.03056e-09
1.17855e-09
1.0331e-09
1.4849e-08
8.99283e-09
0.00655138
-7.32399e-08
-6.82839e-08
1.00014
-0.00590712
-0.00197453
0.000150373
3.38421e-05
0.00788366
0.978492
0.951126
1.00493
0.0358903
1.00055
1.00323
0.999398
0.999678
0.999575
0.999176
0.999897
0.999579
1.00006
0.999914
1.0001
1.00004
1.00009
1.00006
1.00008
1.00005
1.00008
1.00004
1.00008
1.00004
1.00008
1.00004
1.00008
1.00003
1.00008
1.00003
1.00008
1.00004
1.00007
1.00004
1.00008
1.00003
1.00008
1.00003
1.00008
1.00002
1.00007
0.999957
0.999993
-4.54596e-10
2.49977e-07
0.00756571
-5.64904e-11
-7.69868e-11
-8.16556e-11
0.437176
-1.00773e-08
-3.72295e-09
-1.75028e-05
0.00900985
1.34676e-07
3.37719e-07
1.08862e-07
0.00512514
0.803217
0.877283
0.55966
0.0035871
-1.92342e-05
-1.07393e-06
-2.75815e-05
0.000477115
0.000467861
4.38366e-10
0.999421
0.99958
0.0123097
0.999461
0.999175
1.00075
0.99985
1.00399
1.00278
1.00602
1.00614
1.00239
1.00636
0.985761
0.996441
0.951826
0.97085
0.898822
0.925891
0.822843
0.859629
0.725663
0.769368
0.622417
0.667531
0.518681
0.563231
0.418321
0.459034
0.326616
0.363901
0.243723
0.27538
0.178503
0.203165
0.127787
0.147318
0.0885112
0.103301
0.060651
0.0709348
0.0396979
0.0477324
0.0233433
0.0284591
-7.63071e-06
-1.67636e-05
-5.97042e-06
-0.0159645
2.9011e-08
2.11476e-08
6.54199e-08
0.00571922
0.0079398
-3.22101e-08
1.01374
-1.1227e-07
-1.01265e-07
-1.5435e-10
-1.07732e-10
0.000511641
8.08998e-06
4.58198e-06
-0.000289615
0.128623
2.84397e-07
-1.02921e-06
-0.0134656
-0.0144476
6.36053e-08
4.90424e-08
0.00873849
0.00811005
0.341206
0.533556
0.289265
0.000334191
0.000280466
-0.00074448
0.000631197
0.906258
2.84367e-08
-9.74702e-05
4.67815e-07
-7.50183e-07
0.0134933
1.09939e-08
-3.00277e-08
-4.32107e-06
-3.34745e-06
2.2511e-09
2.02831e-09
1.01157
1.01238
0.0100826
-1.16656e-10
3.29449e-10
-0.0105331
0.0142914
0.0122983
0.0169976
0.000635968
0.00363366
-7.48223e-06
-9.70246e-05
0.981172
0.928945
0.000110096
0.000337208
-1.58969e-09
-1.05028e-09
-6.03199e-10
-3.63127e-10
1.30101e-08
0.0106744
0.000617056
0.000351293
-0.0119333
-0.0160445
0.0140245
2.21962e-08
6.75977e-09
0.0876863
3.20342e-07
1.74457e-07
1.00158
0.999398
1.00035
0.999149
0.99884
0.999444
0.998932
0.999686
0.999321
0.99978
0.999544
0.999802
0.999615
0.999803
0.99963
0.9998
0.999627
0.999803
0.99963
0.999802
0.999633
0.999797
0.999631
0.999803
0.999629
0.999809
0.999644
0.999803
0.999652
0.999799
0.999649
0.999771
0.99964
0.999694
0.9995
0.999593
-5.97092e-07
-1.34808e-08
-0.0124198
2.99522e-08
4.59863e-08
-0.000167823
-0.000142091
0.0145799
1.01314
0.0203639
1.55514e-05
-4.47868e-06
0.999313
0.999216
1.01782
-0.00929904
-0.00387821
1.01196
1.00019
0.999531
1.00329
1.00203
1.00566
1.0052
1.0042
1.00663
0.991597
0.999929
0.963388
0.979349
0.915929
0.940144
0.845288
0.879188
0.753889
0.794563
0.652974
0.696575
0.549225
0.592743
0.446635
0.488175
0.351183
0.388923
0.264849
0.297337
0.195997
0.221767
0.142326
0.162844
0.10011
0.116352
0.0691651
0.0810092
0.0450684
0.0534656
0.0163496
0.0138396
0.0221293
2.35024e-09
2.56884e-09
1.38873e-08
0.0202762
0.997604
-2.75724e-10
-2.31803e-10
-0.00654381
8.2374e-06
1.55678e-07
0.763879
1.15239e-05
-2.23149e-06
-1.17786e-09
3.00238e-08
1.00151
0.000556989
1.00711
7.83045e-08
6.87399e-08
-2.22383e-06
6.86538e-05
-2.01186e-10
0.0284182
4.48101e-09
8.75286e-10
-6.68359e-08
1.01127
-0.000284538
-0.00234621
0.000327183
3.74661e-09
0.704639
0.46053
5.50639e-05
4.58766e-06
1.00537
0.000576724
-0.000179342
0.00011359
0.000304579
6.83946e-05
-6.28883e-06
-5.41449e-06
3.83202e-08
6.3879e-08
1.01478e-09
4.22818e-09
5.70298e-08
5.59213e-08
1.0134
0.00668642
0.0146229
0.95756
0.927716
0.0268207
-1.114e-05
-1.01061e-05
-0.000161452
-0.000217572
1.27848e-07
1.13388e-07
5.73846e-07
-2.51624e-07
0.820413
0.000422526
8.35337e-05
-4.67774e-10
1.43794e-08
4.0646e-08
0.000327959
-0.0147539
-0.012733
-1.54301e-07
-1.40692e-07
-0.0013751
-0.000463251
0.387784
0.203084
0.827414
1.36232e-07
1.10264e-07
1.42618e-07
0.728693
-6.67789e-10
0.0491679
0.147464
0.0200564
1.01304
-0.00631393
-0.00463836
0.00161696
0.00149107
0.00664879
0.999803
0.998828
0.999049
0.998906
0.998531
0.99917
0.998796
0.99932
0.99908
0.999368
0.999191
0.999385
0.999231
0.99939
0.99924
0.999388
0.999244
0.999392
0.999249
0.99939
0.999257
0.999393
0.999246
0.999402
0.999261
0.999361
0.999267
0.999317
0.999244
0.999282
0.999295
0.999268
5.08728e-09
4.66769e-09
-1.59242e-06
-4.68976e-07
0.000199253
0.000139918
0.00042693
-2.39313e-10
0.0208041
1.00939
1.01476
0.0326981
-1.65364e-05
0.0209862
-6.11501e-10
0.999884
0.999356
1.0027
1.00149
1.00499
1.00431
1.00517
1.00677
0.995695
1.0022
0.972491
0.986031
0.930012
0.952322
0.864102
0.894727
0.77742
0.815609
0.679298
0.720846
0.576786
0.618327
0.472777
0.514528
0.373363
0.410991
0.284805
0.318002
0.213173
0.239716
0.156358
0.177239
0.11243
0.128918
0.0799067
0.0931757
-1.26504e-05
5.14415e-05
-1.93012e-05
0.0310021
0.000599951
0.000459298
2.52202e-08
1.0842e-08
1.00328
1.00816
0.038013
1.57076e-08
6.37156e-08
1.05594e-08
5.31011e-08
1.2295e-05
0.0874601
-0.0125679
7.40468e-09
1.00189
-0.00299628
0.993338
1.00731
0.940094
0.878436
-3.08606e-06
-2.7034e-10
-1.9467e-10
1.17111e-09
-3.03879e-07
0.0506072
0.00418596
0.000215048
0.000453325
0.000165311
7.53092e-07
0.0399898
0.599705
0.00367913
2.04121e-08
2.25988e-07
2.26795e-07
-2.69264e-05
-0.000164225
-1.80565e-07
1.02144e-08
2.21211e-08
-1.1025e-05
-1.15846e-05
0.0221485
0.0338085
-6.31601e-08
7.57802e-07
0.000332069
0.0520201
2.48788e-05
-4.23059e-06
1.30613e-08
-0.000207141
0.000257531
0.000381715
0.00365144
3.97079e-08
8.10122e-08
-6.37589e-06
-6.24257e-06
-0.00185642
-0.00020787
3.98792e-10
-1.20809e-07
-2.04964e-07
1.47345e-05
-1.78773e-05
-0.00878587
-0.00735958
1.80811e-08
0.0117571
0.0119733
0.0234211
1.00108
0.999241
1.00051
0.998884
0.99909
0.999062
0.998987
0.999246
0.999244
0.999316
0.999403
0.999343
0.999464
0.999345
0.999473
0.999343
0.999485
0.999354
0.999483
0.999348
0.999487
0.999332
0.999452
0.99933
0.999439
0.999278
0.999507
0.999274
0.999661
0.999552
-2.34127e-07
0.000532501
0.000534074
0.000373174
0.985333
0.288035
0.225919
-2.53749e-06
-9.48518e-07
0.0538673
1.01131
0.999657
1.78201e-08
1.45958e-08
7.5128e-09
8.95482e-08
0.541482
8.12761e-09
9.12394e-07
1.00216
1.00104
1.00428
1.00354
1.00597
1.00683
0.998807
1.00412
0.979839
0.991438
0.942564
0.962424
0.880235
0.910219
0.797057
0.833743
0.702833
0.743569
0.600328
0.642489
0.494771
0.537222
0.393224
0.431222
0.303818
0.337363
0.229017
0.256866
0.1692
0.190877
0.123778
0.140402
9.89069e-09
3.99702e-09
8.79292e-09
3.30271e-09
1.01171
1.01472
-1.93856e-09
-9.39031e-09
-1.66505e-07
-6.38451e-07
-7.66743e-08
-0.0111259
-2.94054e-06
-0.0131598
0.0202025
0.0649769
1.00576
1.00464
1.01137
0.338357
-1.17086e-07
1.65199e-05
0.0257839
8.57084e-09
0.666032
-0.0103782
-0.00517253
0.0676504
-2.47111e-08
-2.3358e-07
-0.00880671
0.00030812
0.264591
0.120437
-1.21219e-05
-0.0147362
-0.000252815
-0.000263873
0.0895189
-4.94223e-06
-8.50998e-06
0.0460966
0.0596392
4.40981e-08
1.11698e-07
0.927454
0.869137
0.000528656
0.00760359
0.0203204
4.37771e-07
4.51449e-07
1.38035e-06
1.58186e-06
7.13483e-07
-3.24714e-06
-4.30774e-06
0.000443864
0.000270737
0.000524387
-4.05565e-08
9.55983e-08
0.000271775
0.000116563
0.000696778
0.000698681
2.51551e-06
-2.70464e-06
-1.24562e-06
-1.86015e-07
1.00428
1.00136
1.00399
1.00034
1.00153
1.00026
1.00084
1.00042
1.0009
1.00048
1.00105
1.00049
1.0011
1.00054
1.00114
1.00053
1.0012
1.00052
1.00117
1.00045
1.00114
1.00032
1.001
1.00024
1.00082
1.00067
1.00174
1.00126
0.0011585
0.00109686
0.00729879
-2.01466e-07
-2.09225e-07
-2.80872e-07
1.55106e-05
0.0344799
0.0360691
0.0497717
1.20092e-07
2.08731e-07
1.24518e-08
2.13818e-05
7.04405e-06
0.5706
-6.36439e-05
-5.44835e-05
-0.000266181
0.968248
1.00375
1.003
1.00664
1.00681
1.00127
1.00552
0.986516
0.99643
0.954322
0.97305
0.895936
0.926261
0.816287
0.852762
0.726814
0.767876
0.623263
0.667394
0.517397
0.560327
0.41441
0.45652
0.319984
0.355591
0.246523
0.275924
0.182334
0.206722
0.671369
-0.0110589
-0.0149134
1.00869
0.99052
-4.63108e-07
-3.77715e-07
5.77607e-08
1.01524
1.0165
8.31175e-05
0.0512701
0.000414703
-0.00390033
-0.00119473
0.0775573
0.0181163
-3.24722e-07
-3.88375e-07
-1.34957e-07
-3.39886e-07
0.101105
0.101349
0.000771798
-0.000221911
0.00164046
0.00107654
0.00109391
0.131201
-1.74608e-06
0.000361597
2.43636e-06
2.65862e-06
0.0328173
0.0545468
8.94842e-06
2.45693e-06
0.0787238
8.93439e-07
8.90951e-07
0.586591
0.37004
1.00932
1.00991
0.857924
0.910849
0.668951
-0.00560939
2.55935e-06
-2.66247e-07
0.000223632
-0.000490149
0.000427624
-0.0130971
-0.0129474
2.65039e-07
4.74982e-07
5.04665e-06
1.80144e-05
5.82176e-07
9.73462e-07
5.9518e-05
4.1254e-05
1.00484
1.00317
1.00529
1.00277
1.00404
1.0028
1.00382
1.00287
1.00388
1.00287
1.00388
1.0029
1.00387
1.00291
1.00392
1.00285
1.00396
1.00282
1.00395
1.00241
1.00359
0.0660627
0.0709413
0.0854561
0.000363255
0.000188342
-2.04237e-06
0.000610389
2.72695e-06
0.0383679
0.0168871
1.00709
1.00333
1.00657
0.993106
1.00135
0.966074
0.983992
0.913945
0.942581
0.839686
0.876259
0.753197
0.794286
0.650272
0.697036
0.543094
0.588943
0.440111
0.484189
0.343164
0.382317
0.266589
0.298384
0.199895
0.228234
1.79199e-06
1.77816e-06
0.920865
-9.66356e-07
-1.17922e-06
0.156762
1.01643
1.00873
1.0088
0.146371
-0.000324193
-0.000222684
0.0925081
0.00110261
0.000155346
0.00331727
0.0031854
5.072e-08
0.301642
-0.0135351
-0.00796901
4.31638e-06
4.78048e-06
5.78107e-06
-0.000395495
0.0103547
0.0807395
0.0554851
0.0762229
0.0989692
1.00652
2.72207e-05
1.57825e-05
7.92676e-07
0.112208
1.00334
0.014608
0.0148697
0.0343685
1.10642e-05
6.70536e-06
0.995499
0.950483
0.804753
0.77301
1.62898e-06
-0.000291902
-0.000132918
-0.00041874
-1.09367e-06
3.41074e-06
3.42355e-06
1.00459e-05
-0.000115595
0.140359
0.10826
0.169125
1.0148
1.01465
0.00194711
0.00200859
0.000109806
0.000302824
0.00010184
7.65693e-05
1.01642
1.00976
0.11143
0.000881464
1.00668
1.00589
1.00742
1.00576
1.00694
1.00573
1.0069
1.00566
1.00676
1.00571
1.00666
1.0058
1.00667
1.00543
1.00673
1.00535
1.00685
1.0069
1.00256
0.000240023
0.000374328
0.000215909
5.88946e-06
6.04795e-06
-4.86455e-07
2.88227e-07
-4.67744e-07
-0.00324207
-0.0118719
0.199734
0.171109
1.00491
1.01357
8.94178e-06
0.999236
0.978463
0.994057
0.932882
0.959385
0.864883
0.900147
0.782515
0.823067
0.681877
0.728772
0.57516
0.622411
0.471109
0.516652
0.372364
0.41513
0.292198
0.326656
0.218523
0.242864
-0.00271139
-0.00168499
-0.000574969
-0.000388864
1.00916
1.0137
1.00945
0.00740833
0.00767663
1.19356e-07
0.00173444
1.02036
2.26287e-05
0.435825
0.0387133
-0.00660389
1.00601
8.57083e-06
1.69045e-05
4.88184e-05
3.53693e-05
0.124547
9.84353e-06
1.01931
1.01804
0.384474
-0.00132258
0.0542912
0.0809002
1.34996e-05
0.172224
0.85196
-0.00474251
-0.00376721
0.166928
0.129633
-0.000206093
0.141123
0.150973
0.648509
0.699163
0.434977
-0.000241471
-0.000623947
0.0040573
0.00409879
2.10914e-05
0.970403
0.893239
1.29417e-05
1.21497e-05
1.01222
1.01939
0.991064
1.01076
1.00667
1.00638
1.00625
1.00628
1.00613
1.00629
1.00603
1.00629
1.0057
1.0064
1.00527
0.98923
0.001438
7.34918e-06
-0.000442401
-0.00010984
-0.0105227
-0.015149
-0.00984343
4.12413e-05
0.2998
1.97177e-05
0.0274603
0.0270442
0.0567547
5.18651e-05
6.25082e-05
5.43664e-05
-0.000743716
6.51755e-06
2.87593e-05
3.51021e-05
2.46315e-05
0.18196
0.233204
0.6234
0.951667
0.973293
0.891266
0.923562
0.814166
0.854635
0.716014
0.762943
0.611334
0.661079
0.504345
0.549645
0.408729
0.451438
0.324694
0.274421
0.366086
1.00191e-05
0.000132964
0.000114027
7.98656e-06
0.019133
-0.00497826
0.1341
0.112172
0.174156
1.00786
1.00973
1.54065e-06
1.17356e-05
0.299666
1.00722
0.999811
1.00479
0.0590404
-0.00084434
0.00851636
0.000223004
0.000200659
0.000233641
-0.00697101
-7.56187e-06
-0.000225589
-0.00604632
-0.00272763
0.505336
1.77978e-05
1.014
1.01494
0.560664
0.218594
0.444477
0.15099
1.14582e-05
1.47645e-05
3.65385e-06
0.00294912
0.00826295
0.776963
0.0148482
0.0157141
1.00475
1.01725
1.01583
1.96181e-05
1.00125
1.00102
0.998212
1.0016
0.998404
1.00116
0.993851
0.997256
0.0365579
-0.000454898
0.965131
0.982222
-0.000929609
-0.00119135
0.0282215
0.0291691
-0.0111356
-0.011106
-0.0114041
1.00302
0.826797
0.91494
0.942791
0.846926
0.884109
0.752831
0.799596
0.651356
0.70066
0.539094
0.587295
0.436672
0.471773
0.000128566
1.0016
0.999722
1.00828
0.0739513
8.46467e-05
9.66292e-05
0.00016438
-0.00854517
0.934075
0.26809
1.00816
0.998546
-0.000427571
0.000155427
0.00251879
0.998528
0.0508624
0.372408
0.122851
-0.00935639
-0.0111368
-0.000552272
-0.00192988
-0.000206685
0.728789
0.52911
0.0855001
7.452e-06
0.2177
0.423504
0.161832
0.200535
1.20838e-05
0.0474344
0.0480179
0.0909525
1.00576
2.0667e-05
0.00012168
1.00228
1.00565
1.00437
1.00292
3.54707e-05
0.00396399
6.04341e-06
0.0169239
0.0500498
7.2137e-05
-0.00821546
-0.00439911
0.959042
0.31525
0.984846
-1.00838e-05
0.985002
0.978425
0.988702
0.976253
0.981174
0.109571
0.173754
-0.00133098
0.0751342
0.115312
0.0773041
-0.00345191
-4.8078e-05
-0.000408133
0.879385
0.791888
0.838504
0.693238
0.744248
0.577935
0.633121
0.460975
0.519597
0.989548
-0.000213559
0.0604522
0.0233785
-2.58541e-05
0.987822
0.982973
0.935897
0.912786
0.959215
-3.4758e-05
0.326008
-0.000112594
-0.000255636
-0.000308438
0.192049
0.134023
0.249732
0.978914
0.986421
0.00548605
0.0166957
-0.00013984
-0.00162041
-0.000303565
-0.000447074
0.20339
-0.00072277
0.980587
0.973443
0.167311
-0.00801487
-0.000158471
0.890831
0.774543
-0.000413541
0.129614
0.989276
0.391788
0.0878337
0.170176
0.983887
0.974969
-0.00355102
-0.00132419
-0.00147047
0.959127
0.0144303
-0.00216264
0.950958
0.97028
0.956002
-0.00851805
-0.00552299
-0.000709551
-0.00122186
0.233895
0.487404
0.355731
-0.00612255
-0.000838745
0.740372
0.626666
0.681395
0.513846
0.568134
0.925503
0.913428
0.139217
-0.00116879
-0.00118746
-0.00184954
0.981477
0.383804
0.011595
0.959995
0.949041
0.0684966
-0.00208124
0.0485798
0.940292
0.95754
0.0337361
0.0894197
0.944542
0.138165
0.000871679
0.00505504
0.18522
0.235781
0.188148
-0.00205771
-0.00226228
-0.00193425
0.311465
0.677977
0.931108
0.952294
0.914913
0.790241
0.831909
0.484229
0.352604
0.910798
0.924383
0.863051
0.848748
0.783906
0.443045
0.00450831
-0.00432118
0.251538
0.332619
0.946484
0.944187
0.811069
0.878732
0.898795
0.253292
0.308777
-0.0047517
0.300721
0.660407
0.706217
0.409871
0.348165
0.665169
0.787427
-0.00208718
-0.0023658
0.000340104
0.120394
0.674936
0.728887
0.874879
0.832546
0.908408
0.424522
0.560183
0.47238
0.612367
-0.00477735
0.912424
0.88875
-0.00533003
-0.00563573
-0.00502056
0.148615
0.259062
0.0112894
0.0344762
0.304562
0.776374
0.0787279
0.430617
0.919321
0.89527
0.0291564
-0.00427575
-0.00420403
0.862326
0.901962
0.789029
0.859056
0.138603
0.37855
0.593351
0.301134
0.455585
0.721741
0.0189615
0.00324602
0.610821
0.542309
0.680315
0.831168
0.823186
0.772662
0.86025
0.692045
0.779529
0.777332
0.695751
0.855384
0.0643877
0.148279
-0.00326939
0.642479
0.825476
0.00297416
0.0112942
-0.00234804
-0.00242174
0.00260886
-0.00260902
0.357385
0.11696
0.0593741
0.53053
0.560311
0.353917
0.00172661
0.000724411
0.356299
0.0159068
0.0435191
0.0105866
0.769418
0.000476178
0.0223409
0.0619208
0.454706
0.688203
0.752667
0.569125
0.45076
0.471398
0.691729
0.23792
0.22756
0.68851
0.268476
0.00792049
0.00842725
0.0201744
0.201911
0.0978168
0.555213
0.466709
0.21714
0.0295076
0.0688187
0.0222135
0.307173
0.575388
0.301876
0.0340941
0.102918
0.260399
0.651424
)
;

boundaryField
{
    frontAndBack
    {
        type            empty;
    }
    hot
    {
        type            fixedValue;
        value           uniform 1;
    }
    cold
    {
        type            fixedValue;
        value           uniform 0;
    }
    defaultFaces
    {
        type            zeroGradient;
    }
}


// ************************************************************************* //
